45
250 160 80 155 90 210 275 165 70 10 40 170 295 165 265 190 155 150 170 250 70 5 95 130 80 80 285 165 95 110 65 50 280 145 220 65 60 190 240 130 200 290 5 205 150
275 90 5 130 270 265 210 290 55 35 65 150 20 240 255 140 0 0 115 145 220 180 215 120 115 55 25 105 60 240 265 40 30 270 180 5 235 90 295 290 125 55 135 155 295
95 295 0 100 115 155 25 295 70 155 120 125 185 225 195 120 195 250 160 165 125 170 105 215 170 100 50 230 240 215 230 30 210 245 140 30 95 180 25 165 30 155 300 225 75
205 55 280 150 215 140 275 90 245 200 265 45 260 200 295 170 135 30 85 75 185 120 175 70 155 45 110 5 55 35 90 260 90 65 105 10 210 85 105 160 285 75 215 240 275
215 110 115 250 195 195 140 20 75 210 175 120 15 180 185 60 270 140 160 35 255 175 255 40 290 110 20 60 35 275 40 250 90 155 205 295 45 50 15 130 260 190 265 290 80
145 55 45 290 220 80 240 90 40 290 75 155 10 145 200 295 185 145 80 35 60 70 95 110 95 225 70 300 185 65 75 30 130 120 25 45 215 275 145 255 265 230 115 285 70
10 275 255 170 60 0 230 140 95 35 250 25 115 245 225 190 15 265 20 145 290 65 55 270 225 20 230 150 145 220 235 170 200 195 45 260 195 275 110 300 15 55 35 145 300
260 30 20 220 60 165 215 140 235 180 60 265 120 220 115 35 150 285 240 45 25 205 240 5 20 250 25 75 285 180 80 240 210 110 165 285 290 85 120 220 275 180 190 90 95
0 140 260 300 85 0 20 290 250 30 20 195 65 105 185 245 190 130 160 5 0 140 295 85 260 210 60 145 105 160 255 110 300 210 105 80 210 135 80 165 175 100 60 250 205
255 190 100 85 60 110 85 210 110 175 180 30 245 20 135 100 275 255 100 190 55 190 95 205 270 265 75 75 30 25 295 285 225 100 75 295 210 165 205 20 45 80 50 290 110
195 85 85 150 195 275 215 85 80 115 60 50 205 140 80 240 140 70 160 240 150 165 160 20 65 180 65 155 240 50 265 140 145 55 290 50 40 205 135 130 25 195 180 230 40
270 165 180 45 35 130 195 200 290 215 275 175 290 125 120 45 85 260 205 155 250 255 195 160 85 20 185 290 210 125 40 175 300 230 220 40 55 125 240 40 45 220 215 35 40
30 90 140 295 295 295 250 245 195 105 35 215 300 25 120 130 75 0 130 0 220 170 60 40 120 110 100 35 25 135 90 65 235 230 65 230 220 10 180 110 125 220 30 135 255
160 265 25 160 100 35 75 285 105 130 110 220 230 145 245 70 235 15 10 170 85 240 95 95 130 215 235 55 245 65 5 100 35 40 260 150 85 45 130 195 185 240 110 120 90
60 200 35 75 210 205 160 160 0 270 290 215 210 40 170 285 55 270 15 105 240 165 190 295 0 80 175 240 190 295 30 260 190 75 35 105 280 205 265 290 180 260 205 95 5
70 75 60 45 105 165 285 270 55 275 275 145 155 220 45 145 260 0 40 30 35 160 20 255 120 5 140 90 220 240 95 290 10 160 45 115 30 35 95 85 20 75 245 175 0
290 30 265 290 70 0 35 240 20 290 60 40 135 150 260 70 245 260 85 110 0 210 145 35 10 240 55 85 180 235 90 165 265 60 165 40 70 200 285 95 195 50 145 25 210
100 100 160 55 195 275 55 110 125 105 125 60 160 210 255 100 5 125 70 65 290 115 150 185 105 245 75 165 95 115 70 195 215 240 255 115 210 15 225 40 120 55 115 295 280
65 90 285 200 165 60 190 290 210 80 100 160 170 265 255 285 40 145 205 280 105 25 200 135 260 240 265 15 60 255 295 135 55 275 35 230 40 235 225 250 10 20 115 190 295
65 170 30 225 80 15 35 105 215 170 65 165 135 80 225 95 70 70 150 50 105 85 105 35 5 50 55 35 180 250 25 245 125 65 175 210 95 215 10 5 80 85 180 225 175
115 20 255 185 180 5 290 270 120 30 275 170 95 10 45 40 45 0 170 115 175 75 220 95 95 225 180 195 115 110 65 230 140 20 120 20 35 115 290 155 145 270 30 240 290
90 295 35 100 160 160 275 245 75 80 45 5 260 240 130 75 15 55 220 45 185 240 90 300 235 245 140 210 285 90 200 70 80 245 180 250 110 155 200 195 235 245 210 200 195
40 285 220 105 200 265 295 145 50 290 85 0 140 300 285 230 205 65 15 155 245 265 265 105 160 165 45 110 70 255 10 110 250 230 220 145 200 220 295 260 205 85 260 40 80
255 280 295 25 0 145 280 265 105 95 130 280 150 255 50 115 275 170 60 215 85 205 110 10 205 70 220 295 35 270 80 300 260 75 20 260 220 10 235 35 115 70 10 265 20
70 75 5 245 145 220 35 60 25 50 265 105 280 265 145 255 55 150 210 140 185 170 55 195 110 100 5 180 125 280 215 195 65 220 135 210 135 185 270 170 235 245 280 210 215
130 160 270 280 80 105 170 260 175 60 65 285 75 245 105 55 165 10 120 80 155 35 225 35 5 95 280 250 80 185 170 210 55 140 195 135 255 65 90 135 135 165 120 215 115
235 280 285 245 105 60 110 140 290 145 155 90 125 110 170 15 285 75 80 130 280 225 80 50 20 220 190 185 45 110 0 280 95 285 235 200 50 50 45 35 195 215 125 25 20
0 55 10 85 145 140 65 70 235 115 90 160 10 280 205 130 290 190 225 270 130 130 25 180 190 65 85 100 200 120 130 205 185 145 290 30 295 60 100 235 190 190 90 210 175
0 40 170 205 275 145 30 105 175 225 295 240 15 100 145 135 230 55 20 80 55 50 85 125 160 15 10 55 120 225 245 120 275 110 30 245 260 75 55 130 300 55 75 10 155
230 155 95 300 175 185 50 235 270 175 100 290 200 160 115 130 100 235 100 220 270 50 175 40 110 10 45 175 95 55 40 25 210 135 20 95 25 80 35 300 255 140 295 160 5
105 290 105 45 95 30 20 150 210 70 270 230 115 150 25 180 190 50 100 30 80 205 60 160 240 65 120 85 55 285 90 170 270 205 225 75 240 250 225 155 15 200 80 145 45
105 20 250 165 120 280 245 20 35 100 275 100 225 55 165 205 150 40 180 60 270 255 300 225 185 150 240 90 235 90 150 35 115 95 215 245 80 155 280 120 270 250 230 190 10
105 100 170 145 290 235 120 255 230 40 145 80 295 240 20 80 85 65 205 190 280 150 270 135 135 95 110 90 35 5 100 140 115 275 295 100 215 125 60 140 165 210 230 165 145
250 260 240 25 160 135 0 15 100 145 150 210 255 240 255 260 50 90 70 30 90 185 245 215 245 90 90 150 30 255 0 280 210 240 0 80 70 15 105 185 160 260 100 115 205
50 80 265 150 155 295 240 35 235 165 280 35 255 140 65 215 140 50 135 80 65 215 160 80 15 50 250 285 150 70 200 210 155 160 55 15 165 5 50 105 170 35 140 120 185
205 40 25 270 175 115 30 95 285 110 125 35 55 115 195 130 10 115 295 185 170 5 45 185 65 150 50 100 0 180 300 215 225 20 180 95 145 210 195 125 25 15 170 95 130
75 235 155 190 225 45 65 230 90 255 295 250 0 100 260 195 105 175 115 125 50 220 270 275 110 105 300 135 275 90 280 55 20 130 245 255 175 10 190 275 275 190 230 275 0
190 175 105 60 290 235 120 210 210 90 25 20 100 165 5 190 150 60 225 290 5 185 170 25 75 140 300 265 75 280 265 275 155 70 30 150 10 165 55 230 265 95 255 60 260
260 265 115 25 185 100 30 75 270 65 150 115 70 125 190 60 85 165 215 165 205 70 185 75 130 115 40 225 75 100 190 40 60 0 65 255 110 110 30 75 185 190 200 260 10
95 15 110 270 240 275 175 5 170 260 145 295 300 75 65 110 275 115 180 285 190 135 90 5 175 175 195 60 70 160 85 170 175 195 135 120 175 15 125 40 280 285 40 285 55
115 90 40 230 275 20 130 115 115 135 290 290 35 55 70 195 150 240 65 40 70 195 230 90 20 280 75 0 20 55 65 135 150 105 75 130 140 205 245 255 45 240 250 85 295
15 280 145 265 55 195 35 250 130 135 280 110 210 290 140 275 65 285 120 170 55 260 5 270 200 270 15 135 230 110 140 245 85 295 210 150 195 255 100 25 95 85 135 10 75
275 285 140 255 115 15 20 70 35 290 275 10 10 115 240 130 255 195 220 255 110 75 150 60 185 175 165 275 5 175 55 290 155 195 250 280 220 280 60 255 280 30 280 300 155
215 130 120 105 55 70 225 130 220 295 15 90 155 300 105 35 50 100 195 255 60 180 170 35 240 135 20 280 110 20 135 30 150 265 150 205 30 70 30 255 75 55 50 230 50
170 270 110 280 170 70 35 55 255 85 300 85 105 275 205 125 115 245 285 75 100 185 120 175 230 80 260 285 130 185 45 5 160 165 290 25 240 30 95 190 115 90 285 235 70
52 53 23 5 37 20 6 15 54 13 30 23 14 25 38 12 17 33 43 33 41 14 37 15 26 23 8 45 15 20 38 8 12 0 13 51 22 22 6 15 37 38 40 52 2
3301 3540 2737 3108 2014 2335 1793 2248 2438 1696 2726 2417 2952 3120 3209 2455 2524 2227 2610 2617 2633 2071 2329 2101 1911 2355 2552 3295 1458 2703 1942 3117 2222 2999 2819 2976 2231 2329 2228 2065 3201 3411 2524 3044 1924
38 35 21 12 58 47 24 42 42 18 5 4 20 33 1 38 30 12 45 58 1 37 34 5 15 28 60 53 15 56 53 55 31 14 6 30 2 33 11 46 53 19 51 12 52
694 1629 1935 2222 1042 917 897 2129 1857 1084 1594 1260 1650 1773 1937 2032 1349 1301 1062 842 683 1704 1473 1291 1894 1751 733 909 1357 969 1429 1762 1449 1694 1436 850 1807 1395 918 1177 1695 978 1196 1524 1616
3749 3122 3312 3545 1576 2116 2430 3803 2850 2935 2988 2949 2673 4107 2869 2046 2832 3655 2697 2444 1742 3630 2617 1882 2295 2586 2370 3555 2744 3515 1982 3151 3521 3003 3234 2225 3284 2157 3330 2200 2493 1940 2679 2334 1985
2138 2752 3725 2761 2948 2885 2884 2918 2825 2095 2215 1790 2785 2725 2901 2559 2284 1353 2102 2415 3245 2894 2794 1821 2196 3145 2910 2294 1384 2931 1866 3096 2535 3433 2452 2962 1745 1948 2951 2331 2706 2442 2399 2191 2767
6553 5212 5406 6925 6957 5612 6068 6560 7244 5423 6740 5549 5392 6799 5592 5566 6300 5040 6448 5592 5292 6036 6056 4585 5313 6082 5071 6301 5040 5890 5990 6668 5962 6210 6150 5207 6660 5066 5768 6514 6347 6231 6100 7288 5357
6195 6738 7543 6145 6380 6666 6407 5584 7506 6135 6913 5364 7327 7484 6885 6252 7097 5890 5807 6595 7018 6423 7093 4634 7230 4638 5459 6079 4009 6160 5767 8093 7332 6314 5493 6513 6916 4718 4988 6062 7135 5871 6278 8679 5761
9484 8877 6823 7062 8055 7703 7896 9139 7228 8538 7718 7403 8319 9348 9573 8172 7651 8333 7323 7648 7077 8654 8694 7314 6675 6881 6553 8633 7312 8614 7437 8508 9499 7462 7931 6452 8433 7459 9216 8897 8334 8646 8886 9144 6150
1672 3106 1189 1485 2460 2217 1274 3222 1576 2364 2994 2095 2904 1936 1934 2339 2139 2802 1675 2071 2320 2573 2386 3147 2086 1724 1795 2282 2002 2329 2306 2394 2636 2533 2227 1867 2956 2431 2229 2532 1632 2708 2825 2763 999
40 207 238 341 501 600 361 210 799 431 458 444 230 840 585 510 866 534 693 766 390 510 193 532 506 209 421 488 640 368 498 701 605 505 798 90 899 160 300 695 630 522 346 642 603
566 1655 1019 1234 1106 926 1244 1272 811 1187 1758 1205 1257 1215 1417 1628 475 2003 352 1189 2026 789 987 1772 927 326 1286 1442 1199 1622 905 1360 1542 1069 381 1238 1527 1551 1168 2286 1033 1193 1187 1041 992
324 48 361 814 686 770 497 62 480 786 418 834 867 240 234 322 819 374 521 820 532 420 281 21 492 538 557 185 232 495 256 509 543 558 411 344 504 82 407 131 823 808 141 803 196
1220 1177 343 807 887 474 264 887 1260 579 750 749 702 749 1220 480 673 577 965 999 893 642 669 651 650 923 638 765 655 638 908 632 562 112 951 1013 644 668 638 755 817 922 932 964 410
26 32 54 56 16 21 34 52 35 12 13 57 15 49 21 11 33 2 24 16 31 7 45 7 1 19 56 50 16 37 34 42 11 28 39 27 51 13 18 27 27 33 24 43 23
968 640 668 570 460 722 793 691 1109 983 1048 949 1285 553 553 311 685 921 851 859 982 1009 716 527 546 368 898 963 796 605 225 735 1096 927 940 321 446 392 893 276 559 1072 751 535 228
3379 4080 1881 3259 3437 2648 2300 3099 3849 1806 3066 2382 2537 3517 3753 2677 1733 2078 4149 2049 3355 3256 3190 3190 3300 2554 2387 3284 2752 3741 3521 2118 2783 2944 3752 3144 3332 3086 3208 3167 3033 3005 3939 4191 2733
1941 1659 1003 2114 1215 1588 684 1612 1463 1347 1961 1183 2385 1465 1454 1491 1778 1967 1382 1770 1804 1684 988 1520 1544 1613 666 1513 789 1323 1814 2130 1558 1814 1130 2227 1303 1430 1757 1302 1774 1729 1912 2060 1147
1203 478 967 1053 1116 765 1717 1567 587 163 1043 1060 863 665 978 666 423 270 1011 1021 994 501 1176 706 609 941 1124 1068 623 886 696 882 994 703 1032 188 549 836 1773 1136 999 1463 294 1354 1611
5249 2344 2683 3788 3406 3632 3508 3747 3990 3901 3719 2952 3404 3834 4579 2246 3355 3573 3486 2752 3678 3937 3967 2589 3152 3211 1793 2414 2739 3586 3323 4624 4046 3261 3981 3286 4028 2504 4047 3293 3855 2793 3899 3806 3686
2276 2418 1643 2545 2275 1751 2190 2309 2364 2596 2677 3166 2346 1848 2034 2215 2280 2507 2050 2154 1927 2705 2536 1327 1258 1999 2004 2009 2308 2301 1760 2692 2643 1851 2516 2245 1849 2198 2403 1775 1488 2719 2780 2935 1775
288 631 73 526 586 455 317 709 847 556 450 844 442 1045 1015 490 1235 559 648 1062 517 796 241 675 766 569 661 379 1001 453 373 754 581 478 1280 354 979 249 514 1009 865 964 450 804 652
2411 2401 3259 3191 3561 2780 2672 1854 2413 3020 4220 3531 3558 2261 3422 4092 2516 2664 2079 1427 2875 3384 4239 2992 2789 2723 2678 2096 2015 2932 1702 3324 3297 2620 1927 2094 3190 2306 3410 3545 3631 3973 3338 3273 2855
14 15 1 49 29 44 7 12 5 10 53 21 56 53 29 51 11 30 42 28 37 34 11 39 22 20 1 36 25 56 43 39 13 44 27 42 27 37 54 34 47 49 56 42 43
1275 1672 1181 1704 1541 2591 2003 1950 1434 1619 2122 1850 2212 2537 2454 2139 2661 2049 2326 2163 1913 2200 1705 2639 2139 1429 1910 1814 2802 1911 1944 1488 2262 2164 2712 1455 1872 1823 1982 2077 2163 2643 2381 2579 1172
6575 6957 6405 4657 4422 4639 5495 6816 5258 5036 5004 4704 5329 7368 6215 3815 5114 4817 4197 4814 6155 5741 5148 4840 5009 4868 4622 6811 4388 6129 4650 6417 5660 6266 4963 5726 4889 3636 5413 4946 4886 4910 4998 6665 4805
887 741 380 459 259 279 224 574 299 710 707 82 598 163 564 370 915 807 460 711 242 531 378 552 833 811 345 455 77 235 763 974 695 435 430 988 724 676 552 303 388 222 400 996 419
34 54 22 56 34 14 7 11 51 17 60 17 21 55 41 25 23 49 57 15 20 37 24 35 46 16 52 57 26 37 9 1 32 33 58 5 48 6 19 38 23 18 57 47 14
8526 6719 6428 8853 8006 7724 7169 7310 8673 7924 8421 7499 7486 9135 8628 7374 7318 7089 7529 7718 6567 7323 7388 6223 6946 5454 6295 7531 6107 7937 7888 8448 8962 8092 7431 7209 8288 6062 7140 9238 9445 7187 7523 8407 7331
835 516 1101 1252 909 483 932 1255 1449 808 563 683 829 1415 1293 1188 206 791 1421 1535 714 305 925 807 1237 1200 962 564 324 1164 1646 855 761 1234 616 1153 425 1214 1107 1331 167 157 734 1055 1238
642 477 526 629 409 357 671 948 177 835 425 215 683 748 617 347 670 482 440 260 257 784 360 671 418 683 396 478 850 724 479 638 530 550 525 479 274 541 791 471 614 449 729 455 570
906 1173 1131 1563 723 676 445 812 1183 598 1095 675 1068 1019 1011 805 1185 674 846 728 1303 1206 613 657 514 1092 667 1104 503 1096 677 1413 687 1564 1133 1166 625 675 802 618 1281 1307 1064 742 701
1749 2275 2376 2838 2095 2803 2736 1885 1305 2406 2769 1601 2412 2714 3068 2994 2182 1983 1745 1761 2183 2631 2439 2368 2397 2241 1842 1747 2200 1882 1488 1972 1987 2430 2732 2224 2056 2452 2518 2104 3110 2463 2528 2385 1290
181 46 33 278 193 101 114 93 187 182 105 83 37 127 197 196 80 127 209 125 126 31 65 155 77 180 58 180 74 134 210 141 187 60 118 75 173 236 175 177 121 101 148 171 106
3559 3929 3669 5454 5058 4348 4025 4185 5005 4008 5964 3615 5003 5842 3698 5537 3399 4040 4331 3599 3603 4894 3894 4010 3795 4218 2908 4110 3330 3876 4185 5365 4236 5112 4292 3511 5323 5111 4151 5064 4692 4402 5213 4453 4765
995 1238 886 1323 636 1051 556 1427 1136 828 913 1340 1135 1266 610 958 731 1331 585 1184 1002 832 684 583 901 563 436 1078 683 655 452 850 1059 995 475 838 689 669 552 950 1037 654 1100 815 187
313 668 669 779 538 255 470 1198 580 326 601 672 507 500 597 542 603 556 686 431 445 545 830 579 717 727 404 815 671 690 765 502 892 672 518 172 453 611 542 679 461 746 594 996 772
1272 642 639 564 278 772 942 884 1283 977 1166 976 1298 848 633 348 502 1316 1111 665 991 1215 984 667 379 428 662 1184 1131 809 361 1000 1311 1046 1027 604 616 638 1122 502 624 1111 1127 353 379
726 228 493 1739 1439 1124 1295 334 669 1671 667 1393 990 665 819 1241 1395 780 806 960 794 649 567 353 834 1222 815 1087 770 702 498 613 962 991 493 541 1214 872 846 907 1660 1589 471 1737 426
32 53 5 32 20 7 15 57 21 26 22 44 46 29 49 14 47 3 2 34 17 48 19 19 26 43 47 11 49 13 1 20 7 8 52 30 17 9 26 39 37 48 22 24 18
1803 4792 3919 6129 6570 5227 6419 5122 4096 4779 3844 8062 1285 8950 4199 5395 2661 1657 5099 2731 5486 4639 6183 3175 1936 1569 5054 8177 7477 9891 805 2642 4661 6170 5130 2516 3389 3881 3772 9180 7647 7122 7519 2894 3805
814 800 953 930 935 1418 1311 684 397 873 930 574 1280 847 1086 1197 1069 297 711 923 1211 1411 1327 750 840 1077 972 653 1313 621 823 559 806 586 1527 954 550 984 1310 992 1066 1274 1222 1016 282
2622 2827 2608 3328 2654 2638 2356 3082 3562 2247 4271 2298 3457 3484 2942 3287 1987 2499 3115 2647 2734 2760 1907 3141 2717 2396 1924 2489 1980 3010 2810 4015 3306 2826 3276 1698 3276 3353 3389 2430 2394 2635 2944 2835 2758
550 530 1165 600 653 1291 1278 575 1191 1039 1502 445 1339 802 401 901 786 482 737 482 549 1165 794 668 249 198 1184 1389 938 580 804 1156 895 948 487 191 651 195 534 473 648 443 930 590 677
1008 1336 470 1075 945 1011 862 1471 693 795 877 1296 1393 1128 1543 949 1382 861 708 1248 581 738 667 983 896 717 1154 929 1172 1027 875 496 1449 958 1210 787 796 921 901 1070 1244 1405 773 1058 841
