21
204 234 249 183 54 237 132 201 153 210 120 222 156 129 87 219 195 183 294 126 36
216 132 276 81 222 174 267 168 117 156 270 48 3 150 102 138 183 204 291 90 21
108 147 150 93 63 246 276 255 69 9 168 99 183 150 21 57 114 189 72 171 54
120 72 207 123 210 288 24 96 75 45 102 120 93 195 81 36 66 36 105 276 102
207 156 252 126 111 267 213 183 33 267 204 105 69 24 213 54 48 207 30 294 6
150 84 99 132 21 63 168 24 237 168 231 90 18 255 102 285 165 183 216 132 84
219 99 6 129 156 255 33 186 246 240 234 231 36 63 252 99 129 276 33 198 105
21 216 258 21 96 123 105 9 153 189 126 252 198 255 3 48 186 87 297 123 222
123 159 183 273 156 213 246 87 108 249 6 21 207 30 15 228 33 225 279 222 48
228 15 201 132 66 84 219 261 207 36 81 264 222 51 15 132 195 102 240 42 6
159 249 237 174 72 270 297 48 192 42 174 105 141 3 69 225 123 27 27 159 6
189 78 258 204 210 51 204 45 93 210 204 240 147 276 9 114 168 258 204 108 129
210 249 33 279 69 156 207 96 12 111 285 294 69 84 99 120 288 147 111 96 249
48 243 123 258 255 291 213 57 99 39 267 246 72 141 15 126 246 9 39 57 195
30 24 279 129 144 165 174 153 261 21 201 99 144 156 51 30 267 6 129 204 273
276 177 12 291 0 258 198 39 12 90 270 36 69 300 78 132 171 231 291 192 27
87 33 81 36 66 45 45 93 252 216 267 24 228 255 24 84 153 267 96 141 234
33 210 231 111 240 0 243 228 192 270 213 126 51 252 90 96 195 81 246 6 48
270 135 201 195 219 51 57 12 195 189 45 0 120 57 141 18 300 66 108 267 180
234 15 129 222 12 222 3 156 228 252 24 60 150 117 177 102 174 192 297 60 135
195 78 90 234 96 87 201 105 255 78 36 168 105 159 78 24 162 237 150 111 159
2292 2110 1986 2476 1556 2943 1848 1986 2072 2921 1494 1916 1706 970 1400 2346 1522 2848 2701 2264 756
16 81 41 86 85 97 71 19 33 13 89 82 24 47 5 42 82 3 13 19 65
655 825 2196 1171 1012 1755 1869 1228 1856 294 1656 872 1256 996 502 685 1800 344 824 1675 1524
987 1638 1837 1333 1472 336 2273 1420 2352 2426 2439 1194 385 2788 1054 2064 1985 1435 2546 738 720
2977 2110 3145 2907 3018 2591 2326 1221 2321 2638 1860 905 1630 1736 1458 1781 2889 2012 2926 3071 1745
1808 1800 2263 2003 1410 2728 2208 888 1979 597 1398 1448 1373 1155 873 1396 1330 908 929 2156 830
25 214 249 51 144 82 151 82 166 216 155 210 149 254 32 64 189 85 280 84 164
1157 1060 1732 1048 695 1383 995 1363 1847 1614 1733 1094 1595 1591 555 1151 1686 1640 1623 1370 1369
1565 2917 2743 1680 920 2702 2639 398 1928 1426 2198 2011 1993 1977 563 1795 2031 1079 2319 1941 1272
567 1515 1749 1087 1367 1232 1290 256 978 1204 1493 1978 1188 1816 64 698 1592 856 1588 800 1527
90 45 67 65 73 17 19 4 65 63 15 0 40 19 47 6 100 22 36 89 60
6083 4986 4865 6157 2892 6039 6190 2647 4070 4876 7295 4353 3433 5586 2991 5045 5243 5700 4879 5725 3459
2001 1456 3385 1643 2250 2082 3016 1556 2008 1469 2867 1323 1073 1918 856 1542 2415 1762 2469 1662 1244
3160 2553 2429 3578 1923 2408 2990 2018 2622 3134 2676 2389 2994 1923 1062 2424 3310 3329 3230 2755 2671
929 760 768 1109 354 989 641 615 807 929 878 1026 732 761 589 512 1288 769 1199 571 1172
2284 1112 2653 1853 1441 1798 3145 2586 1614 1041 2007 2599 2465 2075 206 1313 2087 2419 2216 1469 812
4269 3851 4992 4833 3937 5977 5188 3358 2027 3219 5607 4250 2945 4482 2119 2248 4081 4138 3212 5067 2981
5905 7050 6602 6524 5314 7565 7644 4031 4889 6517 7753 5218 4077 5130 3411 4873 6311 5950 6511 5929 3981
3047 2893 2948 4085 2724 3516 3264 2299 2480 3332 4052 3533 2355 3222 1598 2131 3975 3175 3007 1973 3161
2933 3653 4919 4190 4255 4438 4998 3728 3844 3364 4886 3338 2536 4618 1920 2859 4503 3010 4520 3945 3177
3876 3177 4100 4022 4029 3860 4061 3864 3957 5110 3211 3139 2831 2336 2700 2879 3183 4088 4108 4026 1592
