10
10 6 2 1 4 0 6 3 1 8
7 5 3 7 4 9 10 2 0 10
8 5 0 4 6 0 10 3 10 10
7 10 3 7 9 7 8 2 10 7
10 4 1 0 10 4 9 7 6 8
6 2 2 7 6 6 5 5 7 4
4 4 3 6 9 10 2 4 1 0
10 9 4 0 10 1 2 6 9 7
1 4 9 3 9 2 10 3 7 6
8 9 8 9 4 5 9 5 9 8
70 28 7 0 70 28 63 49 42 56
696 533 173 144 483 49 524 292 610 767
126 31 46 176 180 155 70 142 193 25
195 264 111 201 213 177 222 72 264 195
150 139 336 359 199 373 157 258 64 44
242 284 265 341 391 505 5 242 245 1
562 419 269 137 302 0 826 263 618 803
239 287 187 249 179 172 265 120 282 237
156 52 52 182 156 156 130 130 182 104
238 287 293 264 46 112 277 154 278 254
