75
196 35 49 77 56 238 182 49 315 308 182 315 70 245 119 21 140 301 315 119 210 287 7 168 112 147 63 147 252 28 84 126 21 91 210 35 7 28 84 280 301 266 280 49 147 77 70 287 14 21 49 224 315 56 70 63 203 98 210 133 126 252 224 105 21 70 140 308 98 182 273 35 84 189 84
231 266 119 203 287 140 252 147 133 308 182 203 154 280 49 245 42 266 105 147 245 175 245 238 238 105 147 273 189 14 0 98 238 119 259 161 259 189 315 77 140 175 238 252 91 287 175 133 231 287 238 161 98 161 35 294 224 140 252 49 112 252 105 28 7 7 154 266 196 147 301 294 280 217 224
49 147 42 140 56 7 56 175 63 175 168 42 35 266 252 42 56 140 105 49 147 112 203 91 273 28 35 245 266 252 112 273 77 154 91 98 119 105 231 182 280 42 224 273 308 154 315 49 294 98 98 77 175 301 133 126 287 168 49 189 98 161 140 140 273 231 196 70 14 63 259 252 105 119 203
98 280 154 105 210 210 161 252 63 140 63 189 63 231 203 252 287 0 70 63 280 259 259 308 273 287 245 203 70 49 42 126 287 196 189 133 84 28 63 154 126 126 301 189 315 140 77 287 147 147 308 63 84 252 49 315 175 301 196 245 308 196 14 273 70 203 42 119 238 112 273 0 196 210 196
196 35 231 119 140 63 105 203 105 315 210 63 168 189 217 56 133 98 70 42 168 231 91 287 105 161 196 112 35 49 308 189 42 217 266 182 238 14 63 308 7 273 7 140 105 224 154 196 0 224 245 133 91 294 56 203 133 217 315 126 266 259 0 308 112 224 126 315 238 189 301 210 98 266 28
161 168 140 42 133 42 245 266 91 217 280 294 28 175 245 154 77 182 112 63 301 21 189 294 217 14 231 105 77 175 91 196 301 231 196 112 231 119 14 7 14 301 259 0 154 189 119 238 49 231 259 308 210 91 238 112 105 105 175 140 238 273 21 224 140 217 294 56 21 315 21 315 294 280 0
126 147 77 42 161 266 266 147 161 35 28 231 140 133 42 245 56 315 266 238 140 119 210 154 140 203 175 98 175 91 56 266 245 133 266 42 77 210 189 196 245 175 63 28 315 112 273 7 63 175 245 203 294 91 315 77 259 126 175 70 224 189 14 105 0 287 147 35 133 294 238 21 154 301 49
105 91 280 112 161 91 315 0 63 42 280 98 301 84 273 56 266 140 28 49 98 273 154 140 91 91 14 112 245 315 119 308 49 35 98 168 126 49 126 147 91 42 252 35 91 161 91 35 266 119 49 42 77 161 140 126 252 154 196 133 112 273 119 119 308 175 245 70 182 7 175 238 56 63 273
147 231 0 140 175 77 147 175 154 273 0 238 203 112 112 301 224 21 56 301 7 196 224 35 56 238 175 294 252 238 203 35 105 203 175 238 287 287 98 77 238 56 0 77 168 70 14 35 98 77 14 63 273 245 63 287 119 238 266 49 112 147 84 224 315 217 140 280 182 196 35 56 210 315 98
21 70 112 56 126 147 70 189 56 273 210 28 28 126 252 77 203 35 161 105 28 21 203 308 203 42 308 224 252 301 280 273 7 70 287 133 182 0 7 238 273 217 224 308 308 154 21 189 196 147 252 224 168 91 175 7 91 161 231 28 98 189 259 112 224 231 245 84 231 210 280 140 70 189 84
14 301 112 161 175 259 49 42 63 140 175 70 238 294 266 224 70 91 161 182 315 28 70 35 259 280 280 84 308 147 168 0 84 238 161 266 133 168 266 196 315 119 231 189 49 175 49 119 224 210 266 224 245 14 217 140 252 175 224 245 280 35 203 49 231 7 273 7 175 175 161 126 252 70 315
301 203 42 56 112 217 0 294 98 294 189 238 231 7 105 112 245 98 315 252 7 280 161 14 140 14 182 266 266 210 224 245 98 224 308 168 119 266 140 175 245 287 98 154 294 203 224 182 301 175 112 266 140 280 245 238 252 63 182 203 273 42 84 7 273 28 175 28 301 315 210 224 287 266 14
217 147 238 35 84 49 154 308 189 70 231 105 0 252 252 161 210 294 252 175 203 280 35 196 259 308 84 119 231 28 133 91 133 7 126 175 63 280 161 210 308 35 280 273 245 210 112 133 140 42 273 308 7 308 182 224 252 224 28 168 252 119 259 21 133 63 196 154 308 315 42 294 308 280 245
238 168 0 7 273 42 280 217 7 224 77 238 161 301 266 287 189 21 224 210 154 245 42 266 231 315 273 168 266 231 49 182 84 49 147 315 56 112 210 63 294 245 301 91 182 203 56 49 231 238 217 21 168 217 294 35 210 245 203 154 154 217 294 196 224 126 147 280 196 35 28 126 238 287 224
98 175 280 147 42 203 0 63 7 217 35 42 70 280 210 182 77 105 161 273 287 245 105 252 77 98 238 203 21 203 105 77 56 28 231 98 231 189 126 238 91 161 238 119 84 126 301 161 189 140 70 161 21 133 49 56 238 287 266 217 168 7 294 189 35 161 245 224 35 49 98 84 175 21 203
259 105 182 56 259 287 126 98 266 266 105 7 140 70 273 35 196 238 287 21 238 133 231 140 126 238 203 210 91 182 49 308 245 231 42 182 154 175 238 105 77 21 70 217 49 21 252 210 217 217 189 133 308 98 238 112 301 119 280 70 259 7 63 182 203 63 49 35 238 287 98 273 273 168 168
0 147 98 168 49 280 42 140 224 98 56 21 77 133 259 154 70 273 175 217 154 238 266 147 119 189 210 70 140 56 245 105 168 301 273 175 217 315 315 126 98 14 105 175 147 42 287 182 273 140 77 105 21 21 217 98 168 105 168 315 119 49 98 245 315 49 98 210 7 56 294 63 70 77 238
175 126 210 35 77 308 112 147 287 91 0 63 266 63 238 217 182 245 315 112 238 0 168 133 287 224 105 28 294 147 273 112 231 119 147 308 63 266 91 35 315 49 98 259 112 294 154 301 182 105 49 98 112 175 189 35 84 259 70 14 84 21 126 315 98 238 259 119 182 315 154 175 42 217 77
161 147 189 98 7 301 105 70 49 280 259 84 42 154 154 21 238 133 105 189 189 21 133 315 161 126 147 301 168 0 14 287 112 203 63 119 182 168 147 189 133 49 280 133 203 70 112 126 210 182 273 77 203 84 28 7 168 182 308 301 140 0 266 252 203 294 14 28 140 161 217 231 168 133 7
56 210 119 140 56 259 91 91 147 140 126 154 266 266 98 245 42 56 154 301 217 84 273 203 182 70 105 98 245 196 63 301 84 140 119 98 84 168 196 189 308 280 301 259 224 77 140 224 91 252 203 308 14 112 196 203 189 259 259 112 133 280 49 182 98 126 238 182 252 112 7 245 28 308 140
210 21 238 119 112 175 280 63 189 77 217 28 266 154 245 14 245 203 21 105 308 105 28 126 35 98 98 280 91 84 56 301 112 301 98 182 154 63 245 301 140 140 294 42 252 175 14 140 63 35 203 7 98 231 91 133 294 189 98 21 280 112 0 28 91 63 168 203 126 98 147 224 196 77 224
91 252 238 231 315 231 112 280 7 308 56 140 238 245 196 259 161 315 259 147 42 0 0 210 84 56 35 266 252 112 168 301 42 42 210 0 231 287 280 238 273 14 21 147 224 175 84 21 126 301 175 133 266 175 21 28 231 14 259 119 126 105 63 126 112 231 126 21 196 91 224 105 63 203 252
287 56 294 315 147 280 126 280 182 301 259 168 168 273 105 245 35 175 308 161 287 224 294 308 56 21 168 168 42 49 56 14 70 35 287 175 273 91 91 133 28 28 301 196 259 91 119 294 266 70 133 189 294 63 133 28 42 308 154 91 315 217 63 21 210 308 196 161 77 245 294 63 273 231 259
210 280 14 182 224 42 280 49 14 301 189 7 28 133 161 119 126 14 140 112 224 126 266 63 161 196 315 224 105 189 119 0 147 91 140 14 140 56 63 112 42 252 119 28 63 245 105 154 217 245 266 126 49 210 147 168 84 105 70 196 294 147 154 119 238 252 133 14 273 203 133 315 91 210 21
161 133 126 315 35 7 217 119 14 105 266 182 154 7 210 308 301 35 98 63 231 28 196 252 259 35 21 252 133 231 231 252 7 315 203 0 0 98 119 294 161 21 154 315 35 0 259 14 315 35 77 231 28 238 119 287 273 98 224 42 7 91 294 14 49 175 14 7 231 91 308 77 119 140 28
112 105 294 126 98 7 168 287 35 42 84 7 273 140 189 0 154 238 252 126 287 70 105 301 301 196 287 14 273 63 49 63 168 301 154 231 266 0 196 266 0 245 231 273 63 56 231 175 294 168 308 224 238 91 203 175 245 126 196 203 189 203 224 0 140 56 189 84 14 63 308 14 308 217 252
14 273 161 189 210 7 133 112 203 224 273 63 112 77 217 273 224 56 175 182 196 196 49 238 210 119 231 189 63 126 119 35 42 280 231 210 252 0 0 133 189 231 154 301 308 7 252 168 63 63 35 259 259 84 182 154 161 49 301 189 133 98 224 175 14 91 21 266 56 21 42 245 210 154 224
196 168 112 49 189 175 42 91 77 84 231 189 252 280 168 77 91 266 259 231 280 315 252 189 49 280 231 294 126 63 154 7 189 266 14 63 77 14 112 154 98 21 21 308 301 189 63 70 91 287 301 14 238 238 203 287 154 70 217 280 91 49 245 245 273 217 266 28 231 56 147 14 77 168 0
56 0 28 84 49 273 28 21 189 224 182 154 14 252 7 252 308 14 182 231 287 35 133 273 273 189 98 287 266 231 245 280 189 231 0 196 182 308 224 49 210 84 161 182 301 168 119 245 182 259 112 105 294 245 63 245 112 161 168 14 28 56 252 217 287 252 56 112 245 280 161 91 0 7 280
259 133 35 182 280 294 294 63 266 175 126 154 287 252 280 259 280 294 189 140 224 84 196 14 287 112 175 14 112 140 294 14 238 7 196 196 259 133 259 168 308 70 0 238 280 238 175 196 217 7 14 119 49 168 91 14 238 266 28 35 49 287 49 287 252 203 161 196 294 56 42 287 84 0 161
42 196 14 245 91 301 217 168 28 28 259 42 266 168 35 259 175 0 266 140 252 154 259 84 126 273 126 49 42 126 210 84 7 189 287 56 168 147 189 161 175 84 161 119 210 196 63 63 154 7 161 49 119 56 133 252 14 266 259 56 28 154 98 315 301 28 14 105 175 161 266 28 245 112 105
98 266 168 161 105 140 287 154 259 21 245 147 315 189 49 49 182 203 112 175 140 140 147 245 273 308 196 301 196 266 84 294 210 217 91 273 315 56 63 210 42 315 42 35 140 91 49 0 252 119 140 70 259 245 315 168 238 147 147 112 91 189 42 266 42 91 175 35 154 203 252 154 154 252 147
252 301 154 217 231 273 35 259 168 280 210 14 154 42 119 224 91 273 224 315 315 0 133 315 112 14 203 266 126 91 91 56 70 210 273 259 161 266 196 294 189 84 308 21 84 112 210 182 63 112 133 14 112 266 287 224 238 168 126 42 259 182 63 287 70 14 224 189 287 98 161 154 147 154 133
231 224 301 49 245 98 189 259 168 91 231 77 14 35 161 14 259 21 77 224 91 98 133 287 21 189 126 133 294 238 224 210 140 210 217 21 308 42 287 112 140 154 189 112 147 315 126 84 14 168 273 70 224 84 35 245 231 119 14 210 42 238 56 140 126 231 168 70 280 91 147 56 203 294 168
308 287 252 77 308 98 308 56 0 28 49 203 259 168 217 105 168 98 119 273 182 35 77 217 273 126 42 7 7 14 133 315 308 63 28 294 126 14 308 84 42 35 294 266 161 147 7 14 203 133 245 70 126 0 245 77 126 287 42 91 259 175 84 245 238 77 175 0 49 119 91 56 154 21 0
0 168 7 294 14 98 217 42 224 217 287 259 301 210 301 70 147 154 112 77 35 189 210 35 245 14 84 259 126 105 259 84 238 224 56 252 287 231 294 189 84 259 91 63 105 70 133 252 189 252 287 182 77 182 217 280 154 308 217 238 49 112 7 287 21 21 217 266 217 147 91 301 42 182 49
147 217 140 84 84 70 49 266 154 189 119 70 301 63 294 224 119 84 189 84 63 168 266 7 63 91 105 49 98 245 56 245 140 196 7 182 231 21 84 21 168 210 91 154 231 63 14 308 112 161 77 175 7 301 147 77 28 210 126 126 133 182 56 238 14 21 98 245 0 189 266 175 35 42 287
224 63 259 217 175 98 252 35 105 231 140 182 259 28 266 28 161 84 84 77 105 63 140 28 70 7 259 203 0 259 168 224 0 105 77 140 203 7 133 266 238 273 133 140 301 35 126 140 126 210 182 189 231 0 175 301 287 112 182 245 7 308 147 14 91 189 154 252 196 245 203 77 196 294 175
175 7 301 273 133 189 91 280 56 91 140 0 14 210 182 259 224 133 49 196 224 238 308 161 70 231 0 147 105 294 0 280 301 301 189 77 126 287 35 189 14 175 189 315 70 7 252 294 140 259 168 7 133 154 126 210 21 126 35 126 98 42 42 77 301 231 112 112 154 154 259 175 287 84 126
315 49 14 287 196 280 91 161 49 203 287 259 224 49 301 308 105 301 28 140 238 266 259 308 56 91 245 189 14 7 315 14 63 14 259 217 252 315 14 301 196 259 245 63 308 182 49 91 119 84 231 35 308 126 28 42 175 231 238 196 245 189 210 266 203 147 119 133 140 91 119 301 28 0 0
294 182 49 21 301 91 210 294 35 21 0 42 196 238 238 70 119 105 238 21 315 28 98 84 126 189 161 105 217 161 105 147 301 119 168 238 168 56 217 210 77 175 210 238 49 126 308 126 231 189 105 182 217 203 231 21 28 70 91 203 196 196 28 175 273 196 56 84 217 273 252 252 84 140 168
140 266 119 224 133 308 14 280 203 175 189 182 168 259 273 49 91 112 42 231 21 196 287 105 91 196 35 28 280 133 196 56 35 315 245 175 259 259 133 140 70 280 287 238 175 238 252 273 308 294 182 14 168 147 119 224 301 119 210 259 252 84 280 294 42 203 105 301 98 238 84 126 154 7 49
7 245 301 280 238 231 98 210 35 203 7 259 182 126 147 84 21 196 42 315 196 203 98 133 259 294 175 63 126 182 112 91 70 49 56 266 238 112 154 280 0 161 175 182 252 287 266 231 161 266 182 315 105 238 126 42 210 266 112 294 126 182 21 196 196 35 98 112 154 252 28 154 56 210 14
266 175 245 175 294 147 35 287 259 231 49 301 77 315 91 49 84 238 28 238 112 70 21 224 224 273 217 56 287 105 28 231 280 231 42 210 63 35 175 280 266 182 259 21 182 315 28 224 231 63 140 301 133 161 161 315 77 56 49 0 161 35 196 77 273 238 245 294 238 98 252 182 245 147 168
63 140 154 287 7 217 105 308 308 231 112 301 266 168 308 224 294 28 98 7 259 21 259 231 217 315 119 35 238 266 203 301 49 0 224 56 175 14 7 168 203 119 105 105 245 98 7 217 84 112 231 21 91 168 210 266 161 287 301 42 231 147 21 238 147 252 259 0 224 224 126 63 21 238 126
224 294 91 126 56 203 35 35 252 161 203 196 280 168 140 0 35 287 308 280 112 196 175 70 56 77 203 77 56 119 203 280 91 294 84 105 140 77 140 28 196 21 189 161 189 7 119 224 294 105 140 42 301 315 112 315 28 315 70 84 70 273 49 161 210 91 224 308 133 42 14 7 63 203 126
210 168 252 77 140 35 175 182 301 133 259 252 161 210 7 252 287 238 259 84 126 308 315 70 119 35 91 133 63 252 259 231 105 147 308 245 147 168 70 126 259 287 56 98 175 21 308 140 266 245 231 28 238 182 105 315 217 154 84 238 84 308 154 189 133 98 77 280 266 105 42 203 28 63 266
203 84 252 308 308 140 175 301 14 35 42 7 210 196 98 133 238 84 245 70 217 21 105 140 252 168 182 91 196 245 35 35 294 252 21 280 70 154 217 84 189 259 91 42 91 147 133 14 231 56 84 91 77 189 231 7 315 91 63 189 301 98 182 273 28 168 189 56 0 91 140 154 308 196 196
84 301 7 98 217 21 140 266 98 287 133 70 280 182 133 105 161 189 287 70 182 133 224 238 98 273 21 252 259 175 84 21 112 91 77 287 112 175 231 168 140 42 196 56 231 287 161 28 161 133 105 301 224 287 175 0 238 154 252 175 287 14 161 84 63 196 49 133 56 287 266 154 287 140 217
154 112 14 189 231 105 252 210 14 217 63 294 91 224 189 266 189 161 63 273 231 224 7 0 280 252 266 70 175 91 245 14 161 266 161 70 49 91 280 63 266 301 42 35 161 189 259 35 28 7 266 217 231 231 224 147 119 126 175 301 175 105 315 14 49 154 84 98 203 0 126 147 308 126 140
147 315 77 140 21 42 49 245 231 238 105 14 42 231 196 301 91 301 252 105 308 84 154 42 245 112 168 28 56 252 168 168 245 203 308 231 252 315 112 119 238 217 140 238 84 294 217 175 231 147 245 217 189 35 259 70 147 70 98 210 0 224 56 210 105 0 77 315 0 147 119 196 0 217 70
84 189 245 224 56 28 105 273 175 140 168 245 287 238 21 175 203 245 189 49 308 196 84 308 154 231 63 308 231 280 56 273 105 259 175 119 287 280 70 140 98 196 21 28 77 42 161 238 245 35 287 231 189 49 217 21 238 238 7 147 154 21 98 217 280 238 14 203 196 84 301 259 245 0 245
0 0 84 238 245 119 161 112 308 210 14 287 126 210 252 231 49 231 287 266 147 203 287 28 42 7 287 259 252 287 182 252 245 266 126 126 28 287 245 294 133 217 224 217 105 154 126 154 70 56 105 217 259 28 210 259 35 175 196 294 105 14 182 28 245 315 119 231 238 42 161 56 259 63 273
0 224 42 161 252 98 224 105 315 252 315 217 287 133 49 217 238 70 42 224 273 315 21 182 231 21 21 245 238 49 161 245 231 203 42 161 259 266 224 210 154 224 105 119 35 161 301 231 189 21 91 140 14 77 280 203 98 259 133 301 308 252 224 217 133 224 14 28 168 245 196 280 105 308 35
140 105 14 7 294 315 98 70 287 133 308 175 238 245 266 175 196 196 77 49 287 259 70 273 63 273 147 21 56 91 56 154 196 77 161 126 28 217 196 0 35 140 133 231 70 35 84 224 231 119 273 154 56 301 105 119 252 210 140 308 308 154 98 182 231 217 315 224 119 147 224 112 294 315 301
0 28 63 182 259 140 133 49 154 77 112 231 7 0 7 280 308 161 14 175 35 238 126 259 35 273 119 105 203 112 84 161 140 105 21 35 203 119 84 35 196 196 224 161 196 231 119 189 70 140 0 63 14 126 0 49 35 119 112 203 189 196 42 7 259 70 42 140 147 126 133 21 0 35 182
161 266 266 308 294 42 308 0 56 70 280 63 63 84 175 266 273 7 315 245 224 21 287 42 126 98 133 147 56 168 287 175 70 189 161 0 189 147 0 245 175 287 266 245 7 77 189 238 84 140 161 266 119 133 308 245 189 119 28 203 245 280 21 315 147 182 0 21 294 280 224 147 245 175 28
210 252 182 133 301 0 252 245 84 21 196 287 168 273 0 56 203 238 77 154 63 217 112 42 189 77 273 301 280 84 7 133 14 189 266 273 154 154 161 196 182 315 161 28 266 119 42 105 35 119 224 105 301 14 105 168 49 56 105 294 140 77 105 119 266 7 28 56 161 189 252 301 182 98 14
91 217 56 154 217 140 56 280 119 77 63 245 84 84 315 56 224 70 161 301 294 126 14 35 294 161 287 231 308 21 245 77 203 266 189 98 84 252 56 161 287 77 42 49 161 35 112 28 105 231 7 84 42 301 119 294 147 42 203 133 28 91 168 231 35 35 287 77 287 301 238 210 14 280 266
182 0 14 168 63 245 175 147 245 119 224 175 266 231 21 35 259 70 161 126 105 196 49 140 126 308 56 14 0 294 238 140 252 252 308 0 140 168 105 21 245 294 161 189 203 182 182 98 210 21 182 315 175 189 133 259 175 147 238 175 119 154 280 14 49 266 294 147 112 77 168 35 7 7 182
168 147 0 266 35 21 84 308 161 273 77 98 84 224 294 224 308 133 182 0 140 126 252 287 203 7 133 196 301 105 21 147 252 21 56 252 7 140 238 168 56 0 224 98 182 203 0 168 294 140 126 112 273 56 35 112 28 168 266 7 231 287 154 126 315 210 56 280 315 294 84 7 252 266 105
119 147 70 245 77 210 56 147 119 70 182 189 98 315 140 63 224 105 224 28 56 70 84 14 63 21 56 28 231 7 140 308 112 210 238 196 56 252 21 140 0 210 7 63 161 147 126 63 259 308 98 273 21 140 252 42 119 308 77 35 273 175 21 70 63 259 266 77 147 245 217 112 91 231 175
252 14 259 0 231 210 56 189 231 154 77 231 280 63 308 315 21 161 294 49 182 196 315 266 21 196 119 91 294 308 266 224 7 168 182 238 14 196 63 245 35 140 154 315 168 105 266 189 266 196 238 91 70 189 315 56 63 112 147 315 63 56 182 70 182 0 266 196 203 14 77 238 154 231 189
0 294 91 147 203 245 21 294 280 210 245 294 238 315 119 189 56 133 49 126 315 56 35 147 217 49 224 91 161 98 238 168 70 287 273 273 210 301 203 168 147 126 140 21 126 224 217 140 315 224 231 273 238 266 98 133 315 7 182 154 63 98 280 133 63 196 49 280 133 252 84 280 21 189 266
105 91 119 245 42 21 154 315 266 98 56 35 49 63 224 168 126 280 126 217 28 0 266 266 91 161 308 56 182 175 280 245 224 77 168 273 98 287 266 0 63 280 0 77 301 182 245 63 140 49 287 126 14 189 28 105 28 21 119 168 196 77 91 63 112 224 14 217 189 238 175 210 203 133 287
182 315 210 252 98 224 175 224 238 42 259 301 35 238 63 203 70 98 259 133 217 161 105 70 308 28 245 196 189 63 168 7 14 14 217 112 238 28 301 112 77 238 98 70 112 119 231 182 217 168 280 112 287 63 182 231 49 70 70 196 91 238 210 105 210 63 182 133 98 161 245 133 35 301 203
147 56 112 287 280 245 245 28 168 315 217 84 42 245 154 245 14 28 91 77 196 112 259 7 210 56 217 21 91 154 182 196 217 259 168 175 182 91 203 308 42 56 28 91 301 140 294 273 168 21 35 7 133 252 14 308 273 189 7 42 28 154 245 203 91 49 14 273 140 175 217 189 238 252 238
175 70 168 91 203 147 84 210 280 14 182 266 245 56 238 294 42 70 175 203 119 224 217 70 0 70 245 189 266 175 63 84 252 231 175 91 56 217 301 301 189 119 203 119 133 77 91 133 105 224 14 224 126 231 252 126 266 182 280 168 35 21 252 245 217 63 14 231 280 273 210 154 35 56 273
168 133 0 308 245 224 0 147 308 196 84 70 140 266 308 308 259 14 203 147 189 266 119 98 189 77 273 301 70 7 210 238 140 210 182 21 70 189 175 56 21 217 84 161 119 77 105 56 49 266 203 238 217 7 294 42 42 245 21 70 252 231 308 35 77 175 56 147 0 189 161 21 84 203 140
161 280 203 224 7 154 63 203 7 28 182 49 28 105 28 98 0 217 49 35 294 224 49 77 182 203 238 161 245 77 259 91 42 140 273 7 294 14 175 301 7 35 308 35 98 294 140 98 189 147 91 161 49 105 196 189 308 70 308 231 154 245 0 196 63 273 161 0 252 14 259 259 7 252 252
112 224 28 168 56 175 266 175 182 49 56 49 315 126 35 224 280 238 189 112 308 140 238 308 28 252 245 245 266 133 182 14 0 210 182 56 70 126 231 210 133 245 266 126 56 259 315 294 182 182 49 126 280 287 70 315 175 315 238 119 91 98 91 49 273 280 105 21 42 294 231 140 182 133 224
238 35 217 168 175 77 217 301 42 182 49 35 42 0 231 119 49 14 175 98 245 133 161 266 133 98 133 273 280 231 182 154 224 77 0 77 119 182 14 161 0 63 154 0 21 21 126 77 315 259 133 238 70 301 140 203 77 280 161 35 147 301 147 7 56 105 84 133 287 98 252 294 119 84 294
98 70 56 133 63 315 273 308 21 252 126 189 287 42 28 280 189 287 105 196 21 210 238 161 140 294 91 70 49 140 42 154 210 63 287 273 14 196 217 0 126 28 189 91 70 175 49 224 140 112 56 119 287 259 238 105 231 14 175 287 112 175 77 280 196 0 189 175 203 91 175 287 77 42 63
147 217 70 7 315 147 28 112 112 287 35 217 196 7 28 119 77 203 154 35 84 161 182 259 0 231 112 287 308 112 308 98 287 21 105 280 168 133 28 280 56 63 133 259 28 161 14 105 42 133 98 84 294 287 301 294 196 49 217 147 161 210 245 84 231 308 0 77 84 35 315 140 56 126 35
91 245 14 196 245 147 301 14 77 224 273 7 56 7 224 203 168 112 84 217 21 35 217 56 77 252 7 175 273 91 217 42 14 189 238 224 14 175 196 91 77 147 98 140 154 280 301 287 77 28 182 56 63 77 77 140 294 84 315 245 182 168 287 154 35 161 56 7 21 252 56 56 84 154 154
264 334 477 137 443 329 299 556 256 520 561 121 58 233 557 135 578 76 330 389 135 131 452 771 340 255 610 485 690 711 664 639 151 320 668 230 594 42 298 486 569 495 541 596 631 557 159 381 322 399 669 422 488 227 310 256 374 372 377 254 196 535 463 316 478 594 553 202 643 421 587 276 313 591 300
1199 7800 2341 7531 2276 352 6152 7563 573 1422 6955 7477 5440 8052 904 8486 3506 2172 555 8744 4105 4028 3130 5212 5751 1689 2555 3044 7733 2495 6755 51 1277 3519 9509 5199 5746 4573 4069 6102 5830 8716 7640 2339 7689 8530 3133 2398 4327 2247 5434 3616 869 5742 1724 6013 867 5345 1329 7472 2276 8928 5732 3307 3775 6702 5505 6897 1902 2141 8192 1561 1169 4753 3817
5430 6805 6004 6581 5689 6561 4876 7344 6369 6630 6084 6995 6910 7805 6405 6330 6491 6621 6112 5788 7533 5847 5579 6433 7017 6350 5793 6610 8139 5754 6651 6764 5027 7045 6384 5922 6391 6721 6525 7056 6738 6343 6590 5812 6226 5891 5932 6748 6777 6457 7077 6876 6663 6776 6443 7397 7490 6044 6943 5998 5556 5141 6414 5858 5549 6741 5488 5681 7266 6411 6917 7114 5048 6317 6557
4237 4830 5392 6993 5473 2152 544 6762 3399 8616 7724 1982 5971 4687 8090 2460 7982 271 1232 1710 7043 6068 3450 5030 4876 3906 4036 5485 4654 5970 6946 2173 2310 5415 1549 7840 6700 2925 3036 3252 1093 3349 6550 7286 693 5018 1050 8773 8350 3518 2643 2937 412 8520 289 6675 2573 5341 4331 6977 3277 3737 6508 5346 8947 669 3057 6356 6181 1031 4329 8939 4218 687 8101
747 505 765 1038 323 353 728 492 225 578 819 601 630 235 699 691 672 381 417 281 816 372 629 615 641 217 571 815 402 735 764 723 71 730 725 240 559 211 503 1038 542 382 743 764 580 289 702 378 888 430 451 775 469 476 584 942 995 464 846 550 264 763 657 187 316 818 397 368 800 538 1027 421 533 835 535
3635 4409 3810 4912 4282 4674 3803 5736 4407 3768 3631 3648 4771 5262 4216 5645 4990 4359 4949 4142 5219 4268 4807 4914 4209 4621 4481 5289 5359 4710 4085 5230 4394 4609 4679 4276 4494 5030 5311 5117 3496 4230 3976 4030 4588 3869 4634 4126 5133 5397 4027 3902 5512 4810 4395 4005 4264 4510 4537 3930 3375 4099 3593 4830 5685 4454 2422 3801 5142 5589 5434 3899 3299 4118 5322
54 357 124 165 272 359 135 357 349 225 257 393 298 372 137 294 80 268 163 228 375 107 125 213 277 136 299 133 236 137 262 282 175 344 387 291 243 391 284 252 252 201 167 33 261 272 334 143 342 299 336 360 364 305 233 166 426 61 257 184 159 179 286 178 63 319 112 295 190 378 186 289 87 318 287
6422 7344 6254 7397 6610 6790 7003 7827 5128 7203 6703 4785 7167 7635 7381 6855 6657 6901 6726 6746 9286 7120 7239 8367 7122 7849 7480 6988 8121 5861 6948 6275 7007 7867 7331 5870 7408 6513 8258 7462 5119 6686 7362 7040 6091 7660 7386 6453 8338 7610 8679 6250 6498 6824 6462 7760 6856 7433 8450 7980 7305 6920 6241 6254 7623 7646 6390 5109 7677 6360 9091 6916 6969 7578 6964
4824 5208 4183 4701 4695 3577 4304 5046 3378 3348 5050 4180 4215 3803 4324 4434 5095 3725 4900 3912 5788 4882 4533 4264 4342 4323 4514 5807 5442 4466 4996 4344 3729 4871 4867 3263 4451 3791 3521 4867 3160 4650 3853 4001 3362 3476 4828 3743 5334 4704 4737 3939 4457 4997 5075 5399 4843 3543 3985 4855 4120 4795 4041 3934 4968 4526 3579 2480 5518 4335 6102 4721 3484 4804 4423
75 150 77 249 97 133 191 120 280 161 283 299 320 174 317 176 123 140 155 142 76 231 243 55 175 40 165 266 204 150 212 96 278 259 115 219 229 258 339 264 141 236 152 96 132 83 134 237 180 276 211 226 109 229 263 254 224 298 275 242 50 89 113 310 108 42 161 289 275 222 155 281 45 154 152
6600 5921 6998 7460 5856 3805 3066 8403 4752 8561 7876 4264 6922 7640 8122 4103 8099 4071 4902 3549 7618 5521 4604 7536 6124 4606 5708 7386 7622 6226 6602 5050 3061 7108 4662 8162 7267 4590 6222 6295 4222 5711 9232 7996 4416 7064 3159 8871 8511 5670 4850 4894 3727 8708 2860 7280 5215 6793 6098 7365 5336 4822 6782 6224 9185 3232 5794 7299 6937 3932 6522 8982 5684 3305 8744
178 184 95 405 394 295 307 269 188 250 229 483 126 340 220 426 483 290 183 336 222 370 143 193 261 387 307 141 402 149 315 301 279 385 266 187 212 294 272 150 330 475 194 176 347 384 342 196 218 281 246 356 187 335 304 164 178 351 249 380 416 315 267 55 256 308 242 214 334 230 309 184 272 247 330
281 487 595 917 1074 395 803 141 455 331 726 636 139 159 322 1066 1152 393 537 791 456 610 752 699 293 801 509 487 557 527 687 670 436 568 339 106 795 505 201 509 724 938 931 773 474 681 591 834 292 572 288 581 232 539 492 526 396 490 345 801 855 925 129 555 839 478 114 398 832 755 699 309 399 393 464
4869 5884 4885 6236 6114 7289 5351 7352 6791 7185 5243 6594 6510 7044 6669 7008 6023 5842 6621 5906 7493 5676 7602 7776 5676 6751 6912 6433 7655 6452 6079 6950 5246 6174 6843 6311 6453 6097 5716 7088 6372 5777 7144 5822 7495 5496 5116 6485 7052 4928 6370 6336 6362 5654 5883 5337 5645 7004 7493 6073 6100 5681 4950 6262 7415 6987 4925 6423 7167 6204 7581 5829 5710 6363 6898
955 674 773 1325 1421 865 1047 1096 621 664 627 496 987 1250 1056 955 1276 961 1022 601 1098 519 940 699 1479 801 812 689 1172 1238 755 689 1277 912 490 1141 880 794 1333 755 1458 903 762 1018 1255 1104 1135 526 1379 411 401 554 549 1235 902 280 1554 978 347 937 1084 1052 748 1294 1072 1098 1025 618 554 494 895 1181 1011 663 1127
23 24 20 6 19 6 35 38 13 31 40 42 4 25 35 22 11 26 16 9 43 3 27 42 31 2 33 15 11 25 13 28 43 33 28 16 33 17 2 1 2 43 37 0 22 27 17 34 7 33 37 44 30 13 34 16 15 15 25 20 34 39 3 32 20 31 42 8 3 45 3 45 42 40 0
449 882 641 1201 537 620 768 1082 944 763 676 415 772 807 1380 927 566 956 787 964 808 278 1031 921 935 951 1383 660 1260 917 1283 765 1018 810 724 1354 756 1280 1322 586 753 1114 571 556 905 807 864 592 1084 844 1453 990 559 828 695 840 665 771 943 1023 1096 542 679 447 723 646 717 824 1119 1053 946 1151 1040 633 1482
8 0 4 12 7 39 4 3 27 32 26 22 2 36 1 36 44 2 26 33 41 5 19 39 39 27 14 41 38 33 35 40 27 33 0 28 26 44 32 7 30 12 23 26 43 24 17 35 26 37 16 15 42 35 9 35 16 23 24 2 4 8 36 31 41 36 8 16 35 40 23 13 0 1 40
465 322 124 557 603 552 651 577 282 736 396 884 227 834 484 912 780 438 399 899 875 610 169 311 994 813 753 492 726 452 848 326 578 842 417 397 337 560 930 239 873 811 311 311 720 647 760 370 297 305 799 661 864 826 627 646 427 491 582 754 477 347 1039 267 448 622 302 377 767 348 490 488 753 378 664
3686 3484 2446 2926 3548 2532 3489 3690 3204 3097 3891 3262 3381 4234 3751 3254 4053 3992 3228 1953 3768 2747 3048 3126 2812 1913 2860 3215 3266 2615 2358 3865 2949 3222 3878 3639 2570 3196 3356 3011 2674 3154 3206 2644 3476 2715 2619 3159 3762 2965 3729 2733 3720 3127 2482 2805 3157 3053 3032 3101 3672 3892 1961 2854 3679 3080 2865 3233 3378 3618 3115 3329 3263 3669 3097
869 846 783 600 993 1018 894 797 1042 583 732 423 578 637 1095 633 1048 855 676 947 732 634 916 785 646 797 797 378 944 768 1225 577 870 818 1093 575 1302 698 1386 650 890 436 513 823 923 1058 896 710 720 527 667 462 552 459 492 638 1052 791 288 880 314 990 315 1046 1053 844 715 718 1031 342 738 644 628 687 895
384 681 484 708 512 758 299 924 924 1012 327 1072 954 419 792 731 835 387 480 72 761 304 915 968 527 1128 465 536 1062 822 977 885 570 33 709 576 689 243 61 848 581 388 464 662 639 491 39 692 270 481 715 183 683 859 983 1108 699 774 1072 333 814 687 436 710 720 1096 629 121 676 599 801 373 139 776 361
23 40 29 32 1 22 9 29 1 4 26 7 4 15 4 14 0 31 7 5 42 32 7 11 26 29 34 23 35 11 37 13 6 20 39 1 42 2 25 43 1 5 44 5 14 42 20 14 27 21 13 23 7 15 28 27 44 10 44 33 22 35 0 28 9 39 23 0 36 2 37 37 1 36 36
2662 5299 8507 9975 1596 9432 208 5540 8385 4882 7245 1243 6309 288 2474 3050 4870 8886 3666 2926 7320 3282 8947 2803 1848 306 2055 5800 2238 2568 8828 4569 5207 8140 6458 313 8269 6899 3484 8535 855 1563 1141 5331 4467 2782 7756 8045 3979 2229 3219 7490 5420 5037 1261 9884 4854 3663 5437 4991 5653 3722 27 3831 2849 5386 3638 365 5083 8681 9836 6442 2180 1701 4036
25 66 32 89 15 72 78 33 105 75 82 83 124 69 120 51 68 79 77 38 44 54 84 29 111 36 39 78 78 51 113 40 101 81 37 116 91 104 97 59 69 81 40 55 46 62 60 115 80 87 89 66 38 77 89 85 56 125 72 70 26 35 20 127 20 40 99 93 88 87 48 111 18 83 25
4964 5509 3533 4384 5051 3624 3973 4827 3977 4246 4002 3922 4516 5706 4691 4909 4776 4580 4967 4450 5587 5082 3938 4106 4171 4712 4835 5471 4623 3967 3773 4218 3758 4400 4859 4375 4991 4988 4473 4286 4098 4190 4761 4081 3768 3443 4248 4147 4662 3980 4570 4357 4514 4659 4804 4031 4481 5343 3702 4396 4822 4338 3449 4631 5057 4122 3463 4686 5014 4414 4510 4910 4817 4700 4495
4283 3987 3556 6074 5634 4474 4651 5863 3638 5129 4095 5306 4016 4234 4965 6052 5011 5026 4600 4801 4679 4997 5762 4775 4616 4004 5772 4458 4810 4447 4313 4551 4904 4443 4973 5278 4298 5373 4591 4617 3892 5736 5364 3599 5305 5129 4216 4725 4590 4263 4280 4583 4948 4250 4691 3861 4610 4157 4421 5778 5617 5011 3502 4882 5647 3881 3440 4185 4948 5158 4393 4997 4988 4684 3641
713 1232 375 739 862 199 876 573 435 1198 885 170 567 481 986 850 683 198 758 562 821 718 1037 400 682 712 1131 796 444 900 480 350 579 753 580 478 889 163 261 432 507 1113 560 567 758 683 525 938 734 865 780 790 387 981 728 661 401 574 633 827 1018 689 670 770 610 730 470 615 719 757 707 1235 476 718 644
1176 1585 961 1512 731 1230 1567 1228 1578 1233 1287 1000 2297 1238 1586 735 1377 1864 1888 1142 1711 1323 1693 1590 1279 1254 1720 1570 1586 1110 1498 1142 1242 2085 902 1345 1561 1144 1817 1461 855 1492 1576 1248 801 820 1781 2003 2103 1685 1616 1310 1924 1948 1370 2266 1394 2313 1699 1250 1010 1413 772 1116 1401 1007 1415 1350 1181 1402 1405 1378 1341 1511 1508
1761 1756 1477 1590 1857 1436 1396 2593 1540 2334 1810 1270 1295 1375 2316 1927 1459 1164 1757 2066 1921 1293 2224 2377 1786 1120 2077 2965 2875 2645 1885 2013 1629 1984 1855 1779 2030 2031 1706 2303 2171 1325 2237 1537 2102 1353 1649 1356 2193 1925 1478 1673 2003 2846 2070 2032 2181 2323 2040 1112 1499 2141 1760 2047 2229 1862 1894 1759 2445 1908 2379 2184 1484 1916 2182
30 3 34 17 16 25 40 9 27 11 31 4 38 22 35 2 35 29 3 15 44 15 4 18 5 14 14 40 13 12 8 43 16 43 14 26 22 9 35 43 20 20 42 6 36 25 2 20 9 5 29 1 14 33 13 19 42 27 14 3 40 16 0 4 13 9 24 29 18 14 21 32 28 11 32
1753 613 1230 1147 1017 1227 1262 1350 1571 2024 1575 998 1478 1757 1875 643 1701 1581 1390 687 1837 1742 1072 1884 959 1287 1287 1617 1198 762 1246 1611 1146 1651 1332 1353 1076 598 1331 2061 956 1384 1328 1123 1506 1492 798 1581 902 1256 1646 1040 1708 1592 825 1396 1512 1422 2095 886 1925 1693 905 1471 1337 1408 1227 2032 1813 1595 1713 1140 1314 1695 891
6334 6483 5613 7507 7081 6644 6594 7243 5642 5581 6012 4942 6290 7236 7486 7470 7572 5080 7055 5314 7382 6189 7374 5650 6175 6901 6422 5262 6034 5932 6244 6276 5452 6858 6605 5935 5604 5768 6335 5377 4919 7129 5477 5649 6205 5718 6627 6436 6783 5549 7145 5271 5567 6409 6723 5764 5950 7062 5533 5934 7201 6221 4952 6799 6388 6395 4329 5591 6480 6237 7393 6018 7238 5998 6786
30 24 36 11 20 5 25 26 43 19 37 36 23 30 1 36 41 34 37 12 18 44 45 10 17 5 13 19 9 36 37 33 15 21 44 35 21 24 10 18 37 41 8 14 25 3 44 20 38 35 33 4 34 26 15 45 31 22 12 34 12 44 22 27 19 14 11 40 38 15 6 29 4 9 38
4440 5279 3733 4995 5723 4143 4722 5195 4592 5472 5865 5167 5463 6345 4617 5500 5859 5274 4819 4516 7300 5975 4245 5578 5812 5599 5186 6005 6259 4392 4468 4658 4635 6445 4560 4638 4890 4824 5279 4966 5560 5936 4451 5017 4837 5259 4921 5172 5166 4632 5567 4688 4642 5943 4813 5312 5573 5020 5186 6229 5672 4747 5044 5327 5285 4970 4380 4270 5233 5188 7054 5705 4737 5457 4885
2397 1878 2201 1715 2627 2311 1671 1840 1822 2935 1814 1946 2530 2286 2801 2488 1422 2063 2417 2026 2878 2235 2204 2860 1228 1731 2496 2367 1684 2419 1530 1807 1152 1399 2328 2398 1837 2158 2189 2464 1742 2123 2733 2137 2055 1659 2348 2044 2417 2167 2254 1904 1701 2160 2261 1837 2685 2449 2539 2697 2117 1863 2234 1573 1594 1817 2659 2886 2032 1651 2205 1781 2844 2579 2776
884 1335 1024 823 1189 1635 915 1096 1145 1038 909 834 1962 1254 1646 1842 1032 1163 1633 900 1909 854 1608 1661 915 1740 1776 1164 2244 1623 1672 778 226 1502 1469 1432 671 1144 1324 1720 1383 1355 1713 1731 895 1389 1465 1555 1736 1500 1518 1232 1539 1200 1557 1194 1234 1539 1622 1611 1116 599 1339 487 1793 855 1721 585 1183 1309 1335 1290 1440 1164 1781
240 654 442 387 616 482 343 574 111 450 217 411 383 603 447 554 503 364 360 285 424 329 311 510 473 437 433 541 454 211 236 422 351 354 491 287 364 366 425 470 502 262 431 377 597 374 175 369 329 499 598 271 468 410 159 427 459 379 512 501 536 318 156 429 308 405 236 155 502 294 583 212 374 432 506
310 419 703 427 394 101 575 680 153 256 387 29 672 335 591 155 480 616 649 438 696 208 371 754 762 609 693 159 789 214 253 173 398 836 521 686 652 100 560 679 71 677 606 747 276 289 736 588 725 409 813 581 617 264 534 502 751 343 671 631 555 574 708 113 342 233 467 234 52 291 742 99 782 606 696
252 73 185 114 180 159 76 267 234 227 88 207 236 141 346 321 147 172 288 35 190 194 333 313 102 143 142 149 339 265 199 223 113 129 154 278 13 200 147 247 49 100 206 267 198 162 190 207 316 200 224 113 167 159 240 88 57 152 219 228 144 163 196 104 265 90 214 260 280 136 91 173 218 279 180
254 411 217 360 136 416 328 316 381 145 327 352 350 404 108 356 262 216 378 308 410 267 308 309 346 246 341 291 354 270 293 180 118 232 372 146 276 194 428 257 314 479 359 269 258 281 412 380 332 312 360 356 381 270 282 461 241 338 331 289 195 376 290 178 323 295 361 224 228 311 325 270 117 406 353
1438 1673 1021 1514 1076 1483 1414 1142 1232 1824 1163 1721 1907 1623 1546 1573 1031 1517 1445 2046 1632 1283 1447 723 1489 1071 1818 959 1084 1633 1500 1808 1008 1790 1320 1172 1194 1127 1686 1203 2296 1982 1521 1449 1823 999 1496 1470 1294 1330 1816 1794 1788 1423 1755 1984 1487 1665 1574 1781 832 2170 1193 1082 1071 1116 1526 2012 1651 981 867 1301 1211 2086 1232
8836 6850 4108 6360 7297 2771 6955 4786 4275 4881 4226 7397 7936 6921 2779 5991 5622 3891 5769 4696 9051 4463 2202 2600 4497 5296 3613 5485 3726 3505 329 2805 5353 4262 1646 4681 2062 3578 4555 3796 3854 6231 5600 1362 2556 5242 3340 3257 2633 3657 4972 4120 8099 6327 4103 7124 5828 5973 4707 4385 6690 5287 3852 3534 1042 5333 3594 3897 5464 5705 1089 4490 7374 6379 4163
242 296 90 154 236 54 340 187 62 339 295 173 36 195 255 173 134 114 164 116 332 102 298 213 239 148 357 220 119 235 137 112 277 197 212 74 232 108 53 84 38 352 233 20 133 283 143 246 183 307 338 266 155 202 241 184 120 135 150 220 346 261 122 213 250 304 263 42 207 325 107 405 233 310 15
527 482 384 155 859 483 180 522 632 514 346 790 721 100 422 666 198 458 539 379 331 628 653 554 0 506 577 789 946 467 627 300 888 399 455 623 376 569 521 953 393 295 547 631 257 397 167 389 237 580 190 496 702 855 912 702 754 370 812 516 331 393 816 529 737 627 22 495 584 489 870 482 151 304 489
2186 2903 1872 1884 1704 3107 1797 2711 2379 3646 3064 2643 2308 2202 2495 2347 3057 2213 3161 3406 2610 2591 2293 2824 2828 1874 2715 3025 3087 2129 2151 3157 1687 3022 3354 2343 2183 2374 1889 2703 3747 3061 3158 2761 3463 1658 2413 2858 2418 2532 2259 3096 2962 2482 2475 2469 3017 1940 3650 3054 2107 2400 2577 2776 2119 1824 2369 2556 3077 2647 2555 3294 2013 3273 1894
64 41 57 43 68 11 67 78 18 29 35 46 30 39 33 25 36 36 36 36 44 50 39 44 46 25 58 82 80 45 27 41 34 38 38 50 39 48 25 51 26 54 45 4 41 20 24 26 50 54 51 49 53 45 35 53 18 48 38 47 41 54 36 18 46 16 16 27 64 41 72 85 43 26 44
1109 658 1078 1184 874 822 452 1345 880 1278 941 903 554 1530 787 675 320 989 891 791 1036 803 1024 1142 935 494 769 903 996 699 353 847 684 696 869 882 901 447 864 1025 946 437 1422 922 1381 926 841 1049 1409 425 685 982 1163 883 758 750 699 1036 499 561 1093 802 670 412 1346 1397 1110 893 552 800 1470 870 1141 923 1145
42 86 56 65 39 85 121 88 77 42 88 69 131 60 18 54 79 99 47 78 43 70 76 93 98 130 69 96 63 96 30 106 90 71 67 117 92 44 49 60 30 94 39 23 50 51 21 32 92 50 48 37 115 107 124 63 101 44 67 73 42 79 23 116 40 26 77 35 73 71 97 85 55 78 51
23 21 27 14 1 43 15 10 7 40 37 12 6 22 22 3 34 19 15 27 27 3 19 45 23 18 21 43 24 0 2 41 16 29 9 17 26 24 21 27 19 7 40 19 29 10 16 18 30 26 39 11 29 12 4 1 24 26 44 43 20 0 38 36 29 42 2 4 20 23 31 33 24 19 1
1552 1587 1691 1576 1741 1161 1454 1631 1702 1272 1142 1924 1688 1432 1488 398 1398 1383 808 1695 1356 870 752 1263 1871 1703 2087 1727 1701 1529 1076 1919 1538 1784 823 1661 1526 669 978 2074 1784 1963 1107 540 1746 1126 667 912 1641 1318 1108 1477 1552 1502 1760 2365 1673 821 1240 1060 676 1404 1202 1261 1033 1291 1864 1507 1892 1807 2096 1352 1441 2121 1621
4569 2987 3573 3747 4798 4246 3408 4350 4292 3921 3772 3354 3817 3844 4055 4339 3104 3481 3384 3647 4707 3703 4071 4297 3000 3642 3722 3573 4032 3786 2669 3284 4308 3465 3415 3565 3349 3797 3069 4136 2528 3278 3557 3059 3024 2807 3118 3995 4767 3349 3196 3375 2712 4629 4135 3472 3217 4328 2812 2936 3906 3572 2707 3344 4323 3869 3822 3680 4797 3446 4470 4349 3896 3794 4239
0 32 6 23 36 14 32 15 45 36 45 31 41 19 7 31 34 10 6 32 39 45 3 26 33 3 3 35 34 7 23 35 33 29 6 23 37 38 32 30 22 32 15 17 5 23 43 33 27 3 13 20 2 11 40 29 14 37 19 43 44 36 32 31 19 32 2 4 24 35 28 40 15 44 5
976 952 631 766 750 560 631 1196 696 811 940 597 636 974 1050 704 1170 699 946 723 922 910 1133 1284 595 819 811 1009 1219 676 666 645 967 780 610 651 670 468 1145 780 569 313 856 864 1073 1225 329 587 802 919 1153 414 1199 621 464 1109 654 738 944 728 670 1055 775 891 1265 1021 742 761 1429 883 718 207 1046 1249 547
474 631 257 466 243 459 287 720 661 751 567 196 358 663 540 622 536 636 713 438 684 315 467 496 670 474 590 292 304 889 694 595 626 645 1031 532 692 715 327 459 833 772 606 762 550 760 572 546 701 386 759 775 599 358 728 401 514 399 559 512 246 671 531 504 387 397 612 735 343 475 577 482 98 526 364
33 38 17 29 41 20 36 21 19 44 26 29 22 40 7 35 6 38 15 21 35 25 35 34 34 15 21 39 27 2 0 14 34 17 37 23 37 27 45 11 20 25 34 36 13 41 25 19 33 41 34 23 14 23 5 42 32 20 36 7 16 36 15 4 1 1 22 38 28 21 43 42 40 31 32
7 21 6 20 8 1 8 25 9 25 24 6 5 38 36 6 8 20 15 7 21 16 29 13 39 4 5 35 38 36 16 39 11 22 13 14 17 15 33 26 40 6 32 39 44 22 45 7 42 14 14 11 25 43 19 18 41 24 7 27 14 23 20 20 39 33 28 10 2 9 37 36 15 17 29
6774 8032 6444 8557 8202 8601 6978 9458 8754 9626 8398 8732 9148 8867 9128 8599 8834 7625 8360 8029 8048 8003 8645 7629 8163 7637 8244 8682 9581 7818 7900 9624 7838 9486 8261 8064 8277 8248 9176 8818 8705 7508 7644 7220 8822 7080 6832 8383 8423 8017 7976 7005 8981 8931 7782 9100 7527 8454 9366 8590 6932 7283 7096 9236 9106 7085 7137 8188 9500 8557 9837 8439 6286 8229 8301
1259 619 1297 649 1354 994 446 1267 1330 1012 557 1370 1070 951 1023 1120 528 1086 911 838 803 892 1050 1362 673 1299 934 565 1458 1167 750 1269 825 1069 610 1195 584 617 622 1242 817 1009 1119 946 1069 1079 755 1177 1304 766 921 992 622 1051 1233 891 435 661 638 919 751 523 866 530 1168 652 1257 1254 1083 536 1051 1045 979 1001 1105
480 435 219 775 232 411 237 691 433 567 490 463 336 877 669 388 793 374 622 66 328 363 471 475 385 113 332 320 755 153 396 777 498 477 586 702 206 598 335 564 67 477 271 280 529 580 282 384 780 784 417 653 387 430 496 287 293 813 571 122 846 739 212 396 516 780 574 587 714 837 597 290 486 814 432
1787 3705 2717 2980 2470 2111 2284 3109 2921 2371 2548 1843 3053 3304 2343 3800 3216 2759 3332 2413 3847 2681 2907 2736 3236 2874 3132 2509 2719 3252 2467 2107 2445 3901 3388 3525 3002 2898 2477 2422 3448 3595 2381 2679 2606 1904 3363 2635 3406 2400 2796 2703 3092 2153 3180 2710 3586 2615 2774 3439 2645 2469 2312 3264 2433 1989 1988 3012 2009 1982 2454 2953 2727 2484 3635
623 421 475 764 685 788 493 671 607 640 467 328 514 949 450 913 1005 523 898 585 1068 188 562 628 1089 654 620 568 764 940 688 578 1001 839 362 957 688 961 858 371 916 685 460 626 780 796 615 607 879 559 463 503 693 741 657 418 851 562 416 460 498 544 688 1014 669 716 497 577 518 667 539 654 488 445 822
43 29 6 8 16 31 0 42 14 42 27 34 33 1 15 16 35 14 45 36 1 40 23 2 20 2 26 38 38 30 32 35 14 32 44 24 17 38 20 25 35 41 14 22 42 29 32 26 43 25 16 38 20 40 35 34 36 9 26 29 39 6 12 1 39 4 25 4 43 45 30 32 41 38 2
14 40 22 15 30 30 23 36 9 20 9 27 9 33 29 36 41 0 10 9 40 37 37 44 39 41 35 29 10 7 6 18 41 28 27 19 12 4 9 22 18 18 43 27 45 20 11 41 21 21 44 9 12 36 7 45 25 43 28 35 44 28 2 39 10 29 6 17 34 16 39 0 28 30 28
2127 2054 2338 2277 1857 2171 2085 2707 2757 1385 2607 2257 1975 2036 1423 1823 2036 1672 2084 2235 1953 2094 1942 2464 1694 2266 2141 1872 2161 2432 1912 1933 2078 2087 2600 1608 2849 1623 2298 1752 1587 2598 1984 1626 2224 2234 1905 1721 2190 1725 2291 2170 2505 1869 2042 2021 2085 2025 1736 2198 1538 2272 1622 1667 1862 2105 1984 1781 2121 2204 2556 1390 1446 2326 2462
90 169 171 157 222 153 69 201 41 209 39 123 147 185 125 155 104 214 152 118 40 10 3 152 80 71 51 160 185 79 100 205 64 57 126 30 141 169 185 176 194 34 49 87 154 145 52 44 105 181 120 119 171 123 35 61 143 16 155 68 95 65 64 83 103 166 107 54 146 66 164 86 71 137 168
5982 8162 5864 7756 8291 7684 7184 7606 7664 7679 7858 7611 7621 8556 8536 8251 7895 7928 7311 6872 9123 7936 7847 8294 6641 9340 7786 7171 9493 6741 7147 7286 6728 7900 7787 7176 6063 7132 8005 8051 7298 6588 9193 6578 7848 8264 6325 7993 8124 6413 7873 7037 7110 8256 6947 8287 9276 7086 8771 8504 8444 7063 6954 7062 8070 7864 6511 7317 8636 7476 8929 6520 7323 7546 9458
175 311 44 170 235 137 193 247 172 313 18 292 221 178 170 373 306 21 76 319 87 270 298 123 134 320 245 352 272 252 215 71 187 259 229 276 311 295 116 121 274 92 86 131 258 110 36 117 140 119 102 81 297 317 77 377 169 324 322 119 200 203 88 302 335 275 152 314 250 228 113 56 266 375 154
14 25 40 21 6 29 0 9 1 31 5 6 10 40 30 26 11 15 23 39 41 35 15 36 11 14 34 29 3 29 15 11 8 4 33 14 33 27 18 34 13 23 34 17 12 18 43 23 27 20 10 23 3 19 7 8 34 41 38 31 24 1 42 27 5 23 35 32 5 7 14 12 25 3 29
3618 3808 3677 4799 3480 4258 3717 5131 4218 4270 3899 4184 3748 4546 4122 5170 4285 5052 4929 4097 4063 3559 4921 5583 3707 3023 4073 3718 3849 3646 4457 4924 3788 3827 5475 3605 3873 4512 4697 3802 3999 3294 3812 4058 5361 3385 4580 3250 5421 3750 4614 4130 4599 3518 3389 3421 4005 3521 4707 3664 4175 4252 3727 3004 4169 5024 3341 3863 4117 4422 5036 2506 3222 4165 4446
71 286 194 285 113 455 80 304 373 186 159 94 147 281 447 235 146 425 273 370 233 402 429 247 216 343 292 115 293 114 390 164 245 478 439 300 362 519 466 232 190 103 257 332 274 152 457 331 459 270 190 183 76 113 339 222 338 201 280 503 261 104 243 402 436 130 184 378 81 185 408 159 178 141 355
563 1825 1100 1844 1561 910 1755 812 2254 2076 2648 1721 1790 1523 1417 2069 2327 897 1515 1673 1857 1918 1362 1511 2076 726 1179 2192 1380 1437 2021 1646 1473 2169 1222 1913 2314 1739 1483 1608 1741 2259 1287 1667 1738 825 2179 2087 1578 1497 1425 1683 1641 1348 1924 2321 1530 1778 1810 2061 1369 1736 1619 2155 1062 1410 715 1765 1839 1671 1210 2219 1074 1683 1477
1877 6337 5862 7181 2390 6800 51 5204 7339 2972 5773 2631 4272 2451 2869 1910 4750 7389 4015 3723 6363 2145 7042 1952 3387 2150 2666 4503 4732 2354 7253 4062 6597 8896 4372 1844 5818 6187 4411 6967 1065 2589 1512 6081 4306 4240 6313 6773 3755 3132 4138 8562 5595 4412 2298 9289 3096 1991 3880 5012 4469 1816 1544 2883 5226 4865 3393 592 4384 8803 8705 5033 3522 2061 3092
517 802 476 903 900 914 353 832 826 903 421 542 851 933 894 1077 678 730 823 800 613 531 697 904 565 506 762 877 855 515 819 1135 625 508 748 473 545 995 934 611 684 809 513 822 831 549 549 463 457 983 935 883 680 639 732 514 644 649 760 582 844 838 662 481 543 911 528 623 653 646 739 616 440 982 858
747 610 857 769 835 492 851 963 884 669 757 289 144 435 795 546 677 471 427 814 433 310 923 921 409 645 922 351 910 868 1024 964 828 796 835 629 920 592 1145 560 398 750 383 422 1047 1005 920 558 418 406 957 318 588 714 121 957 781 467 204 678 390 728 514 582 498 805 348 752 950 709 771 620 939 1024 994
