45
264 78 414 36 126 264 102 378 6 180 54 426 24 102 432 126 6 222 102 282 540 54 312 276 456 354 270 228 492 132 474 210 210 342 252 336 60 132 168 390 312 0 276 342 108
162 246 438 162 126 174 480 510 486 216 420 72 486 102 342 72 354 336 60 150 366 396 540 498 342 384 42 348 114 162 234 60 192 126 0 318 300 486 282 18 480 162 420 198 42
216 48 402 6 108 330 372 504 324 102 300 492 150 426 60 312 114 444 504 240 450 60 318 168 342 120 102 282 540 300 330 534 348 510 324 234 294 150 192 402 36 270 348 186 156
186 276 48 90 18 72 318 402 390 264 198 510 144 264 282 222 372 276 348 336 54 36 408 528 228 264 342 276 390 306 210 36 366 264 450 384 114 0 18 504 264 216 252 408 258
312 84 84 366 432 198 198 246 66 510 252 330 306 528 180 72 522 540 438 18 444 54 132 222 72 414 486 66 444 126 330 216 534 192 360 198 396 18 444 462 528 150 24 66 132
528 138 432 522 354 450 198 186 36 420 36 234 138 108 132 264 216 126 252 408 492 450 36 510 348 276 492 276 306 12 192 288 480 78 48 66 534 246 258 348 126 294 36 264 180
174 312 396 300 342 42 246 252 402 534 378 138 258 114 444 54 306 510 312 162 12 378 150 264 414 282 168 168 318 210 126 270 300 306 354 102 126 54 132 528 372 510 120 84 402
342 138 486 312 450 108 102 66 36 144 480 318 90 426 420 84 12 144 384 318 498 486 444 336 72 426 162 366 330 24 0 126 492 492 216 174 378 102 240 192 246 180 294 120 60
168 204 72 312 42 168 48 312 66 384 162 498 324 528 60 126 312 510 72 36 510 252 414 66 492 384 90 450 132 210 294 300 414 366 396 462 540 444 6 384 60 168 114 162 480
174 288 246 144 144 282 108 396 474 174 120 312 264 30 228 258 324 528 126 468 156 366 240 378 372 84 438 0 198 378 258 156 450 504 300 48 240 186 444 168 138 342 258 402 372
486 114 474 252 24 180 408 390 420 246 222 282 462 0 486 78 258 96 528 540 174 30 12 360 252 180 498 48 216 132 204 486 30 456 192 54 90 378 222 516 78 222 252 324 0
516 402 36 390 384 30 18 192 42 156 444 0 432 270 0 24 252 486 378 168 132 210 36 510 432 6 372 114 42 474 438 336 330 480 510 492 510 306 138 336 468 360 336 354 84
336 156 120 276 534 288 186 522 102 480 414 438 84 306 258 12 198 48 342 132 12 288 426 102 426 216 24 240 6 156 102 126 96 222 402 408 288 372 390 396 306 258 288 390 342
0 402 540 372 522 456 168 264 336 270 468 6 72 162 336 228 42 462 324 48 102 192 336 474 36 510 12 72 30 402 414 354 36 186 510 12 96 132 276 210 180 198 216 252 138
336 258 504 252 42 6 132 12 126 60 372 414 72 222 228 252 90 36 288 54 324 300 156 456 354 366 90 330 366 120 468 480 384 210 510 204 216 102 216 120 486 366 540 342 42
222 48 456 36 120 510 366 420 444 276 12 48 150 342 414 270 48 348 108 258 312 312 474 192 306 378 138 126 372 480 492 48 306 402 84 426 150 450 84 48 510 96 96 438 438
288 162 264 414 54 522 510 144 234 156 234 66 294 138 438 6 90 264 318 270 126 198 420 36 282 474 324 156 24 216 378 96 156 96 510 534 78 474 462 312 90 150 156 162 66
372 174 480 90 270 210 216 246 84 30 312 336 354 468 144 348 300 240 510 402 204 276 258 462 192 348 6 120 504 168 192 330 120 126 420 168 336 414 420 204 450 186 318 36 108
462 390 192 480 132 48 468 408 306 384 60 108 168 180 390 336 372 174 240 282 372 408 396 240 282 54 468 246 378 288 360 72 132 6 336 264 378 258 126 462 420 510 348 42 150
192 156 300 366 396 36 516 42 438 534 102 270 462 354 426 204 492 282 114 276 72 156 108 108 282 24 528 30 150 348 504 342 504 36 162 138 78 456 180 294 444 60 342 138 414
6 342 138 288 234 414 138 390 300 24 456 102 6 486 252 132 444 48 90 480 534 228 336 444 408 408 348 252 534 486 120 540 66 42 60 300 456 522 474 216 0 384 318 330 102
30 462 0 402 6 258 396 240 378 72 426 18 420 132 6 144 36 324 534 78 162 288 312 138 216 528 138 378 84 468 480 438 384 258 294 174 300 468 414 132 0 72 474 420 534
264 342 24 42 330 426 534 402 192 126 396 180 270 234 42 516 168 480 138 432 6 312 510 480 504 96 480 30 24 132 18 288 258 366 114 42 246 102 444 444 6 300 402 54 312
444 30 480 156 492 144 162 258 108 420 216 528 132 24 336 270 48 402 306 192 294 348 444 174 30 120 186 108 300 240 420 522 48 132 132 540 60 72 30 492 276 24 480 408 54
48 456 426 450 216 72 204 348 516 378 378 414 342 486 168 42 360 144 414 270 54 192 330 132 222 282 408 252 540 48 84 42 510 510 270 180 36 474 528 336 90 138 204 432 78
378 252 216 522 126 492 36 96 276 492 96 336 132 126 330 180 210 150 144 174 426 108 216 132 414 6 222 12 210 114 414 366 144 414 126 270 360 162 144 414 432 246 534 18 372
318 522 42 474 450 540 132 336 534 264 528 540 492 318 534 384 192 132 528 60 258 36 198 198 180 390 84 204 378 426 36 480 186 402 186 90 396 318 204 390 36 186 162 306 510
474 468 480 66 456 540 102 270 516 306 228 138 168 438 522 378 252 234 18 108 420 432 282 516 414 126 330 54 72 96 18 324 18 276 390 252 48 276 522 18 36 210 162 528 426
462 360 132 150 156 18 348 366 300 318 234 210 102 294 60 522 90 384 0 372 12 30 420 288 12 222 324 0 162 84 204 402 450 336 330 384 132 132 210 432 228 444 420 330 516
480 90 390 324 414 540 336 444 414 78 456 414 180 234 354 42 438 210 492 6 540 114 138 450 324 354 132 0 6 246 522 492 114 144 48 528 138 384 426 330 240 120 204 198 354
336 240 30 6 516 36 324 84 504 12 186 90 144 186 96 168 486 42 282 408 90 264 0 252 150 336 270 48 318 468 402 432 492 210 438 462 252 0 324 534 12 288 402 480 474
498 432 198 324 492 384 192 216 390 450 144 504 174 192 54 426 372 486 372 42 162 288 72 486 390 384 498 132 240 210 384 192 96 360 516 372 204 492 366 372 396 510 330 348 480
162 228 84 426 54 450 42 120 522 306 288 138 36 420 378 252 264 354 126 402 102 498 60 48 318 432 444 60 540 30 318 156 258 186 366 96 90 186 540 396 498 288 534 534 162
372 18 204 180 150 390 282 426 450 336 528 120 12 366 114 42 468 54 84 108 420 180 522 60 498 372 336 240 366 330 186 516 348 168 474 276 12 534 486 246 102 468 366 120 66
258 486 534 90 348 96 288 306 402 132 264 228 468 504 372 252 468 120 384 420 48 114 432 42 378 132 468 300 276 42 372 540 312 138 84 114 18 378 426 420 510 144 102 210 426
258 246 132 378 84 6 432 522 438 252 360 354 174 438 84 0 42 402 90 186 492 204 204 102 408 78 390 330 504 54 216 216 300 126 54 162 132 264 468 348 294 282 480 246 498
348 24 0 204 114 186 474 102 168 30 288 246 198 78 204 36 72 204 114 198 258 282 108 300 204 234 372 264 174 72 216 522 102 540 180 540 180 114 420 348 468 168 372 126 246
360 162 96 18 276 294 54 336 402 132 318 90 504 36 42 30 36 18 456 30 528 234 540 420 108 120 342 276 498 246 300 90 186 396 108 468 468 486 36 102 72 360 522 354 174
18 384 210 366 78 24 126 312 18 0 198 138 120 258 414 372 336 504 336 192 390 258 438 108 78 0 504 438 300 312 66 318 480 60 462 12 408 42 102 204 366 300 342 492 336
540 96 132 276 432 324 126 474 540 12 6 540 522 222 294 288 66 396 222 450 90 12 312 462 438 516 282 198 96 6 534 90 102 444 144 318 222 48 246 222 66 30 540 42 30
72 330 96 246 336 6 336 126 96 252 24 72 318 0 492 324 312 360 432 216 504 528 216 12 6 216 78 36 216 120 390 66 228 486 90 342 270 204 474 372 462 498 222 12 276
168 336 42 306 0 258 264 528 480 276 534 150 132 348 144 30 516 534 264 240 78 60 510 288 312 114 528 42 114 540 318 60 108 366 366 114 402 90 420 336 144 192 270 60 540
192 90 294 186 132 534 42 522 498 330 288 396 90 336 510 408 108 354 522 252 174 414 114 42 288 228 516 480 276 30 258 252 120 6 438 36 540 258 12 270 372 300 120 462 90
414 330 528 222 84 12 174 498 450 222 240 138 516 504 192 0 216 444 444 0 114 480 540 378 492 42 204 30 168 444 444 360 6 426 360 90 222 312 366 126 312 66 264 282 348
240 60 18 138 510 18 258 222 336 414 498 378 396 528 324 294 426 462 84 90 276 498 312 372 324 438 138 168 486 426 516 180 486 312 96 228 108 132 234 444 0 186 276 396 168
6004 7586 1571 5824 4486 7043 5202 5355 8710 3677 4953 3133 5762 7197 4469 6108 6826 5697 5397 5142 4082 4366 3005 6706 7315 6831 5519 1355 5055 5052 6044 3765 6595 8476 6381 4036 6379 6745 8388 5747 6312 7882 5413 4205 9347
29 52 66 50 57 7 41 42 67 89 63 23 43 19 74 9 51 85 52 27 2 63 25 44 69 47 28 28 53 35 21 45 50 51 59 17 21 9 22 88 62 85 20 14 67
1 57 23 48 39 69 23 65 50 4 76 17 1 81 42 22 74 8 15 80 89 38 56 74 68 68 58 42 89 81 20 90 11 7 10 50 76 87 79 36 0 64 53 55 17
1334 887 811 1271 457 410 1656 1660 1610 885 1341 1305 866 1330 801 231 381 1273 619 912 1683 907 708 883 1479 544 1597 1098 1569 301 870 1319 903 1030 566 910 547 1034 1771 1386 1179 1059 1718 1094 1558
44 57 4 7 55 71 89 67 32 21 66 30 45 39 7 86 28 80 23 72 1 52 85 80 84 16 80 5 4 22 3 48 43 61 19 7 41 17 74 74 1 50 67 9 52
1325 998 764 1849 1424 2283 550 1953 2024 2135 1905 1690 362 2049 2014 1064 1197 1343 1578 1543 455 2283 1187 383 2006 1776 1678 1150 1639 443 1274 915 973 952 2224 1160 1389 1529 2207 2118 2280 1579 2079 2642 1236
5899 3151 4086 3625 4036 4115 5134 5216 6441 4051 3747 5345 4646 3822 5871 2716 4643 3831 4354 4555 3120 2519 3664 5888 5002 3579 5793 2073 2588 3105 4526 4741 2815 4912 4233 4698 2229 3933 4670 5377 3541 2653 4707 4416 4181
957 918 400 1045 545 288 1359 1861 1399 1132 1227 1595 572 1388 669 267 650 1158 814 852 1055 642 1168 888 1366 608 1195 1142 1467 569 745 558 1091 708 901 1044 589 776 1217 1548 1100 988 1446 1228 1525
3749 2296 1370 3322 2538 2788 2574 2859 3528 2804 2275 3084 3164 2692 2487 2643 1806 3588 2167 2605 2071 1569 3306 2688 2862 3603 2750 1344 2022 1859 4302 2738 3043 3419 2530 3259 2314 1979 2871 3591 1920 2052 4197 2038 2853
520 224 382 485 465 425 257 613 92 737 327 808 433 772 468 207 595 853 469 221 985 207 525 402 610 773 630 432 764 298 738 470 792 571 666 620 640 325 485 837 678 209 261 364 422
62 3 34 30 25 65 47 71 75 56 88 20 2 61 19 7 78 9 14 18 70 30 87 10 83 62 56 40 61 55 31 86 58 28 79 46 2 89 81 41 17 78 61 20 11
4586 2542 3710 3013 4299 3179 2429 4976 4984 3252 3901 4853 4479 4687 4076 3924 3103 5175 4723 4121 2000 3665 3343 4516 4244 4693 3557 3026 4311 2028 4341 3215 3234 3602 4355 2839 3983 2999 3230 4361 3804 3295 4149 3030 2120
2472 553 1206 1781 2056 2029 1916 1974 2266 2236 2785 1822 1321 2232 1543 1065 2497 1551 1125 990 2644 2127 2109 1888 2612 2395 1884 1331 2259 1924 2374 2650 2406 1759 1523 1985 1129 2117 2441 2392 1014 1958 2105 1567 1304
4469 3646 4490 6716 3161 5504 4507 5771 7046 7034 5147 5925 1415 4874 7339 3571 3848 6079 2950 2910 8100 5672 5665 2105 7199 4164 9972 7058 4986 3779 6309 7460 8904 6067 6031 4882 4490 3370 3615 6772 4159 5467 6412 8637 5266
5782 5055 5508 4326 4492 5539 7106 8085 6825 4685 6248 5008 3971 6353 4766 5655 5723 7850 5463 5546 4968 3803 7328 5968 6152 3937 6767 2766 4937 5713 5934 7008 6239 5860 4882 4908 5016 4554 5725 7293 4773 5613 5963 4558 7545
257 702 411 480 201 144 541 759 885 623 546 940 453 713 469 294 734 442 751 617 108 202 751 726 451 543 739 532 905 397 315 77 852 733 750 598 163 395 461 868 383 367 464 836 366
7620 6072 6042 3401 8638 3293 3019 6818 7912 4041 5626 5746 4832 3612 6837 6967 4022 4665 7655 5706 4283 5705 2123 8461 4065 2286 6275 2412 7871 3311 5091 7635 1907 6599 2687 2125 4323 2009 5653 5891 8890 5590 8156 6052 4029
1605 2366 2432 2602 1875 1711 1868 2214 2158 2058 1796 793 764 1277 2455 1958 1283 1979 2036 1122 1604 2094 2172 2200 1264 1848 1747 1374 1518 1968 2530 1556 742 622 2859 906 1795 1306 1209 2109 2161 2356 1912 1270 874
548 674 807 715 1109 99 707 689 1084 1413 1171 591 846 668 1158 353 967 1405 694 399 254 1171 560 838 1098 929 451 476 1041 775 682 690 1005 872 788 394 342 218 459 1426 744 1175 470 498 944
5 77 0 67 1 43 66 40 63 12 71 3 70 22 1 24 6 54 89 13 27 48 52 23 36 88 23 63 14 78 80 73 64 43 49 29 50 78 69 22 0 12 79 70 89
6720 4902 6318 6564 5807 4686 5801 4776 6971 7380 4467 6290 5923 4446 6221 3573 6469 6073 5809 5793 4574 4948 3858 5460 6383 4253 8305 2950 5842 3680 6363 7252 6323 7007 4848 4924 4270 5278 6420 8366 7194 5192 5756 4721 6246
52 14 14 61 72 33 33 41 11 85 42 55 51 88 30 12 87 90 73 3 74 9 22 37 12 69 81 11 74 21 55 36 89 32 60 33 66 3 74 77 88 25 4 11 22
4852 2204 4357 3447 3919 4431 3802 5333 3509 4838 3347 4651 3341 4787 4050 3061 3717 3637 4062 4327 4103 4391 4624 4834 5054 4773 3289 3229 4573 3735 4141 3327 4268 3984 3605 4326 4404 5043 3435 4908 3811 3210 2963 4821 3985
1003 1015 1021 641 1501 672 773 1416 790 1078 1155 1145 856 1317 1031 400 1065 268 1203 872 94 699 1429 250 1348 594 746 890 425 349 745 1041 644 614 863 919 555 1249 1354 1356 1326 689 681 1030 1266
904 468 1275 639 1375 963 739 1289 687 1085 1123 1307 375 742 825 692 336 1120 1227 534 747 766 1288 715 694 740 299 591 775 888 1056 1308 442 866 1077 1083 609 595 699 1297 681 596 1154 1056 561
3 64 35 61 13 4 21 52 3 0 33 23 20 43 69 62 56 84 56 32 65 43 73 18 13 0 84 73 50 52 11 53 80 10 77 2 68 7 17 34 61 50 57 82 56
5964 5011 4179 4575 4522 3840 4721 6291 6013 5983 3552 5105 4587 5599 3815 4173 5176 5679 4599 3774 6022 4557 6453 4995 5147 5596 6073 3976 6557 4624 6404 3729 6184 5833 5940 6941 5460 6119 4118 6627 5113 5382 5376 5534 5912
1088 596 1733 760 1170 1538 736 1494 775 676 1030 1340 318 612 1557 491 558 1074 1048 611 1795 401 1065 1472 1320 1546 704 516 1016 886 1902 1289 583 1007 985 1298 361 822 1063 1340 1054 305 970 1125 744
74 5 80 26 82 24 27 43 18 70 36 88 22 4 56 45 8 67 51 32 49 58 74 29 5 20 31 18 50 40 70 87 8 22 22 90 10 12 5 82 46 4 80 68 9
3637 1936 1686 2981 2322 2284 2448 1706 1755 2591 1032 2296 1320 1095 1371 2136 2026 2042 1983 1768 2475 2776 1038 3149 2461 2004 3612 1759 2109 1080 2248 2137 1649 2008 2142 2397 2530 2277 2372 2953 2685 2900 2052 1678 2186
3270 1178 2082 509 3568 1569 1830 2299 2979 1654 2203 2453 2168 1080 1373 1600 1636 1740 3263 1947 2843 2335 2926 2383 1097 1656 2204 1406 3483 2843 3342 3390 2261 2434 2136 4166 2306 1569 1231 3475 1030 2006 4085 3507 2008
4960 3896 3197 2943 5822 4527 2926 4626 3830 4315 4688 4618 2907 3858 2929 3348 2691 3550 4476 2668 2993 4580 5112 4812 4557 3377 4428 2782 2920 2011 2215 2635 2864 4799 4300 3987 3783 4471 4682 4272 2903 4239 4622 4312 4002
7989 6612 4244 6799 8236 6116 4416 6789 6379 6011 7227 7307 6839 6980 7448 4898 5452 7410 6063 4907 7360 7569 6621 7383 7572 6426 5703 4891 4731 5503 5719 6720 6085 9642 6967 7587 7529 6105 7462 7335 5424 6138 6497 6479 7050
7951 6159 7019 7778 7412 5752 7662 7614 6500 6527 7292 6575 7621 7486 7626 5912 7885 8297 8464 6995 8071 7980 8058 7763 7879 5819 8315 5333 7995 7823 8990 7539 8481 6103 8298 7514 8204 8474 7651 8511 7468 7597 8540 7089 5764
878 691 1004 1251 740 1082 823 700 520 682 1196 914 721 1341 1177 276 601 925 924 956 1420 1122 1521 711 1027 1574 816 1110 790 698 746 779 1134 1012 1207 1361 1210 1303 1061 1016 442 717 779 629 598
8685 4953 7043 7876 5545 4412 8407 7322 4777 5195 8672 4977 4675 9738 6930 2699 2688 2405 8606 221 7551 275 8518 5497 4745 8771 2475 6835 6380 2409 8566 7327 440 1979 5216 9681 4097 6236 2496 8903 8008 2035 7642 2186 2891
77 65 32 80 22 8 78 68 51 64 10 18 28 30 65 56 62 29 40 47 62 68 66 40 47 9 78 41 63 48 60 12 22 1 56 44 63 43 21 77 70 85 58 7 25
1571 1340 1400 1252 2013 841 1329 1956 837 1600 1432 1503 1541 1578 1664 970 1446 1346 2369 1093 1197 2178 1963 1078 1496 1233 355 705 1100 1078 1448 1047 717 1756 1744 1657 1603 1827 2365 1755 2167 1618 1537 1077 1560
779 1534 695 1152 492 369 1156 1195 1430 990 1218 816 972 1140 292 976 591 1068 1017 951 243 557 1327 724 493 1190 1100 672 957 650 884 1090 1654 1357 1104 960 540 1219 1345 1172 447 899 1342 1419 1399
29 48 41 24 24 47 18 66 79 29 20 52 44 5 38 43 54 88 21 78 26 61 40 63 62 14 73 0 33 63 43 26 75 84 50 8 40 31 74 28 23 57 43 67 62
100 78 88 128 115 76 89 52 22 112 10 51 76 18 104 98 88 81 114 104 166 163 42 87 59 82 95 52 87 22 97 59 118 94 23 68 134 75 122 120 98 132 43 46 76
869 772 908 711 189 189 571 1200 1100 633 734 490 927 1112 433 40 552 1070 823 202 514 860 1118 736 1115 141 714 226 577 892 949 729 219 893 710 299 593 657 947 544 735 345 815 569 1013
43 193 215 177 93 53 148 201 253 162 196 150 195 179 113 26 179 104 148 115 79 130 200 127 131 158 143 142 199 43 67 24 202 191 90 113 62 239 223 115 110 73 138 177 33
81 19 79 42 4 30 68 65 70 41 37 47 77 0 81 13 43 16 88 90 29 5 2 60 42 30 83 8 36 22 34 81 5 76 32 9 15 63 37 86 13 37 42 54 0
2478 2752 2351 2981 2649 1833 2366 2438 3146 2547 2192 2967 2472 3287 1768 1355 3410 2274 2765 2860 2595 2610 2486 1992 2988 3462 3181 2479 3264 2301 2847 2622 4547 3041 3620 3543 2841 2988 3132 4166 904 2118 2346 3596 3020
