26
128 216 48 208 224 32 120 176 376 176 156 260 76 204 364 4 20 356 136 100 232 80 204 152 260 120
28 80 40 204 72 172 284 388 244 104 20 228 280 260 0 300 116 344 372 348 348 256 300 352 356 400
28 160 148 152 144 176 96 184 380 172 356 128 20 60 232 308 288 380 32 152 276 148 96 108 360 308
368 124 120 320 120 148 344 132 304 84 308 400 272 148 32 88 276 324 152 376 228 304 216 260 56 356
276 16 64 96 188 28 84 312 212 68 324 156 200 88 240 372 356 376 120 388 64 260 172 80 96 268
248 312 392 168 268 128 184 196 228 240 224 176 148 300 248 68 52 44 160 160 16 380 400 0 228 328
124 0 4 224 268 120 400 256 288 264 252 72 324 76 176 8 252 324 312 364 256 364 8 280 388 292
256 388 156 84 312 280 84 184 100 216 304 368 336 188 228 184 124 152 124 300 160 244 84 336 204 344
164 76 84 148 232 344 400 388 292 176 268 240 360 232 52 124 196 252 176 292 304 304 308 292 64 332
400 16 268 204 224 28 144 308 40 380 112 40 228 0 216 92 240 36 192 156 160 388 276 336 140 176
100 44 332 32 244 332 48 108 400 136 0 140 40 40 384 156 348 212 20 160 168 264 60 360 284 220
348 156 20 352 196 388 400 128 16 240 324 332 212 320 64 212 56 376 116 308 396 64 116 12 88 284
140 16 244 24 100 52 44 120 0 108 376 264 100 256 368 20 188 176 340 116 252 260 356 236 164 348
164 144 228 116 28 368 132 136 256 236 188 304 220 52 8 192 184 108 48 148 396 100 192 332 80 308
52 36 140 220 248 304 228 72 288 256 40 16 256 296 252 308 60 72 364 336 128 144 308 40 156 300
140 348 92 88 120 148 124 260 232 236 28 56 312 316 180 216 332 32 376 48 344 36 388 168 372 380
176 280 20 332 40 160 144 136 248 264 284 236 388 380 72 12 32 248 192 76 60 392 112 32 36 320
336 288 84 172 264 260 316 284 52 356 312 196 88 20 56 236 260 44 212 196 324 112 308 116 188 368
104 164 264 4 80 200 292 28 236 16 288 148 304 344 100 76 0 56 96 60 292 220 372 372 12 292
348 320 272 400 148 376 164 12 244 108 76 132 140 312 152 292 56 320 232 20 396 236 76 88 160 236
312 128 68 188 284 12 376 156 8 388 396 36 264 240 148 340 236 152 112 252 40 32 32 140 324 24
240 400 384 264 96 156 256 164 208 136 40 44 156 320 32 16 356 296 256 368 100 356 116 76 72 24
112 104 28 32 132 268 296 380 128 396 132 384 20 204 384 332 252 140 248 284 156 64 40 276 32 140
92 12 220 164 304 196 272 332 92 268 60 388 244 52 244 240 300 132 308 284 60 156 288 172 304 308
236 212 44 132 352 136 148 32 304 316 92 36 248 184 304 172 36 8 228 280 112 124 276 16 272 336
40 156 104 208 328 208 16 372 340 236 376 84 132 140 268 228 176 112 276 344 148 312 216 376 56 192
1899 1207 272 2067 1449 1736 2036 1061 1018 1555 1795 2071 1148 1870 1236 934 348 2497 881 1598 2303 569 1072 515 1059 1551
4320 3525 2233 3257 3318 2816 4338 2853 1971 4036 3986 2855 3275 3910 2135 2936 2605 2450 2762 3255 3187 2375 3696 1346 3336 4237
115 72 22 99 133 95 179 135 85 155 141 67 103 24 58 61 128 92 131 140 145 119 79 99 144 165
35 4 61 6 25 13 11 30 0 27 94 66 25 64 92 5 47 44 85 29 63 65 89 59 41 87
46 71 113 161 115 212 225 318 283 112 15 206 220 205 96 264 174 311 284 301 303 258 240 354 338 355
8290 7042 6335 7684 7938 8494 8108 9072 7624 8765 8830 8808 6376 8430 8529 7436 7801 8954 8335 9566 7735 8961 7755 6146 5546 9952
1867 715 873 1637 2124 1163 2664 1651 305 2455 2037 1691 1913 1463 1285 2168 1735 1459 1413 2125 899 637 1078 981 2102 1357
4956 4284 4758 3455 4083 4241 3974 3929 3981 3417 5986 5499 5668 5597 4690 3715 3832 4810 4659 4684 4412 6296 5403 4764 3196 7051
234 390 45 517 86 286 322 364 432 382 365 409 625 605 90 165 98 482 426 269 249 618 290 216 223 600
645 545 321 429 662 784 756 735 617 478 793 868 922 552 309 383 507 629 420 853 654 776 577 831 312 937
510 659 782 75 484 1086 1395 837 905 836 1056 1175 876 1354 1043 873 504 434 760 733 1115 733 1103 1575 97 1083
28 26 7 8 33 67 74 95 32 99 33 96 5 51 96 83 63 35 62 71 39 16 10 69 8 35
3708 2682 2344 4394 4400 4644 4574 4945 6320 5191 4981 3522 5987 4240 4324 4668 4639 5117 5374 6357 5094 5133 4580 4183 4379 6940
215 675 546 796 1073 827 249 1283 1578 892 1639 484 387 457 1127 1222 1061 1106 715 1175 901 1063 721 1082 870 1115
5566 3664 5438 5007 4458 6106 5754 6027 5221 5560 4296 5171 5894 4420 3458 4700 4654 4763 5039 4861 6905 6424 6468 6065 4439 7488
1091 778 1079 755 519 1748 1137 928 1242 1479 1329 1448 1379 577 208 1218 1116 737 404 1027 1875 609 1002 1697 696 1499
5803 3518 5052 4470 6076 5536 6889 8464 5323 7855 6851 6590 6504 5677 7099 7088 8070 6105 7358 6725 7074 6196 7421 7220 7123 8810
3922 1823 3171 2931 3773 2084 3568 2886 2774 4195 2990 1388 3103 2297 3325 2362 3177 2560 2591 3078 2326 4167 2203 3175 3989 3078
890 960 408 1132 1502 458 540 1598 2050 1028 1557 1205 745 1005 1945 913 863 1889 1036 1423 1072 1118 1245 1178 1073 1080
3651 1227 1641 2884 2736 3361 3655 3467 2358 3446 3312 3869 3023 2506 2761 3837 3229 3609 2696 4576 3153 2607 2741 2369 1641 4036
32 54 12 52 56 8 30 44 94 44 39 65 19 51 91 1 5 89 34 25 58 20 51 38 65 30
3048 3219 4257 3129 3756 3829 4406 4402 3965 3787 2874 3989 3780 3490 2749 2340 3566 3138 3546 4351 2832 4482 4796 2712 3122 4668
7358 7085 5013 4866 6202 6401 6447 5228 5919 8130 6069 4761 7478 6225 4991 5542 6251 3942 5631 6143 6962 5563 6703 6061 6274 8508
897 921 466 387 1169 661 434 384 733 983 846 730 991 795 1169 589 368 338 866 1022 613 748 924 629 922 1363
2407 1001 2211 1211 1469 1186 2205 1572 1669 1643 2168 1360 2485 1799 1523 952 1249 1067 1351 1404 2219 2707 2926 3071 783 2389
2970 883 1045 2451 3168 1494 3112 2345 2286 3605 2116 959 3127 1275 2442 1114 2029 1988 2779 3279 2439 3260 1904 2345 3030 3176
