96
152 200 232 40 120 264 216 32 256 184 152 128 248 144 280 16 128 48 96 24 0 136 80 40 8 216 216 240 208 208 16 200 248 88 80 80 72 8 248 168 40 112 16 128 96 8 144 224 184 240 88 184 224 176 72 72 232 128 32 280 184 176 192 144 264 120 232 176 128 32 64 168 144 208 8 80 216 160 144 240 240 240 272 16 128 56 96 200 24 256 192 208 144 224 72 248
56 144 272 32 176 176 40 160 96 184 80 152 56 224 232 136 176 216 0 144 112 96 56 144 64 88 64 48 32 264 8 216 248 280 248 264 8 8 264 104 32 56 96 216 0 48 64 176 104 192 40 224 0 224 80 192 32 272 80 192 96 96 120 56 216 216 40 232 64 144 176 96 208 120 24 208 8 216 224 112 128 264 48 256 48 256 8 80 248 88 272 56 24 232 240 88
0 120 160 64 272 176 160 192 8 24 240 144 248 176 264 216 160 152 184 208 128 32 128 216 128 240 272 280 24 64 80 32 192 240 96 16 136 104 208 272 256 160 136 216 48 240 272 48 104 16 96 232 48 64 0 16 16 272 16 176 184 96 208 216 184 16 232 160 248 280 144 224 152 280 280 40 72 272 224 184 0 160 256 48 72 264 72 216 88 216 104 272 24 24 200 48
176 272 208 136 264 72 72 256 192 200 16 272 184 80 8 184 80 264 72 152 240 272 88 176 200 192 0 72 224 208 120 240 192 48 88 16 248 8 272 280 208 128 104 104 208 112 128 8 224 40 0 16 32 88 192 232 128 200 144 64 248 272 16 280 160 232 8 248 240 0 80 0 128 192 232 184 144 72 32 80 248 32 104 280 128 8 64 96 48 216 0 8 40 144 8 40
88 144 128 176 144 208 176 120 112 256 16 264 168 48 184 128 80 0 120 48 144 192 144 192 248 144 48 128 0 184 168 224 40 136 112 192 56 128 24 16 96 40 120 272 216 16 112 8 24 80 192 8 112 48 200 72 40 88 200 168 272 208 104 32 56 216 64 240 192 216 256 0 256 88 112 24 240 232 32 264 24 64 112 136 248 152 48 0 248 88 168 232 136 280 104 32
48 168 272 240 96 248 88 192 176 200 216 128 144 96 232 8 160 56 272 248 56 160 248 16 88 264 248 224 96 200 256 144 80 88 232 184 176 32 88 64 72 152 40 64 248 112 72 248 16 192 216 72 64 16 88 0 280 176 224 216 88 40 208 176 128 152 200 16 24 128 208 96 120 88 160 208 208 80 176 224 272 232 8 176 88 224 16 216 112 248 144 48 128 64 64 96
56 264 112 208 232 160 24 72 256 24 280 176 104 8 240 216 80 248 240 176 184 256 104 136 56 248 24 184 160 88 280 56 192 232 272 272 112 8 56 208 32 176 224 272 192 176 40 272 136 280 160 160 96 104 136 152 200 168 184 72 96 16 128 136 256 112 120 208 248 176 256 128 64 192 240 96 80 280 88 216 120 88 216 216 200 192 208 240 200 104 24 16 128 280 152 224
240 272 144 40 0 112 168 64 16 248 8 224 248 96 152 208 24 208 136 64 112 184 16 32 8 168 176 264 8 168 200 248 152 184 0 152 136 16 56 152 264 64 88 64 0 80 272 160 128 248 64 80 152 88 240 0 96 128 264 104 8 16 64 0 200 200 280 48 56 184 40 160 88 256 232 224 176 56 96 144 152 160 224 144 88 184 272 192 152 248 8 8 104 208 8 16
120 136 192 176 32 72 176 120 40 120 184 56 24 280 200 16 0 264 0 216 160 272 120 160 232 264 168 48 184 16 192 144 152 224 160 24 8 48 280 176 16 176 232 40 176 272 184 16 248 184 232 256 168 200 128 240 176 8 128 72 24 160 216 24 96 88 48 104 136 40 120 280 224 192 160 240 176 56 256 264 80 40 232 248 240 200 40 128 208 168 40 80 40 96 104 264
24 280 208 168 40 40 0 104 72 168 56 248 224 152 72 24 192 144 112 280 64 160 120 272 168 8 192 216 104 8 32 136 8 248 144 176 128 144 280 208 24 176 8 96 40 80 120 72 232 72 64 8 232 32 120 120 40 32 176 144 168 208 120 16 8 264 32 144 256 24 64 280 200 72 88 80 160 48 160 232 128 224 80 200 256 200 32 136 72 48 128 248 104 248 104 112
72 144 256 40 8 32 32 56 240 256 136 240 144 8 184 272 80 264 32 176 16 192 32 96 248 160 184 64 248 128 16 32 272 120 72 128 280 240 184 232 48 32 184 192 176 208 24 256 184 56 272 48 248 16 272 48 16 8 240 112 136 264 144 256 96 64 96 216 144 280 168 32 24 64 64 40 120 88 8 144 272 0 192 80 144 176 128 8 184 216 120 168 192 104 136 128
8 72 56 280 64 64 24 216 264 224 264 96 152 112 240 144 240 280 64 232 168 192 240 200 120 200 208 152 144 56 120 0 256 24 120 32 216 280 88 192 216 192 128 80 24 88 64 104 80 128 48 88 168 128 128 128 40 48 128 32 232 248 160 200 112 280 72 176 272 168 80 200 72 216 0 224 144 192 48 64 40 96 280 208 232 128 48 112 16 176 272 256 272 144 8 224
144 88 112 256 96 40 176 8 96 16 240 240 208 128 144 88 224 136 8 8 104 64 256 128 80 240 96 64 232 232 136 216 32 248 184 128 0 200 144 96 216 224 176 272 64 32 72 128 16 88 144 120 280 240 248 200 32 184 112 264 136 248 192 8 48 224 272 56 136 256 280 200 192 16 184 96 48 256 224 192 184 208 32 16 160 120 64 200 152 176 16 0 264 56 136 24
280 120 208 128 88 48 40 120 64 64 216 240 168 0 152 64 208 184 216 216 144 280 256 8 8 112 136 272 168 280 8 160 240 64 136 48 112 16 8 176 216 72 128 96 72 280 0 120 16 56 176 168 48 144 16 56 104 160 168 272 152 184 280 104 248 256 280 72 112 8 88 40 80 216 136 280 216 272 112 72 40 136 240 224 120 264 120 224 264 8 216 128 32 48 72 120
16 200 32 128 48 120 176 256 48 152 248 104 136 200 184 184 48 264 120 16 80 240 240 56 88 168 184 120 216 104 240 72 144 272 208 192 104 224 160 0 88 248 104 72 0 128 256 184 112 216 200 192 8 152 256 104 168 280 224 224 224 24 16 80 8 64 272 248 0 272 248 88 72 192 160 208 40 256 104 152 24 144 184 40 136 152 272 16 280 48 88 216 72 104 16 216
8 128 16 8 248 264 224 160 8 232 80 48 200 24 40 72 8 72 240 152 224 224 8 56 112 96 280 32 40 136 88 48 104 104 184 64 208 128 72 216 72 280 112 112 24 280 24 160 64 264 24 136 40 40 192 0 264 24 32 24 160 120 200 272 224 104 176 144 72 248 200 144 248 24 96 112 152 128 272 216 232 16 192 120 184 104 120 160 256 152 24 136 112 232 120 48
176 8 32 248 264 232 232 64 104 168 176 256 136 160 24 88 16 64 48 200 8 168 208 264 32 232 112 272 16 72 32 192 88 192 280 192 264 224 96 80 240 272 176 88 272 48 16 8 112 64 48 248 72 256 224 232 48 56 216 64 128 88 104 56 280 96 88 264 168 184 184 248 8 208 48 0 96 200 136 48 104 184 8 184 0 232 128 48 128 64 240 104 152 56 0 280
0 96 256 8 120 280 256 136 200 16 136 136 56 272 184 168 8 192 192 136 272 32 24 112 224 272 56 96 168 64 216 8 0 24 16 120 16 272 256 64 136 104 200 192 216 104 200 72 8 104 208 280 144 80 240 208 64 8 144 72 200 72 88 200 96 232 40 120 224 8 24 72 248 224 104 16 40 24 216 184 128 144 16 112 224 256 40 128 112 184 40 24 264 256 232 72
208 112 32 272 120 56 56 208 0 160 72 168 24 0 192 160 272 216 112 208 24 152 176 264 184 64 136 160 32 80 72 80 32 240 64 280 8 120 208 136 128 120 152 152 120 56 152 112 112 272 160 272 264 184 88 160 248 224 160 120 144 80 208 176 32 272 176 40 240 224 24 208 56 176 200 176 72 72 128 32 184 8 16 160 32 104 168 280 176 40 240 32 120 160 216 152
280 104 40 232 40 64 280 224 80 192 112 152 104 88 184 0 224 40 8 256 280 176 88 168 56 40 40 184 208 256 176 40 200 56 112 80 248 104 16 40 8 264 40 120 64 64 248 0 240 256 256 232 144 56 240 48 224 280 232 272 96 248 24 8 152 136 96 112 80 240 0 224 216 168 184 280 72 144 120 24 248 88 96 232 272 48 280 56 176 64 40 272 32 72 120 184
48 56 136 264 16 136 200 72 144 96 200 224 80 32 248 40 256 192 280 80 80 272 136 256 56 184 80 216 96 208 240 272 264 216 248 280 200 0 72 56 224 112 280 24 144 88 192 112 280 24 40 200 16 176 176 200 200 96 256 8 16 48 128 0 264 88 120 176 224 32 240 160 144 72 24 136 160 224 88 280 248 128 40 104 24 56 144 64 152 112 208 176 160 48 16 272
264 264 160 200 16 240 80 0 32 104 136 32 168 232 160 136 72 200 80 224 256 232 136 120 56 56 136 64 104 152 48 80 264 48 128 280 8 48 280 40 280 264 72 168 208 232 144 120 272 224 192 240 8 40 208 200 224 56 264 40 56 152 248 32 200 216 152 208 264 272 88 264 88 168 144 8 240 128 264 72 192 8 24 208 176 72 120 112 264 224 280 32 88 240 192 128
176 184 56 280 8 144 256 104 152 240 240 240 80 216 24 120 64 176 40 240 256 160 192 232 96 184 104 24 144 136 152 160 160 48 152 168 40 256 272 32 48 232 272 264 0 136 96 72 160 136 152 128 136 64 200 72 88 144 96 232 120 88 232 280 144 232 160 184 40 280 56 88 224 176 64 64 24 0 264 184 264 136 152 112 40 192 184 128 48 120 208 168 216 280 0 200
64 168 224 104 160 280 40 224 168 232 0 40 240 272 64 216 248 64 48 128 256 72 96 152 40 16 160 256 144 168 8 208 176 232 32 176 64 72 112 240 16 240 120 96 64 184 32 152 88 208 120 64 120 224 56 160 80 216 128 224 96 136 152 112 208 24 0 280 224 240 72 80 40 192 184 104 216 56 104 24 264 224 216 96 0 272 104 88 200 232 152 144 216 144 256 264
168 264 256 232 216 168 32 256 200 56 208 136 240 152 0 56 216 216 152 224 200 96 152 240 48 16 96 104 168 72 208 176 48 24 128 104 192 0 208 112 184 256 88 136 248 88 192 176 16 184 240 56 0 104 8 176 128 112 120 8 24 40 184 200 64 152 16 104 152 64 216 176 160 16 24 120 232 216 16 248 120 256 144 248 80 152 136 48 264 256 184 0 8 208 40 208
80 64 24 72 256 240 256 136 96 280 256 40 56 112 128 16 88 272 264 8 264 112 184 88 208 80 216 56 0 264 264 208 40 0 0 136 80 96 272 16 88 248 184 272 200 24 0 0 136 264 136 120 216 32 208 136 112 264 200 248 240 176 168 120 24 168 264 232 264 248 256 200 48 152 184 256 24 32 96 160 8 80 120 72 112 168 208 72 152 248 32 104 272 200 232 8
216 208 240 32 8 48 72 192 208 104 0 232 136 96 232 272 176 200 56 136 80 112 208 72 72 80 184 56 120 256 192 48 16 280 216 24 40 0 56 88 232 56 160 80 160 112 72 176 152 256 24 232 80 72 152 0 152 176 184 280 144 224 168 160 216 96 24 96 232 216 192 176 272 64 264 144 16 176 168 168 144 192 248 72 112 112 72 264 0 256 256 272 192 144 272 248
80 136 64 24 64 96 48 56 0 24 40 152 40 208 32 24 248 120 96 72 232 168 176 72 272 280 56 16 264 40 272 56 184 176 216 248 112 264 16 112 128 192 264 168 112 144 32 200 264 136 112 56 144 8 128 256 0 192 280 264 72 104 160 96 280 216 64 232 192 208 56 160 112 168 168 72 24 208 112 128 56 232 184 40 80 160 16 80 192 8 184 264 240 184 80 232
120 272 16 152 32 72 32 152 80 40 64 232 248 176 208 144 248 104 192 40 104 48 248 8 56 272 120 8 176 40 80 136 24 96 128 56 8 0 48 224 48 240 168 136 136 216 0 96 40 32 272 272 80 232 0 264 224 248 112 240 0 32 216 152 256 56 48 104 64 104 40 112 184 56 88 32 272 88 264 152 248 248 144 168 32 272 144 256 72 96 48 72 128 264 64 96
40 112 208 232 56 248 184 248 144 272 120 136 208 224 128 168 184 272 184 64 96 40 160 168 272 216 80 112 32 144 216 200 104 264 144 0 64 168 248 216 160 216 192 80 152 32 88 184 152 272 248 88 160 248 264 144 176 56 256 216 48 24 256 152 128 120 280 200 0 88 256 0 16 160 80 8 32 16 32 24 0 120 120 160 88 224 144 264 120 120 32 168 272 8 160 120
256 160 160 96 248 128 104 104 128 24 112 0 168 152 32 176 272 280 176 72 216 40 184 176 0 56 192 112 192 64 72 160 64 232 104 152 72 208 96 200 72 56 48 248 48 208 264 160 200 280 240 256 160 264 144 0 160 48 120 72 248 192 232 152 144 176 152 56 224 248 104 16 144 152 104 192 72 80 72 272 200 152 80 80 128 64 80 0 120 200 72 208 240 152 200 224
168 64 280 112 160 96 256 16 88 72 216 160 280 128 272 192 280 64 272 120 264 200 248 224 240 168 144 192 160 184 128 40 256 256 280 256 192 248 112 0 32 168 160 152 8 280 192 0 184 176 248 160 216 56 96 176 224 80 80 224 272 56 104 80 24 104 48 216 64 160 216 232 176 224 96 184 216 0 192 240 24 152 120 240 208 216 256 272 144 56 48 128 240 160 208 264
104 96 32 168 96 96 240 272 160 184 176 216 24 208 168 176 72 0 136 128 64 104 240 208 0 8 176 240 8 224 56 112 32 224 120 128 32 208 248 192 104 264 248 128 184 128 24 96 264 0 64 168 232 24 216 80 160 104 160 8 40 224 248 200 160 208 168 32 128 128 64 232 104 24 208 128 280 72 232 256 200 8 136 272 160 192 64 32 8 232 40 176 8 128 88 8
56 104 40 184 232 104 264 184 256 24 24 248 96 96 64 136 112 40 120 272 240 192 152 88 264 32 112 112 168 40 120 224 144 0 120 224 232 96 120 200 120 272 0 56 88 64 192 200 112 160 24 192 64 176 280 168 216 104 280 224 152 240 160 8 240 280 72 184 224 192 96 184 24 224 88 112 8 120 152 120 280 16 24 184 200 144 64 256 256 184 192 248 136 192 96 216
24 176 112 248 208 48 280 232 280 80 56 128 40 48 248 40 72 112 224 112 96 136 208 192 32 240 152 16 144 96 72 8 112 192 264 32 80 96 272 200 16 168 40 56 64 128 96 264 80 40 88 184 16 136 88 176 88 88 32 72 184 112 80 8 144 184 168 224 120 152 144 136 168 184 200 72 160 136 48 240 16 136 136 32 112 232 216 40 160 248 240 56 72 160 192 216
64 72 0 184 72 272 168 80 8 208 152 168 56 200 128 80 176 264 240 0 48 8 168 208 264 120 104 176 280 8 240 184 216 80 88 128 64 96 208 72 16 200 248 72 240 88 280 128 192 240 256 248 88 136 168 64 96 280 88 88 128 168 280 184 248 208 24 152 16 72 224 160 272 24 232 224 240 72 192 152 152 0 112 240 264 120 152 72 240 80 8 216 248 0 112 48
48 272 200 64 56 264 224 48 136 8 112 88 208 152 240 72 152 192 160 136 160 24 48 112 104 56 168 192 184 0 80 232 272 120 136 168 224 200 216 72 216 176 168 136 40 248 56 32 160 216 8 32 80 192 272 24 248 160 216 152 0 8 224 112 256 80 280 192 280 56 272 48 72 280 32 240 240 88 272 112 144 128 272 224 32 104 248 120 104 16 272 104 152 56 216 120
136 48 24 128 104 136 24 16 128 56 256 88 144 248 40 0 216 160 64 248 264 24 80 80 168 200 24 32 256 80 280 232 128 16 200 80 0 224 96 128 280 72 216 264 160 104 104 88 264 168 176 240 32 96 160 200 136 184 72 232 264 64 176 104 216 224 24 216 160 128 56 0 40 120 264 40 224 88 128 200 256 144 280 136 240 152 48 96 48 256 40 24 32 64 256 88
0 0 16 160 256 208 160 8 40 272 176 264 72 144 16 168 0 8 16 80 160 200 176 48 168 64 72 40 256 168 136 256 168 152 256 264 72 264 112 240 248 0 56 160 144 72 40 144 208 64 72 208 104 88 256 272 152 168 152 120 56 0 216 64 0 192 176 200 168 0 160 256 8 56 128 280 136 168 272 184 72 56 240 176 144 208 0 144 224 160 104 120 0 40 24 0
232 200 208 240 208 208 208 56 104 48 48 80 216 160 272 136 216 224 24 208 272 160 64 208 32 168 168 32 208 200 168 280 112 216 232 160 264 280 216 80 40 112 168 104 272 152 240 48 216 104 256 200 104 160 256 136 40 136 16 96 48 184 216 8 240 8 168 216 0 232 8 176 184 176 280 8 168 72 56 96 16 152 144 128 24 112 104 200 88 120 8 272 144 224 280 96
232 0 24 80 232 168 256 128 56 248 272 72 160 40 168 16 40 152 144 64 264 96 264 72 56 112 56 208 56 176 144 128 176 16 208 128 184 176 96 80 264 208 152 264 256 168 128 8 32 112 200 16 208 24 216 272 136 112 32 192 0 176 168 16 192 216 272 88 240 216 176 56 136 40 168 104 48 8 240 88 120 0 232 48 24 160 32 160 112 64 200 240 80 208 256 280
136 248 208 88 176 96 280 24 272 160 264 32 168 56 248 0 56 192 176 208 64 48 88 16 240 128 256 40 48 232 32 24 192 80 248 80 184 240 232 8 112 208 168 120 112 136 248 168 40 144 224 240 192 24 256 152 280 232 32 168 176 192 192 208 272 152 128 8 232 72 16 56 128 32 16 240 168 272 248 48 128 184 0 160 48 104 152 40 176 184 208 192 88 248 112 80
112 80 88 192 152 240 88 120 272 112 72 280 96 168 40 64 64 176 224 120 280 224 0 168 120 56 200 56 16 24 264 256 232 192 160 96 144 256 64 256 80 264 248 16 144 136 80 216 24 144 176 144 80 176 152 48 72 64 104 88 216 80 64 160 272 64 96 264 32 160 232 240 272 40 256 128 176 176 184 40 40 200 24 248 224 176 8 8 80 240 104 8 160 8 8 152
72 104 256 112 112 40 64 96 208 168 64 224 56 256 264 224 8 0 192 232 16 40 248 96 0 192 232 160 200 240 152 272 64 248 224 16 8 136 112 56 16 176 0 72 272 104 16 0 112 208 72 256 88 32 72 216 64 144 224 264 104 88 96 8 184 160 24 32 8 264 88 24 152 88 104 272 200 120 112 152 168 184 120 96 64 32 32 128 24 256 240 128 184 176 136 80
48 0 112 64 264 48 88 128 136 32 240 176 280 64 168 0 96 136 104 160 168 136 128 192 104 208 160 128 96 136 216 152 136 168 56 112 216 144 88 200 24 168 216 16 240 104 24 176 240 128 48 248 104 16 0 48 232 160 176 168 16 232 32 280 120 216 240 176 80 40 216 232 208 152 248 0 256 112 176 208 240 64 168 184 216 168 232 160 176 128 40 32 200 208 24 32
136 264 56 56 144 272 0 200 264 96 200 232 208 224 280 8 128 8 192 56 16 144 216 192 112 104 224 24 152 96 192 128 200 248 192 64 72 32 264 56 128 16 128 184 80 128 192 216 136 96 272 152 80 48 192 192 280 256 64 144 192 256 272 112 56 16 16 256 56 120 24 24 264 0 208 64 256 240 280 104 184 104 96 264 152 128 176 144 232 240 128 136 48 120 248 104
264 104 72 160 224 232 192 208 72 240 272 40 40 104 272 224 208 208 200 208 56 216 192 0 8 40 264 56 0 232 0 264 176 208 144 120 280 176 40 64 256 152 232 8 96 216 232 16 264 280 64 32 208 264 160 64 16 144 120 16 216 256 120 104 16 264 64 8 280 232 200 256 224 272 264 32 200 56 184 176 48 248 56 96 64 56 160 80 40 128 224 96 96 64 48 240
168 112 88 168 192 0 264 128 112 240 168 24 136 64 40 24 152 224 128 224 0 0 144 168 256 88 272 192 280 32 144 0 272 232 8 176 72 272 24 184 72 192 48 208 96 224 240 88 160 208 24 0 48 16 176 24 104 0 216 224 32 208 224 16 152 240 40 72 224 64 256 136 96 152 64 32 88 144 120 88 64 280 96 112 136 112 136 240 112 200 16 272 120 80 128 112
160 168 184 232 72 0 80 8 152 144 40 80 0 8 168 192 128 104 24 264 56 160 56 8 72 200 280 32 280 256 152 160 136 48 232 56 176 24 64 40 16 240 248 144 248 264 56 216 80 80 192 272 80 88 280 0 0 120 32 280 88 24 280 64 80 224 120 256 256 32 144 112 272 232 256 72 208 24 0 136 232 192 120 32 280 240 32 280 72 192 112 160 224 112 232 144
176 192 240 272 224 224 96 48 176 72 120 224 224 120 72 176 152 32 208 272 280 80 104 192 112 224 72 48 176 144 32 64 176 280 56 248 56 280 8 232 64 136 176 8 256 88 184 128 256 232 240 248 24 64 152 264 0 64 160 176 48 192 80 72 24 264 32 88 264 168 160 168 16 176 176 120 272 200 88 240 144 40 40 8 104 32 120 104 232 280 120 120 184 48 192 56
152 64 272 128 240 144 144 256 40 32 216 152 80 16 232 64 64 112 208 8 272 40 248 216 32 208 184 56 256 216 240 128 0 224 96 240 88 240 48 256 120 112 248 40 128 32 104 32 272 152 48 256 32 136 32 192 56 216 256 160 272 48 128 272 280 224 64 208 24 248 176 272 72 264 24 40 8 256 80 280 128 256 88 160 104 120 72 0 176 168 160 168 216 0 280 48
232 64 256 96 152 144 80 224 248 232 264 256 200 184 88 168 280 184 48 224 144 248 232 40 256 104 48 184 240 40 80 24 104 48 120 256 40 40 32 0 272 144 104 24 168 192 200 168 216 88 232 208 48 176 248 16 128 136 40 80 176 120 104 128 176 64 224 56 104 264 56 216 248 0 240 128 40 152 8 256 240 248 176 0 264 264 144 232 112 32 24 136 280 256 264 8
32 200 64 264 16 128 192 264 128 152 112 168 16 248 272 104 48 0 232 160 112 96 104 64 256 136 200 248 232 16 264 112 224 40 88 80 8 128 64 272 280 176 152 136 264 264 240 32 112 32 192 224 128 8 0 224 272 48 184 64 64 160 176 128 208 104 216 216 232 120 200 224 136 200 208 112 16 0 272 128 32 16 64 0 160 200 224 144 248 128 48 152 128 224 0 48
48 56 112 280 16 152 64 152 192 112 264 216 112 96 56 280 112 256 280 272 8 64 264 256 32 24 248 160 256 88 216 144 272 168 264 0 32 40 152 72 152 264 0 112 72 184 104 24 280 96 16 0 0 120 96 32 144 192 200 240 280 256 224 272 136 208 272 8 248 272 80 248 88 208 72 160 240 176 24 72 112 168 80 120 0 16 280 152 208 192 232 48 160 176 32 136
96 144 152 184 256 72 144 56 128 56 56 208 232 88 280 192 256 200 152 264 224 144 256 272 56 40 32 56 216 192 200 152 184 192 56 152 104 40 216 232 104 112 280 48 200 280 80 16 192 232 120 256 96 88 248 280 128 120 48 192 32 248 56 56 152 112 208 264 160 264 48 104 224 48 152 136 168 80 280 72 24 112 176 248 200 264 240 176 224 8 208 96 96 264 152 96
224 208 72 224 184 248 40 248 136 32 104 16 112 96 224 272 56 112 232 256 216 192 272 152 40 192 256 136 16 120 232 240 40 144 16 72 240 56 32 88 216 264 112 48 208 176 160 264 128 104 72 56 136 192 48 176 224 16 32 240 272 104 32 152 256 48 64 208 232 232 136 168 48 88 56 256 264 216 72 104 160 280 0 16 24 184 192 248 200 64 208 24 176 80 24 272
136 88 32 208 160 8 88 216 104 272 24 208 40 232 160 208 224 160 224 248 56 256 48 104 168 256 256 56 56 280 168 32 216 40 240 88 48 176 16 152 0 48 80 48 280 240 96 56 240 160 144 144 128 192 88 136 8 56 192 192 56 200 64 272 240 16 72 8 32 224 160 40 112 80 216 232 160 24 0 120 184 272 104 152 176 192 8 24 248 40 216 144 248 120 256 40
144 176 48 16 112 56 184 64 264 112 8 144 136 136 104 160 120 208 160 136 240 8 8 40 176 64 192 264 192 160 24 176 176 200 192 128 256 96 192 80 208 200 224 192 48 168 192 8 88 192 280 40 200 0 80 224 192 112 200 96 120 224 272 8 272 184 144 80 120 48 160 40 96 96 72 272 104 112 128 192 16 248 72 64 88 0 0 280 240 200 96 72 272 80 216 96
104 200 176 224 88 56 112 24 280 24 16 104 136 272 136 160 232 56 224 32 56 64 24 136 104 120 56 88 48 272 184 152 24 208 224 112 264 176 272 96 200 0 200 56 272 184 216 216 240 280 248 136 184 112 272 0 240 40 224 128 152 248 120 16 168 56 264 272 232 248 88 152 88 128 48 72 24 104 128 264 96 216 240 120 40 232 120 120 112 184 248 112 152 88 256 160
144 232 152 224 192 80 216 280 208 264 192 240 80 160 56 16 88 16 136 136 88 96 96 40 0 64 280 280 152 256 152 136 200 144 200 240 224 128 72 152 104 112 232 184 272 128 40 80 272 176 56 72 280 152 248 120 56 240 112 48 208 264 32 256 128 232 48 192 208 120 56 152 232 128 56 64 264 224 144 248 120 40 168 240 32 128 72 96 208 184 272 264 0 16 72 256
96 120 168 16 80 64 168 160 200 64 224 16 8 208 104 256 248 272 208 120 240 120 216 168 16 48 272 144 64 56 120 160 176 128 16 96 32 192 256 232 96 32 88 104 240 200 72 40 24 120 168 272 240 224 280 96 272 264 248 56 160 208 56 48 176 80 272 208 112 248 0 208 280 88 160 240 128 72 120 160 200 0 272 280 232 264 96 56 80 184 240 240 232 16 128 120
224 112 40 48 200 168 96 200 104 256 280 232 48 240 232 88 248 216 80 32 32 176 88 240 200 48 32 144 192 0 264 128 120 152 16 160 160 112 72 264 88 192 56 264 152 0 64 240 64 144 112 224 168 200 24 208 88 56 72 120 64 176 248 24 168 104 184 48 224 104 24 152 136 208 128 128 56 192 208 120 176 32 184 184 80 208 112 168 112 184 8 16 200 96 40 88
208 64 136 144 168 0 136 152 216 264 280 112 8 208 232 24 240 256 216 160 24 168 48 264 192 184 280 104 280 160 32 40 224 168 24 240 16 160 104 72 136 224 184 272 272 256 16 72 64 72 232 88 240 280 64 144 16 56 88 16 56 128 184 0 136 216 240 152 88 184 64 72 248 248 56 240 56 200 24 128 272 256 216 224 96 128 208 112 24 144 256 88 272 160 88 120
88 168 120 16 192 184 88 152 280 152 104 48 64 256 176 56 72 240 120 168 80 176 120 104 32 224 32 144 224 248 104 24 256 224 168 160 256 264 160 248 128 264 136 32 80 160 216 152 112 184 32 32 72 280 264 232 216 16 88 152 264 192 16 240 264 192 112 232 168 112 32 136 224 8 168 16 168 232 168 120 128 40 152 200 160 136 272 96 152 72 88 256 104 112 208 80
144 168 152 152 280 24 0 216 40 8 72 48 240 240 176 80 120 40 120 0 16 104 96 168 176 24 144 128 136 192 208 120 72 208 272 200 232 112 256 112 128 48 168 208 128 56 8 256 224 256 256 248 80 192 256 96 216 240 224 200 152 280 32 64 40 152 104 112 264 80 232 232 128 112 160 256 8 8 64 232 264 32 32 184 64 8 0 128 248 64 40 112 184 200 24 64
64 128 184 176 208 128 120 176 80 280 152 88 0 216 160 112 96 200 8 160 208 136 128 168 48 168 128 72 216 152 144 120 280 40 8 208 8 136 224 88 256 88 176 104 152 48 216 88 88 224 88 8 208 224 24 256 232 152 40 160 16 184 128 136 64 136 184 72 112 128 160 216 56 176 32 208 72 248 136 160 24 232 16 72 168 40 40 112 192 216 120 48 112 248 24 24
224 216 96 184 184 104 112 240 280 144 8 192 232 144 200 96 216 216 176 96 256 56 56 0 272 176 176 232 264 200 256 200 256 192 224 280 8 48 80 136 32 88 40 104 72 240 208 8 168 224 104 264 120 0 264 112 16 280 184 280 40 280 40 136 184 264 136 200 32 216 48 192 144 88 16 216 176 64 64 56 128 16 168 248 16 144 200 40 272 224 32 24 216 200 0 120
184 264 32 56 192 208 248 176 8 104 112 24 8 176 88 136 32 256 232 56 240 144 96 64 216 256 216 144 16 224 264 200 200 136 96 240 56 184 128 200 8 80 224 16 104 24 0 136 120 232 192 208 216 128 272 144 232 208 8 248 144 112 0 184 256 224 136 24 120 272 224 256 192 168 120 8 32 120 152 0 64 184 208 120 32 192 112 104 112 120 192 96 72 192 0 40
128 264 200 88 88 136 64 0 144 184 8 184 16 0 24 208 192 232 168 64 136 280 168 96 240 72 32 32 104 160 72 72 272 112 160 72 256 224 72 240 120 216 264 264 216 0 24 248 232 200 152 216 192 32 152 152 232 184 184 176 192 96 248 176 216 256 248 24 192 168 264 160 224 88 264 280 88 8 248 40 208 112 96 112 280 248 104 64 272 128 88 176 232 176 192 0
144 0 24 184 168 128 184 104 216 160 96 152 8 184 32 56 144 128 16 264 216 120 40 200 256 128 224 40 152 256 40 8 256 192 192 136 160 216 80 96 96 24 88 232 208 120 8 64 248 24 40 176 144 216 216 240 184 280 280 48 256 160 192 224 64 224 208 232 160 0 168 96 152 256 40 80 216 48 272 176 72 160 192 64 216 120 16 240 120 16 136 216 176 40 152 88
264 200 160 136 48 168 232 200 264 120 120 192 168 112 80 88 112 112 152 168 232 8 120 192 152 256 120 48 136 120 264 120 32 136 96 80 144 176 128 120 8 248 24 16 200 232 104 24 56 96 32 128 112 0 168 104 256 0 152 112 248 256 72 128 232 168 48 88 56 176 208 192 144 72 216 56 16 160 216 200 104 248 48 216 88 216 160 64 56 32 16 152 128 88 280 80
96 168 168 160 64 224 192 208 8 120 104 160 0 32 200 104 128 88 160 216 16 32 120 208 192 264 200 40 64 32 248 8 200 128 8 264 64 200 24 80 40 264 80 168 136 280 112 264 88 112 40 232 272 0 280 184 272 192 64 176 224 24 24 272 280 32 88 64 240 120 272 280 96 192 0 232 184 112 56 112 64 224 64 48 64 184 72 176 96 136 200 160 0 224 272 128
264 80 192 216 40 16 48 264 48 176 48 232 128 104 192 192 168 256 240 80 152 32 256 88 8 168 96 144 240 80 272 216 0 16 272 40 32 32 16 80 208 72 152 176 16 56 80 32 152 32 112 152 192 208 240 48 96 176 192 48 104 176 104 104 192 88 152 64 248 8 272 8 80 136 184 232 40 264 264 192 136 88 56 48 136 144 96 72 160 128 248 264 16 64 88 48
152 80 112 112 88 96 120 176 72 144 248 112 120 224 152 264 152 208 152 0 192 88 80 72 216 40 48 232 240 264 280 232 56 232 64 152 40 24 168 112 176 128 72 136 192 224 112 56 272 104 184 184 192 104 96 120 152 144 192 232 256 24 176 24 256 80 16 136 112 24 96 128 152 168 104 184 232 64 240 216 168 272 240 208 88 48 168 80 40 80 24 8 232 208 160 48
0 184 24 240 208 120 208 208 128 32 104 72 96 192 136 264 176 88 24 264 272 200 64 24 120 88 32 192 8 192 240 144 216 272 96 144 232 24 192 80 56 8 280 280 200 128 96 88 64 128 200 48 40 264 72 160 192 232 64 48 264 152 192 200 264 128 184 208 152 88 0 48 96 128 40 144 256 144 72 32 112 272 208 152 88 280 152 128 64 56 176 48 48 208 248 24
48 272 240 48 72 80 224 8 208 112 280 184 96 72 56 208 56 272 72 280 104 64 120 176 248 8 224 16 56 24 40 232 8 280 120 208 80 64 56 0 176 56 24 112 128 216 32 24 200 232 16 144 8 264 32 256 112 256 272 168 120 160 248 256 152 80 176 72 144 240 208 160 136 72 272 264 0 144 128 40 88 280 192 224 256 224 200 88 40 24 96 160 24 56 136 24
144 152 96 128 232 144 136 80 224 248 184 224 112 32 272 40 24 176 272 120 240 24 48 280 176 152 0 208 48 264 232 32 128 168 168 80 32 144 0 96 104 192 160 56 64 144 104 216 160 88 48 248 240 104 240 128 96 240 48 272 216 120 24 192 136 32 112 168 176 112 104 120 144 264 184 208 256 0 136 256 216 32 216 168 264 176 136 200 256 32 184 32 152 48 224 0
80 176 8 96 0 112 64 152 224 248 200 192 88 184 0 144 216 224 152 192 240 0 232 208 32 128 80 192 184 144 32 104 32 176 48 40 0 112 32 64 200 72 96 0 256 104 272 24 40 136 56 280 136 0 40 176 136 256 208 160 112 80 104 152 256 280 192 104 104 64 168 144 136 272 144 240 88 256 264 256 104 40 88 248 168 256 264 16 224 184 16 56 264 256 208 80
248 240 184 72 144 64 56 120 176 208 72 104 16 184 72 128 64 0 88 232 264 64 96 40 88 240 96 192 208 144 272 176 224 168 88 80 80 144 208 256 192 120 80 216 16 280 56 80 0 272 160 104 176 256 144 104 208 88 8 136 232 128 152 176 136 240 96 216 224 16 192 136 144 112 192 0 232 248 216 232 72 88 176 248 184 168 64 104 256 200 80 40 40 232 56 184
24 160 240 96 16 272 232 160 96 264 8 48 64 224 120 136 152 144 224 48 24 0 152 280 40 80 32 216 152 224 240 24 96 192 120 112 184 192 120 120 168 128 8 232 192 136 208 56 280 144 104 144 272 96 136 24 176 8 80 48 232 32 200 40 72 32 0 256 64 120 216 232 88 232 16 280 208 224 48 40 80 152 184 64 248 160 216 272 168 16 160 248 48 72 128 120
104 128 216 8 88 280 240 176 224 96 168 272 32 216 152 240 208 176 16 176 48 232 0 56 248 160 16 144 232 280 104 176 120 40 184 216 160 264 104 224 72 120 208 104 176 200 56 104 88 200 120 264 272 120 32 80 280 184 224 64 16 168 240 136 48 264 192 208 240 16 144 24 264 192 256 152 104 152 256 192 192 216 8 176 176 176 96 168 200 32 72 216 48 24 64 96
0 264 24 80 120 8 232 224 208 40 88 24 192 192 64 224 120 72 248 16 88 56 24 0 224 104 216 272 256 128 208 104 232 232 184 64 88 136 0 8 176 216 160 216 120 224 152 88 144 240 232 232 16 256 240 240 200 8 64 176 136 272 280 80 64 16 144 152 152 272 160 176 208 32 104 168 104 96 256 88 56 200 32 200 16 112 152 216 128 216 232 264 40 64 64 104
88 48 256 80 168 256 256 216 136 200 96 240 144 200 40 40 240 200 240 256 32 232 32 160 0 104 136 40 16 40 152 104 224 248 24 104 224 0 32 72 40 256 152 184 8 32 224 256 232 16 64 264 248 224 264 248 48 248 136 64 0 0 8 224 248 160 168 24 0 200 224 48 16 88 72 24 120 144 120 200 160 192 176 128 256 0 216 16 248 64 208 88 192 56 160 0
224 40 24 224 88 256 112 104 184 192 256 152 48 96 64 208 128 80 176 96 80 240 248 40 16 8 264 216 72 136 56 136 176 80 200 264 176 32 208 208 64 24 72 112 120 136 160 88 216 184 184 16 136 144 184 280 0 160 48 72 136 104 48 32 32 248 136 48 120 192 256 184 216 40 136 176 176 144 264 240 40 160 96 16 152 120 8 152 128 192 64 264 8 240 8 168
40 280 224 168 184 192 192 112 80 176 128 96 32 104 48 72 104 272 216 96 112 224 88 240 256 280 216 272 232 72 280 280 192 216 0 88 256 32 40 48 208 168 272 240 112 168 152 216 152 80 32 104 152 120 56 120 120 120 232 192 32 232 24 64 0 152 152 96 192 32 272 112 40 264 200 152 144 192 80 8 280 240 248 272 208 144 232 168 264 24 72 136 96 232 200 96
96 192 40 0 64 24 248 104 0 0 256 144 192 184 0 24 264 248 8 184 104 88 192 216 112 112 192 48 56 240 272 152 272 24 0 56 56 88 0 56 88 104 48 280 128 48 24 104 136 160 136 80 88 40 136 40 152 48 88 208 128 80 208 112 104 208 8 160 8 16 64 224 120 112 216 88 0 80 192 136 88 40 56 176 216 200 64 80 88 152 136 216 232 56 168 184
104 184 56 240 40 120 176 0 72 232 88 72 32 120 48 248 8 112 264 224 152 40 144 80 200 280 8 272 176 16 168 120 40 72 72 80 32 248 208 112 200 8 24 72 264 80 32 272 32 136 208 24 184 64 104 224 192 240 208 208 96 96 48 144 8 248 64 40 216 280 280 256 128 24 168 104 232 200 216 104 48 136 128 72 48 72 8 240 24 224 0 248 160 48 104 8
16 16 48 72 8 48 168 264 72 48 216 144 88 144 248 264 128 88 56 176 160 192 256 24 256 96 272 256 280 224 264 136 240 32 208 88 208 216 192 120 264 120 264 192 112 224 168 80 24 64 256 24 264 64 176 72 160 0 48 152 64 24 128 16 184 48 232 104 104 144 224 208 104 200 112 216 136 128 8 0 32 104 152 136 8 168 216 16 16 264 8 80 128 144 232 32
32 176 136 144 32 80 64 144 120 24 200 264 152 56 104 184 0 104 40 16 272 256 32 0 72 168 88 200 24 32 232 64 48 216 208 88 8 112 72 256 136 272 72 0 168 184 32 176 0 72 192 112 168 64 120 240 232 48 152 104 208 232 168 256 160 216 184 8 168 256 264 152 88 56 152 256 80 24 272 80 224 16 192 104 208 152 184 0 200 56 104 248 128 112 224 0
168 248 136 48 224 112 200 152 8 200 248 88 64 80 8 8 96 48 112 24 200 16 24 248 200 128 48 168 80 112 8 248 80 144 136 144 96 184 8 112 96 96 40 160 176 184 8 280 232 128 144 272 272 8 232 184 264 128 192 56 240 200 16 32 56 280 176 280 176 24 104 112 256 280 280 144 176 0 264 248 256 248 232 240 256 24 264 232 152 168 0 104 208 144 144 264
144 160 264 160 32 208 280 0 40 112 272 56 240 96 16 216 56 256 8 32 120 120 264 272 128 112 88 56 96 72 160 240 80 264 248 112 32 240 240 72 64 224 264 16 32 280 72 224 88 88 256 208 48 72 32 176 24 256 72 128 40 240 208 248 56 168 200 88 248 152 8 24 224 272 48 96 104 248 32 40 48 128 248 224 48 0 120 72 256 32 40 136 272 96 232 176
104 144 264 72 144 112 96 208 224 272 16 48 240 56 88 128 24 176 72 72 16 32 280 112 64 160 96 184 256 40 72 80 24 176 152 8 8 88 216 232 80 240 120 32 136 48 0 160 72 72 80 88 232 72 208 16 232 144 200 48 24 272 128 48 160 120 192 8 208 120 88 0 200 208 160 48 264 8 56 48 208 136 264 160 48 24 176 120 168 216 168 192 40 136 88 40
96 280 56 24 112 144 152 32 192 160 208 8 168 264 184 88 240 168 248 128 192 264 96 208 32 104 112 200 248 40 248 184 32 144 208 280 128 80 24 32 240 72 48 248 184 232 48 264 240 144 112 152 248 208 200 0 24 24 40 112 72 0 16 232 144 64 224 112 272 88 152 224 168 40 24 64 272 80 168 72 64 280 224 24 40 264 152 200 0 200 24 200 40 168 280 32
240 216 144 224 24 8 8 32 48 32 224 168 240 104 240 16 232 16 176 272 120 168 184 120 80 56 168 128 64 160 160 144 216 144 88 80 160 224 112 48 96 176 56 184 0 136 200 232 280 216 56 112 104 248 80 184 144 88 152 208 88 152 72 16 16 0 104 16 64 56 64 160 240 256 56 240 104 104 24 232 32 80 56 136 168 264 168 152 64 160 80 152 32 280 176 176
280 120 192 184 16 96 56 256 64 248 48 16 192 72 248 224 0 144 208 8 128 216 168 192 88 88 192 248 80 208 136 200 40 40 96 56 144 280 160 48 240 208 64 144 128 152 216 256 16 264 104 272 192 272 176 280 72 208 88 280 128 224 192 8 112 128 200 96 128 72 144 208 120 56 200 88 208 128 56 64 232 168 48 136 280 72 256 200 120 56 192 256 128 232 264 240
72 176 48 40 88 192 256 216 88 168 16 16 136 208 208 80 216 104 216 208 16 24 248 136 88 0 232 216 232 216 168 144 232 56 192 40 248 0 256 56 168 112 200 16 32 248 96 248 192 152 16 208 176 264 192 104 264 136 160 48 64 168 40 16 224 72 184 32 72 152 216 240 264 128 96 144 216 192 232 128 184 248 176 72 72 80 24 48 64 184 232 128 72 272 272 8
41 39 60 96 30 60 76 25 49 30 56 66 47 28 96 27 91 76 73 46 54 88 42 90 18 67 41 58 50 77 81 103 80 81 91 90 83 35 45 24 61 42 91 19 70 41 78 34 97 19 42 75 17 64 76 67 55 41 66 14 10 35 59 1 96 23 51 71 56 37 61 62 59 40 41 35 61 65 29 82 64 51 28 42 9 28 49 41 49 43 53 78 58 40 39 80
187 378 704 325 486 857 776 502 528 531 271 733 419 571 554 448 281 389 594 419 610 477 269 542 680 655 234 349 241 389 644 412 200 392 205 518 246 566 408 157 356 363 550 787 626 187 583 271 192 273 614 562 521 322 795 549 178 298 583 391 683 411 282 463 371 743 256 540 596 460 557 129 735 495 356 73 490 471 420 774 312 414 300 438 840 580 262 186 681 425 437 436 687 807 575 147
3924 3410 3190 3864 2879 3526 4212 3092 3280 4110 4134 3840 2629 2720 4147 2931 3526 4250 3112 3851 3053 3840 3044 4150 3241 2494 3074 2877 2822 3737 3645 3742 3589 3571 3515 3466 3333 4192 3131 2981 2665 4555 4191 2576 2623 3725 3330 3343 3162 4000 3244 4610 3802 3144 3750 3267 3164 3811 2855 3587 2847 4036 3745 2890 3293 3988 3302 3049 4628 3225 2549 3560 4447 3789 3516 3182 3351 3276 3917 3034 3588 3495 2363 4023 3326 3156 3362 3090 3552 2563 3346 3365 3249 3114 2749 3623
623 423 171 148 584 357 740 337 568 595 448 393 479 335 408 323 311 598 522 344 855 141 354 258 475 308 448 818 460 562 228 583 580 449 671 454 746 469 483 292 756 671 625 750 476 594 523 130 292 548 829 197 737 33 507 829 629 398 487 441 315 715 726 47 771 720 676 365 591 369 559 187 446 335 450 694 321 220 639 563 276 558 512 270 291 209 139 812 647 518 430 474 688 464 779 629
105 530 522 96 192 206 407 74 400 265 520 379 189 210 185 415 164 557 126 544 224 148 231 362 458 47 416 46 110 141 73 487 107 595 303 463 143 115 197 39 320 119 78 277 224 396 80 108 389 478 43 336 14 546 86 520 208 550 506 366 246 316 479 469 347 221 323 213 276 474 430 316 316 171 485 540 3 333 308 112 202 589 354 488 466 488 353 184 163 75 270 301 51 185 328 75
1131 1879 1149 1381 2059 1421 2526 1415 1883 1805 1407 1147 1463 1734 1711 1409 1537 1816 1314 2313 1478 972 1305 1050 1844 1035 1967 1949 1538 2101 1247 1546 2482 2185 2120 1723 2146 1507 2194 1083 1546 1577 2070 2013 1253 1769 1722 1408 1314 1839 1635 1622 1359 1600 1861 1915 2127 1910 1560 1422 1563 1926 2127 1067 2721 1907 1542 1416 1812 1088 1565 1386 1497 1312 675 2082 1755 2148 2048 1202 1213 2775 1262 1646 948 1751 976 1594 1814 1764 1981 1484 1263 2022 2135 904
345 382 545 528 563 404 420 616 269 793 664 341 165 767 549 601 413 711 226 340 706 410 382 456 399 412 338 472 789 686 691 574 672 404 105 651 72 322 707 341 786 363 473 408 587 410 613 264 561 619 440 270 706 619 183 709 702 521 349 659 386 424 514 322 488 399 413 340 392 305 472 635 328 605 211 695 472 615 619 637 282 867 364 439 478 151 316 348 463 569 288 113 557 813 271 117
30 27 18 28 3 1 1 4 6 4 28 21 30 13 30 2 29 2 22 34 15 21 23 15 10 7 21 16 8 20 20 18 27 18 11 10 20 28 14 6 12 22 7 23 0 17 25 29 35 27 7 14 13 31 10 23 18 11 19 26 11 19 9 2 2 0 13 2 8 7 8 20 30 32 7 30 13 13 3 29 4 10 7 17 21 33 21 19 8 20 10 19 4 35 22 22
9 22 6 5 11 24 32 27 11 21 2 2 17 26 26 10 27 13 27 26 2 3 31 17 11 0 29 27 29 27 21 18 29 7 24 5 31 0 32 7 21 14 25 2 4 31 12 31 24 19 2 26 22 33 24 13 33 17 20 6 8 21 5 2 28 9 23 4 9 19 27 30 33 16 12 18 27 24 29 16 23 31 22 9 9 10 3 6 8 23 29 16 9 34 34 1
2937 2767 2502 1908 2230 1706 2024 2579 2778 2545 2170 2992 2371 2207 2021 1990 3086 2678 2094 2659 2642 2259 2357 1688 2689 2487 2154 2415 2896 2836 2591 2570 2817 2066 2834 2156 1269 1713 1307 2313 2488 2000 1818 2182 2455 2604 1658 2452 3023 2851 2101 3443 2112 1728 3024 1779 2610 2602 2646 3267 2610 3107 2329 2102 3240 3199 2271 2408 2472 2378 1967 2247 2804 2321 3157 2527 2410 1837 2243 2695 3207 2634 3170 2658 2820 2488 2121 2617 2774 2884 2115 2413 2881 2575 2644 2514
1665 1665 1780 1573 2566 1995 1674 2278 1837 2604 1850 1357 1669 2503 1872 1370 2017 2064 1527 1748 1362 1690 1639 2130 1567 1453 1954 2153 2174 1830 1670 1359 2570 2377 1250 2349 1767 1968 1753 2296 1546 2221 1622 2177 1591 1703 1894 1789 1631 2256 1564 1172 1653 2309 1968 2169 1605 1631 1601 2160 1562 2301 1635 1343 1994 2091 1574 1882 2462 2012 1988 1834 1816 1760 1713 1456 1578 2099 1816 1904 1795 1937 1797 1724 1591 1787 1516 1693 2177 2026 1332 2282 1889 2023 1673 1423
1526 1741 1343 1055 1185 1346 1518 1387 1518 1459 1386 1740 1386 1304 1516 1778 1338 2029 1349 1191 1281 1450 575 720 1588 1449 1068 1987 1788 1740 2031 1579 1631 1753 1191 1964 946 966 828 1643 1123 1233 1165 1394 1141 1778 1476 1178 1520 2009 1090 1626 1554 821 1515 829 1429 1529 2034 1470 725 1043 1376 781 1768 1871 1377 1402 1433 1099 1319 1191 1331 1729 1580 1487 1422 1231 1462 1560 1395 1675 1554 1792 1200 1386 1765 1507 1619 1385 349 823 1339 1601 814 938
1212 1256 674 1590 813 1252 766 1605 1565 1281 1545 1603 1066 974 1851 756 1751 1378 1293 1204 786 1327 1520 1905 1145 1257 1309 1001 1021 848 1533 981 1321 1507 1143 1230 1057 1041 1346 1062 1177 1155 1148 981 959 926 1177 1120 1065 1128 1066 1489 1174 971 1212 1395 1716 1137 1190 789 1414 1577 1582 1048 1104 1369 788 1239 1471 1252 821 1296 1206 978 1173 1127 1129 1538 1399 1068 1318 899 906 1688 938 1143 1194 1233 1135 1135 1405 1183 1249 995 1317 1343
8 16 23 22 26 16 15 22 10 35 19 11 0 27 20 14 12 25 1 20 26 17 16 21 6 21 16 9 27 19 18 15 35 5 1 26 1 17 28 11 32 11 22 13 19 6 27 11 11 28 11 1 26 28 3 32 29 19 5 20 2 23 16 17 8 17 23 9 14 16 20 27 7 22 4 26 9 31 17 20 3 29 2 9 21 5 5 14 24 27 15 6 14 31 3 3
1123 1611 1392 1319 1524 1066 612 1358 1367 813 729 1439 1317 904 296 981 1031 1395 1134 1275 1583 1156 731 1367 934 918 743 677 1206 831 1122 1277 1116 981 802 830 1163 846 1108 1487 998 1337 927 806 1374 955 1123 909 1067 1097 1064 866 450 865 1056 1277 848 855 940 634 1171 1195 759 1375 985 1257 374 1213 1416 754 1161 939 1062 869 1117 1121 1305 1028 577 1152 1108 1013 634 1443 919 678 636 599 1012 1645 742 498 648 974 573 888
5771 7600 6560 6883 5057 5741 7095 5804 7014 6591 6538 7075 4888 6619 7042 5754 5837 6351 6429 7611 5666 5398 6395 5853 5327 6953 7020 5839 6629 7466 6673 6042 7029 7266 7180 5989 5103 6511 6053 4906 6213 6197 6365 6670 7108 5731 5172 6706 7663 6542 5710 8349 6512 5978 8254 7254 7280 7411 6782 6899 6900 6829 6548 6023 7317 7132 5812 6426 7546 6508 6879 6581 6883 6496 6112 6304 7036 7182 7220 7295 6541 6738 6127 5653 6601 6787 5470 6317 5932 7755 6977 7368 5346 6336 6720 5596
2579 2586 2213 2478 2703 2585 3270 2616 2703 3645 2355 3820 2385 3141 2755 2929 2482 3069 2920 2417 2536 2659 1906 2548 2922 2878 2793 2666 2935 3467 3622 2552 3088 3485 2862 2426 1903 2822 1612 2386 2994 2720 2615 3099 2568 2408 2609 3051 3024 2973 2256 4138 3095 3393 4154 3392 2205 3220 2883 3288 2377 2790 3109 2633 2787 2846 3113 2379 2741 2805 3092 2937 2946 2637 3297 3130 2894 2219 3561 3357 2903 2922 3104 2875 3460 2994 2288 3307 3460 2772 2657 2530 3142 1997 2831 1382
7303 6276 2751 7758 5830 2359 2689 5767 4072 8095 5453 4878 5520 1646 5408 4363 7727 5415 4813 5891 3121 7689 7054 5822 1756 2200 7274 5933 4095 7259 4528 7910 7679 8080 7171 5473 7009 1741 1390 6761 3974 6494 5270 3105 3734 7045 956 7153 7705 6281 3469 3810 5560 6221 3917 2279 6665 7615 4238 5949 3642 6712 5993 4298 6940 4045 8139 6334 5360 7964 7426 6206 3584 4284 6225 7316 8068 6704 3753 4600 5887 5608 8201 5622 3463 4415 6903 5550 6220 3868 6895 6344 2866 2513 3111 5194
557 510 777 230 396 602 684 192 683 477 479 518 749 458 852 346 593 272 438 281 325 499 471 352 324 597 652 626 602 717 246 411 730 566 541 410 354 285 580 362 238 377 270 455 307 345 458 496 621 708 393 622 657 447 340 340 724 452 288 838 696 509 559 458 607 405 512 603 436 304 439 609 580 656 240 393 629 380 572 758 531 689 753 290 516 373 432 780 198 629 540 666 602 614 482 811
251 813 1032 1143 882 787 790 1031 875 1045 786 592 325 678 1096 294 591 659 834 939 653 759 1007 630 305 1161 930 586 810 811 867 521 864 509 814 805 456 464 987 571 669 692 482 405 857 482 699 1004 316 863 702 404 558 665 334 754 1110 755 544 824 450 597 756 613 566 810 974 482 434 705 908 799 568 770 639 905 754 833 668 1070 580 1086 234 518 655 819 407 684 814 1238 840 263 563 836 432 525
5840 7413 5351 6112 6185 6191 7542 6599 6072 5864 7937 6424 4514 6068 6390 6140 6107 8262 7209 7205 8046 6507 6903 6638 6120 7225 7231 5997 6218 6426 7924 5990 6949 7115 5336 6516 5115 6848 5551 6814 5549 7165 7431 5921 7057 7162 5024 5574 6580 6889 5734 7831 6625 4908 7390 6926 6968 6573 6825 6949 6489 6919 6512 6909 7999 8101 6318 6092 7462 7753 6887 7932 6776 6852 6064 6257 5642 6461 8326 6947 5898 6235 6463 7134 5901 8207 6008 5631 6957 6293 5857 7000 6662 6482 5900 5591
48 84 159 197 63 202 161 199 135 224 102 121 157 191 100 133 156 220 140 81 99 45 125 151 236 178 88 89 43 140 167 151 110 222 132 17 68 153 196 174 132 165 155 89 140 39 67 146 145 207 191 88 138 213 225 138 155 77 227 168 68 38 216 142 104 118 236 179 20 66 213 12 31 152 65 16 51 18 58 40 9 110 114 128 93 183 110 228 105 92 41 153 226 11 139 101
2208 2186 1339 1975 2158 1889 2032 1667 2462 1570 1971 1865 1735 2250 1676 1383 2545 2842 2058 2181 1997 1637 1934 2064 1829 1814 2548 1256 1732 2217 1696 1608 2426 2370 2129 1959 1814 2572 1855 2244 1396 2170 1971 2188 1912 2080 2077 2025 1914 2430 2493 2673 2031 2605 2489 2060 2720 2163 1836 1901 2700 2030 2434 2504 2575 2500 1842 2029 2170 1861 1464 1943 2436 1519 1915 1883 2151 1943 2837 2056 1949 2004 1353 2192 1994 2125 1597 1755 1884 1957 1866 2387 2284 1945 2070 1977
5136 5172 4629 5689 5409 4387 5064 5245 4556 4800 4809 5724 4882 5144 5252 5282 5693 6690 5659 5963 5821 5155 6046 5332 5077 5829 5314 5869 6315 4329 5929 5434 6084 5423 5146 5394 4776 4757 4935 4669 5952 5124 5516 4460 5309 5726 5165 4153 5621 4704 5011 5577 4086 4590 6210 5296 4871 6005 5930 5753 4554 6063 4807 3989 6527 5221 5174 5902 5840 6042 5384 5480 4882 4911 5305 5499 4665 5965 5093 5150 4504 5431 4760 4873 4384 5663 4213 5509 6083 4621 4665 6137 5447 4489 3971 4496
98 803 502 370 794 837 772 498 183 751 402 282 393 260 167 270 234 695 849 451 602 840 200 601 726 751 914 630 558 374 738 673 577 628 299 291 882 276 202 453 559 812 760 692 277 812 362 719 427 599 107 442 388 320 431 255 684 294 545 447 328 688 376 578 364 492 609 438 525 471 903 472 488 600 581 505 553 616 612 368 972 536 839 773 741 475 688 617 977 298 192 510 386 870 620 282
361 265 353 370 192 430 371 27 218 202 632 183 477 438 102 260 360 516 92 372 499 185 405 432 358 397 150 107 454 206 551 595 264 344 558 246 69 585 417 251 427 356 588 361 270 464 241 368 456 322 540 559 107 221 268 465 202 535 173 446 381 373 481 410 363 470 276 396 479 360 80 49 325 478 419 159 418 398 203 307 376 343 647 438 357 204 208 226 359 371 96 217 364 216 616 320
1593 2386 2085 2543 1583 2222 2550 2189 1851 2300 2155 2146 1754 2662 2166 1962 1938 2170 2852 3138 1905 1899 2586 2928 1455 1854 2409 2448 2574 1757 2336 2061 1905 2839 2245 1863 1527 2049 2662 2114 1768 2471 2177 1388 2206 2344 1720 2159 3447 1834 1732 2462 2434 2079 2458 2257 1930 1946 2429 1868 1577 2330 1926 2107 2075 2624 2042 1211 2483 2490 2275 3552 2177 1905 1942 1858 3257 2108 2559 2818 1956 2293 2193 2119 1913 1881 1483 1750 1826 2797 1764 2354 1701 2098 2503 1081
5153 5807 4456 1675 7103 4195 4500 5641 4920 5360 4505 2403 4943 6607 3053 6976 2003 3356 2186 6630 6088 40 5011 2055 6319 2533 6753 2922 6987 4142 2403 847 1311 4550 3119 1590 1380 9951 4180 5380 2013 6230 1917 6138 5396 6904 1924 5288 1552 8286 7360 6092 7782 2794 5316 3190 3646 4594 2229 8357 6724 6787 6217 5751 1713 6345 4557 3666 3763 7750 3663 5403 5683 5556 6899 3855 4730 2445 7572 3157 1684 5988 6016 5015 7286 6583 3759 6351 4643 5627 2819 5683 5124 5885 8732 952
623 812 506 1057 879 308 1202 666 821 855 565 340 448 435 553 527 563 889 1028 899 481 296 885 816 750 929 853 772 1064 272 624 263 748 953 598 555 341 1072 804 912 447 654 209 700 632 830 781 1023 575 774 595 489 440 494 671 608 665 473 765 814 630 786 727 316 600 1139 518 575 997 864 1097 789 691 690 712 423 749 773 603 844 323 976 599 388 560 703 649 785 561 1158 463 1007 677 555 791 697
22 34 26 17 33 9 9 32 24 25 2 34 23 10 1 23 10 33 9 19 30 34 11 22 25 24 0 9 28 26 15 30 24 6 11 2 31 1 34 35 26 16 13 13 26 14 16 1 28 5 0 2 4 11 24 29 16 25 18 8 31 34 2 35 20 29 1 31 30 0 10 0 16 24 29 23 18 9 4 10 31 4 13 35 16 1 8 12 6 27 0 1 5 18 1 5
417 488 482 679 174 412 528 462 625 491 646 614 407 631 458 685 308 973 649 837 461 464 576 644 491 442 828 644 817 363 641 634 827 771 801 193 351 219 768 433 539 843 507 435 363 793 636 105 854 617 583 348 427 442 440 546 648 465 735 593 604 824 895 477 651 671 710 222 690 581 435 798 513 714 427 858 736 475 479 642 326 606 519 574 380 297 568 719 850 763 520 242 603 526 387 618
705 948 1099 1429 994 1157 771 1477 1136 1138 1502 1133 824 1414 1352 1822 1269 1654 1106 1425 1131 1006 1156 1245 912 704 1086 1244 1156 1547 1439 1464 1563 1751 1287 1122 684 426 1399 798 1034 1188 854 1408 994 1225 785 818 1418 1042 856 910 668 1425 747 1056 988 1460 1100 1484 1825 1162 1364 1085 1686 1384 1002 1257 1314 1273 861 1155 1152 1331 491 1542 1477 1373 1052 970 1098 1927 1143 1472 572 1174 1239 972 1201 932 1589 497 1187 1615 1147 866
425 424 192 210 255 276 385 240 270 129 714 437 517 690 155 138 782 655 151 671 614 230 482 435 487 540 359 133 565 526 900 570 584 203 435 261 113 512 169 323 649 307 510 818 488 294 221 378 689 582 471 561 224 223 499 414 451 450 357 779 628 306 627 380 605 686 71 618 385 345 250 386 340 386 807 242 348 350 523 565 562 396 629 461 692 560 183 363 230 672 372 474 470 266 716 513
1974 2646 2552 1443 1756 2606 2764 2506 2701 1522 2824 2342 1710 2431 2996 3135 2238 2441 2688 2747 2483 2113 2666 2525 2620 2037 3174 2185 1948 1993 2453 2351 2168 2692 1934 2503 2119 2614 2327 1628 2245 2371 2224 2277 2315 3249 2123 1912 1846 2380 2460 2788 2925 2028 2302 2853 3429 2472 2350 2401 2715 2367 2516 2191 2586 1741 2212 2506 2532 2451 2294 2571 2725 2049 2389 3211 2528 2040 2448 2240 2009 2836 1779 2744 2550 3031 2389 2631 2190 2107 2036 2245 2214 1836 2682 2126
5072 7143 6748 6035 5237 5649 5997 5808 5872 6175 5396 6736 5995 5737 5377 5520 5926 5935 5930 6953 6806 5399 6138 6138 4656 5678 5711 5929 6190 6428 6058 5309 5798 7281 6015 5629 5255 5852 5294 5524 5339 6115 6530 5991 5652 6189 4890 5138 6577 6724 5322 6687 5659 5298 6516 5701 5175 7056 6304 6819 6101 6252 6354 5897 6885 6783 6259 6722 6903 6381 5831 5650 6122 6792 5713 5387 6454 6616 6136 6810 5437 6475 7297 5957 6301 6862 5856 5432 6890 5179 6625 7036 5162 6039 6302 5203
144 295 267 174 250 171 382 370 380 116 401 69 72 432 241 549 482 463 327 345 530 305 364 267 99 127 428 336 101 204 330 330 399 362 84 234 193 303 504 398 179 53 307 331 485 380 168 115 76 260 377 438 385 501 465 244 528 541 412 114 405 407 204 197 429 200 523 442 263 427 0 342 480 212 265 450 352 198 225 260 370 170 538 515 403 571 239 164 160 311 470 390 378 154 347 195
209 270 231 329 208 56 277 104 350 174 121 119 221 312 161 175 327 196 304 172 56 64 114 241 264 175 226 208 223 292 274 152 194 353 229 222 309 346 287 211 245 120 230 186 332 324 366 271 340 410 263 136 214 122 382 15 305 40 359 268 172 378 260 26 263 206 289 317 372 288 248 237 148 223 88 92 79 194 203 319 136 391 300 190 125 302 205 270 182 309 258 282 227 138 336 230
1745 2814 2342 2060 2487 2919 2724 2581 2501 3055 2160 2200 1554 2719 2412 2314 2391 3327 3051 2405 2595 2623 2388 2891 2676 2155 2918 2669 2527 3053 2750 2576 3072 2808 2638 2335 2338 2241 2688 2004 2419 2914 2770 3323 2309 2499 1654 2642 3158 2551 1422 3114 2584 2328 2924 2421 2285 3117 2868 2818 2485 2916 2516 2669 2521 3208 3208 2232 2987 2425 2984 3073 2733 2533 2397 2739 2773 2089 3064 2059 2690 2805 2591 2746 2595 3049 2330 2209 2997 2477 2095 2550 2349 3296 3263 1302
7 33 14 26 29 20 3 9 32 3 35 22 13 1 30 27 10 31 30 22 23 32 13 17 7 31 3 23 20 11 35 7 24 29 34 34 14 1 7 26 4 22 28 34 24 22 5 34 17 35 20 20 12 13 17 19 25 21 23 9 12 2 16 17 32 14 15 26 31 22 32 16 8 24 30 12 10 35 11 27 15 11 27 27 25 24 26 30 25 13 3 2 16 35 19 28
645 737 435 647 597 683 568 818 667 296 734 214 515 411 1003 842 310 542 747 954 691 654 933 365 611 648 1104 590 368 740 793 673 541 428 521 331 925 605 521 316 849 915 691 429 680 751 787 830 341 447 661 413 769 499 566 617 951 295 152 851 840 461 412 573 1034 321 512 555 858 718 531 628 350 423 249 1030 886 893 440 275 516 906 152 350 113 676 795 588 639 607 684 347 601 593 409 700
221 468 92 437 324 212 742 802 548 431 462 483 243 634 421 598 273 72 537 288 224 277 534 442 224 121 590 782 273 604 327 342 300 708 439 336 156 578 527 416 397 777 687 488 511 496 203 292 705 240 368 589 509 307 699 410 540 229 404 193 221 748 807 505 404 458 501 220 424 544 296 669 429 83 546 440 699 249 749 632 481 217 321 778 356 520 288 284 145 709 317 638 57 336 251 121
116 259 330 961 170 367 401 544 730 589 834 547 416 284 864 352 870 869 604 572 475 820 683 799 343 706 547 654 428 471 648 467 934 413 640 545 737 548 298 476 770 552 723 191 292 311 432 394 620 308 179 516 368 542 560 583 429 272 657 104 479 557 508 398 671 696 347 619 889 401 568 667 393 543 54 642 534 739 252 575 486 411 616 574 478 355 338 327 291 527 872 778 779 372 41 867
195 633 368 657 398 655 577 771 449 843 530 648 643 536 719 637 415 560 425 266 534 795 750 553 610 592 518 560 450 546 696 550 475 728 566 682 379 711 365 212 402 623 460 626 387 331 610 398 280 596 681 369 323 454 794 397 367 668 773 709 930 549 330 314 237 596 548 955 532 933 855 262 575 611 491 502 603 878 271 698 194 452 679 421 723 641 549 113 906 390 598 883 546 737 293 587
208 268 222 117 495 363 283 395 124 271 541 366 342 441 523 331 427 381 308 278 196 223 233 479 323 325 348 466 226 77 352 171 325 421 148 193 309 225 300 541 395 357 208 505 210 299 368 297 203 162 220 476 232 273 46 200 98 358 86 317 272 262 453 293 372 117 450 236 509 417 202 413 311 502 430 165 164 484 455 321 162 243 477 218 156 512 198 415 197 429 127 345 207 132 295 135
75 225 410 443 139 487 365 489 271 513 255 273 421 442 273 342 365 529 368 146 196 79 316 342 526 435 184 245 63 278 415 379 219 525 282 2 137 328 491 439 332 425 377 177 291 90 199 351 298 512 477 194 306 473 495 272 332 139 482 427 113 57 506 312 263 227 554 395 31 200 498 28 49 335 185 20 69 64 88 68 0 245 257 306 174 453 279 522 236 252 73 349 513 18 325 231
217 506 388 212 242 438 167 486 524 687 460 545 231 630 319 439 620 689 266 534 574 132 483 562 144 345 228 402 366 615 67 479 397 693 425 433 11 207 419 255 394 203 300 297 448 248 564 284 213 502 153 798 238 308 180 572 282 822 474 544 328 272 347 343 745 787 391 501 270 310 536 384 524 641 285 706 165 745 770 602 358 433 220 786 360 800 473 138 733 443 402 175 495 767 694 261
132 171 319 553 84 297 383 199 320 194 427 454 210 98 465 89 534 414 563 206 200 534 293 540 117 349 174 431 222 408 502 554 507 411 497 551 423 0 187 133 466 274 547 79 332 187 408 254 529 91 135 389 30 356 332 419 407 208 510 17 36 100 286 50 511 203 229 356 458 76 504 344 310 139 51 285 358 474 169 587 495 304 111 257 65 143 304 132 351 274 436 330 302 142 40 562
757 1217 970 1257 763 1099 883 628 1366 830 715 1722 1107 1216 762 1149 628 928 1145 504 1447 1404 285 697 743 890 962 1007 443 950 1643 1470 979 1522 1362 1000 1069 1337 979 1539 1341 1120 1187 383 1228 1154 976 1459 864 1328 1290 1019 1081 898 1586 760 1303 618 1378 858 1139 1051 964 882 1428 1024 1548 1329 1073 1454 1344 1447 987 825 1249 1396 914 821 1498 1066 922 1094 1364 1275 1120 1468 931 613 1113 1346 1023 800 984 660 972 652
1795 4347 2526 2785 2253 2785 3770 2579 3717 2535 3965 2941 3116 3199 3116 2922 3004 3765 4151 3265 3134 2517 2776 3160 3245 2644 3711 3490 3577 2412 4224 3263 3281 3438 3338 3045 2204 2282 2505 2177 3004 3856 2442 3882 3121 3800 2135 2106 3517 3779 2836 2820 2798 2540 3097 2914 3569 2377 3365 3504 3166 3132 3804 3050 3239 2883 3686 3232 4012 3355 3918 4002 2790 2899 3180 3097 2371 2348 3516 3039 1778 3603 2734 2970 2772 3674 3692 3598 2795 3055 2162 3157 3157 3248 3330 2338
1559 1813 1694 1791 1795 2437 2119 1454 1731 1518 1646 1448 1366 2200 2160 1449 1603 2466 1937 1708 2275 1193 1424 1959 1682 1942 1603 1808 2717 1928 2112 2012 2184 2260 1809 2002 2054 2673 2125 1831 1634 1887 2001 1257 2146 1896 1745 1326 2338 1974 1559 1782 1381 2258 2447 1935 1988 2198 2107 1810 2131 1457 1991 2008 2806 1962 1657 2424 1630 1677 2041 2061 2129 1920 1766 1447 2444 1777 2441 1942 1399 1833 2145 2222 1550 1437 1809 1608 1561 1287 1293 2380 2245 1127 2480 972
1723 2241 1401 1673 2218 1711 2563 1436 1963 2148 2033 1427 1041 1179 1953 919 905 1980 2174 1863 2082 1301 1327 1167 2034 1657 2289 1464 1085 2617 2065 1530 1935 1094 1851 1941 1573 1715 1658 1124 1190 2396 2055 1577 1932 1575 1244 1780 1640 2039 1640 2394 2279 1084 3081 1671 1964 2425 1241 2477 2072 1927 1528 1868 2157 2139 1662 1726 2643 1947 1621 1959 1760 1986 1514 1747 1767 1430 1809 1602 1740 1335 1492 1709 1585 1972 1410 1721 2148 1949 2221 1818 1507 1928 1862 1284
6311 6234 4640 4705 2695 3885 3611 6089 7673 7875 984 3969 1064 4703 2853 2812 3369 4682 5758 6434 6498 6582 2825 4143 4209 1492 3751 3752 5629 4772 5372 5250 5747 2488 5120 6011 6712 5136 3230 3698 715 3699 3862 547 6971 4684 2618 4615 7263 7545 5025 4553 3608 3572 5587 5866 7714 1492 8247 2032 4249 5229 2630 3726 6637 6919 644 6287 3711 1150 2478 3556 4419 5104 1868 6208 6313 193 2700 5003 5403 3585 3654 8409 4792 4119 5364 1568 6375 3251 6173 5242 5220 7556 3214 7345
2353 2515 2829 2233 2347 2893 1748 3126 2968 2696 2687 2482 2347 2914 2703 2596 3060 2394 2378 2538 2209 2771 2563 1950 2150 2497 2740 2639 2682 2908 2351 2675 2234 2317 1883 2441 1718 1492 2228 2262 2140 2544 1825 1883 2944 2721 1750 2438 2127 2341 2603 2276 2480 2561 2082 1989 2905 2629 2252 2744 2530 2438 2484 2142 2812 1934 2211 2591 2316 2634 1821 1879 2710 2015 2709 2836 2801 2164 2209 2596 3695 3398 2123 2396 2032 2845 1884 2567 2263 2516 2144 1713 2967 2120 2322 2046
63 94 180 201 47 188 144 219 114 226 96 131 172 181 120 150 159 236 168 58 91 34 152 137 205 183 72 102 54 118 196 177 78 200 142 5 52 130 188 172 146 171 163 82 116 31 76 142 133 208 200 85 144 212 228 114 144 64 216 168 49 40 205 127 120 101 229 158 31 67 226 1 22 137 83 35 29 45 57 42 17 101 97 126 83 186 120 207 110 106 55 159 206 14 131 96
5846 8005 7528 6728 5993 6139 7644 7436 7754 8147 7912 8043 6131 5971 7684 5871 6352 8057 7338 7248 6407 6251 6823 7411 6744 6249 7608 7418 7665 7929 8270 7406 7129 7712 7869 6380 6740 5921 6434 5813 6483 7541 6921 5885 6694 7238 5668 6863 7647 7139 6028 7213 7299 4864 7294 5731 7466 7158 7801 7529 6492 8375 6532 6366 7564 7515 7265 6268 7748 7049 6790 7235 7833 7572 6547 7436 7415 6743 6690 7611 7567 7813 7179 7770 5851 6324 7097 6040 7283 7983 6399 6056 6935 7086 6203 5867
843 1618 1007 1391 1247 568 1677 1666 1335 1191 1556 1492 911 1336 1301 625 1325 1398 1099 1162 1121 1201 1328 1314 671 1515 1677 947 1333 1391 1362 841 1633 1145 1159 1113 632 953 1150 1313 986 1502 1111 1354 1460 1257 593 1289 977 1051 1257 1065 1331 1394 995 1494 1275 1057 793 1066 1160 1358 1266 1090 1265 1698 1155 1287 979 1218 1085 1476 1460 1315 1183 1221 1122 1320 1348 1558 1151 1190 1192 1262 1201 1529 1207 791 1252 1547 1662 1331 1231 1269 1238 1283
1140 1903 1700 2006 1340 1518 1695 1849 1750 1783 1491 1671 1010 1921 1578 1403 1793 1445 2152 1922 1765 1731 2167 1185 2211 2494 1404 1924 2336 823 2129 1082 1541 1469 1840 1809 999 1725 1515 1535 1908 1627 1418 1191 2112 1830 1224 2434 1574 1359 2033 1597 1326 1116 1538 1866 1791 1976 2031 1904 1422 1496 1363 1261 1819 1942 1781 1697 1952 2404 1830 2236 1849 1392 2318 1470 1398 1672 1504 2047 1515 2030 1712 877 1553 2267 1245 1835 1759 1676 1339 1993 2163 1910 1620 1330
74 188 93 209 116 283 257 99 101 228 251 225 97 226 150 181 197 344 240 138 115 56 200 251 339 119 179 184 267 40 255 266 219 209 134 208 115 111 227 73 87 197 261 140 283 174 269 132 251 313 255 277 85 251 168 172 150 370 187 146 190 226 362 282 307 228 110 186 87 164 274 206 301 64 310 313 242 135 225 152 180 139 196 313 338 224 227 112 233 86 65 255 232 47 180 54
2048 2294 1622 1877 1669 1720 2590 1821 1898 2350 2788 2205 1905 2377 2136 1795 2329 3150 1883 2475 1712 1643 2374 2259 3073 1587 3129 1933 3139 2017 2498 1973 3157 2400 1848 2661 1141 2048 1957 1512 2285 2270 1979 2614 2474 2758 2186 1572 2500 2778 2288 2270 1629 1553 2458 1883 2030 2095 2494 2377 1368 2428 3257 1566 2603 2747 1828 2221 2018 2188 2483 2700 2484 1861 2423 2504 1930 2137 2330 1607 1998 2105 2170 2906 2386 2246 2290 1916 2145 2666 1769 2413 2420 1757 2251 1543
1554 1863 2260 1397 1762 1483 2212 1825 1877 2086 1611 1970 1523 1634 1786 1748 2541 2605 2079 2667 1530 1686 1718 2149 1885 1844 2278 1362 2272 1126 2310 1193 2931 2420 819 2263 1673 2087 1480 2209 1093 2028 1844 2161 1740 2752 1668 2085 2120 1846 1532 2296 2526 1325 3235 1986 1632 1926 2125 2062 1279 2038 1216 2003 2558 1850 1878 2004 2046 2489 2117 1897 1645 1458 1208 1449 1877 1618 1649 1763 1629 1964 2252 1966 2122 2212 1912 1495 2261 1837 2031 2234 1919 1856 2029 1444
47 235 182 156 56 56 26 85 67 132 48 196 195 134 88 35 171 136 87 236 82 140 98 230 130 27 165 166 104 31 45 137 20 213 137 152 129 143 237 166 23 146 27 85 64 79 120 60 201 67 80 31 187 44 122 107 35 41 134 120 132 179 117 13 36 199 45 135 192 47 49 232 173 76 101 61 141 45 127 186 98 187 78 166 195 164 37 127 65 51 97 220 96 214 113 96
251 667 561 769 627 589 427 492 632 440 544 660 700 432 797 705 670 870 719 585 605 512 667 671 480 662 193 412 507 505 830 518 559 831 581 491 325 264 628 821 365 654 849 494 665 607 245 578 569 924 693 646 436 584 762 732 645 456 609 627 204 335 581 444 683 416 731 807 475 631 672 289 390 484 563 279 387 447 520 392 224 437 627 764 568 861 720 862 645 300 313 354 624 688 558 534
615 597 203 751 829 709 929 893 932 721 709 827 374 590 544 805 820 677 745 1130 894 732 901 447 613 288 734 562 587 613 295 1002 610 532 531 706 913 608 355 601 889 896 468 131 651 590 1096 479 684 930 217 806 618 770 885 673 653 757 1035 700 787 994 650 363 854 1341 489 533 1026 836 714 955 557 1224 763 586 427 659 929 839 797 456 245 845 731 710 706 684 884 813 764 741 763 824 536 919
152 133 203 483 151 381 149 276 454 224 360 488 210 255 98 371 182 442 511 411 254 268 297 435 141 76 454 229 302 120 474 386 509 357 437 84 162 269 227 305 241 528 217 140 207 326 187 216 336 234 172 126 70 289 241 78 225 272 316 347 504 358 308 446 391 290 390 240 307 446 293 489 337 269 305 292 424 352 188 116 161 364 111 352 196 172 322 178 304 426 352 61 320 205 43 286
879 1076 1201 746 1035 740 657 1089 1580 1024 1064 1172 1081 950 1346 888 1061 1368 852 1494 952 1043 1236 913 558 1469 1253 962 1342 1665 1298 828 981 1432 1199 759 1265 897 698 1114 872 1337 1351 426 1601 1153 897 1334 1070 1311 621 1592 734 717 1102 655 1383 1146 1181 1669 956 1276 930 1567 1444 1570 1195 1329 1230 775 1277 1322 1765 1049 1760 702 1319 1215 1273 1455 1498 914 1219 1222 1460 1442 1357 1393 1005 1352 858 1178 1506 1276 1335 890
3386 2336 2884 2722 3080 2769 3767 2526 2547 3005 4375 2831 3217 2689 3949 3038 3157 3517 3172 3010 2339 2844 3788 3169 2186 2878 3652 3139 2465 3633 2395 2785 3088 3476 3883 2650 2843 3439 2469 1755 3969 3766 3040 3399 2826 3503 2778 1922 2569 3077 2665 3143 3433 3087 3165 2749 2188 3122 2178 3508 3012 3439 3400 2329 2920 3330 3422 2340 4018 3770 3260 3702 3443 3054 3191 2384 2616 3109 3539 2724 2423 3675 2519 2497 2041 3096 2935 3314 2260 2859 3407 3369 3003 2746 3273 3562
282 844 573 483 300 430 808 67 560 677 788 491 261 366 232 794 157 814 639 899 535 230 525 505 874 466 541 461 376 171 431 722 91 668 348 587 238 536 526 174 685 217 153 434 727 561 112 456 499 767 395 369 373 636 298 899 554 971 931 741 474 530 631 773 325 595 547 291 711 993 932 779 482 237 865 780 357 600 616 296 251 794 621 583 626 619 490 563 173 477 204 731 390 259 515 63
368 256 352 744 621 598 1087 1228 503 775 1106 1087 383 838 1009 1076 485 276 490 741 864 871 1309 620 767 429 1070 1060 1108 1228 999 849 801 757 1013 862 692 1270 971 1007 1086 820 1192 851 795 801 568 508 944 367 823 776 1111 373 1093 721 862 563 751 639 458 507 1004 603 864 830 1028 656 653 729 870 1333 498 734 781 1077 920 774 780 804 616 479 893 1087 572 990 678 262 453 1239 309 764 428 577 868 157
168 304 99 108 204 81 277 231 108 36 376 330 432 281 188 93 403 337 155 261 227 169 356 289 178 338 308 110 185 298 386 277 318 153 92 133 161 149 68 261 113 295 234 321 300 202 33 227 259 220 279 330 169 159 119 191 361 246 221 386 120 202 306 314 279 318 151 280 79 86 184 368 301 202 357 93 264 170 388 299 321 191 205 330 313 395 244 278 201 245 163 241 367 285 191 225
231 543 592 415 705 495 284 640 287 113 646 403 702 473 396 401 537 525 485 620 467 180 401 654 258 382 540 563 267 195 406 290 354 393 320 167 468 156 598 562 637 592 325 511 413 481 672 314 178 277 474 425 72 239 11 266 200 562 189 275 309 199 565 599 364 233 370 383 581 508 513 578 448 442 453 225 427 705 358 617 165 592 582 413 218 605 295 390 495 676 409 408 47 322 355 358
1709 1598 1440 2008 1145 1518 1240 1388 989 1348 1551 1091 1752 1498 1627 1991 1138 1559 1491 1260 2022 1644 1339 1323 1216 1242 1202 1561 1416 1969 1608 1562 1333 1795 1214 1619 934 1476 1599 1171 1753 1867 1339 1693 1707 1675 1390 1521 1529 2023 1680 1946 1265 1623 1692 1959 1347 1463 1545 1795 1513 1583 1929 743 1703 1669 1513 1415 1746 1507 1480 1753 1211 1243 1512 1085 2074 1540 1618 1443 1815 1575 1158 1416 1676 1068 1678 1567 1584 1432 1302 985 1628 1893 2012 1113
18 21 19 19 35 3 0 27 5 1 9 6 30 30 22 10 15 5 15 0 2 13 12 21 22 3 18 16 17 24 26 15 9 26 34 25 29 14 32 14 16 6 21 26 16 7 1 32 28 32 32 31 10 24 32 12 27 30 28 25 19 35 4 8 5 19 13 14 33 10 29 29 16 14 20 32 1 1 8 29 33 4 4 23 8 1 0 16 31 8 5 14 23 25 3 8
389 163 188 491 566 566 519 240 356 456 312 523 387 461 120 312 185 232 190 455 203 324 422 569 142 446 332 698 173 277 98 483 298 522 589 464 605 479 297 275 525 657 438 291 542 233 138 81 297 280 247 491 280 544 460 553 208 222 511 238 334 293 366 148 679 250 208 629 431 445 436 508 76 501 182 176 314 441 331 170 297 518 145 390 64 528 290 256 410 276 533 294 455 191 193 640
655 733 500 945 498 370 491 615 441 905 620 732 603 423 399 417 868 783 616 1013 205 633 777 923 770 187 1035 947 619 259 351 427 557 983 500 1015 481 711 875 895 305 655 278 661 410 595 788 413 891 799 458 267 804 377 676 645 412 408 744 691 575 772 705 232 263 1215 392 407 1026 507 701 991 710 501 534 500 609 465 786 755 489 881 360 621 766 676 377 918 539 555 502 1035 432 883 526 623
2580 2934 2799 3405 3643 2396 2662 2676 2812 3700 3187 3364 2796 2594 2852 2578 2307 2870 2630 3399 3057 2833 3148 3167 2364 2961 2751 3738 3344 2902 3117 2930 3059 3504 3309 3772 2487 3146 3292 3151 3077 3116 3262 2911 3350 2684 2023 2541 3261 3626 2578 3246 3796 2682 3104 3531 3606 3271 2940 2842 2638 3124 2772 2634 2766 3742 2781 3138 3754 2502 2992 3727 2638 3044 2914 2496 3722 3130 3373 3416 2651 2716 2886 3733 2865 2888 2630 3399 3622 2936 2877 2429 2388 3378 2404 2741
315 266 189 550 233 381 226 229 320 379 443 268 344 372 345 283 274 435 146 496 344 447 442 430 167 362 354 351 214 208 161 180 477 177 376 358 360 421 347 248 549 536 276 251 347 281 174 186 344 320 216 412 198 302 408 407 233 119 445 98 325 386 391 234 423 467 232 475 541 466 251 528 134 445 138 202 366 389 325 140 244 205 268 453 335 311 212 212 292 362 598 313 399 341 151 467
17 6 3 16 13 17 3 2 16 7 32 11 18 31 5 0 27 20 8 31 33 3 10 10 21 25 3 4 32 10 35 29 16 2 25 10 0 28 12 16 35 9 27 33 20 13 13 11 33 21 22 30 4 12 20 25 17 23 9 29 33 8 22 13 27 28 3 27 20 16 7 0 5 15 33 5 28 11 16 25 32 18 35 17 30 19 6 12 6 32 5 3 4 8 32 11
195 219 212 235 274 135 231 131 227 101 101 280 295 130 310 225 298 242 209 327 311 147 301 344 113 136 77 74 267 237 299 197 196 243 92 182 158 106 264 277 107 205 289 54 275 367 119 25 213 268 132 304 138 88 311 319 224 120 105 234 125 344 83 104 239 175 226 297 181 330 126 176 278 75 233 157 174 140 361 147 63 205 194 329 233 345 300 200 245 20 214 153 144 297 257 126
698 1454 870 1173 736 715 1040 1285 1205 536 1338 1181 1390 1060 614 1732 948 1434 1469 805 1085 944 972 875 738 794 1551 1594 1369 815 1652 1058 1393 1671 1484 649 509 893 658 1034 1231 1631 630 1163 839 1503 1083 957 1285 1436 1311 1136 695 1320 1342 1033 1494 708 1217 1310 1623 1841 1739 1432 1054 1314 1571 523 1499 2019 1212 1395 1069 1005 1033 1613 1040 756 1308 1009 1200 1079 853 1137 734 813 1503 918 1387 1399 1279 1463 1138 1081 936 855
2021 2063 2215 2027 1120 1344 1348 1290 1578 1671 2166 2208 1965 1228 1699 1952 1838 1700 1818 2422 1865 1607 1740 2201 1579 1332 1728 1487 2051 1905 1321 1400 2505 2050 1868 1552 1553 1903 1370 1382 1370 1966 1144 1657 1563 2061 1481 1765 2934 2021 1808 1873 1499 1019 2084 1611 1811 1502 2338 2134 2070 2531 1466 1540 1208 2009 1536 1705 2194 2205 1454 2071 1810 2323 1777 1839 2101 1394 1398 2014 2018 1415 1514 1845 1829 1256 2376 1809 2000 2302 1559 1592 1848 1923 1821 2080
867 1195 1351 1069 1329 1442 1041 1140 1179 1630 1420 998 864 1028 1440 834 1090 1377 1398 1285 1407 1023 1480 839 1012 1317 1383 973 851 1711 1619 1458 1032 1039 942 1238 930 748 1562 901 879 1321 1106 1400 1306 1041 495 1074 747 1671 1248 1068 1175 836 1276 1019 1219 1482 1204 1698 1317 1183 1258 1138 999 1388 1444 1431 1305 1498 1627 1108 977 931 1161 1462 1020 1076 1322 1404 1059 1242 788 1274 959 1649 973 1042 1523 1537 996 609 1333 1368 1225 784
144 328 67 131 850 852 808 501 170 861 556 149 441 224 278 152 157 568 849 279 821 574 313 241 534 298 841 147 70 667 583 422 247 182 322 333 494 380 568 404 269 893 495 638 367 529 42 280 333 891 263 433 421 122 674 221 644 471 381 445 670 496 623 671 431 455 737 629 555 837 766 577 512 289 467 612 305 276 632 638 419 158 531 327 504 455 548 397 695 669 94 407 638 731 587 97
1425 1769 1452 1291 1630 1590 1011 1844 1412 1473 714 862 1668 1213 1631 1596 1008 1394 1490 1305 1472 1201 1989 1492 757 1201 1538 1481 1338 1426 1519 1583 1141 1599 906 1083 984 965 1504 1652 1050 1662 1566 692 1436 1357 765 1492 1162 1595 1161 1420 1594 1320 1740 1575 1695 1492 851 1703 1148 1930 942 983 1702 1052 1225 1472 1676 1843 988 1110 1563 1147 1363 989 1980 1090 1335 660 1443 1587 1510 1461 897 1521 1696 1469 1751 1245 1804 1310 966 1539 1187 1386
2559 2373 2082 1646 2432 2529 3749 2530 2010 2429 3313 2648 2074 2431 1472 2137 2382 2919 1701 2207 3136 1908 2377 2961 2446 2140 2414 2378 2264 3223 2148 2734 2354 2590 2913 2343 2004 3283 1815 2422 2171 2668 2662 2869 2569 2943 1298 2163 2705 2319 2580 3193 3079 1543 2621 2663 3221 2780 2957 1784 2418 3164 3350 2699 2380 3908 3041 2709 2953 1722 2395 1947 3100 3095 2838 2540 2147 2005 3788 3294 2574 2383 2591 2822 2913 2124 1822 2471 2927 2112 1693 3270 3017 1859 3054 2488
612 506 364 500 201 464 801 400 196 469 552 297 414 363 280 364 389 549 201 407 660 423 514 587 350 363 299 408 398 545 551 466 448 489 477 376 350 530 376 267 136 617 506 163 237 428 428 343 454 566 710 695 385 224 486 386 458 797 399 645 271 639 287 441 458 552 466 266 470 627 191 475 649 668 372 488 240 580 332 136 399 368 539 650 422 238 586 213 612 229 214 533 453 373 448 450
666 605 681 518 479 396 561 712 565 546 707 877 378 409 411 283 549 411 535 628 394 678 499 120 194 384 624 896 625 952 331 535 705 332 604 576 592 413 216 618 515 355 679 497 644 715 120 359 486 479 427 539 674 511 444 333 410 696 557 495 556 763 594 637 575 894 582 532 644 202 298 307 654 637 444 578 763 808 557 614 371 400 589 792 351 697 338 573 814 330 755 710 107 137 276 618
3841 3971 3720 2935 3747 3279 3690 3448 2884 3727 3903 3340 3219 3653 3516 2727 3404 3522 2986 3569 3332 3382 3268 3045 2956 3427 4227 3683 3580 4342 3350 3295 4204 3674 3739 3098 3176 2573 3408 2816 3687 3896 3518 4400 3667 3817 2604 3978 4189 3787 3677 5060 3392 2951 4677 2896 3786 4455 3495 4256 3854 3817 3944 3095 3619 4497 4287 4201 4542 3204 3951 3815 3978 4164 4600 3093 3536 3036 4082 4491 3985 3510 4438 3235 4276 3444 2736 4211 3951 3744 3197 4132 3701 3562 3926 3549
3443 3431 2864 2619 3356 3677 3233 3768 3513 3951 3772 3338 2962 3631 3635 2173 2899 3432 3051 2135 3231 2843 3109 3197 2652 3241 2992 3187 3228 3707 3858 3578 3266 2988 2947 3091 2656 3039 3414 2881 3025 3489 2779 3284 3636 2366 2709 3106 2156 3976 2964 3630 3438 3057 3225 3852 3920 3449 2586 3981 2903 4199 3401 2360 3604 3641 3654 2898 3378 3064 3629 3549 3525 2790 3384 3219 2227 3467 4144 3517 3360 3276 2311 3576 2679 3315 2474 2959 3211 3410 2468 2801 3101 3524 3057 2706
351 132 213 368 375 454 569 403 579 401 348 532 46 539 229 337 417 340 89 609 411 408 155 445 602 331 442 263 424 710 164 187 518 426 495 431 392 627 301 396 249 228 392 503 539 393 64 218 568 189 179 547 525 450 456 480 569 632 683 129 443 470 585 541 200 640 545 545 488 60 405 261 484 569 335 292 534 219 721 526 336 425 369 338 543 399 122 528 348 137 290 579 325 131 328 218
388 1008 863 662 456 728 710 548 783 565 753 855 895 727 889 505 500 533 325 580 706 996 382 372 445 813 751 1025 573 566 647 720 744 953 686 513 411 318 1027 950 325 796 459 526 667 559 550 762 668 761 732 646 911 718 499 786 987 492 509 813 944 977 909 778 934 845 845 635 829 512 583 889 707 687 399 780 888 485 928 860 948 834 1072 559 888 767 579 612 523 687 727 967 562 936 750 668
502 558 349 620 86 506 171 189 291 391 486 144 448 533 510 381 345 620 206 623 627 603 465 400 210 280 437 253 321 334 195 150 719 111 345 553 204 335 602 243 714 663 247 385 411 512 326 316 580 532 402 527 162 187 502 487 455 147 607 103 308 502 605 235 473 650 348 544 733 657 235 670 228 504 270 211 576 408 537 191 395 99 290 572 533 247 267 308 509 574 763 284 403 576 367 436
5360 8054 6709 5924 5590 6521 6722 7757 7200 6680 7093 7516 5677 7206 6805 6889 6926 8028 7330 7176 7667 6544 7396 6455 6179 6516 7697 6372 7472 6838 8474 6284 7473 7437 8125 6717 5200 6590 5655 6311 6510 7794 6933 6606 6657 7459 5374 6832 6843 7465 6315 7713 6462 6335 7915 6812 7264 7663 7637 7669 6607 6756 7310 7390 8699 6938 6928 6523 7482 8254 7693 7534 7710 6620 7037 7825 6408 6429 8127 6714 6994 7859 6839 7213 5999 8661 5942 5604 7691 7544 7616 7970 6215 6645 7898 5469
789 786 754 825 1006 370 677 475 781 318 369 400 603 442 729 771 991 962 724 770 796 503 862 800 156 562 829 326 1006 660 559 639 546 872 727 540 494 564 710 847 278 611 659 737 600 1072 748 783 742 907 869 1201 510 823 893 434 525 413 348 679 777 754 870 431 646 849 779 828 969 925 526 367 931 745 791 655 660 383 466 962 670 727 575 468 834 835 621 491 676 817 674 721 863 820 952 877
687 400 984 659 341 244 342 797 566 676 282 953 398 805 962 884 375 640 942 644 487 154 990 411 129 829 638 634 944 622 952 939 112 480 978 173 90 442 358 300 538 513 423 596 618 353 298 104 523 484 468 911 634 538 756 584 348 630 872 600 503 564 433 335 778 583 385 252 653 483 744 95 560 555 625 977 455 783 865 766 647 581 337 326 513 490 280 441 438 812 967 797 488 572 541 278
6627 7857 6634 4944 6015 6044 6773 6771 6792 6000 8766 4765 5667 7687 6159 6219 7010 9545 6721 7370 5928 5636 6676 6136 4278 5401 7397 6994 8620 6453 5841 5521 7558 7032 7436 5745 6639 5679 9733 8033 6035 8427 6938 3649 4333 8409 4402 8782 8456 8464 5645 9290 7273 6489 6576 7220 8778 7455 4866 6094 3841 5594 7262 7497 7454 7262 7967 4816 6860 5077 4598 8635 6716 7233 6938 7881 5648 3595 9188 5342 8368 8003 7676 7434 4252 6489 6843 9147 4714 7456 4250 4807 6140 5571 6955 6140
8 21 28 13 20 35 5 28 21 29 0 5 30 34 8 27 31 8 6 16 32 9 12 19 5 2 20 32 18 21 1 26 22 29 4 22 8 9 14 30 2 30 15 12 8 23 4 19 11 26 15 8 15 28 7 20 10 27 16 28 12 17 19 14 26 3 0 35 28 30 9 10 5 24 23 13 27 7 13 3 33 28 27 12 0 34 13 11 25 29 19 18 27 18 32 33
