10
10 17 1 9
9
2 10 3 1 6 8 4 5 7
9 2
9 10
9 3
9 1
9 6
9 8
9 4
9 5
9 7
2 10
10 3
3 1
1 6
6 8
8 4
4 5
5 7
11 18 2 3
1 4
8 9 10
2 3
4 8
3 6
5 7
7 8
4 10
5 9
3 7
3 5
6 7
7 10
4 9
4 6
2 10
1 2
4 11
8 6
10 3
10 21 3 2
1 3 5
4 10
1 9
9 10
7 8
3 9
2 4
3 4
2 6
6 8
8 10
3 8
7 10
1 8
1 6
1 10
5 8
6 9
2 8
2 7
1 2
10 7
5 4
10 19 2 2
1 2
8 10
1 5
6 9
2 3
6 7
5 6
2 5
4 8
3 9
2 6
3 4
4 6
7 10
9 10
2 8
3 5
2 4
6 10
5 7
7 1
10 11 4 4
1 2 6 9
6 8 9 10
1 10
1 5
5 7
1 4
7 8
4 7
3 8
2 4
4 8
2 10
2 3
10 17 3 4
1 2 3
4 8 9 10
1 5
7 10
5 7
2 8
7 8
6 9
1 7
7 9
5 10
1 6
6 7
2 7
3 7
1 4
6 10
8 2
9 4
10 20 3 2
1 2 4
8 10
2 6
3 8
7 9
2 9
1 8
3 7
1 3
6 8
1 7
4 5
6 10
5 9
2 10
4 10
4 8
9 10
3 5
2 5
8 2
5 4
10 14 4 3
1 2 3 4
7 8 10
3 8
1 10
2 9
6 9
1 5
5 7
3 6
4 6
2 6
2 7
5 9
9 10
1 9
10 1
10 11 5 3
1 3 5 7 8
2 9 10
8 10
7 9
3 6
6 9
5 6
3 4
1 2
4 10
4 6
5 10
9 7
10 13 3 3
1 3 8
2 7 10
8 10
3 10
5 6
9 10
1 5
3 7
1 2
4 7
5 7
1 4
6 10
3 5
6 9
