10
10 17 1 9
8
6 4 1 3 2 10 7 9 5
8 6
8 4
8 1
8 3
8 2
8 10
8 7
8 9
8 5
6 4
4 1
1 3
3 2
2 10
10 7
7 9
9 5
11 13 3 3
1 2 3
8 9 10
1 8
6 10
2 5
7 9
4 9
2 8
3 7
1 4
1 9
5 8
2 6
11 7
4 2
10 12 5 2
1 2 4 7 9
9 10
3 6
3 8
5 6
6 8
8 10
4 5
4 6
2 3
3 5
7 8
1 3
9 3
10 20 3 1
1 2 3
10
3 7
1 8
4 8
5 10
3 5
5 6
3 4
9 10
6 9
2 6
3 6
4 10
7 9
5 8
8 10
2 4
1 9
4 5
6 7
6 3
10 17 2 3
1 3
7 9 10
1 9
3 8
6 10
4 7
4 6
1 5
1 2
3 7
3 4
8 10
1 4
2 10
1 8
2 9
6 9
5 9
10 6
10 16 4 2
1 2 3 4
7 10
4 5
2 7
3 10
8 9
3 7
8 10
5 6
3 9
3 6
6 8
2 8
1 10
1 9
9 10
4 1
6 2
10 13 3 4
1 2 10
7 8 9 10
1 5
1 7
3 7
4 5
3 8
4 7
5 9
6 7
2 3
2 9
1 4
2 6
4 6
10 19 3 2
1 2 3
9 10
3 4
7 8
7 10
1 4
6 8
8 10
2 6
2 5
1 7
5 8
1 5
5 9
3 7
6 9
6 10
5 6
4 8
4 10
4 7
10 14 3 4
1 2 8
7 8 9 10
1 6
2 3
5 9
5 7
2 5
1 9
4 9
1 10
3 4
2 7
3 6
6 9
7 2
4 1
10 18 4 3
1 2 3 5
8 9 10
1 10
3 8
6 10
1 8
2 10
6 8
5 6
1 6
4 9
3 10
2 9
2 4
5 9
3 6
4 6
4 7
3 9
7 10
