10
10 17 1 9
4
3 9 10 5 6 8 2 7 1
4 3
4 9
4 10
4 5
4 6
4 8
4 2
4 7
4 1
3 9
9 10
10 5
5 6
6 8
8 2
2 7
7 1
11 19 3 2
1 2 4
9 10
3 5
5 6
8 10
2 7
2 5
7 8
2 9
2 3
1 9
4 10
3 6
4 5
7 9
4 7
1 7
6 9
5 11
9 3
9 2
10 21 2 2
1 2
8 10
1 8
2 8
4 8
2 7
9 10
3 9
5 8
6 10
2 5
2 6
5 6
2 3
4 7
2 9
3 4
4 5
6 7
1 10
7 9
8 6
9 2
10 14 2 4
1 3
2 5 9 10
8 9
6 8
3 7
7 8
6 7
1 2
7 10
1 10
3 8
1 7
3 5
4 6
3 4
8 10
10 12 3 2
1 2 5
9 10
4 6
1 8
7 10
8 9
2 3
2 7
3 7
2 4
5 6
1 10
6 10
4 1
10 11 4 5
1 2 3 6
1 7 8 9 10
6 9
6 8
3 7
3 4
4 10
5 9
2 8
6 7
4 5
3 8
9 3
10 17 3 3
1 3 8
8 9 10
3 10
7 9
1 9
5 10
2 5
3 9
1 10
2 6
4 6
4 7
6 10
1 2
3 7
5 6
2 4
5 9
9 1
10 11 4 5
1 2 4 6
6 7 8 9 10
5 8
2 8
1 9
3 8
1 10
4 10
1 7
4 9
4 5
1 3
2 10
10 21 2 2
1 3
7 10
3 9
5 9
2 4
4 7
5 10
4 10
4 9
1 6
3 7
8 9
1 2
5 6
9 10
6 7
3 10
6 8
5 7
2 5
1 7
10 2
5 3
10 15 3 5
1 2 6
5 7 8 9 10
4 7
4 5
2 3
3 9
4 10
6 8
2 4
2 5
1 9
6 10
6 7
4 9
2 8
3 7
8 6
