10
200 5000 5 3
1 2 3 4 8
196 198 200
19 44
55 135
5 79
45 104
29 178
77 113
192 196
1 188
35 174
23 146
59 119
112 125
36 195
65 140
2 48
53 187
45 125
25 146
18 143
27 59
85 170
2 111
101 200
154 186
117 120
102 175
78 191
18 32
48 69
185 196
79 157
19 75
4 161
164 182
133 162
109 186
47 55
101 180
157 178
91 104
60 84
170 187
77 161
79 136
7 142
107 139
79 183
48 104
71 148
134 176
35 40
151 189
66 119
68 158
129 137
25 88
109 132
35 50
137 176
129 153
31 193
6 40
39 92
70 173
49 102
97 120
130 167
16 127
62 181
33 166
25 155
139 194
185 194
164 199
122 161
49 86
46 114
102 164
66 134
29 63
95 106
39 101
9 131
16 86
53 91
48 183
105 122
2 5
23 55
159 181
133 143
5 39
150 164
3 163
106 179
45 171
19 173
48 144
89 132
74 113
51 157
13 170
100 156
111 169
162 193
48 97
9 147
99 171
39 129
153 191
110 150
136 187
12 172
139 185
11 82
62 85
175 188
18 98
30 90
30 48
121 157
39 103
33 131
10 104
9 113
45 184
28 46
172 179
114 200
72 75
102 194
6 135
87 117
42 182
87 167
120 133
83 129
37 70
103 135
108 176
12 177
112 192
10 11
77 92
44 49
44 57
68 152
129 171
125 194
80 197
41 176
138 145
4 154
47 96
42 79
35 145
132 167
29 31
110 131
114 197
112 187
37 56
103 161
123 166
40 131
89 133
100 101
59 110
33 161
134 140
20 100
83 159
65 164
124 179
146 181
62 159
80 121
44 152
9 193
144 190
114 118
42 167
154 155
95 104
159 162
106 154
19 76
162 198
103 114
105 121
135 157
89 163
2 47
80 151
131 155
37 155
60 87
132 181
43 108
74 130
99 159
33 132
69 100
40 88
46 50
71 170
12 46
156 169
64 86
18 149
77 172
92 185
74 87
38 123
92 197
162 187
100 198
67 140
6 176
80 199
73 142
93 155
130 199
48 95
113 168
127 180
42 95
35 149
98 160
97 121
148 164
88 147
3 177
10 179
118 174
60 190
179 195
46 159
162 163
42 61
128 184
115 193
59 108
154 162
35 55
38 79
93 109
101 102
172 173
85 195
45 139
3 102
22 132
70 179
12 181
188 190
4 134
82 192
101 105
73 116
38 61
78 100
7 171
109 169
20 120
18 55
136 137
19 93
60 173
147 155
47 104
67 152
54 159
45 142
20 157
7 108
77 123
85 118
84 194
94 195
61 185
5 122
64 200
17 150
6 75
150 187
101 109
50 143
10 55
78 132
80 168
99 174
57 163
85 139
75 126
87 89
6 73
67 129
61 80
131 148
114 153
60 196
1 65
129 167
171 183
61 64
144 152
33 120
4 23
3 46
77 186
6 124
96 195
5 176
141 188
124 196
8 10
58 152
1 46
83 113
33 185
27 90
178 194
10 157
94 199
26 105
42 117
98 178
8 45
169 187
23 46
18 57
29 156
159 170
72 153
129 176
6 58
94 183
70 133
83 125
95 152
30 173
39 134
92 110
70 194
55 101
28 32
18 125
4 159
26 27
14 146
34 162
55 94
23 86
75 82
33 157
81 96
108 181
16 25
110 175
89 156
128 188
48 139
60 118
87 197
154 195
96 134
117 183
30 69
28 192
92 169
60 78
151 199
13 49
139 163
136 182
59 143
122 148
50 57
34 160
9 46
69 116
81 111
35 178
84 174
4 192
94 137
137 141
38 99
30 74
52 178
119 195
15 157
60 187
10 53
181 190
69 186
89 153
52 194
18 196
16 191
5 64
78 115
74 123
28 92
1 44
84 186
44 160
57 145
2 93
122 156
111 195
1 180
72 93
110 144
57 137
66 183
59 84
150 179
39 139
38 84
32 49
12 42
81 102
108 185
74 82
34 66
66 191
2 184
116 144
24 138
144 194
57 82
119 127
73 94
101 135
132 160
50 180
19 114
45 170
22 152
44 130
38 169
46 92
166 191
14 169
48 171
173 183
32 94
21 74
74 152
102 153
15 134
88 119
30 57
43 127
11 67
167 176
123 126
79 122
179 198
59 165
62 176
63 164
55 107
20 182
154 191
22 89
69 113
37 69
35 63
47 150
96 129
87 96
90 134
76 92
82 189
148 169
134 163
118 163
60 102
192 198
81 199
143 171
7 52
122 189
30 63
31 55
45 157
131 176
88 149
42 83
122 198
33 100
91 171
29 40
32 39
37 44
3 167
78 187
2 75
70 168
73 149
73 97
155 172
98 130
137 155
25 186
44 194
91 175
184 198
106 176
37 111
157 164
55 100
20 52
99 123
126 187
88 155
150 194
17 109
55 127
37 170
13 66
65 132
28 147
43 151
17 72
38 146
160 172
19 172
82 116
29 160
112 124
100 119
121 122
82 184
53 165
40 176
30 175
155 157
35 51
48 98
192 194
148 150
93 129
106 123
86 170
74 96
79 186
7 23
72 104
37 118
15 46
29 125
136 197
27 165
84 107
47 171
52 67
104 165
165 184
102 198
26 191
82 111
56 129
90 194
50 77
25 112
158 183
75 117
81 90
104 193
169 200
52 111
116 123
165 171
104 108
98 106
39 149
137 162
57 157
4 163
111 123
74 117
111 173
110 164
142 183
140 165
61 111
84 117
84 159
60 156
26 182
130 150
73 80
2 85
35 167
20 138
105 183
195 198
44 138
74 133
70 186
34 97
78 193
107 149
170 177
56 73
166 178
87 173
92 114
68 137
152 187
42 175
27 187
126 172
97 189
50 114
26 87
119 121
116 149
144 155
64 194
85 124
39 200
189 190
79 130
113 194
116 188
41 42
63 199
124 193
17 177
111 113
83 100
123 129
71 180
14 111
111 135
43 73
12 35
26 70
63 108
20 128
70 95
65 194
85 188
89 196
118 134
105 176
16 117
76 97
100 163
90 142
26 55
90 139
23 199
58 148
28 177
82 136
82 176
2 182
80 163
50 172
109 181
36 63
124 131
5 60
118 178
148 154
46 151
44 186
140 174
132 157
60 199
114 162
97 184
84 113
88 138
12 49
62 106
22 57
134 174
120 125
146 193
102 152
42 194
109 180
91 118
124 133
124 155
72 122
193 194
43 81
94 198
137 190
73 83
69 138
73 90
88 132
63 131
99 107
189 198
60 114
66 95
53 104
147 150
30 184
34 181
102 176
60 107
44 107
103 105
62 141
60 63
9 49
14 70
24 146
4 6
14 87
136 185
35 122
10 105
60 129
118 160
140 171
83 189
52 167
53 150
131 169
17 197
93 187
12 111
17 137
56 84
54 79
139 193
7 78
44 122
31 170
67 70
127 163
88 99
134 190
99 189
33 189
133 135
142 155
73 167
68 122
79 101
84 137
53 133
105 189
92 167
32 57
16 69
22 33
60 176
89 177
59 184
12 100
129 194
67 93
8 179
42 59
93 146
116 183
21 106
85 91
134 148
85 136
80 200
109 157
52 154
110 125
4 147
128 200
38 136
64 121
44 96
12 134
1 139
1 111
102 145
48 177
63 104
45 182
86 127
115 199
43 48
69 146
139 175
96 126
95 185
83 199
173 197
94 178
109 147
39 70
83 114
152 176
137 144
28 66
12 89
81 114
16 23
8 19
81 183
54 154
67 98
148 177
32 38
58 89
74 104
63 138
127 186
19 59
58 125
97 177
105 148
97 196
2 43
82 123
167 199
109 146
37 154
12 78
129 187
96 174
141 191
103 169
73 179
88 126
96 111
51 178
136 161
55 143
102 157
125 198
17 123
130 179
86 112
27 54
39 158
95 151
3 25
30 67
15 153
105 200
102 165
153 164
58 64
96 165
61 177
1 34
95 110
17 58
10 181
14 122
67 122
96 137
42 133
35 190
36 175
6 173
55 150
18 121
112 142
81 170
44 99
67 90
42 166
11 116
4 68
81 146
21 59
131 142
13 126
82 158
20 134
75 185
96 128
1 107
88 111
52 195
132 159
32 142
16 124
51 184
119 171
19 167
115 118
32 105
99 114
175 191
61 173
145 163
98 126
100 116
111 152
59 149
153 157
2 146
38 141
11 114
77 114
46 181
158 193
4 191
3 200
165 177
34 73
31 46
32 166
83 90
33 116
174 191
85 143
80 179
91 153
38 100
75 93
101 187
14 46
83 163
100 190
67 106
12 88
113 170
103 125
38 75
1 50
115 132
19 81
63 136
7 159
102 199
4 145
25 173
152 192
5 34
21 50
50 175
60 68
139 183
99 133
90 193
48 57
85 200
115 194
83 152
16 153
92 138
90 144
182 194
31 90
75 178
70 188
31 102
179 184
70 115
75 153
120 180
89 103
23 147
95 97
46 47
100 153
33 42
51 82
51 196
142 190
170 193
106 143
14 160
131 199
90 130
26 132
98 102
34 78
162 192
116 197
153 194
164 173
36 44
16 184
91 161
86 168
79 110
96 169
68 97
80 106
147 197
62 89
45 155
25 84
43 79
63 91
141 186
45 194
103 104
160 173
51 95
108 182
80 190
12 148
34 138
48 180
26 200
120 136
125 161
139 141
171 177
176 196
48 113
4 102
1 77
96 102
71 155
100 117
105 194
116 171
164 176
69 103
68 78
91 102
11 63
2 35
73 183
85 196
14 167
127 175
36 45
65 158
10 40
129 198
44 140
110 122
15 100
148 187
49 146
86 155
53 146
97 107
81 165
4 34
35 150
1 114
31 159
5 137
114 180
92 111
27 34
39 169
121 160
189 193
10 14
40 187
15 115
120 144
97 191
36 72
143 190
76 113
90 166
73 139
98 141
20 49
57 190
2 120
102 143
85 180
106 149
96 120
112 148
111 158
90 192
44 145
80 120
46 184
6 50
60 161
92 173
112 168
13 69
60 152
7 196
22 114
140 155
28 120
33 45
123 169
45 193
92 168
88 134
15 83
138 193
72 115
60 140
64 90
48 127
107 160
52 60
113 176
43 69
80 182
64 161
153 165
74 143
99 136
96 116
44 71
87 195
93 98
104 160
39 123
42 45
132 172
135 154
170 197
76 87
47 52
36 200
92 158
167 178
44 67
98 167
24 75
115 149
27 29
109 128
174 181
62 77
15 77
56 58
58 178
5 32
34 37
61 147
83 153
95 141
92 103
16 118
23 133
43 149
13 160
151 168
146 158
50 129
34 105
194 200
141 146
161 181
45 120
50 166
89 122
24 34
81 150
124 132
115 163
87 93
13 105
53 113
79 170
147 180
1 38
30 84
162 171
141 163
95 154
64 153
199 200
20 169
42 104
41 199
2 138
43 71
93 94
13 26
11 90
37 45
107 196
137 154
115 129
7 80
117 200
3 126
156 195
105 187
74 125
124 152
56 103
42 60
4 81
7 117
44 54
146 160
106 136
6 160
9 146
56 71
38 98
174 182
73 131
35 157
60 75
91 124
115 158
62 188
54 182
135 136
122 138
118 135
82 129
15 158
86 153
168 178
27 130
90 131
154 158
72 126
124 162
99 113
106 166
70 113
58 190
50 199
92 184
43 186
45 127
17 92
8 193
141 162
63 95
31 82
98 101
101 136
5 63
41 120
32 176
31 115
81 190
40 128
82 117
99 121
16 52
54 131
11 104
100 148
58 164
40 113
13 81
61 195
87 165
23 153
30 131
56 133
127 164
44 56
107 118
160 196
26 34
56 157
99 170
63 153
134 178
146 187
161 192
156 170
40 159
5 30
107 192
68 159
3 150
32 159
113 200
70 83
107 186
8 48
53 131
90 117
69 142
98 159
140 182
72 127
102 151
194 199
25 199
131 147
63 70
28 99
117 143
91 115
99 151
27 41
95 156
45 58
20 116
71 77
54 80
156 168
90 110
99 145
95 169
21 54
104 149
75 172
28 126
60 151
122 160
6 181
8 194
35 93
130 177
66 68
34 119
16 128
19 120
53 107
10 185
54 172
131 137
49 149
34 199
134 139
22 115
9 54
20 99
73 188
43 147
55 191
17 119
158 180
30 40
102 131
34 117
50 68
48 148
157 189
87 133
47 184
76 105
51 164
84 118
36 38
142 194
22 83
21 116
22 56
28 61
77 162
57 112
108 120
54 150
57 67
36 128
45 135
59 76
12 130
13 31
94 135
14 106
25 36
7 13
147 198
112 157
187 188
144 174
26 38
65 90
58 181
14 74
11 185
89 155
83 107
24 145
15 93
63 140
69 121
66 136
106 163
31 86
56 127
84 108
94 182
39 167
105 134
103 116
80 172
64 75
17 181
24 148
63 128
25 60
86 119
144 149
36 156
146 182
78 111
98 174
93 173
154 180
106 157
133 151
47 107
72 144
59 123
95 198
55 168
27 104
75 135
84 156
41 184
21 63
1 41
65 107
158 195
85 157
159 163
77 182
25 110
55 116
57 63
43 54
13 119
35 191
69 139
173 190
116 164
97 173
60 146
36 199
47 166
14 35
87 124
52 85
107 178
34 115
107 200
143 146
63 181
90 157
32 100
159 164
41 151
38 193
125 137
83 87
79 89
35 82
54 171
31 124
73 136
155 184
152 172
64 69
88 143
51 135
31 171
76 138
183 195
39 90
13 144
35 67
22 180
78 101
83 112
7 28
76 198
100 169
43 150
13 149
94 125
40 138
49 152
66 170
140 187
121 194
142 149
2 105
87 177
142 186
81 187
85 92
177 196
98 127
30 76
127 129
137 149
115 136
16 158
36 157
96 110
118 147
41 56
79 165
87 193
62 96
65 171
107 125
30 182
75 162
17 187
102 140
6 18
38 73
71 121
91 168
23 118
35 102
134 194
86 92
161 165
149 189
22 184
114 188
3 182
107 174
44 88
2 62
6 162
45 144
104 127
10 33
81 156
72 100
78 180
169 171
63 150
53 78
4 123
72 177
27 193
14 61
35 136
101 185
56 166
96 118
32 151
152 155
135 172
62 136
41 93
8 105
100 181
13 158
87 112
16 100
37 49
98 184
22 182
40 151
40 44
145 174
43 96
2 136
16 38
98 197
148 152
109 143
151 182
16 32
111 155
26 188
22 200
106 185
101 195
62 76
100 134
125 197
40 168
33 133
1 42
87 153
111 145
68 161
103 144
47 112
89 114
59 197
188 199
24 143
67 91
13 189
50 51
150 184
83 179
97 143
100 161
104 161
115 133
9 163
76 178
41 114
154 200
90 189
164 184
144 173
136 183
147 199
83 146
50 178
140 143
39 56
33 87
108 111
50 156
124 197
27 101
103 149
61 200
128 175
107 194
164 191
114 130
69 128
110 151
22 199
28 34
70 127
81 151
79 103
84 145
59 166
43 45
117 159
33 158
82 188
60 97
36 122
160 179
102 162
87 91
41 117
43 168
36 59
65 175
18 77
129 147
147 188
169 188
87 90
115 159
62 112
5 129
100 162
136 193
53 119
63 119
76 124
107 199
104 200
78 79
138 183
71 125
98 150
151 195
3 179
98 199
176 178
44 150
35 132
135 190
96 121
77 118
67 192
48 164
30 105
90 173
34 164
92 193
145 171
115 148
38 63
66 149
104 180
109 133
115 169
179 182
42 160
64 148
77 145
53 145
32 179
79 107
162 200
87 137
76 104
145 172
30 172
74 91
81 189
83 143
148 192
5 36
97 162
38 72
140 196
11 78
39 108
52 164
58 188
27 62
47 135
143 198
126 177
78 85
50 63
58 102
45 69
75 105
17 64
159 160
8 159
146 152
116 189
92 106
13 194
56 141
22 134
82 177
104 192
108 147
34 135
2 148
10 66
36 42
76 93
41 134
46 138
134 162
111 147
60 95
65 130
114 186
29 142
179 194
137 171
73 148
110 182
22 166
95 194
111 144
103 147
116 125
101 113
89 195
76 166
57 186
98 122
9 90
45 198
41 129
11 47
72 136
57 183
72 96
67 108
137 145
146 151
69 90
115 150
108 112
49 71
27 89
108 174
105 170
9 97
92 166
87 115
33 105
73 182
14 142
39 137
24 191
11 164
11 188
86 128
23 98
155 198
46 132
5 58
71 100
78 112
37 171
20 109
57 194
75 130
75 170
40 181
45 116
38 41
118 127
7 110
22 41
79 134
159 199
22 30
2 167
52 75
99 144
103 119
43 139
15 193
64 158
16 134
61 89
33 47
19 128
128 196
6 51
61 192
40 107
52 104
64 77
135 158
113 147
82 103
52 137
63 116
41 175
73 99
73 197
72 185
94 124
156 160
95 125
27 199
122 158
135 184
33 80
32 92
30 102
34 80
50 162
64 80
104 191
42 53
4 19
72 192
51 146
78 175
26 58
138 163
16 61
36 55
164 174
49 51
166 168
71 115
13 124
141 185
7 10
135 196
66 91
12 32
78 171
27 87
8 78
96 105
1 175
88 95
152 158
78 149
112 161
75 134
113 138
135 171
1 165
117 147
33 159
90 177
83 177
93 96
83 89
135 144
95 96
44 155
38 92
44 110
91 123
180 191
115 190
139 187
122 149
31 45
42 152
93 110
50 59
95 181
87 135
65 182
82 150
121 163
2 19
8 82
8 170
1 56
30 38
48 193
108 157
67 105
67 198
127 132
14 200
18 188
35 154
58 67
29 154
2 162
112 113
19 126
127 193
70 189
50 164
163 182
91 179
92 200
28 146
89 170
76 196
68 82
40 178
61 182
46 133
93 100
29 86
33 164
134 158
98 193
190 196
178 193
34 166
39 121
93 153
27 144
69 181
57 187
112 149
104 130
80 176
139 179
31 119
86 95
31 197
108 122
67 82
31 167
30 114
95 195
36 111
28 39
25 142
111 124
50 135
123 176
51 88
60 76
82 182
45 129
4 71
18 102
178 186
47 140
19 108
102 168
116 147
188 189
47 94
19 165
181 196
147 178
80 171
43 89
79 191
91 150
56 82
113 161
16 50
45 48
104 198
84 144
52 77
41 115
10 20
60 133
76 134
15 26
2 17
58 183
113 163
95 111
14 175
9 150
87 189
22 137
20 175
75 90
55 174
76 151
185 190
42 120
10 91
106 197
59 93
82 130
72 95
82 173
52 113
11 81
87 164
91 136
18 159
117 182
104 187
92 132
5 172
19 200
36 116
141 189
40 94
121 180
16 186
118 175
63 177
19 77
55 175
73 130
44 51
98 117
62 161
175 177
103 187
129 189
40 112
82 195
73 172
94 108
102 142
13 141
148 181
70 145
24 67
43 111
142 159
42 126
32 191
1 47
165 185
12 60
8 131
151 177
76 156
65 80
78 131
49 54
27 44
75 186
126 184
102 104
130 156
154 160
112 114
40 199
36 69
17 170
63 78
49 100
87 142
41 86
88 101
23 33
64 108
155 189
49 81
55 75
128 151
77 110
148 189
68 89
113 189
95 137
114 191
80 193
95 174
117 151
160 197
187 191
20 60
123 127
101 147
101 107
37 93
45 93
50 173
55 77
104 178
63 76
75 179
73 165
17 164
154 182
173 187
41 65
67 142
94 162
5 118
58 61
30 31
3 180
99 148
52 168
118 124
144 196
45 70
108 115
118 173
53 92
10 119
6 85
45 122
88 139
59 131
29 47
123 198
50 90
25 116
62 64
88 156
34 150
26 101
19 195
138 195
5 188
113 178
145 160
41 101
42 140
91 101
39 79
82 138
16 58
24 71
62 65
84 196
88 174
33 142
77 192
16 57
116 193
93 99
5 112
19 191
3 192
77 158
65 118
31 143
31 123
94 129
30 158
62 129
130 173
96 188
9 123
33 177
102 109
114 163
45 53
21 177
182 192
2 100
105 174
27 195
34 191
7 150
33 86
36 121
12 179
113 196
40 52
26 142
5 179
147 185
26 42
102 136
45 95
155 196
142 157
85 95
23 105
75 116
114 139
61 181
102 178
106 115
173 179
149 156
125 149
15 82
93 161
10 120
106 161
8 143
28 117
74 88
29 61
132 163
43 129
12 186
30 138
4 45
11 34
11 118
56 123
89 148
13 97
60 119
85 192
53 94
27 167
23 75
55 161
24 111
103 181
165 186
23 73
56 72
16 64
11 180
110 123
94 111
102 130
11 103
5 185
178 192
26 59
14 174
77 183
65 87
2 160
58 109
57 115
59 74
58 103
15 116
91 195
73 199
69 137
112 185
30 151
135 198
54 197
65 71
160 170
20 69
63 109
52 150
43 171
38 159
19 78
95 101
157 186
140 162
4 14
47 65
67 144
178 197
47 113
76 181
129 173
67 101
111 168
49 193
139 142
110 121
44 184
69 93
62 67
40 86
133 142
19 42
15 67
55 109
123 152
25 163
162 194
24 28
44 196
86 133
100 154
86 167
3 9
157 185
16 90
66 155
26 99
17 189
47 76
11 32
98 168
91 106
97 182
21 87
75 114
86 200
58 121
73 155
37 52
98 111
57 71
130 168
96 181
73 164
101 167
168 200
93 141
115 134
75 173
44 168
127 198
72 143
50 66
5 162
143 181
22 53
18 66
81 120
17 111
41 144
81 95
40 95
132 179
80 137
76 179
19 130
69 174
13 79
63 174
3 26
12 18
22 35
76 149
141 144
60 90
106 159
42 174
116 167
24 182
54 64
44 178
34 177
81 152
25 54
150 199
13 177
71 147
22 75
146 164
106 127
82 140
63 124
48 156
21 53
119 150
6 11
13 183
102 200
9 28
6 90
135 189
50 188
42 150
32 40
20 133
69 162
36 91
99 146
43 105
65 79
111 150
127 141
60 147
2 164
35 89
134 155
105 130
80 126
32 76
49 108
87 139
131 163
46 155
140 156
56 108
86 143
105 179
125 196
73 184
188 193
8 65
64 136
53 127
71 189
48 149
11 53
55 96
104 107
93 151
48 147
51 174
21 190
8 51
58 198
94 186
104 136
132 175
70 132
123 174
45 143
60 174
18 33
47 98
72 135
28 97
31 149
61 170
10 102
64 168
11 26
85 109
69 189
140 183
108 163
8 151
145 155
31 61
78 81
145 183
1 52
179 200
21 140
125 148
31 145
73 127
119 147
41 131
91 160
67 143
116 196
101 168
21 85
75 138
79 143
10 115
59 147
103 179
2 132
149 183
96 109
38 181
137 180
36 52
54 107
67 174
36 153
3 49
89 172
91 125
69 187
32 165
80 178
114 152
91 182
103 120
69 144
6 119
52 68
144 160
47 114
83 183
134 192
89 193
15 78
7 24
108 145
178 195
59 187
40 77
148 160
142 152
66 74
180 195
6 31
22 131
121 138
77 119
21 200
10 184
11 79
124 166
49 145
29 56
56 78
162 170
69 169
71 193
91 156
48 122
145 200
72 167
30 58
6 183
80 131
55 192
108 113
110 176
76 144
57 91
22 94
3 115
16 68
4 93
91 199
64 94
171 182
24 93
101 124
11 54
90 129
34 144
18 106
32 48
121 188
17 113
43 182
15 101
19 61
56 90
33 66
108 197
145 186
118 183
23 130
133 146
68 153
23 107
37 178
108 170
54 114
21 127
70 129
49 194
102 148
145 162
162 182
19 180
29 188
26 119
123 144
71 152
98 113
33 68
4 125
116 200
78 176
49 180
56 97
36 133
36 39
156 197
114 185
14 27
22 177
60 71
134 196
31 37
1 60
18 161
28 95
69 71
11 36
136 200
26 179
136 149
105 192
86 125
86 123
24 90
142 179
92 117
21 77
32 153
152 167
90 174
7 116
122 144
21 128
148 153
22 171
26 144
99 154
55 146
49 85
137 138
25 125
14 60
53 111
184 192
126 193
113 197
4 155
102 138
149 187
93 182
99 141
14 29
14 157
147 183
108 188
117 194
27 70
183 184
171 187
163 190
108 186
3 53
131 195
11 56
140 181
9 119
14 31
58 120
61 81
23 76
67 71
155 190
24 108
134 168
3 125
7 173
35 146
34 53
16 72
9 101
171 179
61 132
52 187
18 104
118 177
146 148
105 168
17 127
99 179
7 22
37 117
113 162
180 189
100 174
75 120
66 81
77 117
175 200
174 183
168 191
77 115
92 118
3 124
53 109
43 164
97 128
101 184
54 153
41 152
24 162
104 120
32 34
1 131
26 133
6 10
29 168
54 160
19 129
25 76
132 190
49 58
68 180
6 193
125 170
44 112
51 188
105 149
133 160
162 178
33 99
60 183
67 166
116 129
88 90
98 191
27 58
86 101
44 47
85 120
16 101
131 149
96 127
68 143
89 166
56 105
95 126
4 160
98 120
51 65
186 197
96 130
51 54
24 44
71 164
79 105
1 83
20 106
79 126
13 181
36 135
155 170
130 159
60 72
168 181
175 195
49 75
19 124
35 64
4 30
96 173
147 190
112 194
99 139
49 185
2 158
72 166
4 44
22 110
85 106
182 198
100 141
26 149
5 14
53 69
114 167
91 100
106 117
41 110
56 179
71 172
41 67
12 105
81 185
13 57
67 179
101 155
76 170
71 102
129 151
27 170
30 109
112 126
72 142
69 87
25 191
125 133
82 141
14 96
117 170
85 193
166 181
82 115
69 175
137 139
136 166
68 93
72 117
86 142
116 162
11 197
29 105
126 162
3 60
176 197
41 122
23 61
49 142
90 152
173 184
55 163
29 199
73 143
15 79
84 182
94 147
53 96
91 141
54 164
14 162
138 146
120 184
103 192
15 70
128 164
20 118
150 155
97 186
97 104
6 127
25 192
59 135
83 116
134 167
144 199
29 107
94 154
18 134
15 195
51 183
82 98
86 114
46 195
30 89
155 173
16 27
41 147
18 48
8 199
56 117
55 187
16 173
62 190
93 144
80 181
13 56
78 103
23 53
15 35
95 188
84 153
84 139
30 183
58 114
100 139
107 193
131 165
57 196
46 76
47 192
89 90
126 135
82 196
93 192
5 191
130 165
29 67
157 158
32 178
69 122
96 160
47 159
124 195
96 163
53 114
58 182
171 199
58 187
97 134
24 193
176 193
9 141
86 151
157 197
25 53
69 73
37 40
12 158
121 161
188 194
18 25
64 177
64 199
161 167
96 117
29 117
65 170
47 151
69 120
98 135
38 88
148 190
106 118
58 191
38 96
30 140
1 122
94 155
33 102
92 112
106 119
6 101
140 193
122 176
57 174
26 85
165 193
88 102
131 189
29 118
143 196
2 129
110 114
164 193
114 138
111 136
76 158
96 176
73 84
129 199
41 100
119 122
97 148
24 131
110 167
43 200
99 158
158 184
77 175
12 171
39 73
56 64
91 119
29 194
84 165
169 182
79 94
21 164
17 153
66 151
13 127
42 48
12 101
61 74
36 146
8 60
41 174
55 70
9 174
186 194
17 148
35 140
155 167
35 189
61 112
62 195
147 174
100 186
10 73
84 161
190 199
53 126
34 174
8 192
49 159
123 161
54 163
20 130
55 76
160 186
120 156
144 168
94 98
3 47
55 61
72 124
97 127
177 185
177 198
16 157
79 174
67 107
102 147
14 78
98 140
38 48
28 187
32 136
9 175
41 170
118 162
1 133
32 150
105 175
32 190
97 111
75 144
109 127
4 113
95 139
50 122
149 154
142 165
80 159
145 147
94 122
29 186
53 123
84 172
17 96
6 43
63 113
149 197
101 174
44 173
118 180
61 189
148 200
52 191
113 195
57 62
91 180
93 149
49 99
31 65
31 199
38 87
53 59
31 52
82 100
9 117
98 166
39 107
69 154
16 35
21 199
163 164
67 151
33 37
104 119
4 85
77 90
119 179
10 130
57 86
65 179
117 141
6 125
29 41
69 191
79 166
156 174
44 82
47 186
41 85
134 146
56 161
96 152
112 146
96 156
7 151
87 132
19 27
94 173
66 133
44 86
34 195
49 148
63 73
140 191
33 135
139 189
80 92
135 149
11 87
173 178
25 89
117 173
54 118
94 144
76 77
141 168
40 170
69 192
5 194
159 183
5 90
42 158
32 99
81 191
112 184
18 152
107 188
28 36
116 157
10 165
8 90
3 172
93 198
49 50
53 117
80 98
185 199
15 38
33 148
19 109
81 157
35 153
23 47
40 42
1 29
23 189
127 146
127 200
103 124
8 200
141 150
6 142
34 183
58 144
39 109
45 158
64 182
52 118
31 195
10 103
88 163
26 177
37 143
88 186
39 142
76 94
6 57
57 120
2 118
175 187
17 182
72 163
73 180
61 169
30 47
146 191
131 187
12 176
4 169
100 191
41 127
55 88
107 161
49 55
58 179
54 142
38 128
36 112
78 179
110 143
167 182
42 143
35 56
146 153
56 178
102 124
1 19
123 197
1 69
107 175
26 135
112 130
87 152
20 85
53 196
55 133
4 42
28 37
18 95
69 118
3 111
117 132
39 88
1 63
15 64
61 187
24 68
139 143
51 170
67 79
129 181
101 139
16 183
117 148
170 181
33 198
17 54
131 139
107 177
144 184
9 66
13 36
107 150
98 170
8 72
94 194
3 94
51 59
188 198
77 99
56 193
29 119
149 151
125 129
88 183
1 170
52 57
22 78
152 156
23 117
114 145
128 152
126 140
15 173
96 151
80 189
85 126
4 107
8 54
60 80
150 169
51 199
36 86
103 199
58 98
3 189
68 86
154 161
165 197
41 98
48 146
97 116
47 187
21 151
24 88
41 99
153 189
74 153
71 166
32 193
92 128
46 72
41 78
23 34
66 179
146 167
50 138
119 169
127 152
48 121
41 106
26 162
137 157
29 97
80 116
109 163
4 80
33 40
83 193
17 173
24 152
9 41
153 199
132 151
21 31
150 160
54 110
85 191
79 161
113 128
171 172
91 113
154 197
141 159
51 104
145 193
109 179
25 67
101 192
114 150
39 60
84 115
104 141
6 131
129 174
11 129
96 197
8 52
11 89
40 63
27 180
21 185
46 96
49 76
18 118
95 131
3 42
79 160
44 136
94 157
28 175
106 124
9 78
83 84
62 146
130 186
104 106
12 178
10 61
99 116
116 134
167 198
32 171
165 174
27 86
82 159
11 28
101 164
20 111
139 197
144 158
29 151
98 144
161 194
5 16
167 197
98 128
110 188
22 44
133 196
97 200
112 138
37 167
82 87
84 168
127 159
84 154
24 151
73 95
15 152
68 167
33 194
2 104
64 76
95 114
49 61
12 74
80 130
137 147
42 103
120 161
48 192
27 140
110 169
88 193
9 51
164 189
5 136
143 178
32 187
76 157
122 130
46 166
41 139
34 187
111 112
140 180
101 183
150 170
167 196
47 82
27 155
58 82
183 188
5 134
26 197
1 179
131 185
120 150
25 63
8 138
10 176
37 51
120 139
7 154
117 139
26 36
158 189
30 88
24 105
30 32
8 11
126 173
112 176
49 57
49 163
29 157
67 113
112 183
50 168
51 58
58 193
94 150
145 158
161 188
189 195
44 76
6 76
103 142
57 188
75 98
21 115
172 178
125 130
51 98
41 200
78 140
60 130
38 171
2 26
32 55
27 118
123 142
29 184
102 135
55 152
24 60
104 148
3 149
104 195
37 153
53 105
25 119
11 119
19 187
94 109
82 190
58 130
79 181
9 69
150 152
46 170
102 106
53 68
78 97
18 170
78 160
77 132
42 69
81 178
126 137
3 75
68 69
93 130
43 76
164 185
116 187
118 191
60 70
55 169
62 94
114 175
18 197
1 68
30 35
13 21
32 168
45 189
108 178
19 62
13 82
95 159
11 186
93 150
2 41
7 16
47 136
125 200
124 186
174 175
41 55
23 123
18 185
19 28
57 151
69 131
33 125
60 134
19 186
101 160
62 95
155 165
66 161
17 41
1 200
39 124
80 145
3 107
172 188
29 64
21 165
13 41
1 88
58 133
56 130
6 108
27 141
9 153
35 49
134 144
88 178
72 183
108 156
42 145
28 196
36 88
115 137
122 188
1 143
51 190
4 12
150 192
89 190
174 197
122 183
143 145
16 66
139 149
71 135
12 57
158 162
14 138
40 64
58 158
7 132
45 64
30 195
24 106
4 196
128 140
83 185
53 66
38 172
53 56
45 187
117 169
12 109
1 102
126 195
163 188
146 159
18 103
82 101
7 11
34 142
11 15
57 108
82 149
119 168
120 169
38 71
95 162
109 137
18 75
5 114
40 100
58 161
133 170
28 55
37 68
116 153
17 85
158 178
146 174
8 103
25 66
61 86
14 171
143 188
10 127
10 156
189 191
136 180
94 120
15 50
14 99
162 167
106 126
25 52
15 120
47 108
16 95
72 199
4 21
2 82
62 179
8 89
75 145
108 131
76 195
157 194
135 168
67 83
128 166
73 98
109 173
75 109
68 181
16 192
11 45
52 151
6 192
92 188
37 48
15 197
97 103
123 155
32 62
50 141
73 106
9 134
15 96
137 148
7 101
124 141
46 139
132 148
104 112
99 129
71 103
17 134
100 178
19 101
81 109
193 200
40 161
4 121
48 91
73 169
45 172
98 176
46 88
34 54
42 84
54 194
59 63
1 6
18 148
60 184
118 137
163 192
16 175
80 146
185 192
57 182
144 198
62 151
56 140
77 198
29 152
38 199
7 50
92 104
143 193
19 40
51 111
1 189
95 130
4 186
131 159
90 167
13 131
3 12
3 61
19 97
61 98
83 169
58 160
197 198
73 193
96 180
104 168
3 161
17 100
153 158
59 150
14 66
92 134
96 175
165 170
33 145
123 133
13 179
7 107
117 179
57 77
107 191
19 137
84 95
15 24
102 137
56 98
123 124
38 134
23 196
12 156
81 174
17 24
55 74
159 195
4 18
43 84
50 123
26 67
172 194
184 196
151 193
47 49
146 155
39 43
2 11
182 193
106 178
93 134
130 143
186 187
113 149
90 96
38 160
37 180
5 101
38 53
95 146
52 56
33 113
95 144
9 130
28 154
69 92
22 45
62 171
6 47
75 171
49 138
84 131
179 192
22 24
9 17
118 176
165 178
152 170
12 20
88 121
89 169
140 176
34 125
48 103
73 125
1 117
48 52
46 173
37 159
129 154
5 56
91 154
13 84
30 77
126 200
5 147
146 200
56 170
110 145
124 180
71 80
88 179
95 145
100 164
21 67
139 159
95 190
27 109
138 170
17 45
27 81
109 177
115 183
47 146
12 195
40 143
34 41
130 195
100 151
20 143
51 57
46 79
147 161
89 95
60 85
32 35
8 16
150 191
55 67
50 198
30 178
36 140
56 197
42 189
48 63
32 140
51 78
13 172
2 37
9 31
17 169
82 124
47 99
1 136
122 167
155 169
54 103
14 76
55 108
106 130
35 200
35 53
76 135
18 59
32 83
147 173
21 100
80 103
11 192
64 155
45 136
83 123
68 145
88 192
50 197
23 77
101 111
14 185
106 196
64 187
82 191
8 189
37 47
89 111
15 165
68 127
69 157
1 15
109 167
29 77
45 91
58 92
7 95
25 197
161 195
31 189
15 60
110 161
108 132
50 124
27 107
94 99
54 195
33 141
171 197
142 151
30 133
82 151
24 137
3 155
53 57
10 85
58 197
19 47
106 170
116 186
101 123
100 108
152 185
81 171
16 111
68 71
31 181
48 107
139 160
158 163
184 195
90 109
10 134
84 114
99 149
182 186
11 145
59 98
95 98
5 156
33 97
21 37
51 180
38 83
24 128
89 131
70 96
148 159
39 192
63 192
97 152
40 139
129 164
3 169
128 138
108 179
81 125
53 58
3 104
33 165
36 82
32 141
103 173
1 155
66 172
36 141
87 141
52 92
12 40
38 195
76 84
6 42
19 35
136 186
42 108
159 175
26 53
105 171
124 169
90 118
51 94
93 152
75 169
115 191
95 120
7 88
128 146
32 112
113 199
69 83
51 179
89 200
1 173
78 163
176 181
18 131
125 136
40 65
116 182
15 17
50 121
50 53
13 86
44 139
96 97
81 134
85 198
76 131
40 50
104 199
138 148
57 105
87 170
13 176
111 177
119 145
78 93
93 133
61 148
23 184
7 20
147 182
63 75
85 130
37 166
56 180
94 121
13 193
142 169
20 38
110 117
51 139
6 27
162 166
59 112
81 122
52 119
9 22
79 141
28 122
42 122
31 41
102 180
113 135
38 108
33 48
9 84
66 160
9 166
12 183
59 115
47 62
8 77
46 100
174 194
83 150
38 122
40 103
181 189
40 99
55 83
76 147
34 113
22 126
5 161
2 161
51 89
118 196
65 178
93 162
74 101
135 161
71 89
15 119
49 169
77 188
120 171
133 144
112 117
115 151
15 187
108 137
21 94
24 29
79 84
82 128
138 198
12 170
127 142
12 199
98 136
90 91
126 149
49 118
28 190
83 97
10 162
125 141
29 192
79 173
88 159
57 68
8 46
57 169
32 52
15 155
2 191
123 187
6 82
148 184
69 125
134 191
117 129
96 114
125 175
167 168
4 185
2 95
13 164
24 100
74 111
88 142
108 146
27 83
6 68
44 151
20 124
61 68
21 91
86 126
88 189
119 185
69 182
14 123
152 173
20 105
158 175
65 117
86 195
17 50
76 171
73 115
58 87
16 114
74 93
32 196
59 188
172 187
22 169
73 176
66 185
83 151
87 145
60 154
6 16
50 131
17 117
109 175
37 151
4 195
39 40
6 37
135 152
72 114
95 107
7 131
70 82
149 157
53 152
37 98
67 138
16 131
28 110
89 120
74 138
30 78
96 136
153 183
75 132
85 121
57 134
157 169
22 32
26 64
81 85
70 190
22 121
72 147
9 139
8 69
120 189
67 193
40 76
171 196
85 154
91 133
53 80
40 87
105 177
104 159
1 123
107 165
85 181
134 142
24 118
8 73
2 194
148 165
95 178
1 182
7 64
84 189
91 137
31 196
148 199
10 116
38 43
142 160
93 156
63 127
80 141
133 158
147 196
89 116
20 172
153 184
13 111
56 128
68 155
71 146
130 198
75 158
195 196
30 150
62 132
152 182
147 193
93 157
2 55
148 175
150 193
5 108
145 168
51 187
26 68
64 137
81 129
21 52
86 115
147 160
107 152
41 125
3 176
1 99
150 162
65 106
176 194
46 180
83 197
113 114
10 98
78 166
104 150
145 197
55 65
88 137
132 171
46 103
61 67
37 192
43 192
5 167
156 171
115 124
12 200
4 188
123 175
82 179
39 91
26 154
25 123
174 188
144 182
69 143
133 185
70 191
121 148
89 147
127 161
42 82
65 83
103 131
156 182
180 184
76 182
63 110
62 165
152 189
22 112
49 69
99 182
2 123
16 93
6 30
141 169
101 125
25 80
113 116
180 199
58 171
63 198
112 121
47 188
88 107
45 195
40 188
11 189
161 164
111 132
120 197
121 166
89 186
125 140
151 181
18 165
101 144
106 148
88 141
10 171
68 88
24 40
42 62
50 65
90 145
66 192
148 193
43 103
151 164
92 157
89 97
151 173
41 58
52 64
41 198
123 186
28 160
34 92
15 174
35 72
87 128
117 136
35 103
77 109
50 79
84 111
109 197
149 173
33 127
5 153
35 199
79 115
48 82
111 184
26 114
93 124
84 176
3 82
140 188
14 143
46 73
94 123
13 24
47 50
98 119
87 160
129 155
150 178
129 163
61 108
108 168
93 105
87 159
34 44
139 154
4 173
52 59
100 128
18 70
23 124
81 195
21 24
59 128
110 155
43 189
123 177
106 175
49 139
24 133
74 181
157 175
77 166
103 162
40 200
26 46
133 182
144 165
141 195
12 169
100 159
113 126
44 174
50 81
122 193
47 121
56 200
18 74
76 183
36 93
39 136
164 172
89 127
97 150
84 134
36 147
107 180
184 197
11 137
43 124
41 196
112 147
15 181
31 125
32 180
66 108
70 149
19 112
148 170
101 154
52 165
42 72
41 173
91 192
109 112
160 195
71 142
169 193
29 165
11 170
20 189
5 96
96 199
118 198
75 182
84 86
54 95
63 141
12 70
1 105
129 188
96 147
87 119
166 184
52 125
76 108
114 183
17 46
46 87
16 110
180 196
65 193
3 63
32 182
121 168
20 125
32 175
4 57
115 153
90 164
163 172
48 135
144 188
13 161
121 174
130 192
101 104
165 169
94 104
3 120
30 106
107 163
133 184
190 193
3 158
101 115
112 177
112 115
91 111
8 63
125 158
166 199
66 178
150 188
38 90
97 99
103 107
84 197
90 115
133 188
142 174
13 108
115 128
135 155
118 171
82 132
22 63
59 156
78 134
13 159
14 49
22 34
92 162
89 138
159 198
24 113
91 163
12 69
17 140
51 124
67 159
53 160
96 99
122 200
34 56
139 169
112 159
49 168
24 35
40 74
43 179
73 129
185 189
32 198
75 101
56 87
15 200
166 197
68 105
68 113
75 133
114 126
159 169
6 7
19 188
80 87
37 53
87 108
7 87
1 153
6 60
106 135
57 189
93 101
26 164
74 175
14 18
15 65
4 193
148 173
32 50
39 104
48 114
46 83
18 107
110 148
69 165
117 149
1 62
4 158
102 163
184 186
80 196
20 126
60 193
54 189
40 136
90 124
19 21
44 165
21 161
136 154
8 14
112 193
120 188
110 154
38 49
54 191
86 190
29 116
152 169
117 121
92 105
21 112
112 162
16 148
85 110
71 132
85 186
99 191
20 121
41 69
74 176
8 96
15 97
96 100
8 130
32 37
19 138
30 118
148 197
3 13
191 198
20 71
63 156
73 168
53 170
34 157
58 150
123 193
1 18
7 123
15 140
131 196
11 105
23 164
18 138
45 137
155 166
13 187
19 91
87 190
22 107
39 65
31 103
69 72
36 47
18 139
62 81
38 40
54 94
134 200
16 172
118 128
20 28
186 200
67 99
10 164
103 163
61 131
8 87
158 199
1 172
25 85
19 163
27 67
22 196
54 102
17 159
20 73
86 129
103 195
118 150
18 109
54 89
56 66
10 47
25 91
38 161
6 164
142 177
26 75
113 193
4 95
6 113
7 96
150 196
51 113
132 144
128 181
154 185
100 175
85 113
67 169
35 114
63 171
89 102
90 168
68 146
68 176
69 153
110 197
37 183
88 154
46 198
25 55
55 144
111 133
7 29
174 192
35 97
33 95
23 65
25 185
101 140
56 187
6 146
38 113
3 54
144 197
57 80
60 179
62 145
96 192
122 184
128 197
165 167
42 98
90 148
160 184
117 176
24 59
11 135
67 132
70 107
98 104
146 186
32 154
163 180
1 82
55 95
69 188
157 173
61 66
40 167
20 62
14 53
13 166
85 125
71 74
17 21
42 116
36 188
73 171
41 180
22 77
132 198
18 108
6 154
3 185
88 176
29 72
101 130
13 78
34 64
85 175
90 103
71 82
10 89
195 197
75 147
21 79
44 48
89 161
55 105
26 185
81 145
131 158
132 154
10 143
39 99
82 167
139 192
52 124
52 90
83 158
93 175
81 110
45 86
29 74
156 193
36 151
127 148
54 115
47 143
39 195
16 174
18 36
35 109
115 119
50 130
63 133
162 172
176 177
50 89
100 171
114 184
156 159
135 138
161 179
96 112
86 105
98 172
17 118
83 167
59 77
163 181
105 143
6 106
50 152
38 152
10 57
39 74
71 198
112 145
115 200
22 51
66 129
77 164
117 133
158 196
74 80
84 138
134 145
168 180
56 62
68 142
124 164
46 117
62 126
105 138
125 151
62 103
85 112
58 153
73 185
117 163
91 196
90 128
1 119
53 103
72 102
86 121
156 200
125 142
95 180
65 169
130 146
156 198
114 179
74 180
75 140
61 115
44 75
82 94
1 118
116 195
51 75
161 197
25 122
151 192
93 178
47 197
84 164
93 123
175 181
49 94
101 191
12 188
47 110
76 161
9 13
52 112
15 121
80 192
60 105
101 163
52 155
22 190
79 187
191 194
75 127
39 47
83 98
6 97
26 126
71 116
9 65
68 126
15 111
99 186
7 97
140 151
113 146
59 176
17 102
17 146
83 122
90 143
40 59
23 195
88 104
13 185
148 167
78 142
27 66
37 92
3 65
98 190
82 125
92 196
30 191
1 91
16 199
10 99
121 196
128 159
80 90
187 199
122 123
28 67
138 168
75 197
113 118
92 131
1 23
43 148
5 97
14 134
47 142
104 124
16 137
35 107
17 128
48 106
123 157
77 159
59 195
15 129
79 159
4 38
52 109
134 161
76 79
53 75
6 33
66 127
65 166
19 189
153 188
111 188
32 77
48 71
112 165
145 150
35 77
106 120
43 152
6 44
168 172
90 122
163 166
31 96
143 163
83 188
3 98
106 172
31 165
71 197
31 187
144 154
70 183
120 123
29 36
80 144
89 184
174 176
102 112
87 138
86 124
45 188
55 180
10 63
84 149
47 92
187 194
150 166
59 164
32 152
141 165
124 149
143 144
127 169
9 34
120 186
62 180
48 130
181 186
29 81
38 148
143 164
151 185
143 148
136 173
97 112
124 156
3 84
143 189
42 111
93 177
43 102
29 106
92 120
80 86
5 93
26 122
43 130
66 114
94 118
8 191
111 128
4 86
200 397 1 199
175
173 63 74 96 73 107 172 25 130 138 90 54 195 113 81 84 78 111 119 41 82 152 9 3 94 79 110 11 72 53 125 160 57 64 16 153 45 194 146 20 58 22 105 93 174 193 17 76 95 37 108 189 103 91 200 33 34 191 136 112 42 199 106 190 126 92 35 50 5 166 156 29 71 61 13 10 47 18 135 97 134 27 117 184 144 132 68 109 149 118 165 101 6 102 49 48 139 89 83 56 123 140 143 24 167 141 128 66 120 150 178 162 121 8 182 114 32 131 36 151 59 163 2 28 181 31 180 147 183 129 44 86 77 75 124 87 198 100 142 179 98 69 19 21 88 23 171 30 188 65 116 43 26 133 85 145 104 122 52 176 186 185 177 46 15 1 7 60 14 192 148 38 164 170 4 80 70 155 196 168 169 40 127 62 12 99 159 197 158 154 157 51 161 137 187 55 115 39 67
175 173
175 63
175 74
175 96
175 73
175 107
175 172
175 25
175 130
175 138
175 90
175 54
175 195
175 113
175 81
175 84
175 78
175 111
175 119
175 41
175 82
175 152
175 9
175 3
175 94
175 79
175 110
175 11
175 72
175 53
175 125
175 160
175 57
175 64
175 16
175 153
175 45
175 194
175 146
175 20
175 58
175 22
175 105
175 93
175 174
175 193
175 17
175 76
175 95
175 37
175 108
175 189
175 103
175 91
175 200
175 33
175 34
175 191
175 136
175 112
175 42
175 199
175 106
175 190
175 126
175 92
175 35
175 50
175 5
175 166
175 156
175 29
175 71
175 61
175 13
175 10
175 47
175 18
175 135
175 97
175 134
175 27
175 117
175 184
175 144
175 132
175 68
175 109
175 149
175 118
175 165
175 101
175 6
175 102
175 49
175 48
175 139
175 89
175 83
175 56
175 123
175 140
175 143
175 24
175 167
175 141
175 128
175 66
175 120
175 150
175 178
175 162
175 121
175 8
175 182
175 114
175 32
175 131
175 36
175 151
175 59
175 163
175 2
175 28
175 181
175 31
175 180
175 147
175 183
175 129
175 44
175 86
175 77
175 75
175 124
175 87
175 198
175 100
175 142
175 179
175 98
175 69
175 19
175 21
175 88
175 23
175 171
175 30
175 188
175 65
175 116
175 43
175 26
175 133
175 85
175 145
175 104
175 122
175 52
175 176
175 186
175 185
175 177
175 46
175 15
175 1
175 7
175 60
175 14
175 192
175 148
175 38
175 164
175 170
175 4
175 80
175 70
175 155
175 196
175 168
175 169
175 40
175 127
175 62
175 12
175 99
175 159
175 197
175 158
175 154
175 157
175 51
175 161
175 137
175 187
175 55
175 115
175 39
175 67
173 63
63 74
74 96
96 73
73 107
107 172
172 25
25 130
130 138
138 90
90 54
54 195
195 113
113 81
81 84
84 78
78 111
111 119
119 41
41 82
82 152
152 9
9 3
3 94
94 79
79 110
110 11
11 72
72 53
53 125
125 160
160 57
57 64
64 16
16 153
153 45
45 194
194 146
146 20
20 58
58 22
22 105
105 93
93 174
174 193
193 17
17 76
76 95
95 37
37 108
108 189
189 103
103 91
91 200
200 33
33 34
34 191
191 136
136 112
112 42
42 199
199 106
106 190
190 126
126 92
92 35
35 50
50 5
5 166
166 156
156 29
29 71
71 61
61 13
13 10
10 47
47 18
18 135
135 97
97 134
134 27
27 117
117 184
184 144
144 132
132 68
68 109
109 149
149 118
118 165
165 101
101 6
6 102
102 49
49 48
48 139
139 89
89 83
83 56
56 123
123 140
140 143
143 24
24 167
167 141
141 128
128 66
66 120
120 150
150 178
178 162
162 121
121 8
8 182
182 114
114 32
32 131
131 36
36 151
151 59
59 163
163 2
2 28
28 181
181 31
31 180
180 147
147 183
183 129
129 44
44 86
86 77
77 75
75 124
124 87
87 198
198 100
100 142
142 179
179 98
98 69
69 19
19 21
21 88
88 23
23 171
171 30
30 188
188 65
65 116
116 43
43 26
26 133
133 85
85 145
145 104
104 122
122 52
52 176
176 186
186 185
185 177
177 46
46 15
15 1
1 7
7 60
60 14
14 192
192 148
148 38
38 164
164 170
170 4
4 80
80 70
70 155
155 196
196 168
168 169
169 40
40 127
127 62
62 12
12 99
99 159
159 197
197 158
158 154
154 157
157 51
51 161
161 137
137 187
187 55
55 115
115 39
39 67
201 402 53 44
1 2 3 4 6 7 8 9 10 12 13 14 15 16 17 20 21 22 23 24 25 28 29 30 31 32 33 35 36 39 40 41 43 44 51 53 54 55 59 62 63 64 65 69 73 75 90 92 97 99 132 150 164
48 62 70 87 100 112 123 124 135 136 137 138 141 147 149 152 153 154 164 165 166 171 172 174 176 178 179 180 181 185 186 187 188 190 191 192 193 194 195 196 197 198 199 200
82 113
75 110
127 138
72 89
50 87
33 112
93 197
2 74
66 116
116 162
52 68
168 193
3 11
76 104
41 163
67 103
101 125
44 192
8 27
133 176
104 200
109 166
11 147
5 185
92 141
45 155
38 117
76 125
168 169
127 177
159 178
12 147
128 158
173 185
129 149
30 174
91 126
44 76
26 131
13 105
56 115
43 190
117 168
118 194
90 142
59 187
99 199
42 176
8 139
92 119
102 125
110 127
55 115
101 180
5 18
106 110
23 87
145 160
1 151
106 107
51 91
18 141
163 194
91 178
37 74
6 38
54 199
132 190
72 172
167 184
24 122
4 102
6 100
26 114
29 144
106 176
14 106
10 191
7 91
15 165
5 49
8 171
102 141
31 114
31 58
77 80
93 117
139 181
105 149
46 139
9 126
18 52
77 131
146 151
17 56
81 185
88 102
121 138
85 148
67 155
36 162
182 185
113 177
68 123
106 181
111 198
95 137
86 131
5 37
108 142
115 124
41 82
38 160
114 179
41 88
8 156
84 152
36 175
175 192
38 129
64 172
68 96
169 185
32 94
77 110
94 96
17 136
61 114
47 70
21 104
104 152
39 188
10 68
6 19
47 138
34 135
93 166
10 176
163 175
40 187
68 137
42 114
16 48
74 121
84 181
35 180
19 113
41 173
104 155
102 187
21 52
10 101
69 105
110 165
10 189
86 149
5 112
122 144
148 188
7 85
60 196
131 133
91 125
49 168
115 192
11 146
7 149
44 88
58 106
28 191
2 156
83 127
65 146
53 61
38 174
21 170
107 199
56 159
142 172
162 168
82 165
145 198
9 121
130 169
134 171
52 141
35 146
130 144
35 113
40 130
13 135
65 67
183 200
10 146
75 154
113 136
25 46
106 144
60 66
4 45
140 200
34 179
38 191
108 168
118 160
177 190
58 71
97 106
61 120
27 171
13 143
95 122
156 190
128 157
11 46
45 157
99 109
14 102
158 199
56 135
4 57
43 155
17 131
82 120
85 194
15 72
108 173
23 26
39 140
57 181
57 66
10 182
119 123
81 124
40 158
58 153
89 157
150 162
103 135
83 119
143 175
148 153
142 149
55 57
57 199
189 198
160 185
22 60
93 183
51 180
14 196
125 176
103 147
93 141
10 52
45 50
126 136
72 129
7 79
8 175
161 183
44 118
59 122
73 148
110 153
73 145
52 125
36 83
151 159
28 78
13 95
131 194
95 111
14 168
83 131
161 175
16 94
19 140
28 77
88 195
101 133
13 133
118 177
54 103
44 127
15 137
49 139
45 176
104 175
111 190
96 119
14 193
13 78
93 96
144 176
73 133
39 82
56 96
1 5
167 199
40 177
108 128
15 131
89 122
85 139
25 82
66 100
90 108
25 84
20 95
29 109
79 84
4 111
60 190
42 46
120 130
106 135
6 79
114 195
32 102
156 187
60 102
79 169
101 190
74 134
92 163
74 192
14 86
41 89
128 130
81 118
15 103
25 148
63 93
131 167
34 48
32 34
24 157
5 109
127 173
106 186
144 187
33 152
58 81
13 124
65 98
92 165
121 159
44 78
88 181
155 199
18 34
64 81
85 161
80 196
107 152
14 198
85 186
33 47
36 82
91 199
184 195
20 153
78 187
79 91
72 185
157 178
157 196
8 42
17 77
58 195
101 167
55 112
134 155
125 146
65 191
6 171
15 149
139 154
105 127
71 86
111 174
94 108
76 93
128 195
74 182
170 187
125 180
99 189
29 46
53 98
27 94
150 200
7 84
77 143
98 194
82 199
57 201
164 40
165 22
132 7
190 79
200 567 38 30
1 2 3 4 6 7 8 9 10 12 13 14 15 17 18 19 20 21 23 24 25 26 27 28 34 36 37 39 44 45 49 50 58 62 78 86 101 111
60 96 123 124 138 141 145 146 147 157 160 163 165 173 179 180 181 182 183 184 185 188 190 194 195 196 197 198 199 200
47 104
34 125
6 53
143 145
143 186
87 89
13 148
23 132
95 175
72 110
108 138
26 40
54 60
15 169
135 193
57 96
19 41
34 158
34 103
63 195
105 198
44 151
126 182
13 165
136 199
29 105
75 182
115 161
122 188
172 197
116 199
12 83
1 193
51 122
89 155
64 168
151 183
23 142
67 89
101 125
104 135
128 178
5 160
107 136
115 146
17 79
148 192
9 64
86 130
26 135
11 169
118 146
29 180
59 65
56 68
49 184
74 151
134 145
37 153
152 157
27 79
85 131
106 114
130 157
20 102
35 87
144 150
2 38
83 140
98 129
10 144
5 61
2 94
62 97
31 56
95 104
39 181
59 134
69 199
129 185
11 161
58 182
33 187
15 74
31 115
88 177
85 194
85 188
24 191
23 187
114 180
48 189
46 199
81 171
175 176
159 164
133 193
64 136
170 178
72 96
114 185
12 110
101 103
31 183
113 193
61 99
11 71
12 29
109 118
129 150
100 138
18 59
130 171
128 189
174 200
110 194
191 199
37 109
80 104
23 179
3 57
139 191
42 94
166 181
11 171
82 188
2 81
132 188
187 188
156 175
115 185
102 140
42 170
158 199
175 191
42 47
91 152
43 53
25 43
68 199
93 166
34 55
20 188
62 81
78 178
61 71
88 186
51 128
110 150
140 157
116 194
32 52
61 187
89 93
34 168
85 98
154 191
55 186
151 184
53 64
4 185
81 84
8 151
11 163
122 136
89 161
78 117
137 162
22 193
135 175
117 200
27 71
107 181
104 139
68 136
61 122
86 88
14 47
99 130
128 134
12 46
91 104
107 168
10 96
113 165
161 195
117 153
112 171
87 196
103 147
1 195
45 95
89 137
13 83
110 147
99 165
31 148
100 174
132 144
24 108
59 126
133 184
92 103
88 145
15 82
125 146
104 189
67 164
22 32
130 140
112 143
65 185
17 140
101 129
50 194
69 154
32 190
100 155
110 162
53 129
35 56
70 123
24 96
69 182
28 151
144 189
133 196
120 197
44 186
22 92
177 200
17 71
65 191
120 173
9 68
84 107
25 153
8 22
153 197
61 196
164 190
23 106
105 153
47 163
162 196
73 120
108 189
111 120
111 164
56 181
79 116
79 176
119 159
126 167
70 173
44 139
78 177
149 160
148 178
3 33
48 79
109 163
13 155
30 61
28 66
103 163
65 144
95 127
54 196
49 180
100 115
95 147
119 138
77 131
73 149
9 31
48 60
109 195
5 11
155 182
18 134
95 148
46 189
43 104
84 103
21 47
116 132
115 130
171 175
59 119
66 173
102 167
168 174
20 128
40 85
72 107
119 157
35 85
42 93
20 42
90 112
105 169
84 127
45 129
126 143
53 194
23 90
78 174
56 198
28 106
85 198
28 129
77 110
100 180
2 5
11 97
33 197
39 83
159 172
100 122
127 193
151 181
186 195
62 135
2 180
43 124
10 56
109 128
14 173
16 40
51 54
22 30
28 144
169 196
64 124
84 176
8 174
66 147
74 106
3 65
130 196
19 93
48 106
86 160
35 194
88 98
88 133
79 97
121 145
4 182
4 91
38 138
63 154
73 113
91 192
140 199
45 151
34 195
137 144
169 182
89 133
48 124
17 107
68 186
66 165
8 163
105 159
52 91
87 128
43 63
64 103
139 196
41 134
25 92
52 73
154 174
59 91
56 69
95 154
87 169
65 83
36 104
30 46
15 77
10 75
49 165
25 166
113 189
92 141
26 183
5 112
150 176
189 198
42 56
94 116
85 126
34 42
87 146
64 129
42 119
97 166
38 79
156 194
72 85
28 138
35 64
51 66
142 158
99 115
80 126
56 57
26 151
159 192
121 160
178 199
65 70
4 16
101 168
90 161
103 193
111 134
59 115
48 114
193 195
68 179
7 120
64 83
77 171
135 180
44 88
23 131
22 168
52 173
79 170
41 198
100 135
150 158
192 194
48 132
26 87
103 199
174 175
57 112
47 199
132 151
154 169
70 73
77 122
53 196
129 162
105 147
30 64
39 155
103 123
9 168
56 125
130 180
168 200
44 184
109 148
49 116
127 145
111 180
19 56
82 98
6 80
61 72
143 195
93 195
52 70
91 153
16 116
49 76
83 143
131 164
102 106
58 145
71 110
2 75
8 59
176 189
95 166
68 127
70 88
114 158
161 162
167 169
44 118
57 143
35 176
32 123
102 199
30 143
65 97
118 159
24 71
111 151
76 183
81 182
35 61
178 183
120 174
109 168
98 193
16 95
77 100
9 146
43 109
51 178
89 165
11 160
51 56
100 136
26 90
44 47
70 77
167 172
22 148
61 119
9 42
34 149
150 170
103 121
81 107
191 195
144 180
37 51
102 151
155 169
112 127
53 167
48 70
16 187
85 169
192 196
29 35
89 117
66 69
45 116
18 127
6 41
18 98
89 168
74 123
39 80
92 164
187 197
37 195
24 194
71 137
159 191
36 156
86 151
44 133
54 91
45 84
92 160
44 181
55 67
33 67
107 187
51 164
30 48
128 190
28 47
104 85
112 75
200 363 54 59
1 2 3 4 5 6 7 8 9 11 12 13 14 15 18 20 21 22 23 25 26 27 29 31 32 35 36 38 41 42 43 44 51 54 63 64 67 69 72 75 76 82 84 89 95 96 97 99 109 113 118 140 160 174
2 31 55 66 67 77 78 79 84 98 107 111 112 116 122 127 129 135 138 139 141 145 146 152 153 156 157 158 159 161 162 163 165 168 169 171 172 173 174 176 177 178 179 181 182 183 184 185 190 191 192 193 194 195 196 197 198 199 200
59 176
95 168
82 167
49 119
81 180
39 106
6 191
109 177
14 105
115 130
19 153
24 168
70 115
76 77
93 122
137 151
189 193
26 138
119 123
3 144
164 184
70 92
170 173
18 24
8 183
130 182
118 165
109 152
1 17
93 181
102 200
74 173
186 198
33 154
151 179
26 142
188 190
44 68
40 132
102 151
20 159
51 194
57 145
124 191
90 191
124 151
10 196
60 165
14 112
29 91
33 57
149 197
76 154
39 146
125 177
35 55
149 199
88 115
35 158
12 184
167 182
20 28
27 47
62 185
4 180
3 62
54 147
27 55
94 177
85 121
36 151
46 81
131 153
123 139
34 199
109 133
17 135
10 165
1 28
48 70
134 173
45 57
32 53
49 184
175 198
83 114
29 33
56 132
36 114
11 78
123 152
118 126
99 184
49 62
106 137
76 105
63 98
61 120
21 155
53 177
71 128
36 94
37 58
155 166
25 30
140 150
101 106
91 147
94 147
136 177
114 167
18 131
4 182
95 152
187 190
17 150
26 56
45 168
4 153
136 194
120 147
18 68
48 101
154 175
53 153
62 80
103 165
43 50
80 129
26 79
130 135
61 181
180 187
49 176
40 180
69 181
70 71
119 156
5 126
137 145
65 123
45 68
147 176
54 70
133 172
45 161
119 155
121 143
65 139
12 93
150 165
28 186
155 182
97 155
7 16
21 192
154 198
136 155
102 156
62 182
33 186
29 92
124 129
155 159
131 147
108 149
52 137
110 130
14 53
166 176
5 88
19 66
142 171
35 197
50 131
3 182
87 164
45 170
57 77
74 164
47 59
113 199
3 125
147 189
109 143
12 141
89 145
56 144
29 111
75 110
72 87
23 191
124 159
54 157
131 157
33 153
63 117
110 111
48 162
42 83
35 178
118 157
11 187
68 77
33 60
20 162
9 79
3 10
68 175
86 116
88 131
128 129
44 66
44 90
134 187
1 60
81 132
47 93
45 88
44 65
63 106
126 184
21 92
73 103
30 81
80 162
102 111
110 199
34 197
85 128
104 138
71 131
72 163
126 136
27 46
143 176
11 167
50 148
27 145
19 181
71 171
74 100
20 56
92 126
35 116
95 150
16 74
93 119
11 195
18 73
136 158
99 154
103 185
128 147
103 186
69 117
148 179
119 146
7 33
59 79
94 180
19 53
36 196
100 102
41 56
35 124
60 110
13 133
18 98
52 68
20 146
144 152
37 48
105 199
131 143
38 85
57 183
14 121
113 150
8 186
53 165
28 161
34 40
144 177
58 79
102 142
97 112
48 155
42 104
142 172
125 163
71 87
22 188
92 198
117 142
49 87
113 161
83 108
8 189
42 134
109 169
9 77
22 39
62 164
148 170
119 167
14 37
17 200
37 66
96 143
54 61
13 169
22 50
4 45
8 19
160 186
34 182
81 175
38 115
1 176
187 198
32 116
88 179
28 86
119 179
42 148
121 192
64 183
72 138
54 79
29 107
52 116
15 34
62 81
142 145
120 190
83 119
11 52
3 199
142 189
63 180
10 88
30 177
6 30
16 124
25 127
39 62
29 49
142 168
104 195
132 195
19 37
99 166
56 78
19 121
127 119
193 85
196 64
72 59
178 37
141 79
160 22
67 49
200 435 43 33
1 2 3 4 5 6 9 10 12 13 14 15 16 17 18 19 20 22 23 26 27 28 29 30 34 36 38 45 46 51 57 59 60 66 67 68 77 80 81 92 97 128 169
47 80 87 91 96 126 138 140 143 144 150 153 159 161 164 166 169 178 180 182 183 185 186 188 190 191 193 194 195 196 197 198 200
8 187
78 175
31 158
84 193
16 115
15 171
100 156
31 71
43 47
48 88
98 101
86 170
123 130
19 139
116 190
8 158
163 165
7 52
54 90
43 149
106 139
28 183
46 150
149 160
84 122
86 178
75 112
15 54
85 158
15 143
112 179
62 137
81 182
25 139
61 196
18 133
18 110
48 174
68 116
16 192
89 95
19 176
114 156
66 177
11 50
177 186
119 191
39 164
44 132
92 104
72 170
173 178
94 170
154 197
1 25
3 7
107 113
28 100
52 89
135 148
81 187
56 83
68 87
62 86
59 73
158 172
14 70
101 182
6 90
58 100
102 131
68 86
89 150
170 172
116 123
28 143
115 121
24 165
105 142
137 164
1 195
179 199
59 75
134 199
86 111
155 176
18 42
77 155
110 159
173 199
2 8
124 166
63 87
36 126
56 176
36 190
15 120
175 200
22 141
92 121
93 117
50 136
142 190
54 137
111 183
77 96
4 55
148 160
35 108
10 11
104 175
34 56
8 76
16 172
139 165
25 193
19 173
93 129
199 200
17 192
42 117
165 167
84 174
120 127
3 132
142 151
25 194
81 136
32 163
28 135
30 93
26 121
137 176
13 187
17 83
60 88
90 172
71 106
119 124
82 96
76 170
56 72
168 197
42 78
58 134
24 95
75 168
19 58
19 168
134 163
23 32
22 79
36 41
131 137
12 91
90 187
42 196
35 139
20 187
88 99
146 180
6 176
147 154
90 190
63 111
46 107
7 65
14 37
28 58
97 176
46 166
100 118
55 142
187 194
14 150
73 127
184 185
23 114
141 163
19 49
34 52
12 182
37 71
125 163
129 150
81 189
25 172
27 91
104 161
17 48
88 159
38 136
152 197
37 199
72 94
56 159
74 127
8 112
50 198
77 98
72 84
64 188
174 186
29 69
66 76
127 185
22 135
8 48
5 62
21 61
25 75
171 178
28 146
90 136
122 189
117 173
119 193
2 183
27 152
52 93
7 188
53 126
38 98
70 195
106 125
41 44
38 105
128 139
50 145
8 63
73 173
48 161
38 117
110 172
116 148
1 184
108 157
94 184
23 111
45 158
14 33
162 178
44 147
39 135
11 146
60 62
73 158
27 39
108 170
50 170
99 140
106 152
62 65
37 154
69 109
83 153
10 31
160 167
65 114
113 131
33 69
167 181
92 154
76 182
83 139
58 85
34 187
154 182
103 117
66 106
145 175
63 103
49 63
123 135
119 129
30 41
19 98
7 165
102 184
79 191
7 116
109 180
172 192
15 122
181 198
90 91
189 198
11 24
33 118
152 162
103 149
35 102
125 185
106 153
132 134
51 184
5 96
98 118
90 122
136 149
132 176
43 95
94 162
20 84
32 48
76 110
118 196
110 134
117 145
97 199
104 194
132 137
45 110
192 198
136 148
85 115
109 200
51 89
57 199
26 122
49 94
40 184
75 193
28 174
111 181
14 165
43 119
105 197
46 200
104 183
104 138
114 145
7 130
125 149
36 181
39 48
81 111
40 164
26 149
35 173
13 147
134 183
148 188
45 63
10 53
104 140
82 172
29 176
19 40
22 131
67 193
44 143
72 193
68 82
104 173
107 154
11 109
130 160
157 197
14 35
24 156
70 74
24 93
29 53
189 197
76 109
15 103
3 130
38 189
10 74
14 106
176 198
7 162
53 200
79 146
1 7
56 157
42 136
156 193
78 176
151 184
57 98
112 114
4 159
11 82
79 88
72 191
133 170
146 178
56 182
17 168
18 43
118 193
103 185
24 144
52 126
71 76
113 196
132 160
8 119
29 32
68 133
9 11
68 142
90 171
121 174
81 95
132 140
60 200
121 144
75 191
65 115
73 96
69 129
41 106
95 99
171 189
17 148
114 148
6 21
34 190
58 194
63 114
48 79
124 140
69 121
31 64
37 132
33 79
199 192
191 60
158 71
182 70
103 101
134 93
200 492 43 40
1 2 3 4 5 6 7 8 9 10 11 12 13 14 15 17 18 20 21 22 23 25 26 27 28 30 31 35 37 38 40 42 48 54 55 56 61 71 81 87 100 102 144
67 82 107 110 120 126 132 139 144 147 148 152 159 165 166 170 171 172 174 175 177 178 179 181 182 184 185 186 187 188 190 191 192 193 194 195 196 197 198 200
89 120
32 193
43 125
57 150
50 164
90 153
127 190
54 184
66 176
157 196
36 195
79 142
40 123
138 174
40 67
4 145
2 143
63 136
10 112
36 117
38 97
105 182
105 159
115 143
157 181
3 173
48 77
46 90
20 39
35 64
71 184
102 118
164 169
40 194
39 174
37 108
54 193
127 147
36 116
88 161
88 164
93 116
105 124
62 95
23 135
37 69
12 129
13 99
5 191
15 136
102 146
30 78
40 96
83 132
85 111
163 174
2 69
72 170
100 195
112 174
37 63
72 134
111 157
54 196
45 154
91 93
59 176
26 115
52 120
158 190
93 121
31 121
9 68
92 181
92 121
46 77
115 141
7 73
65 140
125 138
95 151
153 198
94 105
68 103
138 179
75 76
140 193
31 187
23 139
122 169
59 184
6 141
64 73
42 151
129 174
50 60
94 174
72 126
24 155
168 171
128 188
136 191
18 94
133 184
125 161
5 118
135 164
125 186
61 148
72 97
108 180
121 127
54 124
102 137
34 120
90 140
145 155
15 168
27 75
5 139
9 41
90 149
23 176
111 181
13 92
19 83
64 75
26 77
105 154
5 126
52 164
104 105
34 172
142 162
111 168
55 77
102 184
88 160
136 175
42 193
90 117
97 163
48 147
105 156
89 170
40 113
128 146
154 179
134 164
51 92
30 101
42 149
143 160
116 175
32 76
111 138
34 183
73 167
88 137
38 45
76 116
22 44
3 33
87 152
18 179
91 192
86 141
125 150
99 162
53 195
22 93
118 159
54 150
97 196
103 118
154 192
32 93
124 183
15 194
21 169
34 66
64 194
189 191
74 198
40 93
155 190
2 60
13 60
20 72
128 140
40 79
22 129
92 109
50 105
156 167
69 164
57 191
123 150
53 155
21 194
45 113
89 166
84 171
6 66
114 158
114 154
123 126
12 166
45 98
72 184
13 120
44 67
104 189
18 64
88 180
102 155
8 117
98 152
27 84
176 189
4 133
100 163
72 132
119 176
29 65
26 191
111 195
114 143
157 172
80 197
70 97
111 189
116 200
42 197
21 105
61 94
173 184
162 200
37 44
7 44
119 169
41 182
53 86
118 138
113 143
39 82
106 136
17 174
6 65
125 154
28 96
112 143
42 62
103 174
78 94
63 191
65 147
18 88
68 158
95 176
10 129
14 24
30 44
32 101
77 109
1 50
18 169
38 74
30 197
5 111
49 176
141 143
99 109
106 183
163 187
4 190
141 154
62 125
53 78
24 108
160 175
83 104
63 132
111 155
16 175
9 24
86 142
21 52
32 173
161 175
26 75
57 96
12 32
131 187
151 194
5 43
50 64
69 93
73 126
180 197
113 127
11 163
54 121
75 112
57 80
39 141
102 124
130 190
111 117
21 75
65 150
29 82
91 133
11 33
98 120
155 171
104 158
49 163
158 177
22 43
150 200
54 91
131 179
83 127
5 94
48 53
84 166
85 88
93 114
45 175
168 183
20 57
56 89
64 121
57 90
13 180
20 63
3 58
138 176
84 131
91 171
102 190
43 51
31 32
15 160
92 93
115 178
89 132
72 188
125 155
115 156
42 127
104 126
109 188
149 155
91 117
24 29
86 158
25 130
36 146
56 63
53 150
101 180
96 200
141 160
4 122
96 178
72 115
27 197
77 96
122 175
17 159
88 197
2 19
65 120
44 99
141 142
112 132
9 36
21 181
44 46
15 16
42 47
162 193
45 150
69 160
26 194
122 140
73 113
44 159
14 124
160 179
89 153
22 57
88 140
38 70
117 176
70 141
137 192
140 147
125 184
9 59
27 68
22 149
111 136
60 194
23 74
62 119
92 99
102 182
62 76
33 76
63 104
52 103
69 172
25 199
28 43
167 186
38 66
15 34
14 49
87 165
97 151
58 67
63 156
79 110
103 166
31 86
121 184
3 148
112 137
99 176
25 117
9 58
92 179
183 189
142 160
35 126
34 76
118 131
56 183
89 124
156 194
25 129
30 43
57 159
56 172
20 29
87 134
11 16
199 200
169 173
1 70
1 116
70 153
89 129
146 183
6 148
50 75
69 198
105 185
71 99
108 151
77 192
113 182
108 158
11 187
70 85
52 72
79 151
91 107
72 88
56 192
121 148
49 114
124 198
17 181
59 106
35 197
55 134
47 70
38 57
81 126
162 165
62 68
40 47
12 128
87 164
43 9
61 1
173 139
141 43
200 601 39 29
1 2 3 4 7 8 10 16 17 19 20 21 23 25 26 28 29 30 32 33 34 35 37 38 40 42 44 45 46 49 53 65 73 75 76 81 92 100 110
13 72 86 124 132 137 144 145 163 164 171 174 176 179 181 183 184 186 187 188 191 192 193 195 196 197 198 199 200
3 130
53 193
149 189
49 146
128 130
172 197
47 90
51 101
133 179
87 145
70 174
11 193
89 129
74 88
80 150
84 135
17 143
82 159
130 167
15 148
101 160
116 140
97 123
155 161
69 109
115 151
59 107
7 197
37 163
25 93
110 171
106 116
5 71
148 153
20 22
51 121
123 173
148 191
133 146
42 164
6 57
90 109
1 51
40 136
166 191
43 149
39 189
46 47
110 199
142 183
125 176
143 180
58 131
39 131
107 183
126 187
140 198
160 192
5 9
94 142
46 174
49 51
30 147
95 129
41 145
101 104
127 180
75 198
185 198
136 192
91 188
113 150
157 176
34 158
148 163
7 141
139 149
21 98
9 54
62 177
2 112
25 146
4 11
3 24
117 193
88 154
110 137
62 173
22 105
75 156
25 89
61 117
30 91
116 171
33 165
76 181
64 90
89 138
82 183
3 70
17 119
108 130
138 146
102 138
31 189
27 86
50 78
20 192
50 158
66 106
55 150
29 177
67 80
31 153
1 128
18 149
68 160
56 115
23 48
57 197
110 167
45 131
66 163
61 101
146 188
156 173
88 166
194 195
127 134
98 133
168 195
25 120
29 93
102 194
115 154
48 64
51 87
25 27
102 169
107 132
44 68
41 103
2 14
48 198
36 169
106 146
91 161
61 127
33 119
15 113
4 144
28 193
61 192
117 159
38 182
16 54
52 54
93 106
44 179
45 162
96 154
64 93
180 198
58 145
165 177
58 146
29 95
110 170
74 77
75 183
149 160
121 161
27 120
147 198
111 198
15 51
102 177
85 121
42 109
15 52
121 198
33 103
36 108
134 172
108 196
93 122
68 72
60 82
75 193
94 198
44 135
78 99
55 131
64 194
48 86
40 122
104 180
111 193
23 170
123 193
51 183
27 50
4 103
31 39
84 177
81 90
55 193
47 172
58 143
30 105
23 43
178 189
58 159
19 89
109 122
65 150
63 156
107 152
118 138
74 199
10 84
52 141
91 129
16 66
134 185
2 178
127 137
102 188
88 119
147 185
2 146
68 165
130 180
32 144
1 96
59 147
89 139
117 186
45 69
4 62
54 192
84 111
104 171
111 126
96 185
111 116
4 64
142 145
16 193
40 150
37 158
116 191
17 172
190 192
101 197
64 77
33 149
11 18
142 170
2 138
55 184
150 171
93 161
130 177
35 55
115 176
25 58
36 103
141 169
11 101
158 191
83 133
59 60
35 138
50 97
12 159
129 142
109 125
94 187
12 15
90 147
78 108
173 190
28 194
8 70
47 151
43 152
5 117
107 165
161 186
52 103
75 173
28 104
70 79
27 193
50 173
159 173
135 187
79 199
136 198
67 86
76 105
95 132
104 125
45 90
4 163
104 135
77 191
55 187
15 134
24 106
54 118
50 168
8 174
39 193
70 135
122 132
9 186
76 178
55 84
154 161
14 55
100 194
26 200
4 101
146 178
31 118
27 118
51 67
6 118
111 141
48 179
79 194
63 147
46 123
139 162
41 61
111 158
76 99
62 80
32 82
2 43
3 36
92 143
51 111
25 55
80 185
89 155
14 54
55 144
112 156
43 191
82 187
8 77
160 186
103 189
10 188
170 184
65 148
25 162
167 174
148 198
12 185
34 193
16 166
114 119
101 153
68 197
157 167
154 180
142 194
12 83
15 181
18 187
58 71
78 193
136 141
89 167
15 165
62 126
84 119
36 95
17 149
58 107
101 177
126 163
32 102
112 113
54 89
53 198
126 168
52 156
94 170
68 124
112 143
106 166
75 137
152 197
160 194
59 86
91 199
25 156
35 60
133 200
120 184
129 181
148 150
81 166
17 67
162 182
101 107
73 166
28 165
52 94
30 51
11 86
60 109
45 138
37 43
52 168
11 60
110 158
167 181
55 98
152 175
40 89
9 120
97 122
102 137
36 58
5 181
84 105
110 177
109 172
76 161
182 192
95 171
40 69
20 199
152 180
87 159
99 141
65 183
104 152
133 193
162 178
162 176
18 191
44 63
99 109
107 122
19 51
7 192
28 149
43 51
74 134
102 157
56 112
42 108
133 153
95 99
46 62
84 164
10 184
123 200
43 82
68 200
30 55
65 191
119 167
66 77
51 161
161 198
91 175
44 136
20 171
74 113
41 115
24 88
32 162
2 5
8 13
37 144
116 170
169 172
6 122
33 52
153 195
37 180
190 199
155 176
154 184
18 99
52 115
57 96
151 172
46 107
101 158
165 191
94 128
30 108
31 190
87 180
11 41
41 54
82 116
112 173
34 102
90 179
43 189
54 199
119 129
140 155
107 124
175 179
19 187
101 140
20 131
18 64
15 59
21 183
24 78
3 6
45 129
166 181
5 135
60 119
129 178
106 164
8 127
96 163
42 91
99 187
39 62
23 31
111 117
27 182
52 59
48 191
10 72
81 91
14 123
7 12
109 161
157 168
114 171
74 90
61 85
134 138
131 188
95 192
49 52
75 114
123 145
103 155
78 187
121 175
99 168
60 188
67 101
80 146
125 163
74 107
46 119
87 171
54 67
123 177
143 183
71 74
55 168
12 95
47 126
44 56
189 190
9 78
105 153
35 133
57 82
131 191
190 194
5 47
60 174
50 189
101 137
50 55
83 152
29 141
73 78
55 107
56 104
9 180
10 200
51 64
80 176
177 200
152 163
21 175
17 104
196 92
75 70
135 116
200 536 39 37
1 2 3 4 5 6 7 8 9 10 12 13 14 15 16 18 22 23 24 25 26 27 29 32 33 36 39 46 47 50 51 54 55 56 62 64 75 76 93
16 37 58 72 110 122 126 132 141 143 148 151 160 163 164 166 169 170 177 178 179 180 184 186 187 188 189 191 192 193 194 195 196 197 198 199 200
77 185
57 191
98 120
92 200
32 101
61 122
76 154
24 91
6 185
9 105
76 168
53 173
56 122
73 80
23 121
165 171
130 140
97 186
34 41
33 157
35 112
56 125
38 189
59 179
51 182
80 87
59 70
50 115
54 66
25 167
174 199
185 194
130 195
80 146
44 166
29 144
4 184
81 145
25 100
53 80
13 96
154 163
75 96
116 158
139 163
70 91
47 166
15 21
133 190
60 85
153 165
29 49
49 59
39 163
2 80
121 135
36 130
2 141
125 197
112 197
97 109
33 193
83 145
114 124
182 197
43 125
97 104
98 160
3 48
134 193
12 43
158 166
32 161
62 161
11 135
13 95
92 152
87 141
127 176
103 140
55 191
57 184
85 94
50 74
117 169
93 143
111 167
32 130
121 178
95 184
106 166
111 147
113 162
34 52
7 156
50 180
88 106
112 129
31 177
12 20
77 196
183 191
55 170
115 167
62 147
48 157
21 73
4 59
167 200
47 113
36 182
103 124
156 159
175 198
44 119
3 120
82 97
142 190
103 161
31 85
108 154
123 168
27 127
4 63
136 192
79 122
171 177
159 196
56 177
90 154
11 122
79 96
69 89
147 187
137 143
59 199
45 104
161 165
47 100
1 137
46 80
87 136
32 99
4 149
30 77
39 143
111 191
20 77
13 127
81 92
29 181
44 186
171 190
65 152
39 170
75 182
76 177
89 193
10 88
33 133
140 165
36 156
27 194
98 161
23 183
100 198
11 102
153 160
4 139
44 145
98 184
3 196
26 30
24 171
98 130
5 121
121 192
100 136
138 177
60 140
92 179
20 145
28 187
87 167
33 84
54 60
131 189
54 188
79 110
114 153
147 175
88 155
57 165
56 181
64 121
68 114
24 185
84 165
20 167
20 113
78 83
10 171
4 70
83 86
146 160
65 80
73 149
85 139
30 172
66 71
33 195
28 159
40 186
4 171
80 128
91 126
38 166
61 169
105 155
69 80
155 158
10 118
49 197
167 199
15 84
62 88
57 137
155 190
101 128
106 117
17 58
117 134
128 131
81 175
175 194
181 188
173 199
32 168
80 159
124 181
134 192
66 125
88 170
59 135
86 146
82 195
32 135
33 175
84 132
49 65
107 114
66 195
134 148
99 140
63 172
152 191
54 164
75 154
157 170
106 108
129 136
22 113
112 142
134 195
32 174
14 72
32 69
4 97
42 163
101 173
70 188
157 177
2 189
90 142
52 128
22 196
13 103
157 191
34 162
116 144
59 123
112 157
32 163
1 138
12 186
54 88
2 151
92 124
4 157
8 161
98 199
65 124
50 181
162 189
74 98
43 113
125 131
36 37
135 137
7 189
38 132
84 170
36 99
66 139
6 152
120 148
51 99
50 84
99 191
54 195
105 181
3 97
25 119
50 162
93 141
131 178
86 136
9 44
109 135
88 111
55 106
26 143
4 122
1 125
150 183
29 130
87 103
161 180
176 182
103 190
70 170
84 92
63 89
145 200
22 181
71 195
47 160
56 120
93 126
104 117
51 170
27 189
94 140
1 191
92 166
75 114
84 121
109 165
85 152
20 200
33 77
3 94
117 151
9 147
139 200
52 74
82 110
119 126
102 187
84 187
146 148
19 31
62 77
51 70
63 176
48 139
4 53
1 176
35 102
67 146
24 178
53 81
8 106
53 139
77 79
172 198
69 170
101 117
18 199
10 150
41 109
119 129
4 11
41 151
31 184
18 90
8 163
1 40
55 199
26 140
150 181
101 120
106 199
123 165
87 193
9 200
70 122
74 146
93 145
26 186
112 145
6 187
153 199
161 177
158 188
98 170
60 169
51 127
42 99
43 69
20 160
52 130
101 183
131 143
47 111
161 186
11 153
18 128
65 146
115 188
104 183
30 162
5 67
60 121
131 175
82 129
102 127
29 34
55 111
22 79
3 99
21 181
9 28
107 198
15 66
89 142
25 113
171 195
7 176
101 121
91 98
17 19
108 189
20 140
55 60
113 186
123 142
30 117
105 161
45 57
117 178
134 145
23 40
27 159
78 171
3 98
57 198
109 148
49 78
29 135
168 185
116 192
15 17
36 58
128 149
52 95
11 19
76 136
101 199
144 200
47 107
29 179
9 82
53 83
149 171
114 171
38 188
91 148
29 139
102 174
190 193
174 184
82 189
45 68
44 131
11 151
34 70
83 136
79 158
120 194
144 184
60 184
4 195
33 117
46 191
23 45
115 146
41 154
118 173
71 186
81 197
33 35
165 196
79 97
73 150
109 160
97 122
133 136
22 38
102 166
114 159
61 175
63 99
107 133
103 162
14 42
55 90
60 61
18 74
79 181
48 92
85 176
68 154
117 157
32 185
83 148
24 112
48 146
96 116
148 66
148 11
176 117
78 39
148 118
123 97
180 155
200 448 51 42
1 2 3 4 5 7 8 9 10 11 12 13 14 15 16 17 18 19 21 24 25 27 28 29 31 33 34 35 37 39 40 41 42 43 44 45 49 53 54 55 56 65 74 86 91 103 104 108 124 162 197
6 42 43 47 117 119 120 122 133 135 142 144 149 153 159 160 161 163 166 169 172 175 176 178 179 180 182 184 185 187 188 189 191 192 193 194 195 196 197 198 199 200
145 156
186 190
58 140
45 173
51 94
12 142
151 164
110 135
65 192
104 105
112 164
95 164
121 189
2 133
111 200
174 176
16 61
10 170
45 78
14 23
114 187
60 129
86 93
96 148
26 51
93 149
83 95
156 166
177 198
90 101
118 191
41 199
46 52
63 141
146 150
44 176
148 191
8 173
158 196
114 177
17 117
24 172
121 186
44 168
18 90
134 155
63 172
83 111
26 118
110 145
63 67
17 89
67 159
76 93
145 151
1 160
146 178
183 189
82 112
99 150
150 185
111 139
91 179
75 94
106 109
100 127
105 170
77 83
51 177
95 130
34 47
51 81
65 163
37 57
123 131
92 176
91 176
157 192
46 142
99 185
26 32
97 105
38 167
64 183
150 189
19 48
2 47
139 143
37 179
93 126
111 155
31 154
106 192
25 117
59 85
38 64
27 166
56 198
45 161
26 100
164 191
18 172
4 26
93 107
24 59
13 117
62 88
77 172
124 185
14 190
83 156
35 105
50 135
87 123
23 46
92 157
86 102
3 78
25 115
99 102
49 107
76 178
70 115
50 118
92 139
1 105
20 48
11 20
146 152
111 128
52 60
95 136
48 80
115 200
45 172
71 179
30 131
27 194
85 100
53 119
87 97
155 167
56 102
98 174
29 138
61 95
146 170
41 76
14 152
64 158
137 181
17 146
14 112
103 160
99 120
12 47
171 185
81 119
82 118
81 173
65 72
20 46
1 58
143 165
19 143
36 52
39 141
113 158
62 77
9 199
55 179
164 200
140 166
83 90
70 186
5 77
93 171
111 156
123 173
73 95
96 156
52 191
74 101
60 66
11 75
46 107
173 179
56 164
3 84
18 99
80 92
32 50
86 92
102 131
99 136
29 90
34 146
154 199
67 100
21 186
24 135
147 157
26 170
22 100
143 170
52 160
83 96
116 150
106 111
32 57
124 200
65 137
71 156
29 199
157 174
69 158
13 199
60 164
73 110
1 20
30 92
190 195
145 153
105 164
110 149
33 194
68 188
28 90
45 62
121 191
131 166
123 153
126 173
66 132
97 134
116 195
91 173
52 129
63 84
109 137
113 177
51 78
57 122
138 180
102 121
46 182
10 71
148 151
91 190
33 183
112 139
58 133
46 84
129 135
136 165
60 136
145 168
11 174
83 184
9 50
109 116
71 107
89 144
109 146
128 181
167 185
92 96
74 175
87 152
62 64
87 120
139 173
5 59
77 113
165 177
20 127
72 105
95 137
40 182
84 98
36 110
86 133
88 152
143 185
107 134
152 186
113 184
17 145
109 126
65 135
148 163
136 181
44 200
98 139
80 169
62 189
35 97
72 195
29 160
25 36
59 70
44 51
30 183
125 149
110 195
92 109
40 132
168 185
100 139
95 117
14 176
52 154
96 127
101 154
65 123
17 193
21 191
66 127
61 171
46 51
13 116
29 107
108 200
90 142
51 198
18 38
5 158
27 149
107 176
107 161
22 69
131 187
95 182
83 118
140 188
110 174
81 111
59 93
73 101
129 145
82 98
69 138
32 90
31 92
44 137
88 97
94 186
167 176
19 73
54 147
65 101
7 194
74 141
5 6
156 165
31 121
16 30
130 146
81 106
66 120
17 22
102 158
150 156
99 125
77 142
132 193
56 69
109 165
162 180
55 114
14 169
9 178
170 181
86 196
111 143
98 158
125 156
109 130
157 158
92 153
10 92
51 170
92 127
81 132
12 67
9 82
44 195
7 188
37 139
87 193
164 186
34 170
79 146
124 142
52 98
136 172
143 159
27 175
186 199
16 79
137 141
66 83
78 141
118 158
16 184
18 93
34 116
25 95
71 138
59 95
77 110
32 63
74 126
5 22
29 177
45 98
31 60
36 62
9 151
15 122
105 151
38 165
56 133
141 198
56 123
92 182
65 113
45 50
112 153
56 182
88 179
103 138
63 179
145 170
181 187
131 141
127 191
24 132
105 134
36 165
82 185
148 159
46 87
32 149
63 68
106 184
22 30
30 147
