10
200 5000 3 2
1 3 11
193 200
153 172
120 170
60 115
7 117
159 193
93 182
106 157
121 193
23 153
2 169
43 45
95 175
40 89
75 81
14 65
66 85
7 65
87 119
70 171
3 108
4 41
178 192
86 199
129 200
96 155
38 181
25 119
28 149
83 168
88 137
71 121
127 167
111 127
121 186
13 184
100 162
65 172
100 142
3 71
93 111
68 123
80 98
44 45
39 161
55 193
108 142
73 128
8 34
105 110
42 52
135 150
109 141
96 181
43 80
49 177
77 174
70 156
22 31
37 112
97 175
4 161
122 159
21 187
143 186
79 126
157 171
31 163
5 19
26 46
115 165
113 191
48 73
101 195
29 135
9 25
51 166
81 198
99 114
169 189
14 103
69 141
65 91
138 162
163 174
92 152
24 68
51 115
53 146
56 74
40 69
72 175
42 149
94 117
29 200
64 176
119 146
140 167
95 160
11 74
111 133
116 118
77 158
33 101
94 172
64 139
3 30
97 127
58 77
114 173
6 85
126 194
90 177
26 52
17 143
9 97
7 27
95 126
115 172
126 198
65 174
30 150
83 145
93 100
161 162
140 198
24 199
52 79
168 179
197 200
155 166
19 96
41 52
161 190
30 98
145 174
78 90
19 131
3 159
115 130
104 161
34 106
115 140
38 194
152 177
29 104
2 13
120 138
57 192
107 134
13 69
161 166
86 120
18 167
81 148
49 99
22 171
115 119
2 145
57 190
15 132
123 168
54 60
35 40
85 181
160 195
67 147
3 26
165 170
40 133
90 135
161 198
147 182
159 175
98 146
60 141
32 67
135 189
98 195
11 115
86 197
50 186
63 172
154 173
10 70
156 175
180 184
18 103
97 157
9 116
128 170
57 92
8 22
12 49
97 113
87 179
60 70
160 185
87 156
7 198
7 113
44 131
96 198
108 120
64 124
85 187
161 196
115 192
43 92
134 158
94 99
144 165
161 179
138 169
16 122
6 42
79 164
52 164
90 102
42 128
19 71
30 91
103 196
91 163
129 176
85 128
58 185
61 99
158 183
19 176
88 144
90 109
65 85
46 136
15 45
17 95
56 142
4 152
82 165
13 130
110 144
57 178
128 159
50 120
72 139
78 109
108 177
7 114
21 157
32 151
21 83
124 188
1 181
104 143
43 141
145 172
5 135
40 168
137 199
55 119
28 35
164 185
20 190
139 176
18 161
37 198
53 187
55 117
138 160
117 173
61 115
32 165
51 114
6 139
87 187
122 123
29 196
131 141
21 34
42 66
60 144
118 124
6 77
56 59
47 164
92 118
85 100
123 143
36 173
135 190
35 38
48 198
62 147
67 83
80 109
78 138
49 79
27 86
7 44
59 148
66 98
17 157
84 93
100 133
36 148
167 184
101 131
5 70
91 158
25 168
46 113
59 168
57 182
112 177
44 178
119 122
21 45
63 75
93 155
94 110
166 187
32 109
82 148
62 182
39 43
36 170
162 163
129 170
93 107
94 169
25 31
106 156
138 143
35 120
13 135
84 197
155 179
14 93
21 25
28 101
90 140
82 198
64 71
37 104
44 114
46 126
45 161
34 116
163 196
84 192
124 133
86 148
7 82
186 192
1 142
110 148
107 119
2 159
65 129
101 185
130 135
144 178
41 77
23 30
58 195
35 70
58 190
21 67
69 159
111 194
34 53
47 96
164 173
2 49
150 166
77 148
67 174
84 164
129 198
3 103
43 56
50 156
41 65
155 195
68 181
107 187
95 193
30 187
91 181
117 134
70 140
5 113
111 174
44 94
94 95
97 180
188 193
80 91
24 92
78 164
106 179
9 139
133 173
72 190
71 146
28 168
39 127
86 104
2 132
65 185
113 189
13 167
113 114
16 42
136 150
77 107
117 179
38 109
22 107
104 172
109 176
135 147
123 136
136 195
62 128
99 183
67 153
64 78
28 40
181 198
12 102
103 140
78 139
44 121
121 180
90 116
173 200
184 185
105 157
105 168
86 183
48 68
28 98
21 181
56 198
38 110
72 77
24 154
19 143
10 110
26 173
12 183
84 121
75 82
124 145
74 152
126 141
70 124
94 177
85 95
119 121
35 73
17 71
71 107
59 179
155 175
16 139
50 140
104 177
19 108
144 147
93 149
90 173
53 167
130 166
47 119
92 142
110 119
163 192
89 126
50 77
27 148
112 150
138 148
151 184
67 75
95 152
57 161
163 187
6 66
96 106
138 168
33 91
2 54
25 63
9 136
29 45
14 162
97 152
94 131
163 172
91 179
10 33
127 163
15 150
96 179
85 92
13 36
116 119
42 119
24 188
127 166
83 131
55 66
101 192
56 64
6 134
11 136
101 122
12 119
43 93
115 120
56 60
72 144
28 141
50 142
75 158
1 48
28 131
120 182
174 192
163 200
118 132
107 144
187 199
79 96
60 154
150 176
33 106
113 139
128 182
27 122
184 200
172 192
99 100
150 152
138 186
29 150
19 86
35 86
63 82
84 173
116 158
69 136
3 104
44 127
33 192
93 165
46 180
16 104
112 132
30 174
2 78
37 149
144 167
134 161
108 169
21 153
92 99
53 174
74 197
12 21
116 143
43 183
65 197
181 200
7 122
63 86
129 188
154 158
74 135
57 172
32 167
26 139
154 194
63 187
12 152
113 131
26 190
9 30
40 68
150 179
31 38
175 186
10 52
16 199
39 171
72 91
36 67
23 63
80 85
66 188
11 195
32 160
37 54
53 66
67 183
34 57
67 89
28 91
39 51
100 174
52 179
89 114
25 79
68 77
122 129
161 181
3 176
148 157
7 183
58 154
45 197
11 126
12 55
1 77
28 107
4 138
88 190
50 111
50 80
106 176
66 115
30 104
17 167
37 114
77 188
32 68
135 171
94 158
48 145
21 104
94 152
93 146
5 114
33 85
27 28
3 156
32 123
50 76
31 120
66 173
82 172
134 137
108 128
146 152
73 75
61 177
42 67
14 160
28 126
24 117
14 19
46 157
20 159
56 153
31 113
126 167
28 158
124 186
109 147
115 150
39 192
35 87
12 147
109 146
7 71
54 61
86 177
47 61
5 167
131 136
10 154
53 78
130 161
3 180
192 197
18 117
103 173
62 64
91 165
97 197
49 94
88 93
4 165
178 182
7 21
29 129
101 172
12 26
88 152
94 118
111 118
97 138
141 200
68 112
39 90
8 152
81 145
67 165
69 151
60 77
11 93
62 133
2 100
37 132
116 150
98 142
144 152
37 65
31 152
53 185
100 189
62 121
100 194
9 10
21 154
18 121
1 93
32 156
63 80
151 185
150 168
172 184
49 69
64 130
90 199
92 122
37 95
62 101
112 113
97 123
68 100
48 194
19 109
101 115
98 128
80 81
111 179
24 67
181 190
37 100
94 116
38 156
62 125
60 185
62 113
3 178
32 179
68 167
46 77
33 166
106 177
75 159
30 69
67 109
182 188
13 156
169 196
142 151
28 189
86 180
87 165
56 145
28 195
11 125
114 117
56 72
20 100
147 199
36 76
48 130
35 185
24 76
132 134
70 185
12 198
106 117
65 83
22 100
88 89
102 124
2 58
146 180
11 108
109 145
77 138
15 107
83 121
30 77
7 50
3 52
171 177
112 192
106 140
95 116
73 110
25 199
16 93
98 187
35 142
96 151
9 186
112 180
65 109
85 136
27 29
6 151
88 159
83 94
26 79
105 144
108 147
53 68
71 172
98 168
128 138
131 151
23 48
113 170
109 126
134 162
163 199
90 100
3 4
110 145
80 138
47 133
138 198
126 133
50 65
61 136
81 138
101 116
139 151
194 200
31 175
13 21
2 134
17 61
10 31
10 157
4 10
122 165
99 179
21 161
29 41
16 175
146 194
35 122
1 86
198 200
115 152
31 36
96 142
20 105
57 74
32 65
31 129
28 160
166 190
116 191
58 186
27 98
142 166
87 112
24 171
104 169
42 182
28 184
105 195
76 111
66 190
176 189
64 179
67 93
23 35
40 52
65 71
78 199
10 148
51 55
104 165
82 131
10 143
11 22
127 193
93 156
97 160
27 144
109 188
101 194
65 84
171 178
121 199
27 37
103 176
10 176
55 128
47 149
9 90
25 86
40 104
28 90
11 182
50 172
105 177
140 150
101 145
13 58
87 191
56 107
70 114
87 116
74 100
22 194
157 180
58 143
84 185
3 24
7 124
45 113
66 142
9 93
98 114
22 85
146 158
116 174
3 101
43 200
15 71
28 41
30 93
54 81
36 100
88 105
58 112
157 190
45 102
119 158
69 146
88 100
84 193
93 125
68 150
132 138
65 96
6 106
134 186
148 187
2 161
121 195
79 131
85 148
77 142
4 94
11 162
89 177
27 172
12 52
89 92
56 155
35 72
81 82
98 108
13 50
181 186
11 57
22 187
153 171
1 89
57 113
39 92
53 170
47 91
76 148
17 198
106 174
38 134
15 137
88 91
80 84
172 178
100 117
19 132
41 103
62 181
43 83
86 196
33 160
86 157
123 194
151 156
29 184
36 111
65 93
25 166
176 183
2 86
75 157
97 200
22 144
88 175
63 71
66 105
100 143
51 185
182 185
17 149
141 173
12 35
111 131
55 157
163 166
36 150
117 148
157 199
102 138
67 71
40 175
33 73
74 182
17 90
132 181
141 149
75 142
161 172
140 179
5 125
108 187
76 107
139 181
19 26
64 101
73 172
79 182
38 68
2 44
34 169
51 179
13 98
136 152
90 127
116 166
92 138
30 82
2 150
11 105
140 166
67 138
109 165
18 96
55 129
49 52
122 134
162 193
39 80
10 58
38 113
55 102
110 115
23 168
17 36
114 183
116 196
151 200
162 190
127 133
88 163
17 106
39 86
93 193
158 199
101 189
96 184
34 194
41 93
84 143
77 97
33 105
85 155
54 198
43 108
110 200
51 56
71 197
12 135
130 168
171 188
21 146
60 109
38 106
133 147
105 115
8 112
173 175
92 123
96 167
88 165
13 134
32 154
180 190
1 148
90 154
82 87
124 182
23 192
22 116
29 88
19 67
22 98
58 168
60 175
199 200
13 129
120 146
21 114
29 91
60 189
8 30
76 159
60 98
142 165
173 181
95 115
50 146
69 195
148 182
164 171
7 192
1 8
48 75
9 63
62 116
132 140
63 145
128 177
101 164
73 134
85 110
147 157
101 103
43 145
38 140
79 168
56 108
38 133
68 89
61 165
189 191
5 138
90 104
102 118
71 87
24 78
64 128
83 143
93 191
156 168
141 178
84 153
51 124
93 106
88 164
149 173
76 108
121 156
8 54
55 116
145 146
116 167
92 200
157 175
119 180
57 125
102 133
72 122
16 168
49 51
153 178
1 124
1 2
118 130
39 165
60 137
123 131
83 119
18 76
73 86
2 36
51 145
123 125
158 175
139 163
25 75
47 185
26 77
56 98
64 83
108 152
147 165
8 56
32 125
94 128
2 88
81 124
42 199
8 75
1 131
43 187
142 149
36 71
89 122
41 86
125 139
5 62
53 164
101 167
92 129
111 138
6 23
92 93
97 148
17 76
181 189
28 177
84 195
6 143
59 199
64 96
57 93
10 155
83 120
100 116
51 122
153 170
67 170
118 155
85 94
26 51
17 123
21 23
107 137
36 198
28 110
113 163
52 58
97 163
5 171
166 198
129 192
96 170
40 186
120 132
117 188
131 149
163 177
89 120
90 141
34 117
49 167
94 154
164 176
1 26
41 132
111 178
2 48
84 148
10 183
121 151
112 146
27 58
70 97
61 170
84 200
94 164
47 110
20 25
176 199
4 64
27 108
89 155
33 155
19 45
173 195
44 167
143 195
149 170
3 197
46 118
76 155
43 147
93 188
41 176
55 90
22 97
86 102
83 118
133 164
66 191
72 129
115 197
5 93
11 199
62 140
26 186
34 82
97 149
87 107
74 97
130 144
60 169
18 189
100 105
30 111
89 171
24 184
59 64
54 153
1 73
27 150
25 177
101 110
12 36
69 198
100 101
158 176
1 34
2 128
97 167
95 167
14 178
176 200
67 115
4 77
51 172
9 56
86 167
64 121
48 122
141 188
168 183
118 183
4 115
93 150
70 77
17 103
14 168
84 90
35 126
156 187
66 196
72 174
19 164
124 131
20 79
118 191
45 170
21 163
86 176
80 94
81 149
71 90
171 187
44 160
9 107
4 26
104 150
55 152
122 130
90 155
149 172
17 132
65 168
60 160
9 105
38 114
105 150
106 108
135 155
114 168
58 198
57 91
99 103
125 190
104 132
24 80
63 84
89 90
17 179
96 130
130 170
101 182
2 34
165 182
1 171
75 171
153 167
155 159
13 87
94 150
20 147
49 110
87 186
187 188
110 171
89 141
23 167
144 163
3 171
37 48
137 150
100 112
25 47
70 89
125 129
69 104
75 191
3 97
83 195
172 176
8 129
93 164
12 83
17 173
174 199
177 183
8 88
29 144
104 190
44 126
137 166
10 194
72 198
8 160
103 106
4 192
100 180
63 149
74 162
100 166
25 68
40 80
185 188
145 185
10 71
102 164
41 83
84 157
64 115
115 125
73 147
34 81
31 46
17 46
32 181
42 157
81 162
107 191
68 136
63 130
4 47
69 108
132 148
73 118
26 83
133 149
11 88
178 180
57 122
159 181
130 134
8 155
85 189
142 185
2 147
147 175
17 79
41 136
5 156
8 47
196 198
147 178
83 150
8 23
93 114
93 198
44 81
26 47
154 155
79 169
5 192
45 93
103 148
39 168
19 191
3 141
63 175
80 145
75 128
88 136
126 178
14 40
32 57
22 163
27 179
106 163
60 124
150 177
10 112
93 128
85 152
54 77
97 186
84 92
56 170
29 167
33 185
4 116
64 172
58 92
109 168
113 146
67 150
33 198
90 193
6 128
21 94
139 197
104 170
99 102
37 177
62 145
80 173
30 110
81 103
155 161
62 110
179 187
20 135
15 193
150 155
97 122
25 154
102 155
97 173
81 175
47 188
79 100
116 152
48 190
91 174
28 191
61 154
131 181
38 50
5 111
59 155
24 121
57 150
16 154
16 20
7 111
21 186
166 197
29 198
40 116
116 176
18 166
81 190
21 140
116 185
35 66
21 58
43 185
88 134
102 113
133 177
96 110
96 117
105 114
85 184
121 168
40 114
23 94
55 185
12 78
29 109
70 123
60 90
113 192
34 125
89 179
96 103
1 36
69 124
6 32
127 140
126 157
53 136
58 199
117 129
30 151
70 173
92 158
7 58
44 52
47 126
151 168
67 123
28 136
33 136
167 172
6 152
19 174
85 130
9 19
141 148
40 148
57 120
23 127
154 156
84 130
73 120
28 71
103 183
53 93
175 179
19 106
51 176
91 131
57 139
109 184
42 83
40 110
38 148
32 89
116 190
10 56
13 193
49 148
36 139
163 165
103 197
165 192
95 121
153 198
46 96
8 165
82 168
125 178
46 185
104 121
4 18
38 70
140 186
102 125
195 199
33 86
81 130
41 102
57 146
134 181
51 90
120 154
34 78
89 195
85 131
120 141
121 125
15 79
29 194
1 165
4 19
73 126
83 146
72 74
34 197
12 93
85 125
76 84
10 87
99 124
61 106
60 139
92 181
134 182
89 192
9 82
17 74
31 150
4 143
74 121
96 115
86 159
67 119
109 115
39 48
49 93
29 40
112 196
158 186
123 191
65 175
26 103
99 186
98 110
97 194
77 199
86 152
7 88
2 165
45 179
68 132
164 174
92 131
39 145
44 139
59 115
138 176
24 144
39 104
1 122
186 195
31 170
81 123
3 148
101 142
5 88
108 130
55 147
55 98
78 188
56 146
54 163
20 177
61 131
18 91
72 125
150 189
106 136
110 197
69 106
10 94
42 168
87 117
47 77
85 140
7 22
116 188
71 100
66 149
50 158
157 188
26 134
22 36
99 185
99 104
8 177
26 182
41 196
28 38
25 133
95 133
92 195
24 45
131 176
100 176
126 191
43 194
78 147
105 155
80 183
51 133
31 63
88 99
69 188
137 189
111 157
19 116
146 165
99 164
128 139
68 84
67 96
97 105
15 59
70 117
12 24
100 132
88 126
69 176
93 142
9 98
152 174
3 151
61 100
2 69
90 198
48 195
24 61
21 178
56 181
31 105
135 156
126 171
40 142
65 131
29 182
29 62
178 181
62 196
53 91
100 118
114 182
38 170
49 105
125 200
27 128
54 130
48 149
96 193
62 151
162 183
47 113
78 105
54 136
181 195
30 196
59 194
43 192
122 144
22 115
100 168
126 143
42 58
19 149
15 117
178 188
105 198
64 200
2 110
41 144
8 68
81 88
75 196
100 164
80 118
97 109
6 84
70 108
126 174
150 169
105 187
12 128
128 149
36 177
124 175
102 193
90 187
61 180
24 190
129 185
149 165
165 189
19 87
51 162
109 169
2 181
35 145
49 157
61 130
19 126
13 53
48 56
13 123
52 140
63 77
48 115
137 151
3 163
156 179
145 151
138 158
36 115
130 179
23 44
28 139
83 128
22 188
101 112
3 122
4 126
132 160
28 97
102 199
34 55
46 68
110 118
23 79
144 197
50 118
114 126
16 196
36 77
140 199
136 189
81 144
115 180
116 194
80 135
58 66
153 174
82 99
37 139
7 78
95 146
60 132
72 149
177 184
188 199
11 50
53 81
64 69
9 23
41 110
146 175
59 118
35 59
143 170
114 143
8 32
95 112
82 129
92 170
3 102
104 152
154 160
112 167
85 174
94 106
40 147
75 176
7 173
45 50
49 152
119 150
11 97
76 94
88 131
24 109
29 61
34 120
57 66
6 68
66 198
29 127
21 75
128 148
76 168
20 149
47 135
140 163
83 181
115 118
4 85
11 188
22 54
17 155
102 123
103 175
39 136
165 166
25 89
49 50
20 144
40 184
103 147
34 159
31 90
68 131
118 173
90 194
35 52
67 73
54 110
164 200
92 103
104 156
42 117
10 48
121 165
48 187
24 87
34 144
85 171
134 178
25 67
82 130
104 147
111 135
129 162
135 181
5 9
71 184
133 198
31 147
76 160
17 186
73 149
119 138
35 78
114 181
45 77
56 134
70 187
38 177
115 196
87 94
124 144
133 170
8 33
81 87
147 188
152 181
64 88
20 119
22 88
109 192
67 141
51 138
171 174
39 200
45 110
57 102
5 47
27 82
25 49
64 163
15 105
51 106
134 154
185 199
130 185
101 121
21 92
73 123
23 65
171 175
50 122
106 191
148 174
5 79
72 115
54 91
5 43
64 123
41 134
51 129
154 179
81 167
116 165
4 8
177 198
33 153
54 182
148 183
21 59
61 88
57 179
58 145
86 118
186 193
145 178
33 152
53 120
3 152
99 137
31 40
29 191
46 190
80 99
34 191
136 164
164 198
50 168
103 110
95 136
7 34
187 189
27 73
3 7
31 126
33 76
154 172
14 85
162 167
36 46
183 187
4 145
59 154
149 189
51 136
112 149
27 36
78 108
101 123
57 185
132 157
75 182
81 174
11 64
8 79
132 163
165 200
149 183
45 162
110 116
58 156
53 138
17 41
12 67
117 160
67 122
171 183
143 185
18 112
102 110
152 182
74 146
50 199
27 85
57 170
48 93
32 50
40 45
149 179
80 147
145 163
151 164
129 179
93 95
6 183
119 171
77 144
39 196
110 196
95 198
4 17
69 82
11 60
7 106
140 197
18 137
155 197
13 132
40 74
60 188
91 193
31 176
45 97
34 58
41 165
47 179
30 132
20 191
21 41
9 193
177 186
117 146
131 175
89 133
12 157
51 177
192 194
40 96
124 195
182 200
79 179
111 160
98 150
74 144
38 64
40 150
50 190
27 50
100 165
158 181
141 153
2 180
42 146
168 169
102 148
179 199
51 131
21 141
73 162
137 161
13 186
1 150
24 43
63 189
123 182
120 161
99 115
109 136
112 187
86 142
35 53
61 140
137 178
38 137
21 71
60 69
17 148
16 62
76 199
57 94
97 112
23 32
18 70
16 143
88 187
11 142
42 98
72 171
98 170
102 156
57 199
19 48
43 51
161 194
124 150
101 130
3 49
79 81
77 122
55 178
39 102
101 132
33 67
177 179
89 193
99 182
114 155
1 106
51 112
146 166
137 182
125 155
160 177
37 159
132 185
125 132
13 198
128 155
132 156
77 111
75 175
72 188
78 198
58 179
139 157
10 168
18 65
145 164
162 174
73 113
65 150
89 95
88 145
36 41
7 168
79 132
87 134
29 154
148 198
64 160
170 193
12 68
106 132
88 121
13 48
38 107
147 169
71 132
49 174
141 197
14 46
121 197
87 169
137 157
136 149
108 112
70 198
20 45
50 165
27 131
55 197
92 145
16 88
148 156
153 189
17 24
10 128
126 148
16 38
96 171
124 148
134 171
157 191
130 191
68 191
150 199
67 171
139 174
40 166
42 61
25 162
16 110
73 114
102 107
61 129
47 197
15 192
93 138
37 128
95 96
118 156
144 172
34 157
90 105
147 154
12 180
98 117
17 166
138 200
55 199
23 128
50 163
99 192
63 178
157 189
27 147
61 128
117 161
31 107
19 99
85 104
14 194
90 118
140 162
122 174
119 130
24 189
40 136
8 42
67 118
15 185
59 62
25 90
40 158
136 177
23 61
7 8
42 57
58 84
47 156
73 107
3 130
16 44
31 49
66 183
99 125
94 200
20 185
71 103
77 129
5 36
138 159
90 99
26 184
29 136
37 117
4 147
35 36
8 80
69 71
84 106
60 117
29 34
90 163
6 191
69 116
46 72
26 96
98 174
12 175
125 185
23 165
49 102
26 80
16 89
21 189
15 171
106 151
145 152
98 140
123 161
46 137
40 119
155 167
47 198
105 164
133 174
101 200
129 168
4 198
76 137
116 151
20 34
53 64
81 155
111 193
159 186
10 116
77 166
69 70
44 69
106 164
76 121
133 188
56 83
103 112
25 173
80 130
5 72
2 89
23 89
67 110
45 190
50 196
13 118
81 131
161 189
25 51
44 47
144 149
103 191
66 175
66 87
96 147
4 176
116 195
35 172
31 93
24 127
55 75
36 37
119 148
9 46
49 103
54 157
4 179
81 195
57 168
56 176
16 61
90 92
9 14
62 94
131 152
192 193
12 69
49 164
106 181
176 198
81 199
87 96
85 168
41 146
122 149
48 76
63 100
28 122
178 187
96 105
24 62
75 190
20 41
95 178
23 194
24 65
30 115
106 115
187 192
62 65
27 42
37 167
7 31
142 186
79 152
70 122
26 128
115 194
101 141
97 174
5 96
98 190
80 125
97 145
176 190
25 126
97 116
127 176
1 160
65 77
16 54
73 138
161 168
8 78
69 109
92 161
149 150
84 163
158 166
59 96
14 126
23 101
38 196
62 91
39 63
18 157
142 195
33 115
88 133
28 37
35 174
46 188
82 127
53 96
18 110
59 99
54 193
54 129
86 186
86 112
17 99
56 115
90 146
42 187
117 169
46 160
48 156
98 125
128 141
100 163
36 131
139 153
58 193
77 153
34 72
112 170
12 167
26 125
110 160
25 134
12 199
91 152
94 195
167 195
31 96
32 193
143 189
109 119
86 169
6 121
32 132
52 103
89 156
37 88
39 156
15 188
117 174
39 56
73 198
172 174
152 165
54 121
91 167
61 93
12 173
67 176
40 106
35 111
172 190
127 147
59 100
31 42
8 194
141 194
59 105
160 189
145 191
99 146
2 52
136 148
145 197
135 169
87 195
26 167
94 119
131 179
124 161
114 163
25 69
24 27
111 162
98 172
93 102
14 31
49 119
160 173
181 197
49 76
73 127
4 106
121 146
13 137
189 200
62 158
3 38
23 27
188 189
74 124
52 158
14 88
157 174
98 101
53 130
115 139
150 159
49 160
63 196
17 18
5 139
144 186
96 172
174 181
97 130
49 95
61 138
120 145
192 199
28 134
113 147
76 114
143 175
15 153
107 129
109 149
124 187
86 114
95 171
158 163
50 194
101 183
12 139
132 139
30 138
146 198
54 68
164 199
46 57
96 109
14 174
91 136
157 196
40 171
99 177
158 169
106 169
32 104
48 178
170 180
1 138
51 152
54 156
119 186
49 180
123 124
136 143
158 197
128 184
113 174
8 164
28 58
114 162
140 169
16 31
102 141
42 150
56 175
54 185
92 177
29 50
175 185
86 188
14 165
29 133
77 98
131 132
31 60
43 152
191 196
32 174
69 180
93 151
108 123
96 186
110 128
39 70
43 137
3 114
36 121
52 63
13 115
49 196
69 88
96 168
82 177
133 181
59 166
23 151
55 130
91 188
64 104
4 159
42 170
196 200
40 120
142 156
173 176
180 189
18 80
129 135
116 164
30 37
163 180
120 129
36 79
135 144
97 179
83 169
1 177
111 156
54 57
133 136
30 45
68 133
91 104
76 117
40 193
114 158
100 175
68 120
160 187
148 188
95 172
157 197
172 180
79 113
51 69
65 195
87 137
49 136
132 172
85 99
130 148
114 133
103 188
68 143
130 175
141 183
26 74
25 33
171 194
62 189
147 159
120 168
107 168
97 143
6 35
52 165
60 140
37 121
19 79
25 96
77 151
173 186
42 154
40 65
160 193
8 52
56 97
62 70
98 137
70 131
171 179
147 152
77 92
45 84
56 67
4 114
27 48
40 60
24 152
118 186
20 194
53 80
148 200
18 49
13 158
14 90
84 158
34 170
60 153
92 132
38 144
40 183
86 89
6 168
140 153
74 80
137 190
18 42
11 21
54 90
130 131
91 187
10 82
56 75
14 118
141 168
74 157
67 104
111 126
102 196
15 113
16 185
8 71
99 155
24 49
122 157
86 194
71 180
43 54
4 71
49 153
165 171
60 66
10 174
55 94
43 132
28 161
44 152
92 107
103 187
72 130
30 169
39 76
82 108
55 135
56 66
114 142
45 85
100 151
62 184
27 60
73 185
176 191
30 157
3 196
142 196
11 121
61 84
17 170
13 124
155 164
37 175
57 148
149 200
1 183
38 161
78 167
132 154
43 97
145 148
49 80
97 117
45 71
113 183
148 175
72 163
67 186
16 178
62 162
57 96
142 173
33 171
46 149
41 183
40 70
128 135
124 174
39 111
91 105
77 149
32 120
87 193
89 104
84 190
71 129
156 166
51 108
89 125
150 163
54 175
110 159
39 110
12 148
2 9
89 197
134 167
44 141
129 178
162 196
76 98
14 159
76 147
38 119
65 189
59 61
150 181
32 119
175 176
24 44
62 123
22 110
38 69
14 116
90 150
62 112
33 92
133 182
129 196
5 84
6 137
2 122
115 191
83 129
56 99
97 171
25 172
38 146
69 91
147 187
76 165
9 28
83 98
197 199
20 109
117 154
31 51
42 145
16 147
13 142
22 26
6 50
44 180
191 200
76 139
184 194
50 151
32 74
83 127
67 157
65 79
18 64
91 161
11 165
117 186
111 144
19 103
173 194
11 134
20 75
92 168
31 195
35 50
79 122
48 52
1 121
29 177
144 192
89 185
66 137
16 159
96 188
134 146
108 127
138 183
26 131
20 110
159 184
95 176
49 149
78 152
14 96
168 173
72 133
161 174
36 162
64 91
146 153
17 32
52 161
152 167
97 184
67 184
61 160
33 195
65 181
75 131
6 184
82 180
146 172
54 197
109 132
83 142
50 153
15 157
7 123
126 165
45 81
33 37
21 119
15 138
23 38
33 179
108 153
151 166
81 185
97 142
51 93
32 145
58 164
75 116
20 36
115 122
110 198
104 128
49 198
153 179
145 157
54 56
6 146
92 160
66 68
69 132
84 126
53 140
8 189
43 157
98 196
21 139
105 108
5 78
42 118
8 181
155 196
15 70
157 165
48 159
2 114
6 197
30 79
20 70
46 192
112 166
45 52
115 190
33 74
111 128
50 104
106 150
23 70
162 186
45 118
71 98
105 167
198 199
95 154
4 169
70 129
76 138
129 148
111 190
22 145
44 132
181 191
143 161
56 159
86 136
150 161
1 31
162 200
13 107
73 137
72 75
4 82
158 194
162 169
83 85
171 182
54 63
26 114
138 190
5 33
39 118
96 118
56 141
83 189
45 157
122 194
12 94
3 149
98 188
47 129
26 39
110 184
22 155
99 147
129 158
50 185
30 125
22 183
113 156
14 47
65 68
3 167
85 149
131 146
34 111
28 169
77 103
6 26
61 124
79 189
119 169
139 190
81 147
50 89
10 137
67 125
136 146
61 65
139 160
167 186
18 192
68 148
89 180
112 189
95 165
71 79
135 140
104 155
143 151
88 197
53 179
81 188
63 107
3 187
113 118
68 159
87 158
106 107
8 63
33 52
70 112
40 181
70 154
15 92
9 170
91 123
159 182
95 120
124 167
35 64
110 133
41 182
45 51
53 156
56 78
93 118
6 163
89 139
65 176
166 169
13 41
34 164
23 53
26 56
73 169
117 128
23 154
33 196
146 199
145 167
61 168
133 151
164 183
2 185
102 120
26 147
86 103
15 148
12 114
18 95
45 107
39 184
124 191
85 109
101 156
105 183
18 141
121 171
26 95
4 49
93 192
92 179
53 110
71 189
29 32
26 136
9 140
129 189
100 153
32 101
15 106
136 181
156 160
59 102
33 178
26 135
6 125
87 91
155 176
81 108
63 122
25 140
32 171
52 187
78 194
85 199
3 172
90 158
120 174
88 103
80 121
140 145
13 131
84 112
13 61
150 172
103 123
38 89
56 82
123 171
38 138
86 109
5 67
95 131
72 181
80 177
123 157
94 124
39 71
32 86
160 184
17 176
54 105
21 123
113 182
74 160
95 134
62 75
34 95
61 141
69 145
72 192
63 116
78 162
140 177
80 194
100 126
92 163
5 162
10 69
124 178
13 170
22 126
4 20
54 194
37 187
82 161
9 87
67 105
184 189
89 168
38 155
45 126
88 96
98 139
44 95
64 106
68 154
18 134
31 171
121 142
69 123
24 195
25 101
9 129
129 151
16 65
5 85
169 195
39 191
106 128
62 149
184 196
96 144
47 138
39 113
14 30
82 116
66 117
130 132
1 179
28 181
124 193
120 140
92 108
12 41
108 160
1 21
3 134
60 127
10 122
173 177
98 173
38 58
44 145
85 103
36 86
2 157
2 103
114 160
55 99
64 98
11 48
59 86
165 195
17 108
23 129
96 133
18 28
27 54
140 165
23 116
88 189
87 123
65 124
11 45
28 140
51 142
89 196
74 184
151 190
129 137
97 133
6 44
117 150
94 97
43 143
52 92
29 82
25 53
78 155
128 154
27 149
19 30
9 59
161 193
25 72
82 132
14 142
81 109
38 111
65 70
188 196
53 143
44 104
125 176
178 189
114 120
34 38
142 182
30 95
83 136
75 180
13 147
148 176
40 176
57 194
128 145
89 108
146 191
34 99
60 75
40 125
6 64
6 194
68 135
119 194
6 63
139 154
12 73
106 120
48 174
14 134
74 149
78 101
40 172
7 104
91 107
65 115
54 145
32 47
90 149
78 118
19 21
6 56
16 137
190 198
89 111
10 73
79 197
128 137
47 98
147 180
25 137
34 127
34 90
6 124
6 96
9 122
30 189
153 156
21 162
27 102
5 151
94 165
81 158
34 104
28 60
171 176
173 199
115 181
60 196
87 181
23 51
37 129
86 105
70 132
75 147
164 190
147 166
40 78
113 116
80 165
7 199
42 100
44 123
122 181
96 183
47 160
70 78
107 125
4 72
21 60
100 170
29 121
183 189
18 160
112 183
71 163
89 169
124 160
24 163
95 173
139 191
42 88
39 77
11 145
169 173
169 188
90 133
2 156
144 161
1 151
119 187
68 199
4 16
56 77
83 193
74 200
103 139
149 190
103 152
56 179
83 188
59 97
25 143
16 63
51 141
91 146
67 179
104 192
27 31
32 75
86 173
84 91
25 116
87 182
51 120
37 148
32 49
40 109
17 181
25 107
33 189
60 63
82 122
83 163
68 69
28 130
100 200
63 138
61 116
19 61
4 103
51 71
130 163
19 97
2 29
75 107
170 178
39 151
3 17
2 81
132 175
195 198
47 172
33 123
95 150
54 123
44 96
5 181
80 104
58 151
76 162
82 107
117 164
107 170
47 114
72 156
11 178
127 148
83 173
131 157
47 57
20 48
33 130
33 80
170 173
141 191
127 137
90 200
119 120
63 168
160 196
137 175
19 142
49 59
123 146
29 120
20 61
53 178
94 142
40 88
105 179
165 169
127 141
175 184
180 185
6 100
58 167
23 161
189 193
94 155
22 191
155 158
132 173
114 116
14 192
137 147
28 147
127 194
160 194
19 173
29 122
162 189
37 195
83 176
50 171
27 74
5 104
69 156
31 76
28 170
145 200
31 156
10 179
50 132
26 119
84 94
119 176
32 45
57 142
19 165
20 44
74 129
31 186
117 199
33 173
66 184
45 62
16 74
157 164
142 177
17 119
152 197
77 200
14 153
44 120
49 92
16 49
55 146
174 178
82 179
30 73
49 137
69 85
43 199
129 159
11 192
103 144
19 34
30 116
21 103
24 125
23 185
45 194
57 85
8 133
89 173
131 134
62 180
94 198
10 160
5 123
18 128
136 185
21 63
52 139
88 182
90 175
152 191
102 151
8 116
54 173
7 135
151 193
132 142
46 144
43 61
61 196
45 199
167 191
9 50
35 167
46 150
18 90
37 76
51 170
82 90
75 103
26 69
92 126
6 198
143 171
70 120
136 191
41 175
175 189
41 142
132 194
81 126
93 160
16 120
17 86
10 195
19 50
76 177
88 125
15 23
134 159
36 123
92 187
1 199
43 122
158 173
14 138
44 142
116 141
146 154
80 103
3 185
186 187
145 193
66 192
6 115
88 101
98 129
83 192
3 83
56 194
171 191
40 118
18 59
52 159
137 148
16 92
143 158
8 118
54 167
99 145
41 62
37 73
95 139
36 89
58 107
46 105
13 189
108 168
59 110
89 113
107 183
62 186
82 169
77 180
51 150
89 106
63 166
4 22
97 101
51 199
60 157
95 114
64 148
10 91
12 99
123 175
10 50
132 150
117 135
40 151
112 175
42 107
31 85
87 141
65 149
67 129
4 118
77 181
127 128
8 53
66 104
128 178
35 161
26 30
11 41
53 175
96 190
19 195
107 150
38 79
3 59
27 159
13 99
153 164
139 144
17 30
86 162
2 25
103 145
113 188
88 150
43 181
45 129
21 175
59 162
35 188
3 133
20 193
76 197
2 5
30 54
4 185
88 147
141 189
46 186
2 96
86 115
73 171
110 166
156 173
156 185
10 123
124 164
26 99
37 63
31 109
15 86
7 29
36 168
81 146
31 155
74 177
57 116
101 188
144 184
84 103
52 107
1 129
8 188
11 96
32 175
50 75
75 83
77 184
11 85
137 173
58 102
94 151
112 137
29 128
72 168
8 55
83 88
47 140
22 117
23 200
36 166
94 182
86 111
69 126
30 96
14 91
3 96
1 5
25 81
93 134
72 148
32 137
73 195
7 169
145 158
81 182
1 104
109 133
74 128
24 193
29 65
112 186
119 196
90 126
121 166
44 117
22 60
8 62
25 74
15 121
141 152
136 144
135 163
110 189
58 63
6 169
63 124
103 124
50 198
35 83
2 118
102 170
68 75
72 98
69 98
110 136
55 176
158 179
24 140
49 83
83 148
51 82
42 141
59 129
114 190
3 6
81 153
9 196
51 128
4 67
13 35
82 144
63 191
53 142
91 97
43 139
49 66
90 111
11 198
21 121
41 154
142 198
51 119
137 194
181 187
69 133
93 194
15 94
15 103
28 96
44 133
131 158
89 118
43 180
15 62
136 178
48 197
95 162
106 195
11 100
29 108
111 180
86 189
115 198
108 125
124 163
153 196
37 116
25 87
36 132
16 113
59 60
22 105
47 200
126 183
41 50
18 181
74 114
58 74
55 131
85 145
118 151
48 83
4 195
73 153
81 99
158 165
81 116
32 107
120 181
93 195
82 158
119 182
73 100
7 16
74 112
66 96
177 191
9 16
10 127
128 164
64 156
134 190
38 94
43 153
104 198
119 151
165 181
4 58
43 127
40 145
146 181
165 187
40 43
91 148
72 79
159 169
25 184
79 119
49 191
72 100
84 154
132 144
26 92
80 143
78 182
94 187
40 128
18 149
119 159
89 127
58 171
125 192
74 159
109 189
85 198
6 8
48 135
6 52
145 184
86 131
104 167
53 186
70 101
46 158
23 112
38 142
120 147
51 85
111 116
159 177
127 178
54 181
78 184
40 83
68 153
12 190
75 132
76 187
112 148
101 178
9 51
43 167
60 147
25 27
2 43
79 117
175 188
11 183
50 63
84 177
60 113
10 83
70 155
1 163
62 114
41 194
65 196
52 124
50 169
74 141
55 58
71 76
81 110
70 116
14 69
42 91
44 100
97 104
23 33
143 154
113 137
78 196
2 12
17 164
121 161
57 144
3 165
82 164
26 171
57 88
83 107
16 160
37 141
80 133
93 189
74 79
53 102
126 151
56 138
45 176
45 136
38 189
42 176
177 195
73 111
8 93
28 108
57 72
90 144
23 188
33 139
72 169
18 111
183 196
48 106
97 164
161 173
19 170
60 138
48 79
93 145
75 162
24 88
85 175
25 189
108 124
78 88
48 67
117 182
3 145
48 172
34 66
23 199
16 43
3 80
165 183
95 166
38 59
72 196
10 13
21 179
145 181
43 96
52 180
60 168
43 103
45 82
99 109
182 186
88 169
60 191
98 131
20 179
15 161
36 126
19 35
98 185
16 119
60 123
115 124
34 172
149 181
135 188
41 114
54 114
22 49
159 165
45 83
76 174
78 133
118 122
1 196
60 149
22 114
100 197
127 165
30 48
101 127
132 186
53 62
94 111
37 69
29 117
96 123
25 197
58 97
19 64
25 114
78 142
84 150
4 184
33 186
75 174
26 159
90 110
9 26
81 170
67 101
38 159
56 101
153 192
6 53
47 53
1 68
131 160
1 135
157 177
187 196
84 182
139 152
173 184
42 177
87 143
162 178
149 153
82 182
46 93
97 162
175 196
74 118
132 158
128 179
138 191
18 85
52 96
14 86
6 24
81 117
3 23
34 154
88 122
60 71
7 164
76 101
70 174
28 63
90 192
19 68
62 177
94 175
77 83
8 179
16 103
192 195
11 62
42 137
10 49
90 178
78 115
155 193
66 73
107 182
60 121
13 60
109 170
37 125
37 135
70 148
90 132
101 157
70 175
118 161
9 36
77 160
68 107
45 191
189 192
126 163
37 99
5 144
94 104
29 99
18 101
80 184
145 198
26 172
104 144
12 34
39 167
19 129
13 97
49 188
63 121
89 191
13 169
38 65
76 186
52 127
147 176
163 173
14 48
59 178
52 142
74 170
66 157
1 126
37 66
82 151
7 147
53 107
70 138
72 143
173 198
49 158
77 193
20 121
24 198
45 123
42 144
24 142
72 172
33 149
166 180
90 95
22 134
10 92
126 132
80 140
21 122
21 52
75 84
43 136
74 191
34 140
81 196
138 179
65 153
82 181
121 134
46 92
114 150
103 114
100 177
51 200
85 119
48 58
20 51
1 4
44 108
131 156
4 42
43 114
92 188
184 192
184 195
40 105
82 145
95 180
65 145
8 125
143 174
156 159
108 135
76 120
64 99
35 124
4 194
136 199
93 143
67 103
50 102
70 158
143 179
7 10
84 139
105 120
85 162
52 77
159 167
55 82
38 104
174 180
128 192
117 120
108 148
110 179
78 111
148 172
132 167
38 62
1 186
27 61
10 79
107 128
180 182
128 143
2 56
4 172
20 174
12 20
46 199
60 95
129 195
81 114
55 88
146 189
47 122
158 187
13 138
120 134
113 119
95 164
27 152
1 155
9 76
142 190
52 71
1 115
40 138
51 76
145 162
52 133
138 180
1 172
51 127
66 158
13 57
2 99
37 89
156 165
49 120
43 100
39 130
10 57
78 166
50 57
114 167
23 183
98 165
109 140
62 142
99 101
109 139
95 137
122 185
32 140
33 48
89 116
31 89
89 134
111 187
2 41
73 157
116 120
73 81
173 185
1 120
89 158
65 188
45 147
32 182
5 64
47 67
58 90
24 99
148 189
155 165
68 78
124 194
103 143
127 180
51 183
64 135
18 75
43 110
125 174
1 22
179 196
146 188
13 55
42 55
74 142
121 160
24 172
66 77
48 71
49 74
126 154
10 105
88 158
69 174
63 170
57 59
75 126
54 143
25 109
143 194
4 129
16 45
52 83
87 198
12 103
6 17
2 121
53 182
105 190
110 187
111 142
50 91
22 25
8 128
118 165
57 159
77 163
137 184
94 156
58 141
16 117
111 134
1 108
109 150
9 190
15 197
119 163
21 156
47 93
15 75
117 125
25 44
44 80
91 127
9 114
118 142
133 144
28 154
26 183
71 106
66 178
4 54
141 159
28 84
141 164
104 146
27 180
56 124
5 81
113 179
47 88
53 160
58 80
81 91
48 95
71 113
37 172
91 109
125 137
20 129
64 122
132 184
11 157
78 135
44 196
96 175
76 192
69 107
108 136
103 118
122 183
70 106
16 39
110 139
101 177
47 144
28 142
6 175
108 138
16 115
80 197
75 168
6 40
159 191
98 162
70 199
33 157
78 183
188 191
67 182
88 143
37 46
81 142
46 175
42 81
102 192
22 142
20 54
3 54
137 145
149 187
86 137
103 182
33 199
24 60
78 145
135 136
84 183
72 135
31 55
106 142
121 170
73 160
33 68
33 177
22 103
181 188
50 154
82 98
50 149
109 193
10 51
37 98
67 189
9 40
106 160
122 175
169 198
75 105
77 168
2 31
82 141
8 198
147 179
55 171
143 167
38 40
15 22
2 155
87 88
54 176
110 194
99 197
48 74
55 85
66 76
76 153
142 148
53 125
30 195
66 111
35 170
21 159
1 119
15 98
123 166
87 101
26 73
79 112
47 111
147 183
14 121
18 182
16 177
113 124
39 141
55 59
50 96
51 123
41 119
63 88
17 105
52 143
13 75
76 175
13 114
29 35
72 178
99 160
75 88
8 36
49 127
2 93
134 142
76 86
36 167
16 81
32 55
124 142
54 62
56 173
65 183
167 198
19 190
168 182
63 108
41 49
49 125
94 160
99 198
40 180
93 152
23 50
22 77
90 195
44 163
44 179
102 117
108 150
5 191
7 158
127 149
87 150
11 153
99 127
84 114
27 175
75 134
79 118
128 176
128 156
84 170
109 128
70 115
50 107
54 174
76 130
123 185
164 191
91 176
148 173
23 133
173 190
53 116
175 193
46 112
29 152
56 87
94 109
78 158
80 187
25 146
147 197
25 50
3 48
145 196
2 70
19 189
12 88
27 53
53 109
52 91
28 133
45 200
7 118
127 130
4 45
37 188
111 139
27 126
110 129
176 193
31 114
26 105
13 67
67 173
191 194
67 200
192 200
80 148
146 183
130 142
81 168
35 158
163 188
102 127
28 113
38 96
126 135
66 133
66 128
18 176
100 144
164 169
133 180
103 111
39 140
18 175
68 74
167 178
133 200
128 151
22 62
18 22
157 179
65 75
60 146
20 60
129 149
76 151
30 89
34 41
14 183
47 48
64 138
40 101
6 21
152 178
96 111
53 104
141 160
18 54
50 180
50 51
33 159
2 133
14 180
141 147
78 141
2 144
15 42
13 105
44 86
63 169
8 162
20 180
149 171
144 154
110 164
126 129
116 187
161 183
79 186
52 105
55 136
12 43
101 179
16 34
118 148
73 161
187 195
55 132
136 182
47 153
92 165
124 190
38 153
71 139
124 168
6 13
85 139
80 174
92 169
8 27
116 136
9 160
116 149
33 146
71 145
131 170
100 192
10 165
112 121
65 164
48 89
155 184
57 76
68 185
37 200
70 102
52 185
26 88
52 68
122 195
80 107
68 169
26 38
84 144
114 124
59 70
28 153
77 170
105 184
91 172
163 167
80 110
148 186
12 15
142 176
170 188
3 58
42 60
20 104
72 153
186 191
75 101
37 72
86 125
65 169
127 179
95 168
30 109
175 191
9 192
5 170
59 130
18 84
16 66
10 124
112 141
73 180
14 68
66 147
155 182
33 97
32 158
7 26
114 148
114 123
37 106
58 60
79 103
167 188
183 191
102 142
33 64
89 136
97 132
22 73
10 153
36 55
32 40
126 144
11 20
16 56
119 129
7 51
6 190
36 68
159 180
86 92
36 135
150 180
87 168
93 173
154 199
18 116
109 117
131 164
30 105
19 105
123 156
47 152
25 171
77 130
114 144
180 188
175 197
63 162
180 191
78 119
173 178
47 89
66 106
17 58
19 123
142 179
14 171
68 127
18 198
42 94
111 121
35 153
61 166
10 74
66 82
132 162
44 79
200 397 1 199
139
167 114 192 34 104 79 123 166 183 30 54 85 195 80 93 101 153 106 137 196 6 18 20 185 22 182 170 147 68 27 63 7 90 105 50 59 39 24 150 21 107 25 57 38 117 89 69 200 160 83 122 186 154 35 36 102 14 87 56 172 84 178 158 92 127 12 28 55 100 198 143 67 165 162 189 151 9 173 5 98 177 181 159 145 33 62 129 142 13 78 157 169 171 73 135 31 71 190 188 109 116 47 103 2 48 64 76 45 152 111 163 44 113 180 120 82 140 176 97 115 40 174 77 58 112 42 96 108 8 3 197 66 94 65 187 86 26 110 156 191 17 148 88 141 60 99 168 175 134 128 155 37 52 15 43 95 146 75 49 118 131 133 70 11 161 10 46 121 51 61 4 119 125 1 132 91 19 53 74 126 29 130 164 194 136 199 32 138 184 124 81 179 16 72 23 149 41 144 193
139 167
139 114
139 192
139 34
139 104
139 79
139 123
139 166
139 183
139 30
139 54
139 85
139 195
139 80
139 93
139 101
139 153
139 106
139 137
139 196
139 6
139 18
139 20
139 185
139 22
139 182
139 170
139 147
139 68
139 27
139 63
139 7
139 90
139 105
139 50
139 59
139 39
139 24
139 150
139 21
139 107
139 25
139 57
139 38
139 117
139 89
139 69
139 200
139 160
139 83
139 122
139 186
139 154
139 35
139 36
139 102
139 14
139 87
139 56
139 172
139 84
139 178
139 158
139 92
139 127
139 12
139 28
139 55
139 100
139 198
139 143
139 67
139 165
139 162
139 189
139 151
139 9
139 173
139 5
139 98
139 177
139 181
139 159
139 145
139 33
139 62
139 129
139 142
139 13
139 78
139 157
139 169
139 171
139 73
139 135
139 31
139 71
139 190
139 188
139 109
139 116
139 47
139 103
139 2
139 48
139 64
139 76
139 45
139 152
139 111
139 163
139 44
139 113
139 180
139 120
139 82
139 140
139 176
139 97
139 115
139 40
139 174
139 77
139 58
139 112
139 42
139 96
139 108
139 8
139 3
139 197
139 66
139 94
139 65
139 187
139 86
139 26
139 110
139 156
139 191
139 17
139 148
139 88
139 141
139 60
139 99
139 168
139 175
139 134
139 128
139 155
139 37
139 52
139 15
139 43
139 95
139 146
139 75
139 49
139 118
139 131
139 133
139 70
139 11
139 161
139 10
139 46
139 121
139 51
139 61
139 4
139 119
139 125
139 1
139 132
139 91
139 19
139 53
139 74
139 126
139 29
139 130
139 164
139 194
139 136
139 199
139 32
139 138
139 184
139 124
139 81
139 179
139 16
139 72
139 23
139 149
139 41
139 144
139 193
167 114
114 192
192 34
34 104
104 79
79 123
123 166
166 183
183 30
30 54
54 85
85 195
195 80
80 93
93 101
101 153
153 106
106 137
137 196
196 6
6 18
18 20
20 185
185 22
22 182
182 170
170 147
147 68
68 27
27 63
63 7
7 90
90 105
105 50
50 59
59 39
39 24
24 150
150 21
21 107
107 25
25 57
57 38
38 117
117 89
89 69
69 200
200 160
160 83
83 122
122 186
186 154
154 35
35 36
36 102
102 14
14 87
87 56
56 172
172 84
84 178
178 158
158 92
92 127
127 12
12 28
28 55
55 100
100 198
198 143
143 67
67 165
165 162
162 189
189 151
151 9
9 173
173 5
5 98
98 177
177 181
181 159
159 145
145 33
33 62
62 129
129 142
142 13
13 78
78 157
157 169
169 171
171 73
73 135
135 31
31 71
71 190
190 188
188 109
109 116
116 47
47 103
103 2
2 48
48 64
64 76
76 45
45 152
152 111
111 163
163 44
44 113
113 180
180 120
120 82
82 140
140 176
176 97
97 115
115 40
40 174
174 77
77 58
58 112
112 42
42 96
96 108
108 8
8 3
3 197
197 66
66 94
94 65
65 187
187 86
86 26
26 110
110 156
156 191
191 17
17 148
148 88
88 141
141 60
60 99
99 168
168 175
175 134
134 128
128 155
155 37
37 52
52 15
15 43
43 95
95 146
146 75
75 49
49 118
118 131
131 133
133 70
70 11
11 161
161 10
10 46
46 121
121 51
51 61
61 4
4 119
119 125
125 1
1 132
132 91
91 19
19 53
53 74
74 126
126 29
29 130
130 164
164 194
194 136
136 199
199 32
32 138
138 184
184 124
124 81
81 179
179 16
16 72
72 23
23 149
149 41
41 144
144 193
201 509 49 29
1 2 3 4 5 7 8 9 13 14 20 21 22 24 25 28 31 33 34 37 38 40 41 42 43 44 45 47 51 54 55 56 60 63 65 69 72 77 84 86 90 91 92 111 112 121 126 149 151
7 23 50 107 127 137 139 151 157 160 161 163 167 171 172 173 182 183 184 186 190 191 192 193 194 196 198 199 200
53 106
39 181
87 120
48 85
1 17
119 152
84 170
19 118
106 123
83 109
78 117
113 117
60 103
65 155
124 147
37 165
104 144
106 125
16 87
9 159
40 162
86 122
115 131
88 113
77 181
46 96
77 174
57 104
108 116
79 158
46 108
73 194
82 115
87 148
39 123
88 141
174 198
116 166
20 139
27 89
8 99
195 198
117 174
17 103
132 140
140 152
21 75
121 137
64 115
40 169
143 174
88 158
17 141
98 186
69 167
103 196
25 83
4 11
90 171
110 143
131 197
32 141
46 159
34 73
29 46
115 133
149 171
168 198
103 148
9 140
4 131
69 113
52 146
62 113
76 136
27 88
15 106
122 180
31 93
14 181
74 196
92 96
195 199
80 162
58 186
88 182
25 137
45 67
33 163
43 123
66 67
39 82
111 186
181 191
130 194
120 164
129 192
112 115
30 71
90 178
29 36
55 167
101 157
42 124
76 173
91 105
75 108
90 194
189 198
16 165
33 156
44 146
67 74
61 194
74 169
68 117
59 195
143 177
63 116
22 135
111 164
104 163
99 180
12 168
136 180
92 158
108 138
46 95
158 191
95 173
49 154
68 164
21 32
60 78
150 179
4 200
51 176
187 191
39 199
70 190
43 115
77 140
60 75
36 136
123 140
34 118
99 155
93 163
45 59
96 164
177 198
8 68
26 196
89 105
90 136
12 93
46 186
174 182
158 184
113 167
120 189
4 19
10 100
11 190
15 36
71 107
26 59
83 169
92 175
136 170
130 178
110 127
4 115
45 122
78 83
34 89
164 194
40 58
88 188
5 153
179 189
59 171
149 181
112 179
96 99
19 143
128 199
34 88
138 186
24 39
35 185
133 135
31 131
67 132
27 119
45 96
113 153
10 138
58 107
49 155
93 118
44 190
118 188
94 150
9 76
60 168
147 189
158 194
41 163
159 189
30 68
144 152
73 100
12 66
61 100
145 195
60 187
93 181
24 108
86 139
86 200
91 155
75 165
103 137
122 128
146 162
14 52
8 46
18 97
51 161
60 145
164 184
38 125
98 155
185 193
36 150
63 194
25 85
108 172
81 129
116 144
95 129
22 122
34 120
114 161
153 193
11 185
57 101
134 162
12 119
108 167
65 174
105 110
111 162
21 194
122 183
79 148
55 196
188 192
126 183
67 140
95 155
60 147
125 181
141 187
9 30
103 163
129 196
53 105
122 185
146 192
53 124
8 144
155 196
106 134
11 18
138 164
48 179
135 146
33 52
3 64
59 81
76 110
154 180
129 144
74 188
162 186
57 180
180 196
63 109
1 117
55 115
106 171
154 169
108 199
17 23
44 81
81 101
63 94
70 74
40 187
62 102
45 68
64 141
143 192
170 184
30 123
101 164
148 156
45 133
37 57
81 118
88 186
22 156
87 185
100 150
47 190
41 82
17 62
30 79
49 75
164 200
40 85
10 67
168 190
4 12
38 115
72 180
24 123
113 155
92 161
92 152
99 119
56 120
15 27
54 87
78 165
8 188
57 114
122 144
32 189
65 129
141 153
158 174
56 70
135 192
19 53
37 199
53 172
99 152
13 85
44 110
27 66
128 139
1 58
36 195
55 98
9 29
142 177
56 106
110 159
59 71
18 26
128 174
25 70
56 142
14 68
86 182
56 82
125 137
95 119
69 165
62 176
63 96
94 146
19 176
166 168
82 147
16 49
71 143
156 178
131 156
1 110
63 156
121 178
31 181
175 177
29 136
57 191
12 16
15 185
46 163
47 193
77 179
40 115
126 177
114 186
81 98
16 163
147 185
176 180
12 35
37 95
99 161
91 107
18 160
141 181
103 109
36 108
112 136
130 190
113 130
62 94
185 199
85 193
43 168
170 190
152 172
8 187
142 186
2 200
14 83
41 184
61 196
17 189
93 95
6 50
86 181
70 143
44 171
25 165
109 129
169 198
10 198
22 32
122 178
82 116
45 71
63 130
28 135
178 187
2 50
97 183
102 159
123 166
56 148
6 185
97 102
57 155
8 155
5 6
152 170
165 179
98 148
53 75
108 168
89 177
4 15
89 191
95 116
73 168
64 200
11 48
149 175
82 178
115 132
22 97
16 62
14 168
121 183
197 200
77 188
65 182
14 116
81 100
5 10
48 199
84 162
46 50
15 159
12 165
85 103
5 30
108 130
117 120
65 75
76 148
57 102
33 189
54 138
65 188
63 153
90 200
34 61
97 193
20 197
13 109
54 80
82 158
201 61
141 63
127 85
129 6
56 36
135 111
194 82
107 65
195 104
186 64
200 575 40 25
1 2 3 4 5 6 7 8 9 10 11 12 13 14 18 19 21 24 25 27 28 30 31 33 36 37 39 41 42 45 52 53 58 59 67 69 70 71 72 75
77 127 133 138 151 153 156 164 166 171 174 175 176 177 178 181 184 186 188 194 195 196 198 199 200
90 118
103 150
145 164
2 138
43 44
24 114
111 145
158 195
121 155
29 172
125 172
135 167
59 136
7 34
139 147
145 187
62 77
73 143
70 164
113 183
45 142
34 51
137 195
102 144
87 129
74 154
40 48
55 82
14 123
67 116
130 180
82 158
115 167
118 200
109 143
82 88
40 145
100 169
113 127
117 130
126 185
112 126
99 117
103 127
57 167
15 20
58 61
157 170
113 147
78 168
95 160
64 122
39 188
95 159
183 188
1 160
11 88
19 167
42 56
81 149
35 179
124 128
80 160
97 136
130 199
14 188
139 175
48 97
43 168
148 163
25 196
2 15
93 143
118 150
192 195
147 171
10 63
112 157
29 105
33 105
23 198
99 131
20 159
114 200
20 49
79 109
99 149
187 199
70 97
13 174
6 47
102 104
61 143
88 95
73 198
190 193
52 138
14 16
62 119
116 163
90 151
12 50
49 158
21 22
21 199
4 127
61 195
106 176
31 46
27 91
134 192
7 166
38 62
125 165
8 130
170 191
103 171
143 150
107 160
27 167
30 98
95 187
155 160
64 80
134 166
68 191
146 179
7 77
99 182
101 161
46 107
71 117
25 194
102 131
16 164
7 97
6 91
2 110
36 86
59 113
87 131
37 145
97 197
87 118
150 179
85 108
23 82
136 149
67 89
132 171
24 147
21 108
86 116
116 138
71 109
47 100
150 194
35 65
102 137
28 138
40 119
21 32
115 128
116 120
59 102
37 57
15 54
54 79
53 193
113 190
58 194
56 165
116 156
36 147
107 171
19 64
17 159
26 165
52 135
38 131
24 80
36 121
168 184
99 133
35 144
25 49
91 171
70 147
57 149
66 108
10 197
20 161
101 106
115 179
8 127
106 143
108 159
57 162
88 161
98 187
19 188
107 126
67 143
46 93
112 167
152 167
15 174
180 181
31 60
65 152
99 137
18 61
141 192
161 182
83 117
27 171
58 153
72 198
71 166
42 142
132 149
65 143
46 146
43 149
118 181
122 159
101 111
46 158
116 122
89 114
20 146
59 149
4 95
60 113
109 116
71 140
121 165
33 195
48 186
73 92
42 149
35 62
4 38
11 111
48 158
179 190
39 80
29 183
68 162
10 88
103 181
168 179
42 100
82 196
86 170
103 153
87 88
69 187
105 150
197 199
59 112
33 98
38 132
154 170
2 137
71 159
68 104
16 38
55 106
49 124
11 76
128 168
15 22
97 192
36 96
95 125
55 120
63 125
24 167
27 144
110 174
20 40
34 101
21 81
163 183
13 164
52 121
13 43
111 133
102 117
170 197
6 158
185 192
136 176
59 83
65 137
137 149
65 110
99 169
88 100
43 90
42 134
42 182
172 198
29 129
9 68
57 145
68 172
107 188
143 194
111 156
47 172
129 140
39 200
19 102
14 162
173 185
16 124
115 141
5 76
48 152
104 139
48 126
68 102
71 83
19 121
97 106
78 140
116 199
114 151
55 68
81 105
81 134
66 152
51 161
105 177
86 168
30 194
169 174
24 100
38 174
14 66
86 176
26 174
82 145
121 171
3 143
159 164
63 159
10 73
144 200
62 176
1 197
85 158
13 177
149 158
91 145
73 111
13 142
103 162
57 140
74 158
19 23
3 77
118 191
117 154
99 106
113 154
87 137
1 29
2 87
46 165
73 98
31 130
182 189
83 88
137 158
89 169
22 190
161 200
76 175
12 91
30 151
84 196
53 174
45 128
50 55
97 183
36 112
11 160
36 197
86 112
123 158
94 144
108 158
11 162
33 175
103 180
36 175
19 143
155 169
162 169
83 104
83 152
38 101
92 108
41 194
71 87
36 166
167 187
126 198
92 122
4 149
18 139
59 84
191 194
65 73
99 134
25 145
97 147
142 175
105 159
59 155
12 163
23 74
169 186
95 176
16 26
88 168
111 116
60 96
20 150
25 140
29 63
1 84
85 118
118 137
21 120
113 165
11 35
39 93
189 191
36 55
53 148
70 194
26 159
14 81
29 196
8 182
161 178
3 179
55 168
35 81
1 166
41 105
110 161
60 77
48 120
2 88
98 173
98 175
134 169
96 181
20 130
80 198
61 124
18 113
85 162
105 188
1 17
10 123
157 183
70 81
32 73
53 153
43 195
140 197
102 178
73 80
54 63
18 156
144 189
92 156
92 191
11 62
115 175
8 134
38 94
88 172
119 198
89 176
140 191
55 119
89 199
16 194
52 142
46 171
78 195
114 182
56 185
75 173
6 123
84 133
131 173
87 173
107 177
28 109
25 111
85 129
26 46
42 160
120 126
55 179
34 184
27 128
146 177
84 99
16 127
50 192
132 190
2 111
146 187
40 154
11 148
152 155
109 122
155 194
1 115
55 56
59 86
125 191
9 174
82 104
110 131
31 125
31 92
63 181
46 179
27 93
44 94
84 160
74 186
57 105
75 153
35 54
165 169
59 100
13 191
35 80
160 200
193 196
79 124
83 194
73 194
44 103
58 73
137 162
25 78
31 105
14 172
48 85
64 119
10 118
43 83
112 139
187 190
131 171
11 134
93 196
108 21
93 63
196 134
54 40
123 94
49 44
200 431 43 37
1 2 3 4 5 6 7 8 9 10 11 13 14 16 18 22 23 24 25 26 28 31 32 33 34 35 36 42 43 45 47 49 51 55 56 60 65 69 70 75 77 78 104
66 123 128 130 136 142 145 152 153 155 158 159 160 161 163 166 170 171 174 176 179 180 181 183 184 188 190 191 192 193 194 195 196 197 198 199 200
35 119
79 90
115 154
91 167
56 72
91 110
118 139
47 110
14 15
88 102
12 91
4 101
189 191
52 99
151 180
17 109
135 144
118 172
77 129
133 149
127 159
49 100
3 112
54 82
83 140
63 71
30 135
106 184
41 87
53 120
119 169
114 123
73 142
74 123
119 173
27 81
96 133
44 142
164 165
26 190
93 127
76 128
32 41
36 98
21 189
11 125
46 80
89 125
24 173
29 40
77 134
94 108
46 59
185 198
102 135
79 115
76 157
31 53
13 20
56 57
76 187
20 30
28 48
137 147
7 156
92 183
106 133
48 143
83 139
27 67
39 68
137 166
81 186
29 108
156 160
141 143
80 89
52 199
88 184
17 74
4 59
64 157
50 176
98 155
114 164
124 128
23 181
85 101
62 179
108 131
178 199
14 48
182 186
81 108
67 155
1 17
68 149
61 121
39 46
4 183
95 172
146 199
105 116
83 129
11 88
114 118
140 198
67 190
6 181
14 183
59 155
138 139
60 114
60 64
31 137
126 178
131 168
148 162
50 180
43 73
19 117
36 57
103 142
108 137
178 180
59 68
62 120
68 145
69 85
167 187
45 50
81 176
92 131
125 197
96 190
53 173
149 195
92 148
92 175
48 116
108 122
71 135
89 99
37 84
143 180
13 134
18 95
82 120
1 155
76 165
157 173
120 191
165 193
138 181
83 176
88 179
116 172
13 27
120 145
39 98
24 159
154 158
57 135
40 86
31 162
65 198
77 196
169 200
126 158
53 163
14 64
64 135
122 144
14 54
1 21
102 174
109 127
53 170
64 167
110 179
92 114
115 125
60 61
149 186
65 175
59 195
33 37
99 148
26 39
109 125
131 146
9 144
3 152
168 176
34 95
3 66
126 195
74 134
71 193
18 143
16 29
61 117
114 134
139 162
26 92
72 108
4 79
14 157
55 62
1 151
84 101
84 143
15 165
45 128
61 118
13 161
121 126
65 178
31 40
38 93
18 71
51 71
67 121
93 154
173 181
78 86
81 173
51 103
38 48
60 172
80 100
91 198
51 152
19 48
9 52
140 165
62 166
69 97
33 59
50 200
143 151
97 175
39 193
5 183
103 150
49 89
41 184
39 127
73 85
42 118
97 125
112 187
1 141
63 149
83 98
4 105
98 180
27 46
33 114
129 141
107 198
78 88
81 105
114 178
18 89
112 197
43 112
162 171
113 137
28 63
134 153
104 140
102 118
23 200
21 145
154 197
54 179
151 174
42 198
150 198
187 198
107 168
140 178
118 177
21 168
43 142
10 108
186 192
11 162
177 182
13 57
74 133
15 121
55 111
54 95
30 85
139 181
105 128
65 185
57 171
147 184
126 160
72 130
67 88
99 115
97 142
58 170
97 194
175 200
18 41
56 98
36 71
178 193
50 66
92 188
4 90
37 87
97 173
50 94
98 161
172 181
88 132
124 151
146 195
82 138
82 96
61 195
187 192
2 156
25 48
14 19
82 112
121 127
68 82
94 176
75 148
74 127
59 136
187 197
72 106
100 152
101 172
35 114
132 189
101 113
63 180
105 170
15 135
2 12
91 200
17 20
41 50
114 139
90 163
13 83
115 170
2 124
62 185
55 85
83 156
84 107
20 85
108 121
76 190
141 198
91 199
64 166
30 183
108 168
120 172
71 198
134 176
22 38
101 108
11 89
24 143
52 120
34 71
28 40
49 170
117 176
70 117
129 180
11 30
95 190
64 161
67 108
12 126
75 154
57 120
112 145
19 132
34 100
75 161
111 119
61 76
168 185
99 129
9 58
102 183
52 135
51 96
40 123
97 152
1 44
49 102
149 187
22 142
144 181
87 96
120 189
8 101
86 186
24 82
21 127
146 184
119 150
124 167
18 191
64 132
29 53
50 179
150 106
117 26
180 79
156 67
186 125
134 121
151 80
171 37
156 151
200 549 47 30
1 2 3 4 5 6 7 8 9 10 11 12 13 14 15 16 17 19 20 22 23 24 25 26 29 30 31 32 34 37 38 39 41 43 44 47 49 50 52 55 67 77 80 81 83 85 119
98 137 143 145 149 154 157 164 165 169 173 176 179 180 182 183 186 187 188 189 190 191 192 193 194 196 197 198 199 200
45 199
62 172
60 149
66 98
42 101
36 63
75 156
41 176
76 131
84 188
177 200
62 169
38 115
49 94
18 166
147 200
68 176
28 154
167 189
141 144
57 82
122 160
1 45
66 72
64 130
41 174
17 145
18 150
70 105
47 100
46 108
1 42
74 149
128 182
166 196
51 188
5 35
111 176
36 148
44 58
66 183
66 70
30 66
60 95
115 161
122 191
101 200
27 123
10 97
57 154
29 65
68 93
30 194
50 64
57 174
111 122
127 172
30 128
96 109
41 157
20 59
94 106
94 107
6 94
99 125
86 133
142 151
135 161
130 191
20 155
104 185
20 96
105 148
6 195
131 199
8 152
59 149
106 172
101 111
174 191
171 178
61 176
159 192
119 121
13 162
195 196
147 183
58 99
57 63
32 153
120 147
90 185
132 133
142 193
88 123
13 21
16 63
151 193
12 76
152 195
31 141
113 184
77 122
43 53
57 74
161 183
133 136
97 194
36 104
21 195
55 124
102 148
60 113
69 103
11 137
14 69
133 164
16 182
83 124
91 198
101 132
11 124
147 163
96 159
10 138
117 128
72 114
71 110
50 196
138 183
37 105
61 128
76 101
138 192
23 53
33 152
124 138
53 104
115 139
69 170
61 86
66 185
12 142
53 144
68 75
84 128
100 180
92 158
148 157
158 175
112 176
177 188
86 192
130 200
27 145
185 188
32 61
46 76
46 130
113 180
23 60
110 194
19 179
95 181
73 147
34 56
11 122
44 100
45 143
26 27
75 190
85 117
110 128
28 109
123 168
93 107
36 98
84 86
148 181
101 171
60 127
2 102
62 185
1 90
2 185
104 182
94 148
162 198
74 159
116 132
22 136
24 105
2 143
89 127
7 167
57 122
75 126
110 127
24 51
65 158
64 156
102 155
113 138
26 151
63 72
110 129
80 183
99 124
109 155
69 163
104 145
35 108
22 159
79 197
114 167
132 138
16 36
113 126
70 166
70 129
44 197
68 69
92 152
107 200
47 54
105 108
21 66
21 112
10 18
7 112
125 152
69 106
23 72
41 104
121 199
40 71
38 94
2 170
79 88
39 122
117 168
44 71
107 164
63 75
20 65
16 152
40 146
141 185
83 89
90 130
150 186
75 165
91 185
53 125
62 68
28 108
39 79
52 164
57 87
20 174
7 116
103 193
136 154
41 140
81 130
93 186
78 197
54 159
22 89
92 105
184 190
29 40
96 126
76 183
111 188
33 184
79 174
26 192
112 188
70 134
5 112
81 97
95 194
41 48
24 146
40 89
81 178
121 168
168 183
59 122
45 97
27 65
113 140
32 139
59 153
64 74
33 141
24 163
14 133
75 184
44 189
100 118
58 126
3 108
72 84
119 139
78 90
89 177
74 89
57 113
108 153
162 169
70 173
11 121
32 33
2 40
84 168
153 192
88 107
27 28
22 158
127 150
33 46
84 114
77 138
94 126
72 98
107 131
27 88
109 137
88 114
47 193
7 68
93 165
158 191
107 117
16 187
42 129
22 53
78 128
80 171
74 146
49 132
163 189
54 59
33 196
39 129
175 176
8 27
121 187
124 133
8 179
40 76
52 101
78 164
95 131
22 79
44 141
92 200
138 142
12 60
96 131
24 179
63 78
55 197
29 146
87 151
156 173
166 181
23 194
20 186
51 185
151 165
27 97
17 89
163 188
10 71
84 199
94 189
120 193
136 191
59 152
82 175
67 94
172 174
117 184
9 189
93 156
81 154
50 99
87 95
18 182
141 191
66 182
121 142
117 148
91 112
19 42
81 188
47 139
73 158
146 164
10 180
90 164
144 168
83 129
55 75
114 165
78 135
111 178
118 127
57 104
61 127
85 110
15 57
68 78
113 117
35 70
36 189
139 182
162 167
155 197
75 100
113 139
181 196
153 189
17 62
86 160
48 198
136 137
28 56
111 175
77 131
1 160
22 166
94 132
6 79
146 189
100 121
111 125
181 198
28 121
21 164
170 182
5 63
97 145
94 133
63 186
40 164
33 109
17 149
40 114
101 152
69 145
163 167
38 95
53 65
97 124
118 151
113 129
62 143
79 131
38 132
151 168
70 109
85 146
140 195
32 123
39 112
24 95
122 144
58 90
126 164
19 100
64 99
53 149
42 88
160 184
8 176
75 175
70 182
80 121
63 173
36 51
89 107
25 73
178 185
38 180
87 133
106 199
13 74
148 184
90 114
27 128
7 18
88 115
12 48
37 87
10 199
15 152
53 75
52 187
15 138
18 111
56 92
140 154
129 162
134 169
46 72
80 120
123 154
87 166
6 131
91 132
129 138
119 137
14 78
10 73
24 90
54 145
12 102
82 160
67 157
92 169
97 151
22 170
70 147
23 63
23 78
79 179
146 176
44 191
61 195
128 145
102 106
8 129
59 91
175 187
49 163
38 71
107 114
35 102
4 175
73 154
144 85
96 13
194 157
61 5
85 76
200 463 53 33
1 2 3 5 6 7 8 9 12 13 14 15 16 17 18 19 21 22 23 25 26 27 28 29 30 35 36 37 38 39 45 46 48 49 50 52 64 68 69 72 75 78 80 85 88 100 115 124 129 132 139 161 190
48 66 68 82 86 96 125 127 131 135 143 145 146 148 158 159 168 176 179 181 183 184 186 187 188 190 191 192 193 196 198 199 200
189 195
112 176
103 147
23 54
64 121
124 179
50 102
69 158
7 65
22 53
116 136
139 162
33 58
98 111
149 151
34 182
10 127
51 123
78 171
44 82
70 74
110 134
49 126
24 114
2 83
53 152
134 196
56 175
45 196
10 82
102 142
14 83
117 162
38 114
38 191
16 106
89 148
56 142
4 90
58 96
52 155
73 93
79 162
59 159
112 156
56 77
73 184
44 55
37 178
59 71
73 103
103 154
38 119
12 158
24 59
120 122
56 134
93 145
46 170
163 170
91 144
90 130
85 101
42 96
15 194
62 77
101 151
44 105
37 149
47 112
134 135
89 136
50 91
152 196
64 77
151 186
12 59
28 106
71 131
27 53
49 199
103 110
167 178
27 159
18 144
101 111
115 175
144 195
197 199
157 170
120 165
94 106
38 140
24 166
93 191
137 150
71 134
69 107
57 112
43 166
73 134
95 99
21 83
107 184
115 152
23 96
77 181
3 67
65 99
52 182
174 185
47 70
83 178
194 196
180 199
78 97
29 76
30 44
9 53
74 171
2 171
132 180
36 194
100 142
26 60
106 123
67 164
67 114
130 160
60 62
71 120
44 118
19 147
55 96
20 148
89 191
98 177
97 178
132 163
120 143
169 194
154 155
27 175
85 188
185 198
4 128
175 183
34 187
54 79
133 157
42 194
81 149
33 119
19 60
87 109
41 81
87 120
43 131
28 60
61 166
70 193
110 184
99 125
27 178
116 196
1 10
58 187
51 198
6 62
10 103
78 158
54 144
3 4
39 130
87 105
195 196
88 106
69 154
87 127
20 197
46 168
47 162
40 118
112 116
129 174
80 157
73 144
47 136
45 73
44 148
92 173
52 117
98 167
126 181
111 181
114 131
111 151
7 20
95 162
44 101
41 162
173 176
44 51
62 146
6 32
78 119
107 121
182 193
110 191
62 86
42 74
20 135
31 47
130 179
33 176
42 47
155 199
90 141
111 138
1 71
2 179
103 105
50 126
70 82
17 180
49 170
13 153
150 179
76 178
7 24
23 128
13 97
53 81
30 106
2 181
7 55
59 108
51 165
57 154
122 172
81 189
83 105
6 90
40 194
56 114
63 193
50 153
36 165
64 89
71 163
51 180
30 120
79 169
31 193
152 164
19 192
81 87
114 188
61 84
42 182
156 162
64 137
160 173
47 160
25 107
46 180
41 117
4 73
142 197
73 180
87 107
105 154
124 138
46 185
76 162
147 165
9 145
35 147
67 153
24 55
104 151
51 142
108 170
77 144
11 122
69 81
107 176
118 138
23 76
140 167
95 158
31 164
67 110
100 114
169 179
162 192
84 138
177 196
110 159
32 42
32 157
119 195
16 33
138 180
41 57
109 189
49 120
11 127
117 133
124 131
52 125
2 87
34 148
57 127
123 143
9 95
6 98
51 182
106 136
4 31
171 199
144 164
49 156
174 175
15 149
60 159
55 81
90 151
35 56
13 34
110 119
60 127
64 150
132 151
136 153
141 199
87 183
10 180
71 96
31 101
26 142
17 183
43 177
102 191
50 63
101 149
17 185
15 191
144 198
85 116
172 176
113 116
5 177
75 155
11 186
115 177
124 134
81 135
164 181
46 153
47 196
100 181
28 143
74 142
72 188
170 194
51 109
41 188
16 157
107 200
50 182
50 95
56 90
109 143
105 136
59 168
151 152
106 164
99 173
38 196
25 41
141 157
31 66
79 136
9 108
57 138
109 169
3 10
43 102
103 195
58 170
10 113
153 199
165 172
130 170
39 151
95 96
112 120
29 81
81 125
149 199
139 141
5 104
108 130
144 197
7 188
178 184
31 41
166 174
132 179
54 159
170 173
7 86
9 87
45 126
10 40
9 11
67 188
128 177
121 159
80 174
99 126
50 188
27 166
45 54
117 182
9 134
18 83
52 92
60 61
8 182
111 167
17 43
65 81
72 94
94 171
160 189
88 120
45 113
161 168
31 118
14 166
130 164
6 199
20 95
23 145
108 122
23 65
8 112
84 183
6 168
160 169
58 101
157 159
106 150
27 65
9 163
83 175
152 185
136 191
80 178
147 92
31 18
200 457 45 39
1 2 3 4 5 6 7 8 9 10 12 13 14 15 18 19 21 22 23 24 25 28 31 34 35 36 37 40 41 43 47 49 50 52 54 58 61 63 64 72 81 91 106 145 159
5 89 90 123 133 136 145 146 147 151 152 153 154 157 159 166 167 171 172 174 177 179 180 182 185 186 187 188 189 190 192 193 194 195 196 197 198 199 200
84 199
79 197
37 126
131 141
30 78
135 153
88 133
47 154
78 83
53 79
55 168
33 121
10 46
95 113
62 141
13 149
60 184
83 182
32 142
45 139
129 148
42 191
92 169
54 100
99 166
142 167
116 136
149 192
119 199
129 194
113 178
25 197
131 148
61 196
45 66
66 95
17 155
130 157
161 178
106 155
138 147
104 129
97 127
84 149
158 163
81 102
1 195
84 197
120 191
134 144
27 129
106 134
155 161
23 67
124 152
45 84
29 86
93 175
72 93
13 82
106 111
113 132
127 190
33 173
73 140
28 105
106 137
9 11
26 176
75 176
135 197
13 32
50 89
52 115
63 69
64 171
43 74
67 156
15 152
173 179
46 148
97 180
14 138
46 101
104 141
163 174
100 144
37 103
54 165
106 127
93 149
39 150
36 80
27 146
178 180
74 158
181 195
155 192
9 60
96 174
2 156
38 121
77 111
96 197
3 101
112 175
113 191
31 53
7 171
3 188
105 125
1 138
6 48
46 94
76 79
176 198
87 163
53 167
32 128
75 151
20 187
78 139
112 196
121 143
42 138
131 144
35 45
64 115
17 108
64 105
117 194
170 192
14 158
54 160
60 150
54 102
110 161
17 162
18 107
155 170
88 155
95 108
51 85
16 115
21 191
82 129
57 70
96 169
81 96
91 166
77 113
79 94
52 154
84 157
43 160
24 128
38 102
67 175
112 161
160 164
148 177
86 179
52 150
164 192
96 127
104 114
62 136
48 98
42 44
28 109
26 200
39 129
26 104
37 55
107 187
47 69
1 114
107 123
76 136
10 20
8 182
92 150
138 141
45 121
94 177
104 134
51 104
72 130
114 162
43 90
69 173
78 156
67 187
21 185
126 190
56 175
117 195
52 190
10 194
28 38
168 187
28 172
43 174
164 190
59 87
93 151
43 66
56 194
9 143
77 93
54 79
68 116
32 156
19 191
22 59
118 147
69 191
84 154
86 187
23 119
84 95
70 88
40 174
149 153
84 165
73 120
61 99
75 168
25 127
94 166
44 124
43 94
47 125
125 164
76 114
77 148
125 190
4 83
35 134
9 197
60 138
132 147
25 117
104 119
162 186
121 185
68 71
35 189
71 131
54 93
108 197
8 17
40 56
42 149
94 97
43 103
30 136
13 184
69 104
80 125
20 127
78 114
121 160
44 62
77 162
103 181
101 122
99 118
43 134
164 178
112 132
37 93
131 135
87 102
42 60
54 175
1 154
109 131
102 185
50 62
1 26
103 119
61 136
43 179
99 148
42 162
88 146
11 104
100 101
165 198
4 141
109 184
51 99
42 127
143 185
40 165
121 129
15 120
86 138
92 101
126 151
169 200
72 173
23 195
139 162
37 75
41 173
92 178
43 57
85 172
115 117
113 158
76 151
60 94
102 103
92 97
102 186
29 198
12 141
148 164
140 199
44 142
150 173
62 107
135 140
9 51
87 108
38 88
124 149
46 109
16 74
170 175
85 94
116 164
2 154
23 76
37 147
110 147
115 184
110 184
142 163
119 131
103 109
77 197
181 183
45 65
61 96
129 171
51 146
156 179
28 39
99 174
8 137
53 193
103 110
34 160
15 187
141 188
1 44
28 44
137 196
96 113
109 162
79 147
83 157
108 162
76 191
75 95
112 151
35 162
113 169
32 75
191 198
10 30
126 146
99 165
28 29
135 163
82 146
34 151
111 139
8 187
51 142
11 62
116 186
128 163
97 118
32 42
183 194
14 84
61 111
44 143
54 82
21 197
184 190
156 169
1 68
49 177
51 92
33 198
169 182
113 183
14 16
144 195
110 193
109 164
15 183
92 120
6 33
14 27
20 26
24 147
109 138
16 94
156 183
1 88
58 178
94 152
175 185
14 30
8 142
20 80
30 163
64 102
95 126
53 77
67 115
98 199
65 73
99 171
43 130
140 176
39 101
99 154
4 135
23 199
131 157
124 154
52 177
84 96
22 118
88 137
49 154
9 79
34 132
92 146
59 180
67 135
92 111
88 164
4 48
110 134
40 139
37 39
122 194
15 112
13 48
200 385 52 42
1 2 3 4 5 6 7 8 10 11 12 13 14 15 16 17 19 20 21 23 24 26 28 30 33 34 35 40 41 43 46 49 51 52 54 55 57 60 63 64 65 66 75 77 79 85 107 110 135 136 157 171
2 37 47 59 104 111 119 126 128 151 152 156 158 160 161 162 163 166 168 171 177 178 180 181 182 184 185 186 187 188 189 190 191 192 193 194 195 196 197 198 199 200
115 195
108 117
35 126
27 45
14 195
25 192
25 68
70 149
36 119
169 187
24 115
69 199
134 159
44 83
118 154
95 195
1 153
109 131
26 31
141 150
142 170
127 131
18 182
21 198
17 27
124 173
5 42
123 124
69 102
176 191
100 124
117 195
82 127
83 191
165 178
40 141
61 160
12 177
71 158
65 111
115 145
19 32
90 91
114 173
50 53
31 36
80 143
112 117
45 178
43 90
138 140
41 117
89 129
84 144
27 113
10 195
122 137
33 152
28 53
42 106
49 90
35 114
28 80
89 106
91 152
19 36
55 89
3 113
179 200
140 190
49 153
41 81
45 94
116 152
73 118
140 194
33 141
106 146
45 166
38 58
95 139
45 120
15 61
67 195
137 183
28 125
36 141
42 148
135 165
98 170
64 94
49 154
129 162
157 186
50 118
14 92
33 103
79 127
153 161
33 69
12 22
159 165
17 114
28 81
133 195
39 189
8 56
93 126
113 156
38 151
63 69
34 197
71 83
11 150
22 78
30 82
31 159
1 36
174 177
32 39
83 167
94 168
69 180
148 172
10 62
103 119
99 189
154 188
16 116
164 179
60 192
23 87
51 114
28 76
32 100
80 108
106 151
133 192
1 160
110 155
48 151
82 104
76 192
90 186
56 113
44 74
15 186
5 125
51 120
149 183
18 144
39 88
43 95
63 112
157 182
134 178
100 184
75 187
52 74
28 62
61 162
58 123
12 48
105 181
46 47
60 161
121 197
167 184
63 177
144 183
144 166
20 147
9 200
49 124
41 151
58 70
33 167
63 145
146 185
13 101
101 149
113 152
88 130
175 184
79 142
117 123
49 149
110 114
55 88
173 198
106 144
102 117
74 129
55 150
110 131
41 98
19 90
35 172
96 190
4 132
50 162
81 159
109 156
6 154
42 90
34 59
7 9
76 119
85 115
29 127
91 147
4 199
91 111
4 100
11 72
56 194
32 197
61 96
87 194
100 178
147 165
28 129
77 167
120 188
48 191
62 72
143 177
170 200
116 158
145 178
26 145
25 133
148 156
29 81
1 134
87 88
24 140
65 67
45 177
48 102
7 195
53 141
20 29
131 147
27 105
3 122
61 117
67 164
3 98
32 44
45 86
62 128
63 191
15 71
44 114
17 100
64 181
56 151
96 194
52 195
86 130
97 116
9 37
84 152
99 120
35 195
114 121
16 25
92 183
63 142
40 155
148 191
17 120
53 147
89 190
11 193
25 94
150 179
5 141
4 119
78 155
42 177
80 96
25 165
172 180
131 151
24 148
51 131
72 169
167 173
75 84
67 98
138 166
87 108
96 138
170 186
117 156
66 123
64 197
132 144
57 146
78 165
175 185
22 73
35 180
33 44
94 116
4 149
130 166
48 99
68 155
85 104
78 118
75 180
16 61
65 73
79 86
64 80
42 154
3 102
46 187
99 185
107 155
27 149
183 196
10 190
136 150
175 198
25 174
4 109
40 170
9 150
1 25
1 74
45 113
58 131
30 78
80 90
38 127
20 161
52 142
136 180
42 120
69 175
117 132
124 174
73 93
139 178
155 168
28 38
45 167
16 129
54 68
89 90
140 167
69 105
5 196
46 90
42 67
143 198
172 189
73 173
46 99
88 163
98 176
95 120
70 172
41 197
13 50
23 138
56 176
91 174
105 190
109 129
91 97
38 161
113 124
75 126
45 98
8 18
113 155
141 165
76 161
125 165
26 121
200 375 49 52
1 2 3 4 5 6 8 9 10 11 12 14 15 16 17 18 20 22 23 24 26 27 29 30 32 33 34 36 38 39 41 42 47 49 53 54 56 60 62 64 79 99 104 111 116 139 140 155 177
1 2 32 78 86 106 115 121 127 130 136 140 143 145 146 147 148 149 150 151 153 154 155 158 161 162 164 165 168 174 175 176 177 179 181 182 184 186 187 188 189 190 191 192 193 194 195 196 197 198 199 200
99 143
159 162
172 196
14 73
114 193
114 195
169 193
183 192
88 130
69 125
16 55
116 160
82 87
4 28
99 125
57 72
111 142
60 129
3 46
126 158
91 178
69 71
42 141
125 169
70 129
156 191
97 121
180 199
39 109
109 110
66 169
84 115
23 40
90 127
20 96
126 174
58 136
28 131
81 115
57 141
34 194
113 181
95 127
50 98
44 121
12 169
3 70
33 141
70 188
5 13
126 184
11 19
93 119
133 200
40 97
6 130
94 110
16 157
7 107
139 146
31 97
27 114
138 146
16 153
56 171
83 143
60 194
119 134
20 74
122 148
178 187
157 195
110 187
83 172
120 171
163 168
94 118
90 144
100 143
112 131
87 167
35 95
11 144
102 156
51 101
27 183
60 197
4 77
94 98
101 124
167 196
79 118
114 144
40 119
13 57
36 73
80 131
26 158
59 78
46 192
94 120
13 105
103 125
64 80
160 200
131 159
60 83
135 137
57 148
54 136
87 141
5 68
83 90
3 82
159 193
137 144
107 150
14 50
48 173
24 103
166 188
40 141
84 91
71 119
98 185
52 163
23 93
50 59
128 138
95 96
137 158
20 103
79 159
10 168
144 189
75 200
25 63
41 69
24 153
156 171
4 25
18 178
20 190
58 113
102 132
109 127
142 161
36 105
10 135
82 153
163 194
105 107
73 185
116 179
27 74
42 181
8 46
68 96
59 170
61 199
38 76
76 197
6 43
61 77
132 149
123 189
112 170
133 136
135 186
67 167
76 136
100 171
65 190
72 77
22 67
21 165
57 167
139 190
93 198
25 152
90 197
89 162
8 150
129 191
110 132
49 77
33 68
12 75
42 132
16 106
142 197
138 199
66 82
109 144
43 144
58 90
141 172
48 174
91 136
24 88
116 135
12 44
22 166
90 185
82 195
30 66
19 108
46 150
46 165
45 153
99 124
70 85
96 135
63 95
47 161
54 180
10 92
10 31
80 121
53 117
84 162
27 100
18 181
134 164
6 37
91 137
111 126
113 120
104 113
91 106
51 176
9 52
8 147
15 184
35 110
8 73
167 189
40 50
118 143
85 154
48 151
67 123
90 153
58 143
170 174
31 161
53 112
45 102
132 141
101 142
173 194
102 145
67 145
69 151
112 194
102 152
26 76
101 106
15 158
49 169
8 187
26 71
10 25
36 106
110 172
108 174
87 186
30 35
98 146
7 144
109 196
97 132
24 31
122 157
119 176
111 128
110 138
49 175
6 83
77 132
27 55
107 187
138 189
29 190
152 170
40 138
133 186
97 120
52 169
24 51
31 51
23 83
54 70
55 74
92 160
141 197
20 21
93 152
63 82
113 188
49 190
137 163
94 169
16 167
60 72
80 130
104 135
105 200
103 108
156 200
98 178
33 200
64 69
47 188
45 196
105 126
131 144
185 192
89 93
82 108
23 48
40 169
23 89
14 100
112 134
47 59
53 103
95 123
42 165
58 182
37 58
83 181
61 161
50 66
35 86
74 192
27 86
62 115
13 89
117 133
47 200
124 132
17 65
30 40
44 69
131 149
58 149
81 102
26 45
3 162
19 175
134 178
71 178
47 125
7 83
39 181
156 186
23 94
49 187
135 160
44 81
5 7
68 108
66 146
171 183
94 122
160 161
83 115
15 84
29 61
49 110
189 29
177 33
126 97
137 36
