10
200 5000 2 2
1 2
198 200
73 136
88 158
165 191
52 180
146 199
195 196
57 197
98 161
20 190
70 74
43 69
111 195
9 165
58 64
68 79
42 173
100 129
114 134
62 143
32 152
124 187
63 200
36 152
162 198
65 167
42 75
122 200
193 196
31 188
43 124
52 115
92 197
130 176
87 135
80 128
46 189
49 129
3 129
94 188
109 113
15 88
39 50
64 92
25 128
1 49
19 131
12 175
88 197
68 153
14 22
174 200
63 81
54 120
15 31
102 197
50 172
24 169
105 170
165 181
20 159
76 195
104 170
156 161
67 191
71 78
11 155
128 200
155 195
21 32
120 178
57 132
73 76
12 170
110 178
16 194
57 130
152 196
53 84
108 141
165 172
99 189
45 88
10 87
62 149
43 102
35 87
69 87
116 165
140 164
11 185
74 189
57 163
130 187
158 198
6 67
139 187
31 183
134 194
72 183
92 198
34 143
111 118
143 165
9 152
43 168
43 90
38 76
162 189
54 106
30 134
16 125
18 81
157 181
24 188
93 185
55 177
135 158
71 109
110 142
96 167
45 124
96 145
15 152
180 182
19 115
57 106
96 146
110 182
54 109
19 142
70 125
40 145
116 122
90 122
18 155
66 82
35 46
72 113
105 189
78 91
11 42
43 119
18 78
148 188
13 189
1 105
87 134
97 193
51 84
161 186
40 182
16 119
92 195
92 172
11 200
62 191
50 89
61 101
95 96
47 121
116 198
22 42
175 197
7 24
30 114
25 96
151 174
40 186
126 142
61 191
138 168
70 134
77 169
58 87
120 129
35 88
41 64
53 136
136 189
64 181
77 182
18 25
167 182
98 127
41 50
20 149
17 112
67 73
133 140
122 145
20 153
102 146
106 175
68 80
14 174
50 181
157 186
16 101
49 186
160 173
77 114
83 111
130 179
71 90
71 143
2 3
53 188
11 131
154 185
141 155
61 153
19 37
52 161
55 155
147 200
88 137
82 165
55 196
22 175
20 75
30 200
100 120
52 110
122 183
156 162
113 200
113 188
112 150
114 190
135 154
55 76
51 87
12 111
118 170
59 72
57 168
183 188
157 175
84 175
16 182
113 175
164 168
59 129
7 157
34 134
41 173
92 160
100 105
54 175
30 136
114 167
87 122
68 115
27 159
38 94
29 62
20 71
161 192
111 140
5 134
8 152
178 194
45 197
27 83
93 117
86 159
99 185
77 193
3 110
48 87
51 71
161 190
43 91
12 24
36 122
120 177
44 56
62 134
75 154
56 69
92 94
52 175
148 156
35 70
9 57
39 98
95 133
157 163
160 190
166 178
90 185
1 47
63 162
109 152
38 166
41 138
62 125
22 37
135 156
73 153
9 185
107 112
18 143
18 169
49 137
79 87
54 186
10 32
98 194
149 160
41 73
89 178
89 150
3 168
106 168
27 59
16 75
82 172
98 174
6 131
58 200
113 116
26 164
53 94
82 84
149 200
126 134
38 165
9 146
148 190
63 183
68 159
54 178
29 195
114 158
64 87
57 198
105 121
20 56
49 174
107 140
137 189
53 75
94 185
149 189
102 196
78 111
117 123
89 166
119 140
13 16
86 166
113 179
59 67
94 117
9 76
28 135
99 178
97 107
90 120
120 157
18 106
58 146
60 83
70 109
64 115
117 190
68 124
11 79
39 124
16 27
66 172
44 181
39 77
41 98
47 70
79 200
2 55
89 149
72 200
107 167
10 54
22 123
77 146
14 38
63 148
16 142
141 176
28 185
2 187
75 147
46 192
51 81
71 127
138 180
27 46
63 166
94 96
62 101
114 169
112 128
170 199
12 20
4 68
36 48
53 144
29 91
56 183
19 73
123 196
71 128
72 119
118 182
19 192
63 121
72 196
17 179
116 162
58 78
109 147
17 181
61 163
147 149
25 110
39 62
131 162
86 148
65 76
107 164
8 161
61 162
122 162
145 165
55 80
65 113
182 199
29 171
165 186
124 148
72 127
36 114
21 27
112 122
110 156
160 176
64 197
30 158
77 94
131 161
18 166
76 184
97 171
81 111
139 195
64 152
96 148
11 31
30 31
86 188
30 164
49 115
93 165
124 131
108 149
108 178
98 150
11 184
138 189
161 188
96 132
101 155
44 73
102 160
22 85
128 139
46 96
33 38
107 127
47 85
99 195
98 144
61 71
6 163
94 98
137 168
100 141
40 192
64 194
85 101
99 179
82 125
11 94
179 185
67 194
98 182
27 48
15 118
6 26
153 191
8 39
91 177
113 142
181 192
42 153
162 188
14 36
135 198
20 100
30 149
119 182
5 51
138 196
140 190
110 119
26 34
22 177
68 136
89 156
111 113
5 21
20 144
144 153
80 112
45 185
37 82
137 188
133 178
50 200
30 59
26 150
115 185
49 108
131 143
26 124
110 176
75 124
109 128
17 145
74 79
87 179
92 121
141 151
108 177
142 159
1 176
21 178
43 181
69 96
131 172
48 83
109 166
92 120
103 126
30 173
157 192
39 132
20 180
128 136
3 105
117 138
41 193
165 198
98 200
33 178
93 147
104 140
112 177
53 95
171 180
28 150
6 60
69 93
5 142
125 198
113 136
68 135
20 103
148 177
16 190
11 101
11 29
56 86
45 174
64 141
117 177
42 169
121 175
85 176
36 121
125 153
85 182
21 59
155 189
101 115
169 191
103 192
56 96
84 117
126 173
81 189
24 145
14 16
84 98
43 129
27 32
43 84
167 178
83 186
160 187
5 141
180 200
156 185
7 11
80 142
99 117
43 120
57 65
109 123
71 198
40 99
4 123
83 84
115 135
123 186
164 186
36 126
19 147
99 126
109 135
89 193
11 72
22 93
35 195
127 170
118 200
7 19
98 139
77 127
14 79
35 72
21 137
37 92
37 55
137 160
38 142
102 139
111 141
150 181
48 49
97 144
38 175
46 87
6 87
128 195
49 169
32 143
107 181
39 57
133 146
104 161
190 194
86 167
14 60
18 119
104 199
22 76
20 117
12 37
114 148
95 164
37 91
28 69
58 134
129 153
90 102
34 93
86 130
74 138
71 82
166 169
27 144
152 159
71 190
50 58
91 106
57 115
61 121
148 189
5 194
51 75
52 63
13 199
5 121
66 187
104 111
56 83
45 104
123 149
9 65
93 169
68 89
104 108
3 53
61 113
128 169
70 137
76 179
98 104
191 197
21 156
175 191
158 162
126 164
109 200
115 150
138 181
83 125
64 126
85 129
57 200
54 58
23 102
114 145
113 133
43 138
31 101
104 112
156 183
140 159
114 124
7 139
47 166
40 194
9 51
34 124
17 134
18 138
103 159
36 73
84 167
99 188
115 188
111 198
133 196
93 181
121 157
16 151
87 138
124 159
69 152
101 103
129 189
37 128
90 161
100 154
173 179
6 197
89 96
105 199
63 108
109 155
35 37
61 159
6 190
98 165
12 121
104 123
2 39
67 145
31 95
16 29
51 177
79 125
132 137
21 57
19 86
35 124
16 174
118 198
44 48
24 144
73 81
85 105
21 85
105 169
9 176
50 66
40 114
31 110
73 82
16 59
84 182
107 198
42 198
61 72
20 110
125 144
75 185
134 152
104 109
21 45
6 93
40 102
87 154
182 193
160 182
57 76
73 184
143 193
18 27
65 123
46 101
111 162
111 156
30 80
72 162
89 133
80 147
45 84
88 138
127 183
93 101
57 83
14 121
148 191
84 191
34 178
8 37
100 125
24 100
56 88
43 122
45 96
2 13
93 132
64 139
2 191
23 119
26 121
160 164
19 136
159 164
102 166
89 172
129 132
54 147
80 177
33 113
109 117
87 165
32 148
5 62
70 184
54 124
49 116
18 61
8 67
119 164
78 146
84 199
118 197
79 166
149 158
142 180
58 116
73 155
17 165
149 157
14 29
117 140
19 163
51 194
22 51
111 158
18 24
59 170
111 187
47 122
18 125
107 179
63 135
126 174
118 146
84 166
38 59
34 154
71 193
37 116
119 188
90 136
2 47
13 134
128 184
104 131
2 97
58 81
34 108
106 137
133 164
83 161
96 175
44 180
135 173
40 53
137 194
24 72
10 65
51 116
66 180
43 185
129 163
32 54
63 67
13 175
31 195
92 109
20 97
44 92
5 12
125 169
130 149
148 174
93 154
10 130
140 156
44 132
78 188
14 51
17 22
53 166
126 159
23 168
41 166
27 44
43 125
102 128
42 56
22 55
88 167
95 119
63 150
63 167
88 150
17 155
92 99
61 94
79 107
10 168
133 191
59 63
101 113
35 188
45 125
26 145
80 146
60 184
80 173
46 196
100 161
55 110
91 136
112 200
18 45
32 162
106 151
18 79
64 150
113 138
117 200
102 189
8 180
151 194
6 31
109 148
31 151
57 71
51 62
88 194
152 162
1 84
2 155
83 133
8 140
62 155
28 32
66 160
20 102
106 158
10 122
68 165
73 158
146 181
81 101
143 170
133 182
33 177
31 199
1 180
118 159
87 113
56 93
109 189
95 197
33 200
154 171
47 114
32 149
54 194
116 181
86 119
16 94
31 40
148 163
12 140
3 174
5 135
102 133
68 108
145 151
15 21
2 135
76 172
69 99
90 173
93 108
74 141
87 143
84 89
20 156
168 184
63 139
74 156
102 147
160 191
91 122
16 91
66 151
32 172
114 195
140 162
40 154
73 105
72 169
83 172
75 96
2 162
64 65
102 112
25 166
41 113
52 192
22 126
114 119
124 169
11 63
116 196
35 154
92 163
4 12
56 126
79 178
110 151
63 177
141 200
175 179
64 119
7 17
137 153
40 190
132 140
20 21
9 94
94 181
117 121
159 166
83 129
18 161
87 175
134 136
179 184
61 185
126 167
157 160
163 170
180 198
38 151
75 120
115 175
136 139
50 157
130 162
88 182
119 142
24 59
34 95
141 163
141 172
66 163
175 193
11 87
77 148
86 92
138 179
50 161
19 103
32 183
10 101
103 188
88 128
73 185
20 81
109 164
104 133
60 89
90 167
44 105
114 143
45 72
41 65
16 30
48 148
52 54
35 84
138 164
117 134
11 189
34 158
53 103
1 91
91 95
102 131
48 134
92 123
79 176
38 78
59 169
80 156
110 171
123 173
27 76
131 178
90 191
34 38
81 141
53 147
15 33
1 81
24 183
109 194
77 174
69 165
77 186
22 104
58 135
88 115
134 191
1 126
134 162
155 194
97 167
57 136
28 121
28 165
128 185
41 100
149 192
50 169
137 173
85 141
54 102
57 113
24 46
21 41
47 86
17 193
118 132
33 135
13 155
103 110
75 158
132 160
42 112
122 161
20 48
101 116
27 94
107 145
2 24
107 158
81 175
20 28
59 125
32 142
56 80
122 170
1 29
59 198
12 98
90 118
69 128
56 71
172 186
4 118
68 169
60 164
81 99
6 44
122 181
9 125
24 189
3 153
15 142
163 172
9 71
56 130
97 108
174 198
76 143
22 137
92 171
63 125
101 154
15 153
117 131
126 191
25 124
10 103
64 93
106 136
24 94
40 184
73 84
32 46
125 172
82 148
58 103
11 183
73 79
16 93
92 143
116 117
82 99
121 127
89 162
52 140
173 177
55 101
132 165
87 182
107 187
50 146
27 108
124 151
16 137
136 146
31 108
44 154
9 78
76 125
26 51
53 185
81 98
123 128
19 176
28 67
12 181
54 157
117 170
118 187
60 65
107 123
91 156
29 183
55 63
55 159
25 184
6 178
20 113
117 163
62 135
83 117
99 130
134 187
97 180
20 82
148 164
157 197
13 43
2 70
128 131
35 73
61 181
16 37
65 146
99 106
63 99
50 99
77 126
144 195
106 182
3 80
106 173
151 154
59 61
46 166
30 32
35 132
67 187
131 157
74 136
109 111
10 190
120 191
23 27
77 158
43 170
38 120
83 162
149 169
29 175
64 132
102 188
18 98
163 196
162 181
41 125
18 114
28 71
128 194
94 133
61 152
79 164
11 23
33 118
78 148
132 146
2 81
163 177
108 193
192 197
112 184
72 126
59 196
68 73
23 118
40 115
23 73
3 102
107 154
3 10
144 162
149 197
87 166
1 186
33 157
20 92
106 109
53 114
62 85
87 109
15 131
121 186
110 139
39 113
21 106
52 53
167 189
22 125
8 31
6 63
150 164
25 167
109 156
49 103
1 168
109 130
69 146
26 84
50 115
105 179
17 123
111 199
124 147
75 141
9 149
105 118
48 198
101 132
30 40
59 111
114 188
101 124
11 176
56 189
2 116
36 95
85 200
109 157
129 188
91 200
124 188
47 92
36 159
74 82
4 152
66 133
64 77
5 137
10 102
93 150
46 113
24 124
43 56
5 13
16 168
175 200
23 111
104 125
22 114
128 149
7 152
76 135
60 125
55 58
26 129
81 95
20 98
54 188
4 25
65 195
98 131
31 53
91 159
107 121
138 158
45 56
122 178
5 168
49 75
35 119
98 113
78 171
186 200
9 41
184 200
8 24
128 154
83 151
26 97
147 190
88 173
154 168
62 174
90 198
95 116
20 46
83 121
22 99
88 176
65 159
31 160
26 196
72 160
154 186
99 115
44 162
56 124
126 131
48 158
96 196
84 130
7 65
30 184
174 181
90 130
123 183
45 62
93 95
50 111
152 197
89 188
103 114
48 136
96 158
11 62
15 190
71 121
5 66
145 194
151 169
122 196
108 152
67 86
46 181
42 122
61 135
37 182
67 105
101 175
23 32
98 198
154 166
24 133
99 141
100 198
71 116
114 166
101 105
50 63
86 106
44 144
108 134
89 170
104 190
85 121
60 162
86 161
141 152
105 108
39 142
62 120
37 143
34 131
104 184
17 188
137 176
5 199
30 129
44 171
10 41
7 96
43 95
54 89
25 79
76 169
6 14
50 160
41 156
91 180
147 195
6 11
102 115
68 130
50 197
65 72
27 43
83 136
6 46
6 70
1 78
16 106
8 56
107 163
38 43
42 45
89 151
67 190
20 166
90 125
34 53
40 123
24 47
7 51
69 108
20 191
48 53
80 149
105 165
94 123
12 36
93 104
18 104
106 140
162 172
134 139
18 92
144 192
22 88
161 165
52 185
92 102
110 165
16 21
16 41
152 182
74 91
4 127
80 185
20 116
51 100
33 126
11 115
96 111
28 108
5 114
83 85
49 184
5 126
59 132
92 122
1 36
55 88
21 25
179 196
60 88
69 118
115 169
37 86
58 168
106 164
25 98
78 153
52 141
113 139
54 70
58 71
40 107
2 88
23 99
101 107
42 128
113 162
179 188
35 142
16 36
53 113
184 188
30 95
10 187
105 135
64 180
102 152
117 195
125 187
136 142
93 187
65 105
38 49
45 165
23 33
79 85
13 169
10 35
53 98
31 50
40 84
31 98
43 175
173 193
80 130
52 65
113 173
3 21
123 131
4 129
75 106
52 156
46 165
70 162
24 40
105 148
37 114
5 180
43 195
2 122
4 55
121 123
57 141
85 162
129 172
104 117
48 99
149 174
18 152
159 160
101 142
53 150
52 196
73 168
45 110
6 128
44 102
72 105
128 161
22 75
30 86
174 175
23 39
91 99
16 71
58 106
1 187
94 189
108 120
165 197
49 160
78 88
184 186
40 181
105 123
148 169
23 126
114 127
145 178
129 181
19 77
78 96
31 41
104 129
94 190
23 158
75 79
1 7
26 69
58 188
63 72
5 98
46 150
72 83
94 154
170 183
39 120
13 186
8 190
98 115
63 90
38 44
155 183
179 190
24 113
103 119
47 110
77 135
95 151
20 178
10 100
78 178
148 165
96 149
48 88
42 62
152 170
160 186
4 177
39 66
8 135
13 178
6 150
67 169
146 196
104 173
21 48
32 190
124 193
71 77
144 163
97 101
83 185
56 171
88 166
1 40
122 123
80 178
34 103
62 128
9 166
44 67
23 72
34 145
36 69
42 127
8 191
97 104
12 115
70 177
122 165
29 56
17 33
92 148
161 199
1 73
78 106
58 189
146 174
5 90
21 146
114 198
50 133
138 147
80 107
46 115
54 131
42 158
35 113
63 119
122 173
55 64
21 186
39 82
91 133
27 187
66 192
90 150
125 163
2 18
63 106
137 186
4 132
109 136
68 103
128 147
70 144
21 158
191 193
2 173
65 135
61 175
61 93
25 38
27 133
26 89
8 109
143 187
84 124
186 197
132 199
55 193
17 187
33 186
40 69
119 139
71 136
47 48
33 168
116 171
13 135
42 52
73 182
86 105
94 110
28 192
59 163
98 158
7 133
73 123
106 122
1 145
68 133
113 153
31 91
29 186
60 97
7 48
4 9
88 107
16 42
153 168
78 152
57 98
98 111
26 200
173 184
65 183
51 72
95 100
41 180
158 187
90 189
76 93
119 179
23 77
85 116
140 188
9 145
109 187
46 58
9 153
105 130
35 145
26 169
11 89
15 143
147 164
36 157
103 135
26 168
33 102
58 140
101 167
90 104
140 178
57 100
44 120
36 162
109 198
151 172
100 114
81 125
99 100
87 187
106 181
72 100
78 93
23 139
26 171
126 153
8 157
2 79
63 114
29 59
23 166
87 101
147 188
99 148
19 154
88 93
92 193
55 113
23 105
5 87
90 190
12 83
96 171
116 135
122 169
44 151
1 196
154 161
103 141
111 186
32 78
36 145
99 114
49 89
70 126
84 133
43 199
179 200
16 154
48 160
33 173
75 189
9 102
7 189
25 83
119 189
160 180
118 179
60 160
129 140
157 195
77 137
104 171
115 118
8 81
85 165
33 163
13 92
181 183
180 196
53 189
21 37
43 67
34 194
123 185
42 184
10 177
46 77
98 109
46 106
163 174
131 139
115 160
70 111
70 183
92 104
12 102
64 176
76 148
59 127
149 199
24 85
53 58
151 199
8 171
144 187
41 178
59 181
77 139
17 83
70 81
75 187
94 171
57 72
13 36
152 190
17 108
1 133
4 128
6 183
132 184
23 54
39 181
42 87
61 83
29 53
50 121
14 194
137 142
68 196
111 181
170 171
42 197
15 35
11 53
76 163
21 176
46 62
55 99
78 138
28 42
100 144
131 141
175 182
32 41
88 155
104 185
19 122
100 117
33 52
39 41
138 198
65 101
10 93
29 44
34 60
17 41
28 73
74 192
30 191
103 166
73 179
103 193
122 148
93 178
3 199
77 84
5 63
84 198
29 73
46 193
88 112
25 77
188 194
112 153
102 161
53 138
141 161
4 18
16 187
83 144
99 127
189 197
94 155
134 146
25 195
48 171
78 97
54 112
92 114
45 105
48 92
18 159
57 108
39 130
68 106
57 121
30 50
150 193
114 154
112 129
94 186
44 111
69 178
27 120
72 149
1 15
51 167
1 94
77 175
40 147
91 165
139 154
142 158
82 140
26 184
117 178
48 197
119 123
172 185
104 193
145 193
37 166
105 177
55 91
127 186
79 134
110 184
74 102
47 93
49 61
89 125
112 143
131 165
64 192
89 169
44 45
100 159
139 171
58 175
23 121
113 192
89 124
73 132
79 106
97 154
7 113
54 153
2 148
157 176
67 117
42 51
21 71
49 53
79 192
104 118
39 134
68 173
15 149
18 192
145 176
24 173
3 79
93 126
43 104
58 76
32 177
164 170
30 182
69 180
1 139
119 158
85 151
51 74
159 168
106 183
82 158
171 185
62 167
29 143
149 163
14 98
152 158
94 193
35 65
11 108
155 173
126 136
50 109
161 171
19 155
71 138
97 181
109 181
149 186
34 107
65 141
148 175
104 141
33 101
72 176
12 189
69 74
13 84
27 196
12 62
80 190
40 105
48 119
37 84
64 79
82 137
7 193
157 167
30 127
23 161
88 108
71 130
102 167
6 146
84 177
131 177
20 30
42 149
1 46
24 52
29 37
92 139
59 147
117 159
78 102
25 151
156 167
23 170
159 184
18 87
56 81
97 162
60 93
48 51
76 190
16 178
52 135
108 151
157 169
54 59
150 154
32 66
16 22
78 119
66 109
64 171
54 146
65 142
48 97
67 185
36 41
139 140
183 193
33 111
15 41
46 121
53 59
94 103
35 58
115 172
53 119
119 169
175 183
136 200
93 113
102 155
121 195
65 66
137 145
59 88
90 110
43 118
125 147
106 188
25 29
80 139
91 138
26 31
33 78
98 159
14 200
72 198
80 88
67 136
144 196
55 188
29 105
141 174
179 194
145 173
42 57
120 182
62 137
54 57
2 37
65 127
128 132
29 134
82 113
62 190
9 70
15 173
144 147
93 100
120 195
37 81
141 159
2 17
33 83
15 192
41 154
27 136
100 197
161 162
27 78
40 125
103 160
33 108
84 86
20 150
86 108
32 163
111 159
101 157
72 85
12 134
127 152
21 36
2 149
64 95
126 160
37 194
55 69
96 126
121 185
15 80
86 99
40 81
104 135
36 85
16 48
99 162
2 128
38 119
73 144
76 96
15 124
106 189
4 173
53 63
126 176
111 197
60 134
169 195
73 141
85 137
44 47
126 170
59 187
144 181
72 109
22 153
10 198
51 127
100 142
21 24
77 80
49 73
11 105
115 117
81 145
13 152
93 131
105 172
37 179
80 125
81 132
136 165
8 104
58 139
118 137
12 34
31 170
62 118
125 155
35 53
91 168
171 200
26 197
14 161
84 148
9 84
124 186
17 109
12 92
136 141
102 129
64 125
15 40
75 132
88 143
138 144
117 184
35 54
101 161
19 102
10 194
66 173
82 124
62 133
54 152
16 110
8 30
55 167
76 173
58 172
85 172
18 35
170 182
8 132
6 177
76 119
85 193
91 105
115 130
49 149
57 91
42 49
100 119
8 28
31 125
14 132
20 171
53 153
98 152
6 23
32 186
87 162
10 174
128 137
55 73
96 160
31 198
182 200
144 161
50 117
157 183
8 23
142 162
82 175
63 160
28 82
115 180
51 197
48 147
68 200
64 123
96 120
14 84
38 121
38 117
15 71
62 86
60 175
86 175
129 171
68 139
57 110
71 126
43 109
151 182
93 129
97 150
58 193
87 98
107 174
39 189
90 166
58 178
32 118
117 154
49 51
127 149
35 169
86 147
135 196
1 104
97 161
101 181
136 144
36 192
49 60
40 188
65 184
84 120
78 124
40 138
26 76
77 163
36 173
103 136
119 122
84 151
151 158
125 149
24 182
60 79
69 191
147 189
39 52
54 200
32 51
102 174
23 86
29 137
130 178
181 187
23 184
17 156
40 116
6 176
11 196
83 174
99 190
28 64
88 171
33 84
34 70
15 126
10 162
68 189
104 114
116 152
146 191
84 195
113 187
20 125
127 157
75 157
10 85
8 118
134 169
128 145
15 157
48 196
59 172
95 161
73 94
2 174
193 197
117 150
84 135
89 127
65 182
63 84
23 125
5 191
113 198
48 181
111 182
29 158
75 193
123 134
39 117
103 156
4 52
40 117
40 71
35 120
98 120
51 146
14 80
85 148
58 97
42 69
13 100
97 100
16 38
119 154
17 192
71 101
173 189
82 174
132 152
116 142
125 138
158 167
5 171
59 176
11 111
84 163
54 122
58 179
29 188
69 162
69 91
36 37
12 141
65 178
9 42
9 151
67 95
11 27
139 200
101 159
96 176
73 197
196 200
63 176
123 160
119 184
20 27
74 122
59 130
82 200
8 115
40 171
11 68
158 170
102 176
40 198
57 165
29 72
76 112
78 131
137 154
67 123
11 45
134 165
32 119
131 169
193 200
180 188
15 144
49 54
113 125
86 163
109 118
132 164
34 190
98 197
1 69
125 151
47 171
83 127
125 129
111 147
85 120
2 119
123 168
126 141
75 112
68 156
68 116
12 94
101 146
129 178
61 136
143 155
40 169
99 145
80 89
73 186
29 190
88 170
27 68
43 116
59 82
95 171
42 195
148 184
70 181
81 140
36 175
90 164
32 58
91 109
51 181
6 179
14 181
165 166
127 159
40 58
66 162
89 112
30 57
93 134
67 196
127 194
108 143
106 146
85 89
114 144
15 180
8 138
102 195
152 173
29 125
58 196
70 107
82 197
127 164
133 136
120 128
129 130
146 179
38 163
65 158
139 152
165 183
33 119
65 70
4 153
105 112
102 163
5 151
23 122
61 196
133 192
50 134
68 191
8 43
37 44
57 194
101 174
29 75
55 118
154 184
143 195
114 138
92 124
83 118
136 162
98 148
136 194
57 182
35 131
64 163
57 66
135 197
41 97
6 136
48 187
102 148
102 184
118 128
46 73
62 119
62 178
91 162
74 169
104 136
73 200
14 94
8 58
142 193
119 194
107 135
166 196
68 149
59 143
78 127
182 185
90 119
68 90
63 195
39 92
112 144
70 136
9 13
156 187
35 152
8 94
124 150
36 52
121 184
12 180
89 154
87 152
88 105
36 74
124 177
4 13
93 124
131 138
92 179
101 140
58 155
151 166
12 64
119 146
127 175
51 172
112 186
109 144
124 185
53 192
15 91
56 136
102 156
8 119
37 95
40 122
38 113
38 102
77 105
67 94
29 199
95 114
106 132
111 153
129 182
38 191
60 157
37 104
18 77
181 190
2 114
12 54
130 137
61 167
22 92
49 145
162 185
14 138
8 128
38 154
126 200
2 120
83 102
160 169
96 130
5 100
51 67
32 74
64 173
10 29
95 122
94 136
41 183
93 135
135 188
74 199
68 76
183 184
158 179
184 187
9 96
1 155
104 200
30 145
108 160
116 154
70 128
117 197
14 19
176 199
148 153
65 120
54 113
50 140
18 22
64 73
123 152
23 177
31 42
97 192
98 187
42 188
99 134
38 91
23 120
35 165
31 54
151 197
17 177
35 77
85 190
4 151
57 190
139 157
50 56
2 182
70 145
77 188
78 147
16 141
49 68
131 195
62 64
59 62
92 155
33 182
79 98
58 158
102 171
90 140
159 178
50 54
18 190
115 184
170 194
78 123
70 123
11 90
183 189
134 174
22 136
52 152
40 129
145 187
143 190
70 94
163 168
84 155
28 166
16 53
35 62
91 147
47 141
126 188
66 88
29 120
88 140
79 174
107 195
100 194
68 94
85 115
134 147
106 196
82 110
57 93
134 193
92 192
103 139
54 127
110 127
20 59
111 121
128 165
62 88
64 104
83 181
36 178
151 162
88 127
50 183
28 120
40 96
17 24
95 174
135 183
157 161
89 189
71 186
130 148
98 141
65 122
15 158
104 198
74 109
50 136
126 190
38 84
87 129
108 191
129 192
21 140
82 116
118 125
43 54
17 163
28 145
21 79
136 159
35 60
68 109
26 42
16 126
71 137
110 133
2 9
170 189
62 95
45 152
76 183
11 16
102 103
9 136
59 74
82 92
45 77
2 185
60 102
12 107
124 138
67 131
15 129
187 190
21 148
78 85
19 25
117 181
7 156
4 97
55 89
8 160
127 154
89 91
50 64
94 169
64 74
83 112
47 134
12 28
79 152
88 91
157 170
140 160
32 153
1 109
125 192
61 139
92 188
20 105
16 86
55 122
46 127
140 148
90 108
24 35
30 81
15 163
166 191
94 144
108 169
93 128
15 140
170 177
60 188
78 190
2 76
6 99
64 165
63 131
90 157
170 174
72 156
175 189
172 194
38 118
119 166
19 168
123 172
32 120
19 143
49 153
95 108
44 72
92 108
129 177
92 196
68 183
28 134
144 177
146 151
54 181
29 166
53 164
25 159
51 54
63 100
43 132
28 40
94 101
107 197
9 92
41 172
86 184
85 126
8 154
13 172
20 54
85 103
37 123
99 180
23 173
4 46
164 199
2 171
34 45
64 69
11 138
40 150
117 157
51 183
27 37
19 170
104 145
23 35
1 18
173 199
31 115
61 110
4 149
35 161
68 178
60 144
130 160
127 190
82 129
5 35
76 105
32 91
148 176
39 80
26 96
67 170
10 61
115 153
87 118
168 180
18 191
1 170
115 192
44 101
117 175
5 6
19 161
28 138
51 152
85 138
71 163
91 197
192 195
6 143
64 108
90 113
124 183
29 80
26 120
126 148
26 163
47 90
7 116
40 77
11 46
26 79
103 133
73 151
22 59
139 166
33 45
99 119
36 98
149 195
65 112
21 184
74 99
97 148
105 168
132 176
138 148
7 27
11 69
6 123
35 109
57 107
131 147
22 101
64 184
116 169
164 192
34 75
67 109
47 56
57 99
53 126
121 198
78 186
3 99
1 179
98 191
34 199
48 166
34 118
73 137
135 191
21 161
5 65
153 182
65 129
118 140
140 200
93 195
171 190
69 84
138 140
142 170
126 163
108 128
180 195
90 94
4 32
128 142
63 78
136 180
48 63
86 176
93 183
42 166
8 145
97 132
15 20
46 50
30 142
11 188
131 156
1 48
153 167
118 135
141 196
32 113
87 132
125 168
77 170
72 111
1 11
114 192
108 130
25 140
96 141
8 66
106 184
20 34
57 73
80 148
4 85
47 63
69 157
163 167
30 193
146 157
107 165
67 167
113 190
157 168
70 132
56 105
50 151
76 117
72 168
132 191
2 53
88 99
74 182
99 194
28 100
69 95
64 68
107 148
109 193
199 200
16 158
9 180
144 198
52 136
105 144
74 143
6 57
108 154
18 182
26 176
18 163
48 95
33 103
15 176
149 165
53 121
129 200
88 109
86 154
41 163
59 133
5 74
90 188
56 79
9 101
68 75
127 140
40 144
97 191
157 190
13 22
57 186
32 158
70 160
45 181
164 189
45 130
85 109
134 197
108 139
69 199
14 104
138 178
125 171
135 175
14 116
60 75
36 156
11 169
87 119
12 74
87 112
64 145
112 196
85 108
118 155
9 91
118 119
129 173
10 26
154 174
50 130
56 120
112 189
84 187
78 200
88 125
170 181
6 96
20 94
153 177
95 148
34 89
146 173
171 178
24 179
85 112
51 101
54 179
40 76
26 158
74 92
13 161
70 140
21 54
20 88
24 68
12 174
57 162
70 154
45 69
143 185
52 139
101 195
96 185
30 119
66 165
115 124
63 102
26 57
81 93
83 99
108 197
67 165
10 43
19 106
27 148
80 196
22 135
34 196
12 26
3 144
23 83
102 178
25 32
2 42
11 164
170 175
98 185
19 94
190 195
10 17
103 146
80 123
4 53
41 141
96 147
41 59
83 175
126 132
91 125
66 152
62 180
141 185
14 129
186 193
92 98
135 193
7 111
42 139
179 195
18 179
114 129
55 154
46 79
97 137
28 191
82 90
80 198
15 112
22 132
5 122
83 154
17 141
95 112
21 110
134 171
133 154
83 170
94 160
49 82
63 138
24 165
117 173
8 108
15 83
71 176
84 119
63 187
161 167
66 117
33 66
164 197
6 145
95 162
176 183
11 162
64 154
101 147
97 155
50 79
93 184
130 139
63 76
23 58
9 26
162 180
41 122
72 78
115 195
42 189
136 193
83 96
141 195
6 168
154 200
54 171
84 134
4 80
71 94
60 182
19 190
164 167
105 181
1 96
40 140
152 161
23 133
141 170
164 200
51 69
1 34
24 117
59 144
114 185
128 196
36 88
39 198
136 187
53 137
184 199
40 93
64 157
59 200
13 40
13 106
20 83
97 105
172 176
32 193
62 77
86 142
81 133
100 122
118 194
63 77
81 139
13 53
140 185
82 180
79 175
149 198
98 171
18 186
121 169
95 185
150 197
101 178
122 141
17 127
13 98
163 181
32 65
68 141
13 87
75 176
99 149
45 98
26 189
15 16
57 96
9 117
52 142
39 152
165 174
46 187
130 131
33 100
76 84
100 112
77 149
17 27
2 16
131 144
69 156
1 100
121 147
15 103
59 119
27 152
51 59
3 189
32 146
47 123
64 99
129 147
38 196
47 60
48 189
70 91
34 179
82 122
95 125
6 120
18 28
30 76
67 70
10 189
60 99
59 93
17 191
76 186
157 196
66 185
82 146
10 44
58 187
54 73
97 200
15 89
176 189
2 199
88 151
88 126
18 198
197 200
71 185
81 119
71 105
24 163
49 144
109 162
10 49
86 158
25 174
88 90
132 163
56 161
110 181
6 199
56 200
54 199
168 183
31 35
69 103
114 121
87 103
128 187
87 193
19 178
75 148
24 96
75 175
132 145
47 146
25 34
28 161
48 172
65 185
15 74
147 185
150 163
126 179
26 81
60 142
97 103
32 50
74 100
70 87
90 165
3 183
151 176
127 197
4 86
38 149
126 157
124 168
92 180
95 166
24 28
99 133
42 63
165 199
14 67
181 186
14 58
122 198
49 161
137 174
13 68
10 144
94 112
102 117
43 74
77 87
3 57
64 169
38 109
88 181
16 63
81 157
71 132
72 121
28 54
32 182
56 107
25 90
51 170
99 197
101 151
47 66
151 170
49 185
93 159
16 76
37 173
46 53
136 140
32 36
103 128
46 105
88 100
112 125
29 79
148 198
127 191
31 172
124 181
27 106
64 78
119 125
160 168
127 135
72 139
62 186
78 136
169 188
82 94
24 136
91 120
56 153
55 141
33 194
97 139
122 197
6 193
37 88
37 164
179 193
1 13
7 135
99 125
21 51
27 113
65 147
126 169
10 92
13 63
169 181
59 70
89 164
170 186
123 141
34 80
111 129
38 136
86 113
115 198
5 99
78 169
118 175
124 170
96 190
2 44
121 196
126 161
7 74
121 137
135 187
132 154
81 198
164 198
52 79
169 170
75 92
132 178
56 167
89 163
16 114
158 185
37 191
14 102
5 70
17 79
53 56
24 156
92 119
132 133
68 95
61 161
72 195
8 195
15 189
44 159
15 145
8 93
40 95
42 107
96 183
74 114
76 165
94 109
63 104
4 200
9 37
59 65
191 198
5 40
133 144
36 169
137 200
66 126
161 181
61 62
2 50
15 39
162 190
128 180
128 129
39 162
62 151
5 143
10 183
50 162
27 79
104 166
18 184
142 184
23 94
75 118
82 183
117 136
90 159
66 103
166 172
21 88
82 195
90 181
179 198
110 132
42 98
95 131
26 54
37 129
29 168
12 151
23 135
93 141
96 117
11 114
62 67
65 102
43 62
3 169
95 145
29 165
26 157
6 155
16 162
36 59
68 187
84 174
160 174
5 71
85 189
154 181
29 115
27 165
23 165
84 158
60 81
35 123
141 149
70 130
105 137
163 192
146 163
52 77
41 189
27 31
31 77
111 168
87 146
82 177
17 115
63 87
90 148
42 74
95 177
53 151
7 76
43 71
45 179
1 157
9 64
79 82
46 51
78 120
156 160
17 139
77 191
79 199
38 114
23 34
28 111
17 175
139 149
77 113
75 190
64 153
94 187
16 60
80 131
6 62
24 193
173 181
54 166
19 97
66 135
1 99
61 103
50 194
31 194
176 190
145 153
6 72
11 198
188 196
177 178
4 141
6 118
77 187
79 147
51 195
71 151
28 118
52 130
172 199
86 109
46 71
135 144
56 141
13 49
19 146
95 121
150 165
35 133
15 86
35 39
34 79
6 27
18 194
81 83
95 158
132 190
81 142
90 153
113 168
66 145
134 200
177 192
114 177
136 166
95 152
84 123
125 131
93 125
103 116
46 185
61 169
30 132
41 110
33 109
168 182
37 54
161 184
157 182
116 137
149 191
72 118
83 89
58 180
86 128
43 60
39 125
16 39
71 133
51 82
163 189
183 192
146 150
83 149
74 98
96 105
171 175
70 139
120 194
48 155
53 64
76 86
14 76
54 104
101 117
154 170
60 154
8 14
47 163
95 173
9 169
115 154
12 182
28 131
2 160
113 182
68 146
24 44
79 128
121 125
60 156
81 102
88 141
69 198
104 121
22 87
92 181
47 170
162 196
85 125
40 156
80 195
58 91
54 96
59 85
20 140
83 171
10 141
127 142
33 172
26 53
98 134
11 88
86 146
2 121
23 157
72 174
131 171
47 162
98 181
4 115
97 178
7 81
107 156
46 118
7 12
19 109
88 168
15 87
4 6
45 186
129 136
186 194
69 170
105 138
147 159
69 153
48 84
43 151
74 131
111 184
47 188
8 84
17 171
9 159
72 104
39 161
45 108
100 148
6 88
143 162
121 189
165 168
36 111
15 57
53 77
41 126
85 188
91 97
11 123
135 190
29 135
29 102
26 177
30 87
11 21
44 172
18 144
1 131
119 149
18 39
80 111
85 159
4 183
35 141
82 198
44 149
5 155
39 159
43 177
11 47
49 67
73 114
59 145
145 174
22 66
9 108
12 139
122 172
55 79
167 188
88 96
128 171
47 99
73 138
116 189
16 197
93 162
36 79
72 187
6 34
1 129
114 163
47 74
4 21
108 145
89 138
56 102
132 185
42 83
21 80
72 95
8 130
64 110
55 146
140 171
9 167
80 197
130 193
111 130
1 120
84 139
171 191
10 132
169 173
29 93
3 85
17 49
11 60
147 192
65 188
185 190
34 129
168 196
116 132
83 97
70 161
166 188
97 174
55 124
10 106
24 86
94 180
43 152
70 182
8 38
34 36
127 187
150 179
11 149
123 155
130 159
4 57
182 196
17 180
145 191
29 77
28 90
21 200
84 87
99 200
19 40
155 159
174 177
37 152
93 163
59 155
137 139
65 155
118 124
84 192
26 147
81 197
31 46
58 118
135 145
71 199
55 176
46 98
85 166
155 182
99 157
6 10
76 170
122 163
100 108
61 124
38 178
51 169
90 182
40 46
70 97
19 123
32 117
138 171
85 104
31 109
89 186
41 90
2 107
91 164
73 77
15 69
153 196
66 71
46 154
5 101
155 164
148 194
47 181
38 180
136 167
80 137
55 115
81 160
18 30
119 153
33 191
40 55
91 190
118 150
139 158
47 127
77 194
95 146
72 186
133 143
106 153
42 147
103 147
33 161
79 99
97 172
48 150
35 130
65 117
84 180
37 147
68 160
79 133
67 91
111 139
76 161
21 166
69 100
48 152
174 195
180 187
44 100
15 155
12 192
34 52
144 189
81 149
35 200
89 145
34 64
20 132
88 106
42 176
89 104
7 172
40 130
152 181
48 135
35 171
81 171
28 29
78 87
100 163
91 104
178 193
14 83
36 170
15 90
45 118
132 189
79 111
115 126
150 159
43 153
46 179
105 147
71 99
71 192
136 148
17 87
92 95
9 27
96 140
139 170
113 148
186 190
47 200
47 83
81 123
66 189
5 117
24 176
39 168
35 199
55 145
114 199
88 180
29 85
98 180
86 192
37 107
109 141
87 147
130 181
21 83
41 54
69 190
104 196
58 192
34 184
14 187
93 174
89 191
160 178
15 133
114 196
8 85
92 105
11 171
3 69
67 195
3 78
35 159
100 176
25 27
52 91
54 101
60 179
10 167
12 112
122 139
141 148
13 89
7 14
69 176
77 160
18 195
1 72
22 32
120 154
108 122
12 93
66 105
2 26
11 153
14 160
47 116
172 192
89 196
152 178
75 199
155 197
60 90
132 139
83 113
145 171
9 194
67 77
16 140
63 111
86 135
78 103
40 133
123 189
111 196
109 132
112 114
61 112
69 79
33 169
135 177
28 36
122 189
52 118
14 136
27 125
19 76
54 85
177 190
131 159
30 154
82 159
37 59
102 175
110 157
81 114
43 139
123 163
45 163
49 199
91 194
43 187
24 88
12 161
114 125
45 86
153 187
34 114
52 71
139 165
108 146
67 199
48 111
120 173
110 150
130 194
83 169
5 25
4 83
9 62
138 160
7 130
20 196
24 129
53 120
107 169
8 88
41 147
69 80
7 140
150 192
176 178
142 200
133 149
90 196
115 157
123 169
122 154
84 194
130 186
54 69
124 156
31 36
76 171
41 84
120 168
25 133
97 128
58 107
5 76
12 113
52 57
15 134
7 70
148 182
147 163
66 99
11 159
131 194
29 107
23 150
1 43
86 91
13 108
18 72
64 85
51 131
32 126
110 118
8 51
118 178
99 111
7 23
51 192
47 111
26 47
63 137
36 165
2 82
94 173
2 4
31 166
5 81
68 185
104 181
77 103
124 163
6 140
67 106
82 109
46 116
10 77
175 186
100 136
92 189
4 164
63 71
44 68
65 128
18 180
8 103
19 75
67 104
83 159
92 156
77 145
112 145
56 87
93 98
41 115
160 171
14 24
30 83
115 156
107 185
39 153
30 197
64 118
93 114
47 131
27 139
97 121
38 107
72 106
19 34
14 56
62 161
59 114
81 138
16 123
55 114
178 184
146 193
80 93
104 130
124 195
33 176
34 197
17 149
137 171
144 145
15 70
28 125
42 135
112 132
75 153
113 164
145 181
12 31
113 152
42 101
29 30
101 158
145 154
69 109
71 153
1 68
57 124
57 142
5 138
56 60
74 149
40 101
185 191
12 164
87 163
21 44
49 88
2 23
61 75
47 73
69 187
108 126
120 175
15 114
171 179
112 126
66 85
50 78
12 43
107 193
67 96
45 78
150 184
52 66
12 145
20 130
7 34
52 102
14 53
36 172
93 151
34 135
90 177
48 65
29 128
52 83
163 173
8 77
153 184
173 178
9 191
104 165
138 177
10 98
4 169
10 113
44 107
7 63
70 121
92 127
80 140
47 130
48 184
121 190
38 153
192 196
92 173
27 112
111 151
49 183
124 135
56 67
60 131
1 125
13 29
146 194
87 148
105 159
33 64
61 190
122 179
105 162
58 83
98 175
195 198
25 60
80 101
54 55
25 102
36 182
86 177
1 162
70 173
138 190
38 51
5 104
122 190
65 100
115 127
49 194
118 149
41 109
83 143
52 124
57 60
87 185
129 154
47 64
102 141
30 138
154 194
28 48
77 99
150 174
114 130
66 190
24 71
53 180
73 100
71 135
33 198
2 158
138 166
194 196
90 117
102 109
75 168
17 73
55 130
49 72
146 168
61 73
75 83
120 198
142 186
8 82
8 26
6 125
89 113
101 176
95 118
31 154
42 140
13 76
50 196
36 89
4 120
110 148
20 137
88 131
45 139
167 172
23 137
44 95
86 98
79 131
66 80
51 200
110 149
190 198
19 29
81 107
7 154
111 126
14 110
1 103
30 122
23 128
67 161
77 107
54 165
86 95
188 190
74 95
141 173
68 172
48 70
2 170
55 142
123 195
16 26
11 172
87 137
32 48
16 35
30 48
14 169
113 144
53 132
164 175
37 94
134 166
1 30
62 193
59 192
49 173
130 173
131 140
17 184
63 94
28 129
67 164
53 182
134 135
97 113
192 198
151 153
16 34
57 171
113 150
27 162
142 153
26 66
26 151
15 106
39 46
55 100
120 153
163 169
13 185
19 197
97 142
84 107
54 116
6 8
110 164
89 148
65 179
30 42
10 117
19 65
128 160
81 108
140 157
168 195
3 5
96 178
141 179
6 80
8 193
4 89
72 125
72 97
96 112
42 64
55 65
96 191
96 125
35 102
33 69
25 56
52 69
75 123
117 165
99 150
108 144
10 64
11 41
72 189
135 181
96 177
15 19
2 66
139 188
29 167
87 117
44 179
24 103
64 106
43 198
91 102
49 77
168 190
60 119
95 128
57 88
82 188
94 127
31 44
89 92
37 75
151 179
44 59
91 129
27 153
153 183
14 183
25 152
27 124
92 130
19 51
100 156
105 191
98 189
21 28
35 160
76 168
13 31
47 125
15 79
123 165
138 165
117 141
13 80
25 185
29 176
11 125
61 148
138 183
178 181
65 93
102 138
166 177
23 74
33 124
71 168
64 172
142 176
80 157
18 175
49 101
161 173
128 155
21 61
40 164
118 189
60 192
11 144
18 193
63 158
61 91
126 178
36 40
22 25
88 122
107 113
131 166
49 152
77 116
99 183
31 89
122 137
52 149
73 134
119 198
84 108
51 110
122 195
89 167
43 200
89 192
152 172
70 178
43 166
34 104
63 86
73 172
47 81
151 163
78 100
15 45
115 148
33 154
92 200
30 111
30 141
72 158
112 198
149 177
5 80
12 79
12 63
72 80
45 109
92 184
161 164
98 121
47 101
75 97
10 73
118 153
97 125
10 62
51 180
75 76
120 147
134 161
65 95
39 84
55 85
31 96
44 133
169 171
101 170
154 165
88 196
135 153
11 19
4 160
105 175
100 145
81 144
51 188
74 120
96 134
119 124
34 117
29 170
22 64
174 192
98 156
19 172
67 182
26 160
20 197
15 182
46 107
1 27
52 159
49 114
59 173
30 79
98 130
7 119
165 200
113 167
60 189
43 156
153 199
81 120
84 170
121 124
55 200
42 76
116 150
66 96
8 79
163 182
148 197
77 133
83 189
73 145
167 200
2 188
34 113
31 133
163 183
119 162
108 123
9 192
49 139
158 195
78 183
4 174
71 175
40 121
95 134
88 101
79 145
53 177
83 194
24 172
120 125
11 181
32 144
17 166
94 142
3 26
90 163
36 53
48 69
66 89
28 126
183 196
200 397 1 199
50
9 181 63 194 92 90 91 19 10 72 16 17 164 70 89 54 151 39 168 142 166 131 94 117 82 179 160 21 20 34 75 81 145 159 1 32 68 73 35 185 60 93 48 107 127 155 38 15 137 196 45 65 2 135 6 11 55 56 128 121 152 143 104 116 13 174 36 183 8 37 67 172 200 150 95 106 28 3 62 136 78 118 18 7 173 198 87 144 22 124 190 125 148 57 195 43 83 49 110 53 52 71 76 61 96 98 99 157 126 105 186 77 149 129 25 120 113 97 27 41 191 171 162 51 146 193 12 178 177 47 101 189 188 59 29 103 30 111 197 23 42 138 133 154 170 119 69 184 58 141 24 40 100 14 147 163 4 79 31 180 102 86 156 66 85 158 5 112 139 169 80 140 114 108 74 167 84 123 199 122 115 33 130 187 175 182 26 161 109 165 153 132 44 46 88 176 134 192 64
50 9
50 181
50 63
50 194
50 92
50 90
50 91
50 19
50 10
50 72
50 16
50 17
50 164
50 70
50 89
50 54
50 151
50 39
50 168
50 142
50 166
50 131
50 94
50 117
50 82
50 179
50 160
50 21
50 20
50 34
50 75
50 81
50 145
50 159
50 1
50 32
50 68
50 73
50 35
50 185
50 60
50 93
50 48
50 107
50 127
50 155
50 38
50 15
50 137
50 196
50 45
50 65
50 2
50 135
50 6
50 11
50 55
50 56
50 128
50 121
50 152
50 143
50 104
50 116
50 13
50 174
50 36
50 183
50 8
50 37
50 67
50 172
50 200
50 150
50 95
50 106
50 28
50 3
50 62
50 136
50 78
50 118
50 18
50 7
50 173
50 198
50 87
50 144
50 22
50 124
50 190
50 125
50 148
50 57
50 195
50 43
50 83
50 49
50 110
50 53
50 52
50 71
50 76
50 61
50 96
50 98
50 99
50 157
50 126
50 105
50 186
50 77
50 149
50 129
50 25
50 120
50 113
50 97
50 27
50 41
50 191
50 171
50 162
50 51
50 146
50 193
50 12
50 178
50 177
50 47
50 101
50 189
50 188
50 59
50 29
50 103
50 30
50 111
50 197
50 23
50 42
50 138
50 133
50 154
50 170
50 119
50 69
50 184
50 58
50 141
50 24
50 40
50 100
50 14
50 147
50 163
50 4
50 79
50 31
50 180
50 102
50 86
50 156
50 66
50 85
50 158
50 5
50 112
50 139
50 169
50 80
50 140
50 114
50 108
50 74
50 167
50 84
50 123
50 199
50 122
50 115
50 33
50 130
50 187
50 175
50 182
50 26
50 161
50 109
50 165
50 153
50 132
50 44
50 46
50 88
50 176
50 134
50 192
50 64
9 181
181 63
63 194
194 92
92 90
90 91
91 19
19 10
10 72
72 16
16 17
17 164
164 70
70 89
89 54
54 151
151 39
39 168
168 142
142 166
166 131
131 94
94 117
117 82
82 179
179 160
160 21
21 20
20 34
34 75
75 81
81 145
145 159
159 1
1 32
32 68
68 73
73 35
35 185
185 60
60 93
93 48
48 107
107 127
127 155
155 38
38 15
15 137
137 196
196 45
45 65
65 2
2 135
135 6
6 11
11 55
55 56
56 128
128 121
121 152
152 143
143 104
104 116
116 13
13 174
174 36
36 183
183 8
8 37
37 67
67 172
172 200
200 150
150 95
95 106
106 28
28 3
3 62
62 136
136 78
78 118
118 18
18 7
7 173
173 198
198 87
87 144
144 22
22 124
124 190
190 125
125 148
148 57
57 195
195 43
43 83
83 49
49 110
110 53
53 52
52 71
71 76
76 61
61 96
96 98
98 99
99 157
157 126
126 105
105 186
186 77
77 149
149 129
129 25
25 120
120 113
113 97
97 27
27 41
41 191
191 171
171 162
162 51
51 146
146 193
193 12
12 178
178 177
177 47
47 101
101 189
189 188
188 59
59 29
29 103
103 30
30 111
111 197
197 23
23 42
42 138
138 133
133 154
154 170
170 119
119 69
69 184
184 58
58 141
141 24
24 40
40 100
100 14
14 147
147 163
163 4
4 79
79 31
31 180
180 102
102 86
86 156
156 66
66 85
85 158
158 5
5 112
112 139
139 169
169 80
80 140
140 114
114 108
108 74
74 167
167 84
84 123
123 199
199 122
122 115
115 33
33 130
130 187
187 175
175 182
182 26
26 161
161 109
109 165
165 153
153 132
132 44
44 46
46 88
88 176
176 134
134 192
192 64
201 323 60 60
1 2 3 4 5 6 7 8 9 10 11 13 14 15 16 17 19 20 21 23 24 25 26 27 29 31 33 34 35 36 38 39 43 44 49 52 53 54 56 58 67 70 83 85 86 88 90 95 99 102 107 117 125 135 151 157 161 174 178 192
22 31 38 41 53 60 62 82 84 86 100 106 113 119 121 122 123 128 129 130 139 141 142 143 147 148 150 151 152 156 159 164 165 167 170 172 173 174 176 177 178 179 180 181 183 185 186 187 188 189 190 191 192 194 195 196 197 198 199 200
99 153
63 81
37 47
37 118
89 115
111 140
91 109
56 130
114 123
49 120
27 69
48 84
90 103
88 149
66 152
72 188
67 185
36 150
80 92
136 143
56 69
67 132
127 133
145 190
146 186
35 65
134 171
10 144
11 143
24 110
124 175
157 194
155 180
102 103
15 61
7 30
45 134
144 145
107 185
57 81
36 71
21 22
51 78
10 64
54 63
16 134
80 82
44 181
98 123
36 111
15 66
153 173
26 172
112 121
5 112
74 148
48 94
92 158
80 165
29 200
137 200
49 96
18 100
91 141
65 87
63 145
79 89
40 94
6 106
59 132
132 183
72 162
87 175
27 75
114 115
67 134
115 187
44 158
103 124
67 116
88 180
101 124
17 154
92 150
6 75
154 176
11 32
137 175
125 137
87 140
95 149
9 48
111 145
3 30
50 68
72 156
125 128
40 41
25 28
73 75
14 40
40 179
26 30
81 165
44 111
105 120
28 188
105 186
10 71
65 126
79 152
109 171
8 186
118 150
37 141
27 65
99 123
13 18
118 196
104 198
12 120
69 191
20 73
124 154
158 176
120 140
70 182
146 147
169 175
55 137
149 171
58 184
59 98
33 78
9 89
34 114
51 110
67 93
91 137
111 169
3 59
140 190
99 129
83 103
45 97
131 196
59 160
85 168
104 191
20 87
4 132
17 144
67 141
111 177
67 142
184 197
71 91
67 100
2 172
10 128
76 87
168 185
93 124
73 76
131 162
107 154
117 162
135 166
66 111
69 199
5 124
10 42
171 195
34 113
163 190
125 143
4 150
13 123
64 163
91 199
51 179
49 87
90 193
89 100
23 128
17 147
145 177
4 118
40 195
92 197
83 122
182 185
145 154
30 103
138 146
56 179
44 114
166 182
68 73
138 188
17 118
15 92
42 152
110 121
88 195
42 167
96 146
20 74
63 171
45 77
77 146
92 138
19 108
25 128
95 164
67 137
1 42
39 41
110 146
2 72
175 195
24 94
44 100
9 69
14 163
12 55
9 12
78 116
96 105
105 126
73 129
102 118
104 188
64 155
49 50
104 190
58 115
59 68
43 170
108 119
116 190
54 191
42 110
8 136
193 198
3 176
85 127
13 75
54 131
37 109
94 159
59 175
97 175
57 96
110 147
162 182
4 18
35 137
17 64
132 147
61 72
64 89
55 106
10 153
97 124
160 167
75 153
78 148
105 187
92 139
55 79
36 156
42 104
77 94
155 197
72 179
43 60
81 189
133 171
81 155
21 200
56 147
30 80
96 126
51 181
2 136
68 181
54 101
34 106
42 122
47 194
7 137
17 57
4 55
2 45
30 133
77 144
45 156
37 51
75 172
52 62
27 140
17 101
63 159
161 182
47 118
29 37
102 147
85 128
32 46
61 186
118 133
26 186
68 82
54 140
46 80
5 183
126 128
57 114
201 120
182 37
58 33
185 38
200 368 66 49
1 2 3 4 5 6 7 8 9 10 11 12 13 14 15 16 17 19 20 22 23 24 27 29 30 32 34 35 36 38 41 42 43 44 45 47 49 50 53 56 58 60 63 66 70 72 77 78 79 81 88 89 92 93 96 102 112 114 120 122 123 126 129 132 139 151
15 28 35 62 63 67 76 81 117 118 119 121 124 134 137 139 140 144 145 147 148 151 153 154 157 158 161 165 167 172 173 174 175 178 181 183 184 185 188 189 190 193 194 195 196 197 198 199 200
29 142
85 163
45 46
7 25
60 199
87 178
43 190
49 74
27 144
90 131
3 21
36 87
1 64
93 161
143 189
138 159
130 158
9 168
57 135
116 187
58 109
65 146
90 115
31 46
114 142
107 142
11 110
80 165
75 174
44 48
34 39
94 198
58 74
89 171
92 191
26 65
191 195
131 158
141 143
74 149
46 115
79 167
58 187
156 162
152 199
88 91
87 152
8 90
111 137
130 181
69 121
75 192
109 140
43 152
123 135
129 199
24 37
33 54
112 183
65 71
64 121
187 199
20 158
107 173
78 103
107 144
40 148
168 183
44 106
92 180
73 154
88 162
160 196
20 80
111 169
85 178
53 148
96 101
20 33
57 141
93 195
45 97
114 148
50 187
8 83
95 190
96 170
56 100
51 141
40 193
186 191
21 190
2 51
73 198
55 113
126 148
44 133
116 146
59 116
60 106
127 197
106 174
5 39
26 137
29 138
83 153
107 162
97 110
18 26
23 100
27 31
33 68
91 186
150 199
136 182
44 200
55 90
34 180
7 85
40 98
97 136
66 140
16 175
14 52
86 134
36 90
50 55
83 185
11 111
58 174
71 137
68 97
101 165
86 158
83 168
16 177
177 188
17 61
86 181
96 163
40 61
5 101
40 84
50 185
111 158
64 127
74 165
68 136
53 167
56 166
38 84
32 105
14 125
7 187
72 197
39 145
101 192
163 180
71 76
37 199
57 118
108 134
86 100
75 187
115 152
106 195
47 149
132 197
171 190
155 171
1 26
146 200
1 68
96 198
18 104
5 197
70 196
142 179
12 174
55 85
130 153
114 119
69 138
10 113
19 150
102 121
73 188
192 195
135 193
7 138
1 18
30 147
22 74
75 141
11 105
56 94
52 179
14 137
13 107
180 197
94 190
13 18
143 157
170 194
48 137
29 196
60 75
25 171
182 193
96 149
82 108
4 149
75 110
120 165
128 162
19 99
65 86
106 167
93 119
149 155
30 144
131 159
21 173
38 57
14 187
36 95
135 159
8 181
164 188
122 189
160 191
152 169
20 67
26 168
2 146
22 119
37 196
43 105
113 158
169 184
17 28
56 186
156 186
180 189
123 131
34 174
96 196
53 178
92 165
129 150
84 184
37 164
43 187
64 169
191 194
84 113
45 156
85 171
89 128
32 153
14 193
110 147
104 192
109 145
41 74
133 195
166 195
38 187
51 103
162 164
33 105
46 118
21 136
54 84
83 161
6 189
55 97
103 192
65 101
71 94
149 152
98 191
105 148
94 153
68 161
114 145
95 172
57 111
110 127
30 40
98 166
160 166
95 200
70 144
19 101
91 104
39 181
19 121
106 109
21 99
42 159
32 51
9 116
85 158
132 196
85 87
6 159
133 160
77 199
32 172
110 170
66 192
69 73
50 180
93 145
111 165
55 145
12 117
85 130
8 183
86 195
2 143
105 188
66 100
1 69
13 55
20 200
10 59
84 145
149 171
109 142
9 138
176 189
61 195
51 124
91 159
103 188
51 181
44 128
47 159
17 103
50 128
99 128
125 159
159 176
162 190
50 90
100 195
1 128
85 116
23 82
54 74
169 195
30 118
40 185
179 186
17 145
25 62
41 170
5 21
25 82
148 50
185 76
143 89
180 132
191 32
179 5
133 31
200 311 64 57
1 2 3 4 5 6 7 8 9 11 12 13 14 16 17 18 19 20 21 22 23 24 25 26 27 28 32 33 34 35 36 37 39 41 42 43 44 45 46 47 48 49 53 57 58 65 76 80 81 82 86 89 109 112 114 120 122 129 132 145 149 154 155 186
1 5 7 15 29 30 33 41 47 62 72 75 86 97 100 108 113 123 125 126 132 134 138 140 146 147 150 151 154 155 156 157 160 161 163 165 166 169 172 174 175 176 177 178 188 189 190 191 192 193 194 195 196 197 198 199 200
58 75
21 150
148 166
52 142
182 199
50 56
32 159
39 197
11 184
112 158
80 90
10 84
120 140
184 191
106 138
90 126
16 72
96 99
136 196
63 175
102 121
162 184
14 15
106 151
42 108
67 105
21 146
51 85
27 40
12 72
42 199
40 52
81 113
35 101
9 83
8 179
148 172
101 125
92 196
118 153
34 77
56 179
64 172
135 167
60 111
104 153
164 167
114 157
110 193
25 51
106 191
159 179
64 131
170 189
131 180
28 163
144 177
167 183
42 111
76 189
144 166
186 188
137 183
129 133
17 31
80 181
53 157
56 157
162 167
89 177
44 95
27 139
94 173
39 92
3 195
143 147
50 121
21 55
115 159
111 140
109 115
89 163
78 106
2 135
159 181
83 123
85 157
38 138
38 50
58 137
110 150
17 62
162 168
73 117
34 61
59 138
11 121
168 183
16 151
103 143
89 153
31 197
153 177
101 194
13 115
185 198
48 165
84 104
90 113
8 178
55 118
159 161
93 148
20 137
18 176
87 88
17 178
76 157
82 159
57 117
18 191
43 78
59 95
141 182
42 119
76 167
68 94
173 191
149 181
124 158
51 83
12 29
142 187
65 125
127 183
55 148
104 111
158 176
95 190
143 180
131 165
12 142
67 144
158 182
74 171
105 116
6 61
35 178
43 123
65 97
117 160
88 181
110 195
162 169
129 182
61 168
51 131
49 69
77 183
98 133
69 79
63 74
61 85
65 110
58 142
128 130
87 138
107 152
152 170
36 150
60 130
129 143
79 185
4 68
122 188
53 180
133 174
48 128
92 184
77 160
49 134
139 152
45 63
187 199
61 103
79 115
87 90
60 172
122 144
98 151
131 143
71 161
37 59
145 161
107 188
3 30
44 187
49 98
9 38
21 95
49 70
111 130
3 160
129 173
63 124
89 138
45 127
17 190
48 85
69 73
3 174
137 177
130 164
107 143
77 144
21 93
6 116
121 127
66 164
149 182
103 147
95 192
60 62
117 170
26 63
102 159
22 64
59 174
53 187
105 167
180 195
127 153
179 188
54 197
54 118
91 183
78 163
129 156
69 153
4 159
63 66
38 54
119 177
139 192
70 172
112 125
85 164
90 105
42 197
24 67
74 136
105 134
171 183
2 75
8 10
23 131
35 197
26 176
93 107
61 151
10 29
9 100
38 166
69 159
54 87
104 110
42 98
167 178
117 178
71 95
183 195
27 171
21 60
149 177
37 195
48 144
68 87
116 134
78 79
112 137
130 158
51 179
63 197
49 51
46 60
46 116
2 51
49 91
92 137
112 139
42 102
76 96
99 163
141 147
17 187
136 200
11 174
21 71
162 182
79 110
27 117
130 133
96 150
19 139
77 141
104 130
10 63
91 162
31 64
181 197
191 52
200 584 36 39
1 2 3 4 5 6 7 8 9 10 11 12 15 16 17 18 20 24 25 28 30 31 35 40 42 43 44 51 55 87 93 96 104 124 134 184
55 127 141 150 153 154 157 158 160 162 164 166 167 168 170 172 174 175 176 180 182 183 184 185 186 187 188 189 190 191 192 193 194 195 196 197 198 199 200
138 198
155 195
4 198
59 142
60 188
2 172
94 200
31 157
17 66
69 167
62 72
62 199
99 107
35 182
106 119
103 120
105 177
75 171
126 154
56 172
43 123
6 137
26 199
64 83
18 193
2 173
62 70
112 145
24 131
50 121
74 176
66 72
45 83
83 200
47 166
16 164
83 156
82 157
118 174
95 133
102 195
84 150
61 199
86 146
66 141
48 189
78 169
90 168
88 120
51 94
131 163
7 136
110 144
19 192
146 190
79 143
96 165
177 181
39 61
8 50
14 92
22 34
14 198
41 131
34 66
128 181
27 68
23 161
44 59
137 194
38 114
29 33
143 153
65 106
120 137
84 108
43 92
152 170
139 198
102 122
99 120
77 119
56 164
46 48
169 188
18 131
91 156
102 187
84 127
94 159
18 199
63 64
20 26
122 172
111 121
125 158
131 181
113 153
121 156
3 59
62 149
15 161
81 132
149 161
83 120
109 166
34 102
163 166
42 69
43 131
70 140
38 121
118 190
1 13
156 175
10 157
36 84
23 196
14 84
165 166
159 189
95 143
92 173
31 189
104 129
90 107
66 79
76 86
26 169
44 133
32 113
47 53
71 84
120 171
67 145
71 135
44 85
97 100
28 86
74 117
41 99
117 155
18 49
118 135
23 157
43 142
95 126
36 174
33 179
103 127
17 153
139 145
99 192
4 60
23 142
30 163
35 139
33 170
21 95
59 200
100 131
70 122
46 121
35 118
84 193
163 197
12 50
109 177
47 118
151 166
112 137
122 148
110 162
100 195
10 21
4 162
102 153
87 192
28 99
25 119
67 195
56 84
119 196
108 189
92 161
68 170
43 57
111 125
38 110
5 138
77 131
37 114
102 121
8 106
101 102
76 116
116 189
21 128
79 192
13 33
77 148
77 85
94 150
178 198
71 75
104 135
14 200
63 161
28 57
57 170
63 156
31 193
19 198
25 126
28 160
17 135
79 83
114 181
64 160
62 135
41 176
45 139
73 106
10 14
38 61
83 186
126 129
42 47
171 177
74 178
60 160
92 141
61 72
32 193
76 119
126 171
104 123
1 145
128 193
52 102
64 89
113 169
97 122
61 133
83 136
3 36
64 152
40 70
14 54
11 181
93 97
66 172
25 187
58 71
39 92
13 144
54 139
83 137
3 45
113 185
22 63
37 88
131 167
130 171
78 142
49 60
25 183
56 66
69 197
87 116
124 132
92 162
114 135
94 166
2 67
11 21
148 162
87 121
4 173
115 155
94 116
89 175
69 78
86 101
120 161
68 113
58 101
72 178
132 198
42 170
26 84
179 198
61 188
5 62
95 171
163 195
11 61
93 148
37 79
42 153
27 38
74 76
82 109
45 102
22 107
40 178
58 175
42 141
113 167
12 125
15 183
19 23
29 38
27 172
25 74
7 61
110 156
113 152
11 151
97 142
46 191
59 105
147 180
34 138
81 196
155 188
58 142
46 148
35 168
3 98
83 192
30 151
115 170
44 91
59 81
142 179
23 32
69 113
74 145
53 97
69 135
13 185
10 194
104 141
137 138
63 150
12 101
97 153
43 106
79 166
54 163
80 178
7 118
28 114
98 144
129 133
24 83
95 186
114 142
90 192
52 146
61 196
98 128
51 125
177 189
129 165
49 164
38 118
60 125
67 101
73 179
21 45
98 196
85 173
18 56
66 117
75 126
62 103
57 86
145 196
96 162
179 191
17 90
60 139
134 163
49 180
12 185
86 170
35 132
82 118
40 52
7 22
48 62
85 198
102 138
24 75
23 77
48 163
7 200
20 128
19 85
113 143
65 145
137 164
146 157
89 116
47 80
11 89
46 78
44 53
106 114
48 110
100 175
86 188
15 60
173 194
90 165
95 102
22 172
122 154
19 133
85 117
49 166
85 151
49 137
49 84
12 33
123 180
29 65
25 103
102 154
83 150
7 76
86 115
13 37
5 151
104 111
142 161
112 115
61 97
136 188
12 114
87 145
1 143
77 146
120 145
135 176
26 46
78 195
63 165
15 76
57 82
48 103
94 139
42 86
143 180
108 144
26 190
125 185
84 113
108 155
30 52
86 129
6 94
7 192
100 102
49 182
5 155
62 110
29 82
8 103
38 173
3 102
34 199
56 94
46 60
64 154
147 165
151 162
39 147
119 163
88 187
148 164
58 112
133 175
100 148
1 29
4 78
121 139
100 119
41 119
107 195
140 165
41 133
144 180
41 181
113 130
19 94
91 101
66 112
131 170
70 197
7 46
156 165
111 155
13 19
139 174
22 112
7 166
75 159
45 188
72 85
149 193
51 158
136 200
34 41
15 27
23 39
96 128
128 137
13 151
40 111
122 175
54 187
108 115
57 176
53 160
4 174
22 157
95 142
19 161
107 127
92 159
84 122
75 115
1 57
65 165
58 161
66 103
64 84
161 191
142 172
120 151
17 164
37 199
36 166
139 188
7 88
114 168
65 105
29 70
34 49
25 106
29 179
27 196
115 166
47 115
54 145
15 69
34 58
3 73
9 140
43 45
31 196
135 197
147 152
142 150
101 172
14 145
94 186
49 101
25 46
44 84
57 130
40 132
142 188
24 157
84 137
36 46
24 52
116 137
123 154
75 147
181 192
200 553 41 33
1 2 3 4 5 6 7 8 9 10 11 14 15 16 17 18 19 20 22 23 28 29 31 35 37 38 39 40 43 45 49 51 53 55 57 71 75 93 117 146 175
121 140 148 151 152 154 158 161 162 168 169 170 171 172 173 176 178 180 181 182 184 185 186 187 189 191 192 194 195 196 197 198 200
14 176
120 166
25 116
137 153
138 142
25 122
57 111
46 60
28 54
31 113
88 143
98 127
137 174
102 174
33 141
82 166
69 140
40 132
65 197
22 97
50 163
18 154
55 143
10 90
52 195
86 161
157 163
27 136
34 182
25 87
107 184
12 199
102 121
82 153
85 89
87 111
78 168
21 150
57 88
5 13
91 155
100 137
130 176
104 160
47 188
115 163
1 30
22 114
47 65
136 139
2 123
13 138
113 171
190 194
5 141
59 172
33 58
39 119
20 186
183 185
43 150
120 178
60 129
18 101
36 121
112 162
117 171
7 182
124 155
135 153
80 89
50 200
29 65
84 126
82 149
34 133
41 116
26 85
131 149
41 124
64 195
92 111
29 46
89 96
18 162
17 32
159 189
25 180
44 79
29 95
125 145
69 142
78 189
12 33
30 60
179 190
58 78
10 121
22 125
32 120
84 180
102 185
96 190
15 141
43 118
56 133
40 121
23 47
4 136
38 194
141 177
41 105
18 169
24 153
11 34
19 136
103 158
74 102
95 191
45 135
101 165
128 149
122 158
95 115
72 77
49 180
119 128
143 184
65 154
10 186
97 177
129 169
80 199
66 196
45 149
112 184
53 153
12 48
166 195
100 162
88 122
147 190
39 113
132 144
31 126
100 147
69 105
126 168
60 186
83 98
177 191
96 131
132 167
88 134
6 83
80 88
149 171
116 149
138 189
51 100
54 128
33 136
157 164
12 89
98 103
45 66
14 157
78 166
44 137
56 170
116 185
33 73
8 173
36 127
43 135
18 177
20 88
45 133
95 133
51 79
31 168
103 110
86 183
128 178
16 111
88 129
130 174
84 131
79 101
46 99
157 185
175 176
15 162
6 41
55 63
69 182
166 180
29 41
32 112
86 185
3 162
38 105
5 87
104 158
166 186
62 70
105 124
20 115
13 97
17 115
104 198
60 99
136 149
155 188
106 163
101 171
26 47
45 96
37 67
129 180
58 143
117 136
6 74
26 152
32 68
52 156
98 126
146 174
118 153
10 103
165 184
89 172
100 128
54 83
26 32
138 198
99 125
139 149
108 196
5 149
65 101
57 124
40 70
143 194
62 81
99 139
17 123
127 143
110 184
59 154
20 198
57 168
23 52
90 100
147 176
14 67
30 89
61 87
3 97
138 179
160 189
113 191
19 108
139 140
175 199
66 193
109 159
116 141
74 85
99 120
139 162
150 194
122 185
30 155
85 166
4 50
25 27
104 126
7 147
67 189
107 190
22 102
29 36
84 101
114 177
164 165
89 113
124 153
137 195
20 21
45 64
87 184
75 167
34 139
52 169
123 193
199 200
96 197
27 65
86 162
124 181
19 54
96 188
54 67
32 100
174 182
43 184
64 90
23 170
25 183
104 193
141 164
52 125
89 114
98 189
111 138
24 26
153 182
33 151
89 137
78 179
18 148
144 168
123 168
65 89
12 52
136 151
26 156
35 80
89 97
82 177
90 179
159 198
83 188
15 50
60 118
143 170
89 91
84 150
44 143
21 100
193 200
25 192
55 56
27 183
55 195
35 104
11 48
141 151
65 186
83 110
167 173
46 104
113 151
45 110
3 66
70 166
28 159
109 177
68 126
8 129
29 116
13 25
2 77
88 89
104 188
73 81
92 94
39 173
9 59
27 97
75 115
115 199
6 24
70 173
48 73
37 114
93 106
83 177
133 191
103 184
79 199
1 189
142 165
73 161
1 188
60 153
42 182
72 79
24 166
6 69
2 199
100 139
80 90
49 148
84 119
49 97
69 84
8 127
60 184
149 191
145 177
53 189
138 183
28 169
52 193
61 99
4 151
137 200
36 107
24 33
122 165
66 89
6 147
126 132
53 114
24 174
98 166
13 42
102 133
50 148
28 86
81 141
98 114
67 114
110 116
88 92
60 87
136 143
127 157
39 187
69 149
60 161
55 109
97 195
5 197
93 192
58 179
71 174
35 186
139 168
77 194
85 165
103 106
76 127
38 183
53 130
134 153
9 112
66 184
38 72
43 163
19 67
1 156
94 170
128 148
188 198
48 100
88 179
41 127
153 160
84 100
14 145
32 124
106 189
104 172
91 116
60 131
96 180
20 76
36 161
118 171
19 68
17 186
63 174
90 153
98 125
72 181
135 158
87 90
85 180
103 144
95 134
1 44
149 155
35 153
97 102
30 183
30 170
94 162
97 189
160 181
79 158
61 67
100 195
30 198
59 134
106 148
55 123
80 99
39 109
37 130
88 94
149 161
5 79
34 171
6 145
5 97
19 170
16 83
63 87
39 144
41 188
21 188
135 172
35 118
99 141
6 162
46 167
103 199
112 155
105 199
18 183
30 68
102 180
20 140
27 100
38 61
132 196
102 135
71 82
163 199
61 182
144 152
74 99
11 97
156 171
96 173
98 133
35 47
31 108
23 27
3 62
103 130
73 181
78 135
2 12
134 109
100 92
88 4
119 27
106 83
194 178
200 483 46 38
1 2 3 4 5 6 7 9 10 11 12 13 14 15 16 17 18 20 21 23 27 28 30 31 32 34 36 41 43 44 45 48 49 53 62 64 66 68 69 72 76 83 90 108 140 156
39 92 110 126 130 131 137 138 139 142 144 145 147 156 158 163 164 165 167 175 179 180 182 184 185 186 188 189 190 191 192 193 194 196 197 198 199 200
65 158
30 148
34 127
155 193
123 157
52 126
73 141
94 113
26 176
132 161
111 184
63 131
98 186
54 98
80 146
7 145
101 103
187 189
150 189
178 181
83 185
43 170
22 151
23 107
168 174
24 129
11 55
106 162
166 184
160 174
129 157
15 98
17 77
84 183
128 147
24 185
94 114
81 127
30 74
45 115
90 158
21 174
96 153
66 119
100 117
54 133
75 104
123 130
170 179
67 189
60 67
33 52
104 139
32 128
132 162
59 88
65 130
64 166
133 183
32 58
120 137
100 122
87 165
134 175
91 187
68 144
54 71
34 56
112 180
153 192
83 109
157 179
44 146
64 70
88 125
80 105
47 158
27 154
45 145
21 127
32 164
127 186
56 121
9 142
70 73
66 70
65 124
68 128
56 165
42 145
102 134
3 46
120 183
136 162
52 82
19 174
128 161
140 171
56 147
80 99
88 180
97 198
83 141
24 78
94 175
85 166
22 132
79 100
172 187
135 194
13 138
61 188
95 195
53 130
148 195
21 197
120 178
103 184
26 177
35 101
29 67
29 167
69 130
108 121
174 184
64 92
61 116
91 109
159 166
154 184
178 187
105 116
181 183
55 135
35 70
98 142
86 113
2 22
70 87
65 169
108 183
168 179
181 187
33 40
40 185
4 25
76 157
108 153
16 145
33 117
62 80
76 183
45 118
78 96
7 164
1 82
7 170
101 190
61 190
172 177
35 92
195 197
2 65
121 126
91 123
19 26
119 166
20 25
68 79
153 200
86 111
91 130
119 133
69 167
141 166
83 136
111 130
49 119
116 123
50 112
99 200
15 163
102 198
37 172
125 127
127 150
128 131
57 186
122 141
128 141
58 84
102 150
24 47
90 91
12 158
102 168
26 42
119 197
97 187
59 94
176 180
111 126
62 103
183 192
109 131
25 50
12 92
94 180
106 144
93 107
50 136
13 165
171 191
17 161
17 97
71 184
151 169
171 173
21 138
58 103
15 149
53 75
72 197
22 50
97 176
114 161
46 105
134 164
99 111
118 122
52 78
86 125
107 125
32 101
28 114
152 166
17 126
56 94
91 196
99 134
51 160
98 165
135 182
71 150
177 186
159 184
66 132
84 150
55 165
67 73
18 143
35 182
45 111
11 56
7 8
82 151
41 131
103 117
54 187
27 89
22 103
2 25
22 100
82 183
23 63
24 171
5 188
9 146
84 195
29 115
122 155
59 193
46 130
8 81
97 105
76 110
58 155
125 143
77 118
41 103
99 113
64 153
31 157
73 75
123 150
169 187
22 190
124 190
13 158
78 161
79 88
64 123
143 188
24 85
58 161
87 93
74 195
14 173
113 144
159 198
63 196
33 177
19 164
1 163
7 19
112 168
146 172
65 82
31 59
99 160
17 130
127 131
69 89
45 134
97 173
111 194
22 39
134 151
10 24
26 110
169 175
119 178
68 175
89 102
146 196
78 142
103 157
149 171
153 171
42 67
7 110
90 122
108 133
7 60
88 136
105 200
22 120
65 106
21 95
25 40
101 117
123 159
143 171
58 179
81 172
95 124
2 177
41 141
16 67
83 112
34 63
25 148
173 177
88 185
23 61
102 180
58 190
101 155
60 141
115 183
97 195
151 193
18 116
161 173
57 65
133 171
25 128
51 97
87 118
43 54
157 199
87 188
27 121
36 78
44 74
32 94
162 174
18 161
6 33
58 177
70 139
63 172
109 136
24 38
82 100
21 172
129 146
65 152
57 94
114 137
48 57
41 56
136 185
105 142
11 92
97 98
19 162
53 182
55 151
8 29
70 126
76 132
59 71
2 33
32 65
117 179
80 121
98 107
63 95
88 182
104 166
162 185
1 40
72 73
74 166
30 91
88 146
30 85
36 191
118 168
26 113
77 192
35 37
67 152
169 179
19 159
48 95
38 117
34 177
29 197
46 165
42 153
105 199
47 159
10 51
152 173
61 120
85 133
35 56
37 167
25 60
101 173
87 162
149 186
169 177
12 170
26 164
89 119
36 190
75 178
140 182
116 163
134 162
52 187
66 84
14 35
42 131
61 175
72 118
67 185
27 175
3 22
25 35
135 149
154 161
91 97
36 160
17 113
6 8
16 185
159 188
162 169
43 192
101 159
48 86
85 118
31 124
133 148
50 27
158 127
103 76
151 88
184 86
200 580 34 28
1 2 3 5 6 7 10 12 13 14 15 16 17 18 19 21 23 25 28 31 32 33 34 35 42 47 48 58 73 76 77 82 103 111
90 93 121 128 155 156 157 159 162 163 164 169 170 171 177 179 184 185 186 188 191 192 195 196 197 198 199 200
129 175
66 177
45 74
20 24
36 40
22 27
41 94
131 177
27 85
83 133
7 86
9 39
181 197
7 110
14 172
69 165
111 159
89 161
168 186
174 200
101 143
52 177
9 189
122 186
86 98
79 96
86 197
64 88
127 141
47 182
92 200
34 70
107 143
193 199
16 93
125 179
22 29
52 132
30 192
5 160
66 175
40 184
11 113
112 153
91 109
5 200
165 196
15 66
124 180
62 135
136 139
38 161
74 118
105 113
110 175
145 179
26 29
33 108
1 66
21 101
98 157
77 164
44 100
99 115
43 64
56 89
114 179
59 66
57 184
66 67
16 83
41 72
13 43
59 179
81 164
25 86
85 86
137 193
161 195
43 66
24 56
88 169
182 193
66 200
9 190
13 164
73 85
96 199
69 106
58 107
64 90
86 93
108 188
40 183
175 179
51 178
78 102
117 157
75 135
113 148
115 153
130 192
96 136
119 165
113 135
108 178
112 126
160 181
72 184
140 162
100 125
17 134
16 60
190 200
50 117
36 43
22 147
114 161
41 51
143 167
86 153
95 109
130 148
107 177
94 161
11 44
10 46
139 193
167 181
64 138
27 147
70 188
42 174
40 188
55 60
26 36
108 180
102 162
82 100
102 161
5 173
148 196
134 183
124 160
98 115
39 43
44 177
46 61
151 169
23 121
79 196
65 190
32 130
129 137
19 105
70 190
37 45
52 189
38 91
34 64
142 194
7 11
33 80
143 145
134 170
25 117
88 158
187 199
43 94
113 200
28 159
138 147
4 117
99 178
17 79
84 135
11 71
51 81
122 153
53 75
41 169
55 105
23 122
145 147
51 108
92 124
23 92
66 132
158 197
183 184
7 45
19 60
113 127
78 176
181 184
2 144
91 198
48 141
61 88
60 102
65 109
140 169
15 189
82 88
33 51
63 90
136 155
14 52
105 122
110 145
65 175
58 163
83 181
49 195
108 151
62 85
87 154
75 81
31 134
111 158
54 94
45 176
53 181
178 196
63 66
2 4
30 53
141 193
35 160
12 160
141 156
62 83
147 187
53 55
33 45
165 197
76 177
40 190
38 53
95 155
117 191
73 128
92 160
140 197
59 108
85 159
14 86
194 197
67 101
35 198
18 116
81 183
132 178
73 179
94 154
29 95
98 118
18 41
39 80
71 147
66 166
9 180
34 174
147 182
97 104
102 126
82 199
42 168
28 191
58 164
59 69
70 192
37 115
13 145
76 132
66 140
23 79
14 20
152 164
166 170
57 160
35 162
25 62
80 165
65 81
110 140
134 178
51 145
99 161
149 195
106 144
3 39
8 142
76 102
7 9
81 151
89 119
103 133
70 123
1 187
22 133
136 168
44 64
103 149
100 130
112 164
15 53
111 114
145 174
160 190
69 143
53 91
61 100
51 112
84 110
10 90
54 196
46 189
4 175
152 191
10 59
37 177
110 129
115 146
72 189
46 129
173 189
97 145
42 180
21 83
116 183
126 134
127 195
108 197
56 191
75 182
78 185
51 155
59 176
180 192
94 172
66 124
41 139
10 68
36 60
154 191
52 169
92 197
10 146
161 199
34 51
36 51
124 199
28 130
79 151
75 133
154 184
18 63
66 172
89 95
7 197
135 171
83 170
106 170
46 50
117 119
29 139
144 180
79 192
34 80
49 130
1 155
133 149
102 170
57 115
108 192
63 183
46 117
109 160
109 167
29 97
17 62
12 149
108 162
20 26
35 49
21 131
83 148
119 145
189 191
130 184
100 110
3 133
9 101
63 156
44 146
20 40
1 62
28 131
63 150
73 113
4 95
69 159
120 182
80 172
33 49
62 175
4 134
85 164
87 184
122 147
55 165
124 133
149 162
45 190
77 175
32 183
24 142
19 78
28 196
71 86
76 84
63 67
66 170
85 90
24 170
173 200
125 195
84 108
38 189
18 132
52 172
13 56
40 165
160 161
51 140
106 149
3 8
43 192
99 154
83 155
58 180
2 30
8 151
57 166
10 70
110 189
69 125
65 176
48 129
24 86
101 164
84 172
7 57
62 199
123 196
59 72
130 152
46 84
100 159
44 119
175 185
37 46
108 170
119 130
107 132
150 180
8 38
74 153
85 191
36 128
34 120
152 153
67 124
6 156
84 158
182 194
18 140
118 158
106 136
124 131
100 109
67 147
149 186
33 182
65 88
1 123
23 87
36 174
60 137
28 198
103 168
24 123
7 54
150 182
53 74
117 159
104 184
109 178
44 192
172 183
47 158
39 104
4 92
7 132
117 195
30 115
176 193
94 191
11 80
40 102
102 116
158 186
14 191
115 119
68 87
102 141
21 151
20 39
54 101
101 171
6 170
85 122
84 119
40 57
133 139
8 130
21 110
81 98
19 22
79 145
131 136
46 67
17 123
101 153
25 123
104 185
86 149
91 115
49 125
153 155
61 160
60 189
146 192
40 127
118 121
134 144
9 59
132 134
69 182
36 172
94 139
102 143
24 173
95 112
75 146
94 113
17 188
124 135
99 165
9 99
92 133
87 173
28 37
74 130
16 62
34 65
1 116
94 178
59 84
173 174
45 161
158 168
77 123
97 180
53 154
101 112
78 141
165 155
176 6
200 332 67 53
1 2 3 4 5 6 7 8 9 10 11 12 13 14 15 16 18 19 20 21 22 23 26 28 29 30 32 33 34 35 37 38 39 40 41 42 43 46 47 48 50 51 57 60 61 63 67 69 70 72 74 78 80 88 89 92 95 99 103 104 108 110 112 133 134 139 141
3 7 41 47 50 64 65 69 70 74 88 100 102 114 115 116 117 121 122 124 132 137 138 141 143 144 146 147 148 152 156 158 159 162 164 170 171 173 174 176 179 181 182 185 186 190 191 193 195 197 198 199 200
104 175
5 171
87 137
6 27
175 200
79 118
37 68
78 131
53 165
54 148
51 83
40 56
24 132
79 91
160 181
84 129
99 145
14 118
118 187
104 163
123 164
133 195
48 199
10 49
113 118
140 187
127 131
17 77
172 189
139 152
103 192
13 186
35 111
39 54
94 128
26 155
108 140
96 101
75 84
1 145
39 83
46 180
145 168
27 87
16 79
26 126
45 135
177 195
80 187
35 182
10 73
129 178
52 137
104 138
2 53
73 150
56 114
79 119
160 169
145 155
24 120
36 65
68 188
157 168
29 142
155 199
73 162
9 62
44 186
32 45
87 156
39 58
24 36
39 167
17 159
85 147
89 115
28 182
67 153
169 192
28 125
86 182
90 184
10 86
153 179
59 111
46 81
11 171
54 172
96 199
9 44
14 160
108 131
95 140
130 171
129 171
75 145
101 105
72 87
23 185
194 196
135 184
21 168
128 166
33 122
66 158
81 181
136 150
31 52
5 179
48 79
21 106
113 162
106 168
77 169
111 179
6 59
21 76
75 76
2 136
37 145
94 132
107 122
59 140
10 127
78 128
131 168
60 64
167 179
107 147
111 186
90 98
29 126
81 87
105 109
73 124
30 44
8 94
150 171
30 117
72 107
18 188
15 132
83 188
98 175
184 193
112 148
26 158
15 173
160 185
142 194
92 186
125 143
21 193
113 157
68 169
53 68
184 188
39 121
68 162
166 195
154 187
62 159
49 157
57 156
62 200
57 94
97 107
20 191
52 102
134 150
168 199
19 193
163 164
82 172
8 199
107 183
35 97
108 169
63 71
18 138
192 197
96 171
17 66
134 161
125 195
76 90
150 163
97 155
62 79
67 200
165 194
113 114
18 187
120 159
91 200
53 82
63 120
19 165
110 168
76 163
134 157
78 176
94 106
196 197
29 113
30 181
128 193
48 64
4 93
55 138
38 154
39 170
29 66
168 191
95 191
18 165
82 96
31 59
77 199
14 191
154 164
131 142
14 150
44 182
13 182
80 121
172 177
30 55
119 153
52 159
58 181
71 84
11 24
9 101
153 195
189 195
23 126
86 119
8 17
12 171
106 119
20 143
127 166
35 127
29 31
109 169
61 188
80 116
2 146
103 123
86 144
126 199
108 119
62 143
49 154
92 128
72 180
157 198
24 75
60 151
111 182
22 90
166 184
55 191
149 182
44 96
15 36
98 180
99 185
4 173
15 187
136 171
30 130
106 184
103 143
151 173
1 25
167 190
33 172
9 100
52 142
93 115
161 185
59 148
76 170
160 162
68 85
38 122
82 171
180 188
67 122
10 137
43 123
187 197
130 180
104 159
55 71
104 152
107 165
33 113
34 100
33 199
9 176
59 94
183 192
86 170
66 151
38 96
42 157
113 174
49 56
8 153
57 100
42 138
113 149
123 172
27 109
25 94
26 52
178 193
119 176
188 192
13 173
176 104
162 27
179 15
71 39
26 21
155 42
99 81
162 137
