3000 1000 1000
416 2864
462 28866
932 29183
59 9638
300 10099
132 22728
770 27495
247 12045
65 8443
212 29868
697 18245
652 31621
236 27203
610 13237
631 8212
552 12903
227 26216
150 6892
564 29750
735 7695
857 21421
268 930
229 22636
813 29277
501 17909
100 27113
652 14943
333 9015
867 12620
140 19222
701 13083
429 19205
642 1119
441 5189
138 27023
511 8499
549 21247
10 8405
289 1294
578 179
27 4257
661 18664
353 12241
471 32376
15 23265
672 32740
432 10611
773 4092
448 21499
993 757
872 26995
718 16827
842 3409
862 6024
637 20918
655 32182
675 488
974 22994
617 28930
547 25073
398 8426
518 6983
264 21892
392 9973
84 26661
774 20771
716 28491
449 5711
246 3723
641 4836
930 714
11 4367
524 16048
128 10446
299 11098
432 9802
393 24911
231 10854
605 28086
487 14744
341 30662
294 11512
895 23165
890 14742
466 1685
474 529
632 16564
846 26213
543 4067
522 1541
225 28737
695 10282
728 7672
978 32362
134 3185
721 30092
364 24004
843 2203
833 28275
224 19001
254 18775
33 6198
871 6106
753 11617
356 25191
404 1438
953 13599
830 18489
715 31950
472 11386
268 12317
151 3194
953 6409
325 6708
762 21139
795 27359
17 20153
767 19580
583 30886
787 6571
403 18214
30 32706
316 21340
264 27424
89 18359
432 3519
159 15138
527 13321
492 19579
882 23533
577 4679
340 16945
285 12964
739 23050
135 14206
628 25322
244 29446
969 4249
578 2144
346 31111
172 27804
426 16225
695 29672
531 9698
484 16132
740 3052
216 7414
58 31447
168 13566
21 16393
936 3276
725 17606
630 16113
100 6218
579 30100
894 24597
634 32102
334 8839
500 1240
538 8108
323 23435
202 11353
349 17927
845 17272
435 14769
230 16800
131 5367
613 32489
58 10190
616 15102
590 8286
579 3955
572 12283
813 23641
237 31832
85 25360
983 12535
349 861
385 17636
990 20156
974 18595
596 26104
829 20583
60 21752
752 20101
251 24796
389 29223
73 31817
898 24133
830 22016
4 19665
635 13750
865 29234
572 6944
700 13556
476 21325
489 3518
362 30776
649 9092
763 3742
752 30717
823 13837
486 14424
440 7998
643 1579
433 15524
167 19628
580 24901
648 30243
575 16841
477 5535
983 3024
339 22760
309 1929
942 22198
808 30593
450 3360
388 10936
666 9303
673 29946
729 18836
911 364
599 13903
777 13158
974 14258
839 2432
566 19021
352 14064
237 7691
71 26387
99 5733
518 24393
894 6869
616 29446
913 19342
996 32294
194 28266
935 22913
372 10276
704 32192
298 21959
922 18543
621 6758
582 5971
551 29966
55 11773
409 29433
370 6559
483 20996
493 1823
250 10083
719 16234
663 24212
185 15883
597 9361
76 5628
427 4938
466 6331
267 12626
905 29601
465 6617
214 14192
504 24794
6 32299
738 1941
243 9002
903 5440
924 16749
416 10234
654 27697
588 4608
762 21953
826 22307
351 22671
328 7802
946 5763
51 27732
578 8851
448 14448
761 26772
763 13425
704 18255
366 22156
82 4312
84 31876
645 25883
695 15064
796 6840
79 11323
304 10769
435 21828
255 20128
269 28775
725 21135
809 13860
899 14466
86 30078
494 14264
104 4271
826 15954
421 12826
6 28146
471 19841
905 18056
585 16760
365 29545
190 11545
851 28322
126 19962
311 28299
658 31324
613 20895
818 2981
540 31882
85 19729
251 24196
529 17060
665 4062
972 23651
513 16090
170 27075
350 24256
159 24930
371 19758
591 20725
230 25008
268 2433
22 7056
193 23503
83 25072
781 31002
613 2581
633 19466
327 6150
757 24038
205 27990
240 7173
388 23102
183 4485
457 17647
448 26944
764 23333
487 19452
942 512
793 28386
138 30736
631 26162
96 23982
845 4148
239 6035
356 11378
492 16291
324 29476
686 6154
606 16620
604 13450
601 10947
433 19987
827 3635
350 29845
859 29128
569 4882
812 18881
349 31223
629 29962
498 25516
567 1647
582 10090
606 11786
228 3661
204 22269
772 32426
306 19815
835 29090
72 144
149 26359
983 13671
248 19231
309 15663
643 919
568 1141
743 5498
927 3653
76 6738
318 12189
311 30510
328 7970
386 2549
474 11538
884 16633
741 14202
939 20687
340 11945
896 31839
767 15844
482 9015
600 27739
622 2597
172 19036
805 4612
115 32455
542 20694
996 18626
493 16659
370 18861
804 31553
860 11097
249 11717
532 30324
8 18169
341 11592
763 1406
315 32422
399 25300
614 9500
761 3111
239 18030
73 23916
494 26436
605 4781
842 18209
593 9121
419 14484
534 32128
205 18866
392 3861
990 20675
77 23317
658 12604
115 1199
460 27886
97 2660
816 21884
368 8985
383 29202
395 29035
162 27988
565 322
451 8085
642 17321
200 2378
169 31965
337 20926
176 22691
389 7687
353 6367
495 21560
892 4707
95 7896
436 27653
422 17555
462 21492
954 10288
879 8012
187 1219
422 2023
173 14884
770 31863
279 15775
813 14033
459 749
9 3212
936 29027
458 11723
676 14698
364 18007
877 7727
870 13553
658 1948
168 19686
597 28806
577 21987
668 1320
636 15883
216 1488
59 12871
406 16856
828 4317
268 16088
731 27205
510 24602
17 1080
282 8782
308 4873
137 16255
679 7480
151 20294
811 15685
348 14142
821 13762
516 32695
754 2988
116 24751
25 6907
950 6910
344 22904
975 29136
338 15311
607 22616
463 28901
840 10179
972 26475
362 29035
220 20916
463 16718
391 7107
819 25790
131 1961
366 2394
432 25614
477 18492
856 4365
493 29044
279 18245
626 11189
111 21804
871 15439
383 18087
406 2909
61 10968
683 14400
257 27703
732 21068
349 28389
52 2496
194 26941
544 27900
292 10923
913 1518
176 17601
547 27598
564 19079
918 7435
793 6675
499 13701
53 25690
729 21756
340 26438
368 18888
264 3593
421 21451
694 27568
352 5029
530 17403
667 31270
606 5740
620 19465
223 24478
788 3551
161 1240
825 27721
613 7650
513 29802
407 4375
575 12444
892 13756
611 32098
700 28816
69 10911
220 32420
539 15621
456 25197
60 25551
719 10008
179 30387
991 28189
71 4114
11 31511
762 6003
2 12755
705 20527
714 15015
340 16493
220 16645
671 1105
866 79
504 24945
694 4845
586 11913
613 14238
369 25455
868 267
198 25929
521 9122
325 25341
214 21921
310 21993
601 30065
985 31445
343 27190
566 22309
435 29348
51 7763
65 22036
887 2973
88 11223
527 1019
615 11466
598 5204
575 17194
939 8177
977 19626
518 21298
890 17091
506 11904
236 15692
665 15746
823 842
396 20116
160 7689
691 15989
96 8812
709 11327
208 9345
703 10653
531 2392
690 15160
238 11030
352 15730
539 837
751 343
76 20334
386 13776
854 25578
267 28954
811 8437
158 28279
213 15876
18 21540
328 24409
145 5514
911 10708
555 17848
786 18700
877 28177
742 7070
687 15682
118 31173
111 8824
281 18987
584 10447
467 22783
487 9997
944 9544
520 6032
270 6265
363 11397
699 23621
325 29787
191 17076
429 8823
619 29815
868 20522
698 22905
32 18912
782 28598
83 15514
351 1104
847 22430
720 735
93 13932
874 20233
463 9973
269 23636
754 8200
564 30775
544 31757
680 31351
500 19445
624 20401
239 22129
736 4658
691 5986
999 9487
143 21393
205 1395
202 5281
525 17971
587 8514
463 27048
104 17831
633 3517
725 57
671 7751
144 26253
625 405
395 22163
140 29512
849 18449
724 357
317 21072
920 24489
503 14870
918 1309
616 7123
48 18410
64 1567
599 27501
286 6244
960 21646
480 31192
364 22606
363 15535
764 22688
957 398
452 9082
745 28482
384 18475
700 21170
293 22255
165 31506
953 16065
210 9818
509 15728
505 4599
377 5621
539 960
657 260
976 24363
231 3041
231 6849
354 22901
309 10703
973 31137
688 11871
970 19154
356 1894
265 6614
166 3903
723 29678
863 7768
916 24356
11 9772
329 27870
642 30833
630 23220
775 3730
443 13695
927 25951
296 12978
644 16644
814 13294
275 27959
72 10448
979 19894
914 17166
648 21233
801 12482
398 9987
515 20741
433 9959
208 5824
812 31721
281 3519
952 26970
888 13831
936 8840
464 10602
284 15598
318 16216
50 4775
993 8952
347 10537
110 3959
93 28719
895 9889
924 27895
677 5550
383 9646
203 31838
9 24873
445 19016
516 3797
641 1646
941 27377
180 13590
900 13050
256 20437
186 32359
389 1005
376 3991
230 10969
733 12552
141 12581
488 29385
394 24451
223 23602
591 14876
688 26066
143 27172
846 20393
225 26033
399 10135
776 18893
427 5141
877 6857
878 14115
287 24277
906 15745
169 18126
407 28194
580 22871
693 19934
647 21547
412 11111
781 14258
569 10110
718 12498
307 3431
400 21767
535 3994
207 25782
585 15547
218 1982
764 16588
952 14417
844 18082
267 20482
249 3477
92 27422
231 1916
672 5696
412 4825
617 31264
738 9552
824 31148
710 31326
473 30298
135 6727
647 11964
131 19792
683 27477
86 20271
807 28075
229 22208
871 21917
810 17913
18 28919
953 5664
277 10564
922 21563
520 995
423 16841
934 26717
985 28079
815 8438
798 22901
176 18818
311 32434
558 8314
239 18629
87 28239
701 22214
562 30462
966 6589
511 10725
212 8977
273 981
884 14147
771 22376
479 30939
969 28565
63 16291
481 16513
45 28692
730 6808
88 26382
4 5085
576 19916
360 7038
499 27158
297 27564
312 16056
178 19881
35 4148
634 25635
617 8628
670 28608
956 15938
502 16890
937 25147
307 21037
87 6401
582 10478
691 25329
245 5535
338 14229
306 25152
582 30746
876 31112
789 26116
794 13109
446 29216
93 15008
246 30650
909 17300
522 14353
583 352
54 10760
710 5163
189 29214
360 24712
2 5792
370 1355
734 17438
86 25498
866 13851
755 27975
440 6152
886 11613
973 29300
464 16120
690 30845
168 9818
539 18826
739 16444
335 31548
697 15202
514 32673
17 20594
295 15275
536 11270
650 25057
414 16128
421 25941
777 26910
913 6358
694 12750
911 20070
213 835
63 2799
877 7112
513 8753
256 10580
867 20223
936 17247
987 7083
570 14069
565 11967
362 22793
798 20461
343 21259
273 14665
752 7613
850 2230
183 7746
186 26014
333 6519
691 12007
118 29063
325 17698
279 25018
344 17669
5 11406
770 17947
119 28681
403 29114
399 5197
839 1590
717 2157
451 6740
853 16767
668 13569
706 12275
261 3396
138 7971
120 1650
356 13098
559 15521
808 30970
162 13662
134 15529
883 2211
377 6668
825 5635
901 31623
850 6696
543 31523
773 14463
292 23009
431 19762
253 335
755 6999
873 17240
407 11111
419 19552
141 28145
782 31633
544 30351
950 5487
488 25370
473 1203
767 17178
117 7510
268 4992
548 5612
64 8856
942 11059
704 28729
301 8684
127
786
889
1895
2722
1075
1008
1135
1744
2272
1647
2405
1425
2283
1720
831
2714
273
935
1752
1820
1426
2298
1625
1949
609
2688
997
888
173
1229
2201
2937
2246
1357
531
2859
68
1230
1426
1885
2844
1476
1806
1802
1940
183
1538
280
98
2343
703
2908
2951
235
1371
1459
634
406
2522
2660
1875
1395
363
661
1156
1971
7
547
2031
133
1813
2718
1156
549
2762
99
2385
2927
847
1604
784
1453
2003
1582
123
1920
258
89
2363
1804
2398
1757
1025
799
2742
2331
772
1388
1476
1682
2541
2106
2155
867
1455
1010
2192
2446
356
9
2176
2094
67
2394
995
2235
886
2337
759
687
603
419
2584
2564
2809
2009
1983
1499
470
903
473
2687
446
1264
2233
1708
1111
1180
1328
1106
19
2581
2868
143
1965
398
567
1859
1223
29
2969
85
1516
2354
584
687
913
2152
2664
1629
1514
525
774
1356
1098
1509
1993
2529
2378
1787
2483
2175
2582
2746
2731
1053
2917
1408
1455
2047
856
1028
449
867
916
658
1215
1175
1299
2381
520
170
1983
829
1235
544
1585
1305
1074
370
1097
430
1207
1813
1687
2168
2198
649
1482
2704
636
685
239
160
1918
994
2972
2787
1604
2605
2589
1872
2983
784
1614
1568
1793
1707
2498
1069
2044
1487
764
2886
2671
1012
2549
536
700
1436
2037
512
1933
31
565
2270
792
944
1972
1068
888
2383
2984
1056
2414
1817
2263
1437
1391
1901
2863
1313
1400
1048
1691
2570
1816
2132
279
1794
1525
364
1150
2693
1714
1171
529
1233
2879
1182
787
2238
1585
2287
2115
1157
332
1595
2370
2701
54
478
1278
1036
1565
2974
2613
1539
1132
597
1566
1677
1426
2907
1669
1754
660
1259
2797
1175
1220
548
715
440
2689
156
2656
1424
489
1664
2263
336
2348
927
544
494
1660
2399
1852
1488
1186
2431
2298
2714
2618
912
1401
2069
993
1814
1071
1016
1014
171
2866
1458
807
1661
2245
2593
1494
783
925
1189
1924
262
1428
273
1195
1141
78
59
858
723
2098
385
2173
514
1436
726
252
420
2488
933
1621
1625
1009
1718
324
1844
2259
2727
1186
1391
621
2749
203
2636
1508
2907
2148
998
2620
993
1037
2391
1096
2497
2164
2995
1284
1150
514
2260
2224
1894
1866
1400
264
50
935
1040
1810
1379
101
2914
1807
1447
2691
2265
22
2028
423
1452
2158
1676
458
492
2690
2650
2286
2922
2578
2940
2173
2584
2191
2890
964
1502
1871
694
880
953
282
1892
2631
1991
1755
52
1899
1198
2019
1989
1082
1501
2723
1436
2401
2611
2481
1933
1699
2239
766
2106
932
1007
2501
938
827
1621
653
1763
2479
2351
794
99
401
1942
2161
275
2955
2849
1515
1933
2887
1059
1005
2704
2691
2466
2805
2690
2491
2178
1719
293
272
2441
73
541
64
1660
1859
777
829
1602
1668
1391
2730
2839
1537
701
764
1164
2262
1798
1757
253
2738
857
1463
2539
38
1824
679
2115
1895
1791
1288
1166
2260
764
674
1739
1321
199
1337
138
1030
185
1331
2434
282
2322
1005
222
2748
5
2077
2195
2619
375
165
2749
988
264
1670
1178
2868
1296
1548
2063
1686
1462
657
2425
2991
61
1492
759
1209
1153
2843
1695
685
2305
974
166
1732
1772
2622
1908
1624
1680
1790
2775
38
193
873
1711
2335
2376
2236
770
479
1444
2101
1272
941
2109
789
2330
2269
990
1370
1342
2082
1154
2975
2742
2176
1339
1632
2706
2384
2767
1873
1131
2469
1820
551
506
2880
1310
81
2368
1967
2614
327
2279
363
1956
2340
2545
1545
417
408
472
2001
1318
1625
2757
1078
2970
740
44
421
2642
30
232
1601
377
1968
1035
670
946
2354
2929
517
2595
2350
894
2800
629
2497
469
343
945
2918
235
321
1653
1852
2387
2638
183
1272
1130
2837
1346
190
2022
26
887
1244
291
2763
2845
2871
2430
466
2340
811
1550
2453
2022
1461
463
469
2575
19
2928
2508
1119
894
104
2330
1829
1022
2085
857
398
2287
1045
1768
630
2500
1944
333
2439
2761
141
887
1520
2349
357
2338
2975
1207
2485
1468
2634
991
2064
912
618
537
1748
2825
938
1174
1547
2593
1191
1108
2909
2122
1144
1479
1348
2141
567
999
2704
1121
368
2460
1948
1359
433
1559
2097
388
403
2115
2673
2006
929
1108
223
602
2406
71
1837
509
1988
2210
2126
121
1290
2389
2141
603
1174
2033
1053
1947
371
1872
331
76
2516
1350
2921
1012
1258
758
2165
2614
2234
1016
2033
2342
851
1289
2491
1420
2998
235
1968
1070
1887
367
341
2255
683
1696
2494
948
810
1474
571
2096
1983
491
951
2094
294
2520
466
1215
1589
2979
282
461
910
2564
494
1568
1300
366
1075
2702
844
2708
250
1216
1855
827
1162
2675
2685
2081
338
684
3
438
474
2424
2399
698
722
2107
996
2959
2370
2879
2018
1793
1812
471
2615
99
2687
2564
796
1404
1318
2496
857
1346
2257
417
1091
1205
2129
224
615
959
1145
1763
1255
979
988
2240
2324
300
2298
19
1628
2799
1095
1610
2607
1939
109
2631
2165
607
2744
1453
2034
1182
578
198
1612
2519
1281
1220
1036
367
1918
839
1027
2979
2304
919
856
2352
1200
1043
1455
2638
1741
2745
507
2773
475
1918
399
934
1176
1568
602
1877
1527
2314
2089
622
953
760
890
1286
2648
652
678
2778
2461
2800
509
2550
2973
1077
769
1991
1832
2827
2796
1729
291
410
971
161
2478
1745
184
754
335
2261
922
1578
2448
588
136
1418
2951
2705
190
2849
629
2427
1846
2099
882
1522
794
1233
