30 96 100
9 26 4
26 22 5
22 10 6
10 6 7
6 21 9
21 11 4
11 17 10
17 2 10
2 18 9
18 28 5
28 4 9
4 29 6
29 25 8
25 20 6
20 14 10
14 5 5
5 23 7
23 15 6
1 9 7
15 30 10
16 24 10
24 9 7
9 21 3
21 10 3
10 7 3
7 18 9
18 20 10
20 12 3
12 27 8
27 3 4
3 23 4
23 28 10
28 8 4
8 15 3
15 17 3
17 5 4
5 6 10
6 2 6
2 13 3
1 16 10
13 30 7
14 27 6
27 8 3
8 18 9
18 22 7
22 21 7
21 4 6
4 10 6
10 11 8
11 3 8
3 6 4
6 15 10
15 16 6
16 29 4
29 24 7
24 20 6
20 9 5
1 14 9
9 30 9
15 25 3
25 11 8
11 17 5
17 27 5
27 4 5
4 23 8
23 10 10
10 9 4
9 20 10
20 7 6
7 2 6
2 24 10
24 5 3
5 8 5
8 3 3
3 28 4
28 13 7
13 19 6
30 15 5
19 1 9
29 3 10
3 5 9
5 13 7
13 24 6
24 25 5
25 12 9
12 23 8
23 22 9
22 18 9
18 21 10
21 8 9
8 17 10
17 16 9
16 11 3
11 2 5
30 29 5
2 1 8
