37 19
18 12 16 22 6 17 7 20 23 14 22 20 18 16 20 18 8 24 10 
21 24 7 24 18 5 21 8 21 19 24 9 12 23 20 10 5 24 24 
20 22 5 9 9 10 20 5 24 15 24 9 11 15 23 11 8 15 7 
11 11 21 23 7 21 13 15 18 13 14 9 8 24 9 24 8 7 19 
20 6 22 11 22 8 22 12 14 5 23 9 24 21 17 22 24 13 22 
14 18 11 15 22 6 6 19 6 10 21 12 17 14 9 24 11 13 21 
10 14 21 8 10 20 5 23 9 16 23 7 17 9 5 7 6 6 21 
12 7 6 8 15 10 17 11 9 15 11 5 21 21 14 16 18 21 8 
8 18 11 7 20 23 11 12 18 24 13 14 12 8 7 7 10 12 20 
16 17 22 15 9 10 23 18 14 16 7 17 20 20 24 14 7 14 20 
14 7 11 22 8 18 17 10 21 22 18 8 6 22 17 16 6 23 14 
12 24 5 14 8 12 21 7 21 23 9 16 12 23 23 21 7 8 14 
12 24 11 17 19 24 6 12 15 20 22 24 19 21 17 8 24 24 16 
19 21 14 15 24 21 13 14 17 15 18 18 15 9 17 19 16 16 21 
23 7 8 12 18 22 20 22 17 19 14 8 5 22 17 15 21 5 24 
23 17 6 16 11 8 12 15 23 23 6 11 13 20 14 12 14 11 7 
23 15 14 12 18 14 9 10 17 18 10 8 16 14 21 19 12 5 18 
22 23 17 24 21 17 19 10 17 20 8 19 11 18 8 18 23 10 15 
8 14 8 5 17 11 6 13 5 6 13 18 23 23 22 14 19 7 21 
16 19 8 11 5 14 24 9 20 22 6 10 17 15 5 9 19 11 23 
19 11 24 20 16 14 18 14 24 5 16 12 16 22 15 23 22 5 14 
18 12 24 11 17 8 13 9 5 7 15 23 14 13 22 9 24 11 22 
5 22 14 8 9 6 5 12 16 15 24 17 8 11 16 7 23 20 15 
19 12 18 9 10 19 17 19 23 8 5 12 21 15 22 24 19 15 17 
6 6 7 5 18 22 11 22 24 21 9 15 7 16 20 11 21 14 15 
15 12 11 7 11 7 17 8 6 24 18 18 17 11 12 10 5 10 8 
14 21 17 18 11 19 9 18 6 17 19 8 19 18 14 21 5 16 6 
8 10 17 14 15 9 20 23 14 12 8 10 21 16 22 14 15 16 10 
8 9 22 23 13 16 8 14 5 8 6 6 24 23 18 13 13 14 8 
11 16 8 6 21 24 18 18 6 8 21 11 23 6 21 13 14 12 17 
15 12 12 16 5 11 14 10 11 15 20 15 21 23 18 23 19 9 8 
24 10 11 20 9 21 21 5 10 22 12 22 13 12 9 16 24 16 18 
10 22 8 17 24 16 7 9 14 21 6 9 20 11 7 7 15 24 24 
15 9 13 15 6 21 14 22 13 13 5 18 10 15 21 14 6 12 16 
11 14 24 24 10 11 10 13 14 13 12 5 15 8 13 17 21 10 6 
18 10 7 19 15 24 9 23 6 10 10 9 8 11 9 7 17 7 5 
17 16 5 24 8 15 19 17 8 15 14 21 8 19 15 14 21 15 
10 19 8 8 16 12 11 23 8 6 7 11 18 19 14 18 10 18 
8 24 10 23 14 19 12 9 5 22 19 21 24 24 7 7 7 18 
15 6 16 18 19 10 16 12 24 6 5 21 19 20 12 16 11 21 
22 18 18 14 15 24 22 7 23 24 9 18 17 11 11 21 5 17 
6 8 24 18 9 16 6 15 11 14 18 17 22 15 22 15 16 13 
14 13 7 5 12 11 10 17 18 8 13 10 20 6 13 19 11 10 
10 13 20 8 22 14 13 11 16 10 22 8 10 23 8 12 23 8 
19 20 20 24 23 20 21 18 13 21 24 20 6 21 8 14 17 17 
15 5 23 18 10 12 21 16 11 17 23 21 20 9 17 7 20 7 
14 8 13 22 5 24 17 18 21 12 7 13 24 9 5 15 23 10 
22 11 13 8 23 12 17 10 8 21 12 24 15 21 7 23 19 19 
23 23 13 11 11 15 11 22 12 11 12 10 8 22 16 17 17 7 
24 9 12 19 5 20 18 16 16 13 6 22 7 16 13 15 22 19 
18 20 8 5 6 8 22 10 5 13 14 17 15 13 14 23 7 6 
10 13 9 21 13 11 11 15 22 19 18 12 5 23 7 8 23 21 
23 12 18 23 20 7 8 23 7 17 13 21 10 18 21 15 6 9 
21 12 20 10 18 5 9 18 23 24 14 13 12 12 20 5 23 7 
19 6 5 21 10 13 9 15 6 6 5 8 10 13 7 17 11 21 
17 7 14 7 6 15 15 13 23 22 5 13 5 19 14 5 7 11 
6 24 13 7 5 6 22 10 14 5 15 12 21 19 15 22 22 8 
13 12 9 23 10 9 11 22 16 12 22 10 18 23 9 6 18 21 
19 15 19 9 15 9 8 23 23 10 21 20 6 21 20 10 11 17 
6 17 14 9 16 23 7 21 22 23 14 7 20 9 17 14 5 20 
18 8 18 8 6 6 16 7 14 11 12 20 15 5 24 24 10 15 
22 24 11 11 22 21 13 17 5 18 6 5 13 11 20 18 15 21 
20 18 23 21 24 22 17 14 15 8 5 20 19 14 11 17 13 8 
13 21 21 5 6 14 17 14 13 13 8 15 21 15 8 20 11 7 
9 15 8 19 19 20 6 5 9 12 9 9 16 10 18 24 10 19 
13 15 21 13 23 24 23 19 6 6 6 24 20 23 7 15 9 13 
10 11 13 7 10 9 11 13 14 16 12 20 11 13 22 7 21 20 
18 12 6 19 13 20 10 21 10 12 23 14 20 9 12 20 23 18 
5 21 18 14 13 6 21 11 6 18 13 14 5 18 21 7 24 22 
14 9 10 19 17 8 20 12 24 8 8 22 13 20 11 6 9 11 
19 6 17 20 11 17 22 12 22 18 6 21 7 15 5 12 21 9 
8 8 17 7 11 12 5 11 19 23 5 23 9 19 16 13 7 23 
17 16 10 14 9 23 10 24 13 22 23 21 7 6 24 11 9 23 

