50 80 10
1000000000 37352 1000000000 17646 1000000000 70743 1000000000 72743 1000000000 92712 1000000000 101408 1000000000 87555 1000000000 93907 1000000000 29236 1000000000 76657
-1 -1 -1 -1 -1 -1 -1 -1 93712 1 -1 -1 -1 -1 -1 -1 -1 -1 -1 -1
-1 -1 -1 -1 -1 -1 -1 -1 -1 -1 -1 -1 -1 -1 -1 -1 -1 -1 -1 -1
-1 -1 -1 -1 -1 -1 -1 -1 -1 -1 -1 -1 -1 -1 -1 -1 -1 -1 -1 -1
-1 -1 9646 1 -1 -1 -1 -1 -1 -1 -1 -1 -1 -1 -1 -1 -1 -1 -1 -1
-1 -1 -1 -1 -1 -1 -1 -1 -1 -1 -1 -1 -1 -1 -1 -1 -1 -1 -1 -1
-1 -1 -1 -1 -1 -1 -1 -1 1000000000 92707 -1 -1 -1 -1 -1 -1 -1 -1 -1 -1
-1 -1 -1 -1 -1 -1 -1 -1 -1 -1 -1 -1 -1 -1 -1 -1 -1 -1 -1 -1
-1 -1 -1 -1 -1 -1 1000000000 66742 1000000000 92716 1000000000 98409 1000000000 82557 -1 -1 -1 -1 1000000000 71658
-1 -1 -1 -1 -1 -1 -1 -1 -1 -1 -1 -1 -1 -1 -1 -1 -1 -1 -1 -1
-1 -1 1000000000 15641 -1 -1 1000000000 70743 1000000000 92710 1000000000 103405 1000000000 85548 -1 -1 1000000000 27231 72658 1
-1 -1 -1 -1 -1 -1 -1 -1 -1 -1 -1 -1 -1 -1 -1 -1 -1 -1 -1 -1
-1 -1 -1 -1 -1 -1 -1 -1 -1 -1 -1 -1 -1 -1 -1 -1 -1 -1 -1 -1
-1 -1 -1 -1 -1 -1 -1 -1 -1 -1 -1 -1 -1 -1 -1 -1 -1 -1 -1 -1
-1 -1 -1 -1 -1 -1 -1 -1 -1 -1 -1 -1 -1 -1 -1 -1 -1 -1 -1 -1
-1 -1 -1 -1 -1 -1 -1 -1 -1 -1 -1 -1 -1 -1 -1 -1 -1 -1 -1 -1
-1 -1 -1 -1 -1 -1 -1 -1 -1 -1 -1 -1 -1 -1 -1 -1 -1 -1 -1 -1
1000000000 29349 1000000000 8646 -1 -1 1000000000 66747 1000000000 92708 1000000000 98401 1000000000 85550 -1 -1 1000000000 23234 1000000000 71663
-1 -1 -1 -1 -1 -1 -1 -1 -1 -1 -1 -1 -1 -1 -1 -1 -1 -1 -1 -1
-1 -1 1000000000 8642 -1 -1 1000000000 66741 1000000000 92715 1000000000 98406 1000000000 80551 -1 -1 1000000000 23235 1000000000 71660
-1 -1 -1 -1 -1 -1 1000000000 71747 1000000000 92714 1000000000 100401 1000000000 86551 -1 -1 -1 -1 1000000000 75656
-1 -1 -1 -1 -1 -1 -1 -1 -1 -1 -1 -1 -1 -1 -1 -1 -1 -1 -1 -1
-1 -1 -1 -1 -1 -1 1000000000 70742 1000000000 92710 -1 -1 -1 -1 -1 -1 -1 -1 -1 -1
-1 -1 -1 -1 -1 -1 -1 -1 -1 -1 -1 -1 -1 -1 -1 -1 -1 -1 -1 -1
-1 -1 -1 -1 -1 -1 -1 -1 -1 -1 -1 -1 81553 1 -1 -1 -1 -1 -1 -1
-1 -1 -1 -1 65745 1 -1 -1 -1 -1 -1 -1 -1 -1 -1 -1 -1 -1 -1 -1
-1 -1 -1 -1 -1 -1 -1 -1 -1 -1 -1 -1 -1 -1 -1 -1 -1 -1 -1 -1
-1 -1 -1 -1 -1 -1 -1 -1 -1 -1 -1 -1 -1 -1 -1 -1 -1 -1 -1 -1
-1 -1 -1 -1 -1 -1 -1 -1 -1 -1 -1 -1 -1 -1 -1 -1 -1 -1 -1 -1
-1 -1 -1 -1 -1 -1 -1 -1 -1 -1 -1 -1 -1 -1 -1 -1 -1 -1 -1 -1
-1 -1 -1 -1 -1 -1 -1 -1 -1 -1 -1 -1 -1 -1 -1 -1 -1 -1 -1 -1
-1 -1 -1 -1 -1 -1 -1 -1 -1 -1 -1 -1 -1 -1 -1 -1 -1 -1 -1 -1
-1 -1 -1 -1 -1 -1 -1 -1 -1 -1 -1 -1 -1 -1 -1 -1 -1 -1 -1 -1
-1 -1 -1 -1 -1 -1 -1 -1 -1 -1 -1 -1 -1 -1 -1 -1 -1 -1 -1 -1
-1 -1 -1 -1 -1 -1 -1 -1 -1 -1 -1 -1 -1 -1 -1 -1 -1 -1 -1 -1
-1 -1 -1 -1 -1 -1 -1 -1 -1 -1 -1 -1 -1 -1 -1 -1 -1 -1 -1 -1
-1 -1 -1 -1 -1 -1 -1 -1 -1 -1 -1 -1 -1 -1 -1 -1 -1 -1 -1 -1
-1 -1 -1 -1 -1 -1 -1 -1 -1 -1 -1 -1 -1 -1 -1 -1 -1 -1 -1 -1
-1 -1 -1 -1 -1 -1 -1 -1 -1 -1 -1 -1 -1 -1 -1 -1 -1 -1 -1 -1
-1 -1 -1 -1 -1 -1 -1 -1 -1 -1 -1 -1 -1 -1 87902 1 -1 -1 -1 -1
-1 -1 -1 -1 -1 -1 -1 -1 -1 -1 -1 -1 -1 -1 -1 -1 -1 -1 -1 -1
-1 -1 -1 -1 -1 -1 -1 -1 -1 -1 -1 -1 -1 -1 -1 -1 24235 1 -1 -1
30350 1 -1 -1 -1 -1 -1 -1 -1 -1 -1 -1 -1 -1 -1 -1 -1 -1 -1 -1
-1 -1 -1 -1 -1 -1 -1 -1 -1 -1 99405 1 -1 -1 -1 -1 -1 -1 -1 -1
-1 -1 -1 -1 -1 -1 -1 -1 -1 -1 -1 -1 -1 -1 -1 -1 -1 -1 -1 -1
-1 -1 -1 -1 -1 -1 -1 -1 -1 -1 -1 -1 -1 -1 -1 -1 -1 -1 -1 -1
-1 -1 -1 -1 -1 -1 1000000000 69744 1000000000 92711 -1 -1 -1 -1 -1 -1 -1 -1 1000000000 80657
-1 -1 -1 -1 -1 -1 1000000000 70744 1000000000 92708 1000000000 102401 1000000000 87553 -1 -1 -1 -1 1000000000 77656
-1 -1 -1 -1 -1 -1 67746 1 -1 -1 -1 -1 -1 -1 -1 -1 -1 -1 -1 -1
-1 -1 -1 -1 -1 -1 -1 -1 -1 -1 -1 -1 -1 -1 -1 -1 -1 -1 -1 -1
28 50 1
46 27 1
19 21 1
49 34 1
16 43 1
22 32 1
47 30 1
21 4 1
14 18 1
26 8 1
49 27 1
36 8 1
31 47 1
46 43 1
36 43 1
21 1 1
9 16 1
37 3 1
27 42 1
37 17 1
31 35 1
31 2 1
9 12 1
32 27 1
17 5 1
44 42 1
14 37 1
44 35 1
28 3 1
1 50 1
11 8 1
4 48 1
6 31 1
46 21 1
42 32 1
18 36 1
24 2 1
33 48 1
32 29 1
20 12 1
3 10 1
12 35 1
11 35 1
22 5 1
26 5 1
24 10 1
27 4 1
17 14 1
10 15 1
28 18 1
47 11 1
47 40 1
49 31 1
39 32 1
5 16 1
18 37 1
21 46 1
43 27 1
22 37 1
25 9 1
45 21 1
24 31 1
35 19 1
25 37 1
18 44 1
40 24 1
26 12 1
41 27 1
26 13 1
45 32 1
18 33 1
44 21 1
42 31 1
12 34 1
18 16 1
5 43 1
45 33 1
14 11 1
47 23 1
17 42 1
