2000 2000
1 2
2 3
3 4
4 5
5 6
6 7
7 8
8 9
9 10
10 11
11 12
12 13
13 14
14 15
15 16
16 17
17 18
18 19
19 20
20 21
21 22
22 23
23 24
24 25
25 26
26 27
27 28
28 29
29 30
30 31
31 32
32 33
33 34
34 35
35 36
36 37
37 38
38 39
39 40
40 41
41 42
42 43
43 44
44 45
45 46
46 47
47 48
48 49
49 50
50 51
51 52
52 53
53 54
54 55
55 56
56 57
57 58
58 59
59 60
60 61
61 62
62 63
63 64
64 65
65 66
66 67
67 68
68 69
69 70
70 71
71 72
72 73
73 74
74 75
75 76
76 77
77 78
78 79
79 80
80 81
81 82
82 83
83 84
84 85
85 86
86 87
87 88
88 89
89 90
90 91
91 92
92 93
93 94
94 95
95 96
96 97
97 98
98 99
99 100
100 101
101 102
102 103
103 104
104 105
105 106
106 107
107 108
108 109
109 110
110 111
111 112
112 113
113 114
114 115
115 116
116 117
117 118
118 119
119 120
120 121
121 122
122 123
123 124
124 125
125 126
126 127
127 128
128 129
129 130
130 131
131 132
132 133
133 134
134 135
135 136
136 137
137 138
138 139
139 140
140 141
141 142
142 143
143 144
144 145
145 146
146 147
147 148
148 149
149 150
150 151
151 152
152 153
153 154
154 155
155 156
156 157
157 158
158 159
159 160
160 161
161 162
162 163
163 164
164 165
165 166
166 167
167 168
168 169
169 170
170 171
171 172
172 173
173 174
174 175
175 176
176 177
177 178
178 179
179 180
180 181
181 182
182 183
183 184
184 185
185 186
186 187
187 188
188 189
189 190
190 191
191 192
192 193
193 194
194 195
195 196
196 197
197 198
198 199
199 200
200 201
201 202
202 203
203 204
204 205
205 206
206 207
207 208
208 209
209 210
210 211
211 212
212 213
213 214
214 215
215 216
216 217
217 218
218 219
219 220
220 221
221 222
222 223
223 224
224 225
225 226
226 227
227 228
228 229
229 230
230 231
231 232
232 233
233 234
234 235
235 236
236 237
237 238
238 239
239 240
240 241
241 242
242 243
243 244
244 245
245 246
246 247
247 248
248 249
249 250
250 251
251 252
252 253
253 254
254 255
255 256
256 257
257 258
258 259
259 260
260 261
261 262
262 263
263 264
264 265
265 266
266 267
267 268
268 269
269 270
270 271
271 272
272 273
273 274
274 275
275 276
276 277
277 278
278 279
279 280
280 281
281 282
282 283
283 284
284 285
285 286
286 287
287 288
288 289
289 290
290 291
291 292
292 293
293 294
294 295
295 296
296 297
297 298
298 299
299 300
300 301
301 302
302 303
303 304
304 305
305 306
306 307
307 308
308 309
309 310
310 311
311 312
312 313
313 314
314 315
315 316
316 317
317 318
318 319
319 320
320 321
321 322
322 323
323 324
324 325
325 326
326 327
327 328
328 329
329 330
330 331
331 332
332 333
333 334
334 335
335 336
336 337
337 338
338 339
339 340
340 341
341 342
342 343
343 344
344 345
345 346
346 347
347 348
348 349
349 350
350 351
351 352
352 353
353 354
354 355
355 356
356 357
357 358
358 359
359 360
360 361
361 362
362 363
363 364
364 365
365 366
366 367
367 368
368 369
369 370
370 371
371 372
372 373
373 374
374 375
375 376
376 377
377 378
378 379
379 380
380 381
381 382
382 383
383 384
384 385
385 386
386 387
387 388
388 389
389 390
390 391
391 392
392 393
393 394
394 395
395 396
396 397
397 398
398 399
399 400
400 401
401 402
402 403
403 404
404 405
405 406
406 407
407 408
408 409
409 410
410 411
411 412
412 413
413 414
414 415
415 416
416 417
417 418
418 419
419 420
420 421
421 422
422 423
423 424
424 425
425 426
426 427
427 428
428 429
429 430
430 431
431 432
432 433
433 434
434 435
435 436
436 437
437 438
438 439
439 440
440 441
441 442
442 443
443 444
444 445
445 446
446 447
447 448
448 449
449 450
450 451
451 452
452 453
453 454
454 455
455 456
456 457
457 458
458 459
459 460
460 461
461 462
462 463
463 464
464 465
465 466
466 467
467 468
468 469
469 470
470 471
471 472
472 473
473 474
474 475
475 476
476 477
477 478
478 479
479 480
480 481
481 482
482 483
483 484
484 485
485 486
486 487
487 488
488 489
489 490
490 491
491 492
492 493
493 494
494 495
495 496
496 497
497 498
498 499
499 500
500 501
501 502
502 503
503 504
504 505
505 506
506 507
507 508
508 509
509 510
510 511
511 512
512 513
513 514
514 515
515 516
516 517
517 518
518 519
519 520
520 521
521 522
522 523
523 524
524 525
525 526
526 527
527 528
528 529
529 530
530 531
531 532
532 533
533 534
534 535
535 536
536 537
537 538
538 539
539 540
540 541
541 542
542 543
543 544
544 545
545 546
546 547
547 548
548 549
549 550
550 551
551 552
552 553
553 554
554 555
555 556
556 557
557 558
558 559
559 560
560 561
561 562
562 563
563 564
564 565
565 566
566 567
567 568
568 569
569 570
570 571
571 572
572 573
573 574
574 575
575 576
576 577
577 578
578 579
579 580
580 581
581 582
582 583
583 584
584 585
585 586
586 587
587 588
588 589
589 590
590 591
591 592
592 593
593 594
594 595
595 596
596 597
597 598
598 599
599 600
600 601
601 602
602 603
603 604
604 605
605 606
606 607
607 608
608 609
609 610
610 611
611 612
612 613
613 614
614 615
615 616
616 617
617 618
618 619
619 620
620 621
621 622
622 623
623 624
624 625
625 626
626 627
627 628
628 629
629 630
630 631
631 632
632 633
633 634
634 635
635 636
636 637
637 638
638 639
639 640
640 641
641 642
642 643
643 644
644 645
645 646
646 647
647 648
648 649
649 650
650 651
651 652
652 653
653 654
654 655
655 656
656 657
657 658
658 659
659 660
660 661
661 662
662 663
663 664
664 665
665 666
666 667
667 668
668 669
669 670
670 671
671 672
672 673
673 674
674 675
675 676
676 677
677 678
678 679
679 680
680 681
681 682
682 683
683 684
684 685
685 686
686 687
687 688
688 689
689 690
690 691
691 692
692 693
693 694
694 695
695 696
696 697
697 698
698 699
699 700
700 701
701 702
702 703
703 704
704 705
705 706
706 707
707 708
708 709
709 710
710 711
711 712
712 713
713 714
714 715
715 716
716 717
717 718
718 719
719 720
720 721
721 722
722 723
723 724
724 725
725 726
726 727
727 728
728 729
729 730
730 731
731 732
732 733
733 734
734 735
735 736
736 737
737 738
738 739
739 740
740 741
741 742
742 743
743 744
744 745
745 746
746 747
747 748
748 749
749 750
750 751
751 752
752 753
753 754
754 755
755 756
756 757
757 758
758 759
759 760
760 761
761 762
762 763
763 764
764 765
765 766
766 767
767 768
768 769
769 770
770 771
771 772
772 773
773 774
774 775
775 776
776 777
777 778
778 779
779 780
780 781
781 782
782 783
783 784
784 785
785 786
786 787
787 788
788 789
789 790
790 791
791 792
792 793
793 794
794 795
795 796
796 797
797 798
798 799
799 800
800 801
801 802
802 803
803 804
804 805
805 806
806 807
807 808
808 809
809 810
810 811
811 812
812 813
813 814
814 815
815 816
816 817
817 818
818 819
819 820
820 821
821 822
822 823
823 824
824 825
825 826
826 827
827 828
828 829
829 830
830 831
831 832
832 833
833 834
834 835
835 836
836 837
837 838
838 839
839 840
840 841
841 842
842 843
843 844
844 845
845 846
846 847
847 848
848 849
849 850
850 851
851 852
852 853
853 854
854 855
855 856
856 857
857 858
858 859
859 860
860 861
861 862
862 863
863 864
864 865
865 866
866 867
867 868
868 869
869 870
870 871
871 872
872 873
873 874
874 875
875 876
876 877
877 878
878 879
879 880
880 881
881 882
882 883
883 884
884 885
885 886
886 887
887 888
888 889
889 890
890 891
891 892
892 893
893 894
894 895
895 896
896 897
897 898
898 899
899 900
900 901
901 902
902 903
903 904
904 905
905 906
906 907
907 908
908 909
909 910
910 911
911 912
912 913
913 914
914 915
915 916
916 917
917 918
918 919
919 920
920 921
921 922
922 923
923 924
924 925
925 926
926 927
927 928
928 929
929 930
930 931
931 932
932 933
933 934
934 935
935 936
936 937
937 938
938 939
939 940
940 941
941 942
942 943
943 944
944 945
945 946
946 947
947 948
948 949
949 950
950 951
951 952
952 953
953 954
954 955
955 956
956 957
957 958
958 959
959 960
960 961
961 962
962 963
963 964
964 965
965 966
966 967
967 968
968 969
969 970
970 971
971 972
972 973
973 974
974 975
975 976
976 977
977 978
978 979
979 980
980 981
981 982
982 983
983 984
984 985
985 986
986 987
987 988
988 989
989 990
990 991
991 992
992 993
993 994
994 995
995 996
996 997
997 998
998 999
999 1000
282 1001
670 1002
395 1003
271 1004
586 1005
297 1006
718 1007
100 1008
742 1009
463 1010
273 1011
988 1012
543 1013
908 1014
379 1015
449 1016
956 1017
723 1018
18 1019
423 1020
969 1021
485 1022
124 1023
284 1024
723 1025
657 1026
891 1027
225 1028
74 1029
350 1030
529 1031
416 1032
968 1033
73 1034
294 1035
490 1036
509 1037
480 1038
906 1039
601 1040
75 1041
278 1042
818 1043
190 1044
509 1045
12 1046
213 1047
592 1048
370 1049
846 1050
888 1051
600 1052
767 1053
694 1054
702 1055
110 1056
502 1057
686 1058
976 1059
789 1060
908 1061
869 1062
861 1063
726 1064
897 1065
865 1066
889 1067
981 1068
1033 1069
225 1070
528 1071
18 1072
934 1073
965 1074
497 1075
877 1076
1013 1077
669 1078
480 1079
393 1080
937 1081
202 1082
402 1083
195 1084
178 1085
873 1086
957 1087
122 1088
690 1089
338 1090
963 1091
764 1092
36 1093
495 1094
368 1095
618 1096
598 1097
801 1098
584 1099
1025 1100
517 1101
287 1102
690 1103
230 1104
1006 1105
581 1106
1019 1107
408 1108
1012 1109
641 1110
1036 1111
573 1112
351 1113
295 1114
72 1115
353 1116
174 1117
1092 1118
907 1119
191 1120
560 1121
1070 1122
81 1123
357 1124
967 1125
422 1126
503 1127
620 1128
927 1129
933 1130
499 1131
218 1132
742 1133
683 1134
353 1135
371 1136
172 1137
726 1138
368 1139
862 1140
433 1141
439 1142
529 1143
369 1144
1012 1145
394 1146
910 1147
169 1148
1034 1149
379 1150
876 1151
441 1152
280 1153
363 1154
494 1155
708 1156
185 1157
293 1158
912 1159
263 1160
435 1161
661 1162
798 1163
1079 1164
1128 1165
471 1166
964 1167
1079 1168
344 1169
456 1170
537 1171
1001 1172
569 1173
445 1174
123 1175
472 1176
241 1177
324 1178
849 1179
492 1180
743 1181
560 1182
1040 1183
1104 1184
593 1185
765 1186
591 1187
687 1188
797 1189
73 1190
267 1191
355 1192
675 1193
71 1194
1034 1195
206 1196
830 1197
303 1198
621 1199
112 1200
1048 1201
42 1202
715 1203
320 1204
471 1205
402 1206
1186 1207
293 1208
302 1209
922 1210
409 1211
970 1212
592 1213
538 1214
355 1215
329 1216
260 1217
447 1218
1049 1219
1016 1220
380 1221
773 1222
990 1223
556 1224
774 1225
207 1226
1213 1227
849 1228
1100 1229
739 1230
936 1231
243 1232
1111 1233
686 1234
487 1235
245 1236
544 1237
604 1238
304 1239
237 1240
1234 1241
266 1242
509 1243
705 1244
86 1245
772 1246
1123 1247
1143 1248
888 1249
63 1250
69 1251
1240 1252
145 1253
32 1254
453 1255
141 1256
429 1257
841 1258
28 1259
531 1260
1175 1261
937 1262
246 1263
705 1264
331 1265
1152 1266
434 1267
1113 1268
1056 1269
352 1270
253 1271
212 1272
534 1273
45 1274
284 1275
252 1276
1089 1277
987 1278
1064 1279
423 1280
1142 1281
30 1282
124 1283
723 1284
561 1285
330 1286
953 1287
501 1288
1288 1289
118 1290
224 1291
1251 1292
387 1293
806 1294
308 1295
598 1296
29 1297
1067 1298
348 1299
934 1300
1114 1301
1074 1302
1163 1303
1126 1304
489 1305
734 1306
46 1307
197 1308
352 1309
875 1310
520 1311
178 1312
805 1313
765 1314
1208 1315
1273 1316
323 1317
236 1318
901 1319
511 1320
1150 1321
1121 1322
957 1323
537 1324
1252 1325
673 1326
1314 1327
1082 1328
340 1329
179 1330
614 1331
1015 1332
487 1333
510 1334
894 1335
292 1336
868 1337
539 1338
345 1339
641 1340
643 1341
9 1342
300 1343
798 1344
558 1345
62 1346
1154 1347
1306 1348
664 1349
322 1350
1109 1351
1016 1352
535 1353
154 1354
947 1355
238 1356
768 1357
706 1358
643 1359
258 1360
441 1361
1133 1362
1013 1363
1002 1364
54 1365
1308 1366
965 1367
202 1368
1246 1369
435 1370
661 1371
109 1372
1100 1373
758 1374
30 1375
1089 1376
1049 1377
698 1378
982 1379
488 1380
728 1381
466 1382
238 1383
1241 1384
909 1385
1208 1386
900 1387
631 1388
1282 1389
1212 1390
1207 1391
1267 1392
1027 1393
1062 1394
205 1395
543 1396
332 1397
680 1398
420 1399
304 1400
384 1401
689 1402
1076 1403
976 1404
60 1405
961 1406
589 1407
621 1408
1005 1409
102 1410
723 1411
379 1412
66 1413
622 1414
508 1415
1406 1416
325 1417
343 1418
946 1419
1044 1420
272 1421
1194 1422
1310 1423
363 1424
587 1425
429 1426
921 1427
16 1428
784 1429
989 1430
765 1431
292 1432
826 1433
535 1434
958 1435
386 1436
538 1437
670 1438
530 1439
616 1440
882 1441
195 1442
463 1443
683 1444
387 1445
1307 1446
855 1447
512 1448
762 1449
604 1450
634 1451
701 1452
1306 1453
1036 1454
676 1455
1247 1456
600 1457
544 1458
773 1459
284 1460
715 1461
310 1462
1232 1463
117 1464
35 1465
421 1466
739 1467
504 1468
35 1469
211 1470
966 1471
1242 1472
754 1473
702 1474
171 1475
177 1476
530 1477
137 1478
1143 1479
1161 1480
826 1481
1264 1482
1050 1483
1376 1484
326 1485
1438 1486
789 1487
691 1488
307 1489
43 1490
215 1491
278 1492
433 1493
857 1494
661 1495
863 1496
771 1497
587 1498
948 1499
647 1500
846 1501
1246 1502
1244 1503
721 1504
242 1505
1325 1506
334 1507
183 1508
812 1509
1150 1510
960 1511
731 1512
333 1513
1306 1514
243 1515
828 1516
1249 1517
122 1518
663 1519
1022 1520
260 1521
1149 1522
11 1523
452 1524
469 1525
241 1526
799 1527
1304 1528
548 1529
1085 1530
617 1531
837 1532
425 1533
164 1534
536 1535
1402 1536
125 1537
1130 1538
228 1539
647 1540
852 1541
34 1542
1067 1543
103 1544
1340 1545
197 1546
387 1547
640 1548
121 1549
1232 1550
1501 1551
1383 1552
1394 1553
941 1554
378 1555
980 1556
107 1557
377 1558
187 1559
1047 1560
1059 1561
831 1562
1174 1563
1034 1564
868 1565
181 1566
1461 1567
1034 1568
1049 1569
1139 1570
532 1571
651 1572
51 1573
243 1574
228 1575
468 1576
623 1577
1246 1578
601 1579
1152 1580
130 1581
1338 1582
895 1583
1347 1584
294 1585
372 1586
1488 1587
1064 1588
853 1589
511 1590
599 1591
519 1592
531 1593
110 1594
1213 1595
347 1596
1248 1597
1280 1598
1496 1599
514 1600
1422 1601
218 1602
544 1603
994 1604
281 1605
188 1606
1486 1607
1398 1608
685 1609
504 1610
677 1611
1213 1612
924 1613
1299 1614
442 1615
419 1616
455 1617
157 1618
300 1619
1532 1620
500 1621
1482 1622
322 1623
938 1624
842 1625
259 1626
964 1627
281 1628
1581 1629
1270 1630
861 1631
1230 1632
965 1633
11 1634
1269 1635
447 1636
469 1637
186 1638
572 1639
148 1640
206 1641
1403 1642
283 1643
939 1644
234 1645
945 1646
125 1647
100 1648
606 1649
216 1650
6 1651
1467 1652
1571 1653
999 1654
1082 1655
1242 1656
1608 1657
770 1658
941 1659
594 1660
1118 1661
215 1662
867 1663
858 1664
1190 1665
306 1666
797 1667
1614 1668
1111 1669
428 1670
1238 1671
593 1672
36 1673
1448 1674
390 1675
1400 1676
532 1677
1282 1678
1416 1679
1106 1680
1506 1681
1546 1682
785 1683
669 1684
1291 1685
1599 1686
1021 1687
1015 1688
278 1689
1453 1690
504 1691
962 1692
908 1693
1086 1694
1074 1695
257 1696
216 1697
233 1698
1585 1699
1072 1700
1132 1701
1344 1702
1350 1703
1095 1704
1204 1705
1268 1706
1258 1707
1518 1708
1491 1709
527 1710
1125 1711
937 1712
620 1713
1336 1714
517 1715
751 1716
1539 1717
1049 1718
161 1719
1658 1720
292 1721
1325 1722
354 1723
469 1724
606 1725
1386 1726
1074 1727
1546 1728
452 1729
1271 1730
862 1731
1270 1732
1404 1733
1274 1734
680 1735
409 1736
265 1737
631 1738
528 1739
814 1740
83 1741
1512 1742
1060 1743
1399 1744
516 1745
1446 1746
786 1747
607 1748
645 1749
318 1750
80 1751
900 1752
1465 1753
374 1754
1363 1755
1344 1756
1169 1757
1158 1758
324 1759
1615 1760
369 1761
1697 1762
1379 1763
1492 1764
526 1765
1250 1766
1730 1767
58 1768
809 1769
621 1770
1517 1771
23 1772
687 1773
1362 1774
633 1775
26 1776
1441 1777
1554 1778
1061 1779
949 1780
1530 1781
127 1782
652 1783
1746 1784
453 1785
120 1786
878 1787
913 1788
833 1789
296 1790
1120 1791
913 1792
1512 1793
672 1794
1557 1795
1641 1796
139 1797
1007 1798
543 1799
831 1800
1540 1801
1160 1802
1751 1803
618 1804
864 1805
93 1806
997 1807
504 1808
875 1809
260 1810
763 1811
364 1812
1353 1813
1161 1814
572 1815
1337 1816
1682 1817
49 1818
136 1819
958 1820
33 1821
876 1822
1113 1823
585 1824
976 1825
1478 1826
602 1827
459 1828
123 1829
1760 1830
1322 1831
1703 1832
1291 1833
605 1834
1663 1835
391 1836
989 1837
1207 1838
590 1839
1361 1840
427 1841
119 1842
664 1843
206 1844
1570 1845
1239 1846
1338 1847
978 1848
238 1849
986 1850
81 1851
1517 1852
1153 1853
602 1854
859 1855
1571 1856
18 1857
838 1858
1569 1859
457 1860
1737 1861
950 1862
573 1863
792 1864
1670 1865
25 1866
1264 1867
790 1868
1019 1869
118 1870
741 1871
1556 1872
729 1873
971 1874
1295 1875
1666 1876
1595 1877
1507 1878
807 1879
677 1880
1241 1881
1279 1882
1679 1883
975 1884
143 1885
464 1886
1741 1887
1531 1888
1526 1889
260 1890
571 1891
819 1892
1493 1893
1629 1894
1729 1895
667 1896
1156 1897
1164 1898
147 1899
304 1900
61 1901
1235 1902
382 1903
230 1904
1389 1905
1518 1906
512 1907
1238 1908
1337 1909
1667 1910
464 1911
759 1912
1724 1913
1689 1914
564 1915
1427 1916
124 1917
117 1918
1481 1919
641 1920
1859 1921
1616 1922
1124 1923
1262 1924
1756 1925
1083 1926
42 1927
1100 1928
398 1929
869 1930
1057 1931
223 1932
1708 1933
436 1934
1328 1935
855 1936
221 1937
15 1938
371 1939
1012 1940
163 1941
861 1942
1357 1943
1576 1944
830 1945
1020 1946
1648 1947
1377 1948
1519 1949
823 1950
107 1951
1576 1952
321 1953
521 1954
671 1955
1369 1956
250 1957
258 1958
1112 1959
131 1960
1451 1961
1114 1962
526 1963
536 1964
84 1965
1915 1966
1221 1967
355 1968
1604 1969
1810 1970
1730 1971
1689 1972
1959 1973
1671 1974
1146 1975
1111 1976
145 1977
1846 1978
1458 1979
1771 1980
237 1981
1264 1982
1945 1983
515 1984
634 1985
146 1986
1584 1987
822 1988
890 1989
1129 1990
1911 1991
1344 1992
740 1993
1439 1994
227 1995
10 1996
1116 1997
202 1998
1268 1999
1233 2000
M 1093 663 4088
Q 1578
M 348 1902 3073
Q 914
M 400 210 722
Q 916
M 541 594 2757
Q 59
M 257 169 9395
Q 1405
M 1537 224 1741
Q 1390
M 1484 1004 8440
Q 1233
M 1277 1901 169
Q 689
M 372 572 8465
Q 399
M 1206 1860 9242
Q 1165
M 388 401 5971
Q 874
M 1322 1672 2249
Q 15
M 409 538 8119
Q 490
M 1767 874 1550
Q 1160
M 1685 735 4536
Q 1129
M 689 506 5658
Q 462
M 429 784 6441
Q 1270
M 1568 1229 8254
Q 490
M 44 1974 7708
Q 533
M 799 558 3457
Q 1160
M 366 1825 9420
Q 1789
M 607 459 270
Q 858
M 246 325 9124
Q 824
M 194 1995 4964
Q 1109
M 664 1995 2501
Q 183
M 1009 1405 7556
Q 1122
M 1360 683 197
Q 412
M 550 307 4086
Q 46
M 601 1973 5530
Q 1469
M 1202 679 4053
Q 1851
M 919 810 7827
Q 632
M 89 49 8110
Q 1468
M 158 1748 2160
Q 1481
M 1169 748 3701
Q 1261
M 1240 495 3188
Q 1382
M 54 865 944
Q 265
M 338 636 6938
Q 1588
M 457 907 922
Q 1474
M 832 587 5598
Q 447
M 1500 94 2529
Q 813
M 1509 593 6415
Q 166
M 824 1290 1720
Q 147
M 108 1016 8532
Q 1900
M 1623 1926 6550
Q 1841
M 1250 1962 692
Q 1320
M 714 1051 6309
Q 568
M 1401 1759 108
Q 1590
M 388 876 1989
Q 222
M 230 357 2829
Q 1588
M 1278 813 214
Q 219
M 836 855 8027
Q 1078
M 865 505 2529
Q 1837
M 223 1890 2095
Q 194
M 543 1982 3056
Q 1173
M 186 1363 2822
Q 197
M 1546 1676 1505
Q 1208
M 1818 1792 7216
Q 1452
M 1435 1632 727
Q 654
M 744 1467 2801
Q 1148
M 1756 932 680
Q 1286
M 1363 422 244
Q 858
M 1182 246 8640
Q 1137
M 1035 1354 1763
Q 1059
M 133 1879 9661
Q 1554
M 215 1014 3648
Q 118
M 567 168 9442
Q 1668
M 1601 1314 9472
Q 1925
M 1104 860 4676
Q 1188
M 452 133 9722
Q 1080
M 1169 1351 7952
Q 739
M 1173 620 4908
Q 1322
M 604 1833 7986
Q 1318
M 583 1413 2758
Q 1530
M 10 589 4415
Q 1909
M 1157 1705 8445
Q 1114
M 1782 1688 8365
Q 351
M 1260 1661 8906
Q 516
M 1871 1695 7750
Q 1300
M 1342 1755 2329
Q 480
M 1017 775 7112
Q 218
M 1297 1737 6202
Q 751
M 1932 1951 9415
Q 1065
M 381 525 1155
Q 772
M 1028 922 7466
Q 783
M 1538 1436 7195
Q 1637
M 1024 641 4970
Q 109
M 736 715 6817
Q 1150
M 259 1260 614
Q 551
M 1948 449 8355
Q 1966
M 102 278 1778
Q 792
M 690 1365 4519
Q 1609
M 915 597 7875
Q 459
M 718 1597 7782
Q 340
M 1659 438 3957
Q 1955
M 993 733 7724
Q 604
M 818 809 6709
Q 1045
M 1810 149 2922
Q 479
M 1582 1693 7319
Q 1017
M 1946 1962 7556
Q 1921
M 812 1287 130
Q 397
M 679 1562 9347
Q 873
M 1178 1087 8158
Q 1601
M 971 1615 9891
Q 1698
M 1246 1045 2717
Q 700
M 1674 1935 1862
Q 1482
M 573 857 5423
Q 101
M 1999 549 9232
Q 358
M 1221 453 3868
Q 347
M 55 1323 4361
Q 300
M 1812 691 1199
Q 1310
M 1508 449 4718
Q 1639
M 463 911 4437
Q 1251
M 1708 1048 8160
Q 983
M 1340 1747 8418
Q 212
M 1144 1496 5075
Q 222
M 1944 1732 7212
Q 1262
M 389 583 6321
Q 1876
M 1089 319 4109
Q 849
M 358 1678 9092
Q 292
M 1453 669 1237
Q 1172
M 1136 868 3055
Q 413
M 1745 1659 6039
Q 718
M 893 105 8870
Q 1171
M 1147 441 4615
Q 1134
M 1513 1187 9746
Q 443
M 1673 1925 9794
Q 1491
M 24 1457 6462
Q 1106
M 32 1544 2662
Q 437
M 1326 1272 4348
Q 790
M 1718 426 2662
Q 491
M 741 1384 8193
Q 1211
M 1832 1640 712
Q 690
M 1867 1044 181
Q 423
M 293 2 1334
Q 1708
M 1458 86 8532
Q 183
M 848 437 8432
Q 1759
M 862 281 8095
Q 248
M 18 411 1768
Q 1906
M 330 489 8875
Q 238
M 1061 142 4773
Q 1860
M 180 1068 4193
Q 433
M 507 1571 6449
Q 244
M 828 1137 5261
Q 443
M 917 1208 138
Q 586
M 1080 1622 5839
Q 44
M 1773 1299 2549
Q 1308
M 1587 281 541
Q 1270
M 1500 431 710
Q 842
M 1626 1451 6607
Q 1137
M 244 1763 7498
Q 1811
M 1518 1979 401
Q 1464
M 552 1827 6781
Q 1869
M 229 1954 8453
Q 554
M 174 877 3300
Q 1313
M 1352 982 1070
Q 906
M 644 741 9844
Q 109
M 1830 1313 6038
Q 1087
M 1960 670 1481
Q 160
M 1824 42 1497
Q 1172
M 431 1580 9233
Q 1298
M 1307 506 5064
Q 1273
M 15 681 5262
Q 505
M 1681 877 2135
Q 1169
M 821 1057 8135
Q 1333
M 96 700 2127
Q 1490
M 16 840 5575
Q 245
M 1098 543 1581
Q 1384
M 1299 717 1309
Q 1295
M 1763 139 3057
Q 819
M 1383 1567 8778
Q 972
M 1382 824 896
Q 132
M 727 250 1718
Q 921
M 17 1800 2770
Q 1603
M 530 1436 8828
Q 1752
M 1300 1548 4708
Q 1500
M 733 376 5929
Q 557
M 726 1935 3607
Q 1390
M 270 924 1601
Q 1537
M 176 608 1072
Q 523
M 354 940 1370
Q 1555
M 1327 1728 9654
Q 875
M 1528 76 463
Q 1410
M 1910 917 1495
Q 40
M 1443 1014 6190
Q 212
M 74 1044 8915
Q 611
M 428 247 8890
Q 530
M 997 510 4639
Q 958
M 526 637 4202
Q 1417
M 1748 878 5492
Q 800
M 1096 1341 1577
Q 378
M 1625 997 813
Q 180
M 1903 55 2596
Q 427
M 137 1536 6669
Q 922
M 745 1559 446
Q 245
M 766 951 4598
Q 868
M 1203 247 8575
Q 1124
M 982 1433 4019
Q 1530
M 620 705 7905
Q 858
M 819 284 7023
Q 1911
M 488 1808 4754
Q 108
M 457 59 6652
Q 650
M 942 641 6245
Q 1251
M 1620 1280 509
Q 1110
M 873 1914 9185
Q 1100
M 879 856 4460
Q 339
M 1387 602 896
Q 1784
M 1853 980 3813
Q 1883
M 101 1120 5217
Q 1661
M 260 1321 5832
Q 13
M 1569 939 5366
Q 1315
M 1373 558 1883
Q 1357
M 393 1968 8135
Q 201
M 342 1535 5366
Q 849
M 1981 1571 2797
Q 1293
M 1536 1001 3126
Q 1862
M 784 582 8408
Q 695
M 753 609 6043
Q 809
M 1243 84 9834
Q 15
M 1059 1200 4793
Q 1167
M 217 837 2169
Q 1090
M 1650 1219 8010
Q 1037
M 1817 1472 7105
Q 561
M 1890 836 2395
Q 432
M 640 462 6160
Q 1858
M 1128 1700 6298
Q 1959
M 948 593 776
Q 1357
M 1692 120 1871
Q 452
M 1330 702 976
Q 864
M 1837 148 2992
Q 303
M 1913 695 3652
Q 1500
M 1389 252 8379
Q 371
M 1837 1206 7712
Q 998
M 257 515 480
Q 271
M 1733 733 9497
Q 1623
M 1506 1940 8468
Q 550
M 1389 1415 580
Q 1660
M 382 708 6399
Q 95
M 116 1384 9677
Q 1990
M 488 1942 3326
Q 502
M 911 1366 6945
Q 234
M 995 1901 9651
Q 137
M 1476 1658 1940
Q 1059
M 1643 1074 3728
Q 843
M 1040 224 7180
Q 811
M 749 992 2576
Q 517
M 1106 1351 2596
Q 646
M 90 1961 510
Q 1536
M 1998 810 9611
Q 1656
M 1112 1202 6971
Q 1372
M 427 706 1458
Q 953
M 1 781 7820
Q 1373
M 837 50 7153
Q 696
M 82 1239 7962
Q 792
M 1163 1377 6163
Q 1893
M 317 70 9761
Q 842
M 1762 725 4405
Q 390
M 1895 1118 8321
Q 610
M 129 882 6043
Q 1027
M 923 896 1936
Q 1762
M 163 348 8747
Q 1354
M 741 181 6182
Q 497
M 1400 344 2607
Q 1819
M 1736 528 863
Q 604
M 1235 49 1896
Q 1229
M 1545 59 8909
Q 1601
M 1261 160 8326
Q 1271
M 737 963 5523
Q 1058
M 929 1105 2081
Q 168
M 1838 1907 187
Q 1096
M 223 883 3267
Q 784
M 131 165 8465
Q 1662
M 1818 1822 7291
Q 1541
M 1780 1364 6662
Q 754
M 265 1400 1115
Q 1183
M 1451 238 7358
Q 1127
M 185 1631 219
Q 187
M 630 219 1186
Q 869
M 713 1731 4117
Q 652
M 38 309 7167
Q 439
M 205 1620 5975
Q 1125
M 1233 512 6068
Q 60
M 252 1213 6324
Q 993
M 289 549 6168
Q 952
M 578 983 8098
Q 1499
M 1891 1843 6946
Q 288
M 174 158 1309
Q 22
M 1369 1996 8128
Q 481
M 1925 1551 7971
Q 1287
M 984 263 7105
Q 1865
M 94 743 1574
Q 902
M 1691 1790 10
Q 1404
M 52 1890 830
Q 1392
M 78 1220 5188
Q 640
M 1351 751 100
Q 1464
M 324 840 764
Q 1986
M 107 613 7944
Q 369
M 402 1164 9075
Q 1167
M 567 22 8060
Q 613
M 1313 1212 2428
Q 476
M 151 1263 2630
Q 658
M 96 144 2960
Q 335
M 1514 632 1458
Q 584
M 783 943 2749
Q 739
M 1477 1197 5198
Q 380
M 1461 1044 4002
Q 88
M 975 1263 2684
Q 104
M 27 992 3525
Q 1280
M 1251 899 659
Q 1128
M 367 905 5565
Q 899
M 1537 1028 5454
Q 959
M 1842 125 3848
Q 1644
M 61 938 9212
Q 1136
M 1195 658 7703
Q 1562
M 222 1136 6990
Q 1317
M 386 1017 6125
Q 1744
M 1328 346 1180
Q 300
M 693 1937 2100
Q 517
M 1122 131 9569
Q 1364
M 1046 1559 1016
Q 724
M 1785 1651 8570
Q 884
M 778 1685 9785
Q 1949
M 348 492 4395
Q 165
M 1692 1317 2381
Q 1987
M 1190 1255 6170
Q 244
M 1160 1385 4380
Q 1420
M 1575 1016 5922
Q 1153
M 1153 916 531
Q 357
M 1571 1254 7569
Q 450
M 140 381 5345
Q 1195
M 1921 1067 8491
Q 832
M 930 1633 9933
Q 178
M 1709 1811 1173
Q 1928
M 770 1535 9086
Q 34
M 1495 515 6810
Q 1340
M 140 7 6929
Q 341
M 1010 199 6841
Q 1552
M 887 632 3271
Q 362
M 341 1565 4741
Q 1006
M 301 634 212
Q 1910
M 125 735 7444
Q 1666
M 506 385 7314
Q 829
M 1386 1557 6400
Q 1982
M 1968 354 5771
Q 525
M 989 257 9961
Q 1719
M 613 545 9010
Q 1636
M 913 362 6018
Q 1574
M 755 1911 2907
Q 1125
M 975 62 5343
Q 665
M 1799 855 5022
Q 935
M 279 1610 6269
Q 1103
M 275 839 6409
Q 645
M 1230 1732 2378
Q 1215
M 1357 291 5195
Q 1087
M 1931 1229 2601
Q 466
M 1390 1202 4266
Q 1351
M 697 1150 943
Q 708
M 67 798 3661
Q 598
M 808 1888 5401
Q 999
M 1151 837 3682
Q 1093
M 1052 250 6948
Q 1504
M 375 183 2089
Q 1140
M 364 1179 2179
Q 1576
M 1284 1522 3256
Q 6
M 1493 676 1116
Q 12
M 405 205 165
Q 418
M 1204 64 1883
Q 1934
M 1435 650 8991
Q 308
M 607 751 1166
Q 1090
M 139 1461 4373
Q 1802
M 941 1405 4311
Q 769
M 1039 1674 8173
Q 1160
M 697 1063 6749
Q 1833
M 1893 348 3567
Q 117
M 531 420 2284
Q 139
M 1646 1506 9223
Q 923
M 879 1498 2704
Q 444
M 1569 292 1591
Q 1275
M 1061 1636 3198
Q 1717
M 1862 1745 34
Q 935
M 943 839 6763
Q 627
M 59 287 5618
Q 1301
M 1917 914 6739
Q 1655
M 290 778 5059
Q 387
M 452 1717 5571
Q 1543
M 801 983 6006
Q 1037
M 1115 1271 8751
Q 1755
M 1249 1527 9183
Q 105
M 1997 285 1326
Q 353
M 1647 362 1863
Q 396
M 859 36 5561
Q 954
M 1550 331 970
Q 1266
M 1207 1523 2255
Q 1099
M 1187 1906 906
Q 1993
M 1401 675 1684
Q 1261
M 376 606 8683
Q 566
M 925 563 4173
Q 477
M 617 1839 8869
Q 1248
M 915 1594 2005
Q 780
M 1594 602 6917
Q 784
M 158 348 4347
Q 560
M 1295 439 8908
Q 167
M 278 1532 3954
Q 113
M 403 628 8159
Q 1336
M 390 591 4752
Q 1197
M 1378 130 1461
Q 1290
M 1246 1148 128
Q 613
M 574 881 6652
Q 215
M 386 589 8080
Q 109
M 141 21 2580
Q 1167
M 937 845 3859
Q 624
M 170 600 5490
Q 1014
M 1120 602 4384
Q 1450
M 320 1566 8255
Q 1073
M 1076 359 8001
Q 1436
M 786 1459 7718
Q 1789
M 571 317 7094
Q 204
M 1190 667 1049
Q 489
M 172 934 9871
Q 914
M 501 1237 2349
Q 1623
M 979 1365 6261
Q 444
M 1516 197 8890
Q 1039
M 1998 207 4498
Q 1434
M 814 1125 380
Q 1019
M 1922 1783 5203
Q 1267
M 1424 1670 4468
Q 748
M 838 1870 2333
Q 1071
M 1900 183 8663
Q 468
M 1894 967 6518
Q 1818
M 255 1775 1262
Q 1978
M 1666 1423 1432
Q 1832
M 618 1159 4229
Q 73
M 317 127 2562
Q 459
M 1205 467 1245
Q 913
M 1391 1829 1766
Q 1150
M 391 1221 8153
Q 581
M 1092 813 3164
Q 1790
M 1807 635 9828
Q 1035
M 570 841 8029
Q 1819
M 1215 204 4346
Q 1007
M 166 1019 7801
Q 1980
M 1179 635 6346
Q 1072
M 1119 303 562
Q 248
M 142 634 27
Q 1506
M 162 844 1614
Q 1470
M 662 1600 1764
Q 1242
M 28 1827 5385
Q 94
M 1763 1825 2370
Q 693
M 244 1453 3121
Q 462
M 140 1462 7462
Q 1201
M 142 534 1288
Q 1894
M 842 1626 7284
Q 978
M 1065 317 1925
Q 1779
M 218 1990 3573
Q 751
M 498 286 2003
Q 88
M 639 1301 2662
Q 1426
M 622 954 6433
Q 40
M 1166 1164 1607
Q 1628
M 181 1082 1152
Q 1422
M 1089 1978 9485
Q 318
M 289 1026 4329
Q 373
M 1397 917 7248
Q 833
M 963 1434 1028
Q 736
M 972 835 8910
Q 320
M 1742 1581 7522
Q 1123
M 715 1667 8518
Q 1032
M 1786 1399 2004
Q 600
M 1468 751 8909
Q 1967
M 1458 868 5393
Q 1644
M 30 768 8573
Q 346
M 7 600 5780
Q 175
M 800 773 289
Q 373
M 875 1498 8043
Q 855
M 762 255 7258
Q 1983
M 1574 328 3097
Q 238
M 1012 713 1629
Q 251
M 725 1487 165
Q 1951
M 1932 76 8819
Q 32
M 1813 69 1450
Q 1581
M 149 1957 6999
Q 473
M 125 619 2597
Q 348
M 1730 1489 9612
Q 1399
M 530 387 5562
Q 342
M 1503 424 4740
Q 314
M 144 1848 30
Q 1928
M 137 297 8586
Q 1292
M 631 1019 638
Q 98
M 1025 587 5801
Q 1862
M 428 1742 423
Q 218
M 493 1724 6691
Q 856
M 468 1411 3468
Q 1961
M 871 1292 6363
Q 726
M 300 235 3780
Q 173
M 124 1384 1195
Q 806
M 1844 1161 585
Q 1141
M 350 571 8943
Q 1363
M 1552 636 9866
Q 585
M 1906 159 2328
Q 748
M 501 987 2762
Q 1343
M 1331 514 8410
Q 1637
M 146 249 382
Q 1559
M 589 1865 9294
Q 213
M 596 1956 5939
Q 1328
M 1027 315 2464
Q 455
M 1633 1167 4982
Q 304
M 505 569 9682
Q 586
M 878 1235 4026
Q 1008
M 475 1780 1048
Q 1089
M 1464 1241 3445
Q 1693
M 212 1544 8250
Q 1203
M 1935 968 5987
Q 1545
M 1943 798 7893
Q 1739
M 103 1739 1698
Q 200
M 42 868 4634
Q 1305
M 1142 378 5252
Q 1444
M 182 1711 9934
Q 704
M 104 667 1217
Q 1385
M 585 1587 2760
Q 1350
M 1438 1078 194
Q 649
M 900 710 3318
Q 167
M 762 859 7815
Q 1369
M 1021 1038 6856
Q 658
M 1972 1172 1841
Q 1874
M 1246 1850 2819
Q 1530
M 1049 1299 3817
Q 1249
M 1284 82 7471
Q 887
M 583 919 9895
Q 1000
M 1217 1233 7850
Q 1811
M 1938 1998 1308
Q 1643
M 859 1631 2579
Q 285
M 578 1694 3833
Q 1331
M 442 669 176
Q 665
M 1811 878 7077
Q 1103
M 1869 399 9128
Q 94
M 1379 1227 8299
Q 1230
M 1126 128 1625
Q 1094
M 631 1516 330
Q 1590
M 1722 128 756
Q 1410
M 535 1340 8675
Q 1743
M 994 349 6268
Q 628
M 269 814 3166
Q 1497
M 1581 1696 9963
Q 1442
M 666 56 4326
Q 402
M 75 1645 7500
Q 330
M 370 1522 6600
Q 513
M 1923 1287 4130
Q 1912
M 251 1254 2920
Q 846
M 110 431 6384
Q 290
M 1137 1481 7196
Q 487
M 1642 413 463
Q 685
M 1189 1208 8767
Q 621
M 264 1750 3195
Q 1717
M 1513 227 319
Q 1989
M 831 442 9238
Q 793
M 966 682 8831
Q 344
M 1910 949 6835
Q 1340
M 1190 1361 3382
Q 403
M 1725 1913 444
Q 533
M 218 1808 1518
Q 1959
M 805 981 3613
Q 1504
M 790 378 790
Q 1562
M 1188 1419 8103
Q 635
M 1520 623 545
Q 1445
M 35 82 2190
Q 426
M 340 1466 8885
Q 772
M 1951 920 2443
Q 1747
M 1859 297 957
Q 760
M 795 1937 5755
Q 131
M 1759 472 4727
Q 1512
M 1259 1406 2078
Q 1911
M 817 1745 4070
Q 92
M 1803 1714 809
Q 244
M 1795 130 2736
Q 1393
M 422 650 2788
Q 1743
M 582 433 9025
Q 568
M 544 1795 2109
Q 1621
M 46 675 6247
Q 855
M 221 867 2467
Q 1445
M 1361 117 1125
Q 966
M 983 1879 4843
Q 1377
M 1596 216 1376
Q 1267
M 1692 1248 1598
Q 1521
M 157 512 3381
Q 1199
M 813 654 3417
Q 1584
M 105 1338 4112
Q 414
M 1 1624 2669
Q 717
M 488 257 6998
Q 251
M 96 318 9165
Q 1530
M 149 1911 8653
Q 434
M 1528 1000 4482
Q 737
M 255 1361 782
Q 1204
M 1579 681 6986
Q 1818
M 762 1697 1722
Q 1910
M 974 429 8804
Q 22
M 366 87 2690
Q 867
M 572 1695 5206
Q 1528
M 1159 721 7518
Q 901
M 913 1118 3608
Q 1398
M 1076 697 935
Q 1872
M 1264 259 1142
Q 940
M 904 1524 9884
Q 104
M 1966 1739 785
Q 313
M 764 766 8305
Q 1237
M 597 1606 5423
Q 1777
M 698 1896 3867
Q 182
M 1281 1311 6631
Q 1097
M 1652 417 9878
Q 1227
M 1046 192 6934
Q 686
M 1019 1123 6815
Q 26
M 1016 1727 9548
Q 126
M 1512 65 9658
Q 987
M 801 571 527
Q 109
M 1671 1579 8237
Q 1755
M 1279 1428 7767
Q 850
M 1382 1303 9363
Q 1565
M 1011 1500 7505
Q 1912
M 427 118 5371
Q 1908
M 1380 1922 7053
Q 653
M 812 213 6134
Q 1547
M 1498 1251 7791
Q 1942
M 1044 876 3036
Q 1373
M 771 1461 6721
Q 489
M 500 1462 247
Q 381
M 1233 490 8720
Q 1361
M 1744 1451 3047
Q 720
M 298 779 6282
Q 670
M 1390 404 60
Q 782
M 518 806 7207
Q 1042
M 155 566 6383
Q 756
M 837 1113 6989
Q 501
M 1301 744 794
Q 213
M 999 386 234
Q 130
M 258 599 1979
Q 1700
M 1922 32 1246
Q 1608
M 648 1932 1173
Q 828
M 607 1319 5326
Q 1835
M 1634 823 9967
Q 1896
M 1005 1798 3090
Q 1728
M 1682 322 9443
Q 795
M 45 130 2728
Q 900
M 1481 1573 7248
Q 57
M 388 773 4207
Q 949
M 1744 632 1081
Q 1324
M 492 231 6956
Q 1095
M 1251 1494 8420
Q 753
M 19 1072 3337
Q 128
M 1137 685 6507
Q 1368
M 1322 1233 673
Q 541
M 1133 1273 3038
Q 1271
M 1816 239 3989
Q 363
M 208 1651 8799
Q 1880
M 1349 1479 3467
Q 1182
M 1301 1746 1013
Q 22
M 1071 1417 8761
Q 14
M 459 1642 6938
Q 676
M 1000 490 4030
Q 741
M 1158 1561 940
Q 790
M 1238 158 7674
Q 339
M 1631 1888 752
Q 838
M 1570 1927 8944
Q 1114
M 1983 1708 4426
Q 1904
M 105 1025 9723
Q 818
M 1576 754 5862
Q 966
M 1694 833 6551
Q 1542
M 173 1620 9955
Q 798
M 1206 1187 7827
Q 21
M 740 1132 5235
Q 815
M 1531 582 1270
Q 1026
M 1259 833 7212
Q 103
M 1210 1018 2071
Q 628
M 1713 465 3050
Q 920
M 4 124 3011
Q 1638
M 1320 736 3723
Q 1750
M 1185 124 6347
Q 136
M 1561 1702 721
Q 395
M 520 158 4883
Q 1405
M 224 239 867
Q 291
M 1992 1870 2676
Q 347
M 1692 188 140
Q 1792
M 210 1149 6442
Q 78
M 112 729 3290
Q 1303
M 621 1478 615
Q 1302
M 949 887 321
Q 1665
M 1345 298 6943
Q 1860
M 1574 446 3222
Q 412
M 508 1341 7738
Q 769
M 1170 220 8949
Q 503
M 577 409 6438
Q 1030
M 894 1952 4347
Q 153
M 179 1902 4578
Q 485
M 1360 1643 1788
Q 219
M 958 787 8403
Q 1583
M 533 859 7822
Q 1609
M 1263 544 3411
Q 572
M 172 612 8700
Q 1781
M 583 542 845
Q 1782
M 72 80 9988
Q 964
M 1436 541 4898
Q 542
M 82 680 3049
Q 847
M 600 691 6775
Q 1958
M 1461 1419 7314
Q 67
M 1207 304 2404
Q 21
M 481 1947 489
Q 786
M 1389 685 2999
Q 1974
M 424 1318 5182
Q 368
M 254 684 7567
Q 1913
M 3 24 1137
Q 614
M 885 862 9522
Q 1184
M 782 168 4523
Q 1938
M 46 1158 5688
Q 499
M 1320 1695 54
Q 485
M 908 1760 5565
Q 365
M 789 1977 5072
Q 36
M 179 1762 1298
Q 1693
M 76 237 492
Q 88
M 718 1433 6205
Q 1814
M 1753 900 1377
Q 1342
M 1163 1784 8020
Q 1280
M 907 294 6073
Q 280
M 1962 1543 6694
Q 373
M 1607 118 2211
Q 378
M 1666 916 4131
Q 1332
M 851 1982 1265
Q 573
M 1148 681 9103
Q 1057
M 1228 1940 8283
Q 1439
M 1157 1003 5187
Q 1986
M 593 1065 9098
Q 1073
M 128 1595 8331
Q 1460
M 1381 1902 8254
Q 232
M 690 1783 9593
Q 628
M 945 892 4409
Q 573
M 1509 1374 7057
Q 1239
M 896 506 6449
Q 1357
M 1846 130 1227
Q 1362
M 562 1084 1554
Q 809
M 1431 1540 3444
Q 514
M 217 1243 7802
Q 247
M 445 574 2237
Q 1270
M 111 1480 9355
Q 399
M 515 73 4394
Q 1504
M 1278 1559 5564
Q 959
M 261 623 1204
Q 40
M 1061 742 1577
Q 632
M 342 1579 3256
Q 777
M 1818 943 4558
Q 1038
M 1034 1209 406
Q 1298
M 627 801 4640
Q 1564
M 1164 1400 2003
Q 422
M 492 600 1652
Q 1614
M 1882 1650 3975
Q 236
M 1940 965 870
Q 1653
M 84 1622 2784
Q 1840
M 1952 1980 7939
Q 727
M 545 105 3469
Q 1872
M 375 440 6207
Q 316
M 602 122 9028
Q 143
M 1955 446 6448
Q 1426
M 1405 1308 9420
Q 1286
M 646 1998 9617
Q 794
M 795 504 5299
Q 1182
M 1219 1795 3697
Q 1400
M 1818 250 6281
Q 39
M 369 1299 7409
Q 1943
M 1492 1144 5636
Q 709
M 220 801 793
Q 3
M 1974 1048 2906
Q 413
M 692 192 4340
Q 1405
M 1826 773 5098
Q 636
M 587 1221 7759
Q 650
M 1069 1913 260
Q 433
M 1387 1604 3470
Q 165
M 1410 1087 251
Q 1742
M 1902 1551 167
Q 152
M 1485 1602 6362
Q 1962
M 1188 1641 4500
Q 1879
M 1281 334 3036
Q 1154
M 320 1548 694
Q 1573
M 802 724 5075
Q 1572
M 1339 113 2557
Q 1741
M 1916 1494 7859
Q 1522
M 448 687 2993
Q 1259
M 746 1845 2739
Q 629
M 1311 981 8668
Q 576
M 176 1156 2690
Q 1576
M 1819 250 477
Q 1
M 433 802 1424
Q 1097
M 971 898 1942
Q 1400
M 1785 1621 8929
Q 683
M 140 298 6799
Q 1602
M 1317 1579 478
Q 1462
M 605 1729 5586
Q 1823
M 278 213 6964
Q 1557
M 1010 1683 2493
Q 502
M 131 1628 6563
Q 999
M 1858 1788 9075
Q 606
M 244 1297 496
Q 976
M 857 229 6522
Q 38
M 1671 746 1811
Q 1397
M 679 372 8638
Q 1758
M 1038 1325 8713
Q 179
M 190 1959 1229
Q 379
M 974 392 467
Q 392
M 872 1496 3273
Q 1095
M 498 416 2310
Q 1736
M 543 853 42
Q 1087
M 1798 1784 5529
Q 1257
M 1971 1496 1385
Q 179
M 1885 105 2890
Q 872
M 488 1288 6886
Q 441
M 1563 1996 4137
Q 1506
M 789 1270 6803
Q 571
M 1436 227 6219
Q 492
M 278 1436 8806
Q 1076
M 603 1273 3144
Q 684
M 1290 227 6491
Q 695
M 700 658 2702
Q 653
M 1862 1633 8767
Q 1000
M 643 699 668
Q 463
M 913 891 8263
Q 1473
M 1162 124 6792
Q 52
M 902 207 9975
Q 1535
M 1743 721 2730
Q 740
M 741 1787 4027
Q 114
M 579 801 4078
Q 1194
M 642 1060 817
Q 336
M 1244 1255 7573
Q 965
M 1684 1890 1965
Q 1747
M 1764 1561 9621
Q 648
M 1159 282 5348
Q 262
M 1784 1345 7844
Q 1306
M 27 1154 7010
Q 748
M 298 494 2273
Q 1750
M 914 1381 2692
Q 233
M 1776 1345 9996
Q 604
M 838 257 1326
Q 839
M 1010 1787 6857
Q 863
M 1857 958 5830
Q 1026
M 48 504 5841
Q 150
M 451 1837 4791
Q 1180
M 154 1835 6336
Q 1003
M 1440 86 4847
Q 1210
M 165 1576 264
Q 94
M 1711 591 9938
Q 934
M 1421 543 3372
Q 402
M 1868 774 8037
Q 1099
M 302 1269 7862
Q 159
M 151 1017 9667
Q 428
M 121 1424 5267
Q 1679
M 1507 57 8987
Q 525
M 789 1913 7266
Q 1730
M 1239 733 496
Q 183
M 1195 493 3368
Q 90
M 1665 880 7688
Q 1257
M 1529 853 542
Q 1342
M 1326 1274 3037
Q 546
M 625 783 7393
Q 1931
M 771 1063 383
Q 1704
M 471 818 6449
Q 1695
M 1655 705 1408
Q 1012
M 982 1233 6531
Q 1101
M 1318 100 679
Q 1475
M 395 964 9839
Q 828
M 1776 1640 2014
Q 327
M 72 790 9298
Q 727
M 183 981 20
Q 244
M 19 461 3213
Q 830
M 325 633 188
Q 579
M 180 500 6341
Q 1731
M 1732 1788 2011
Q 1539
M 1083 667 8897
Q 863
M 900 549 7278
Q 531
M 552 823 8591
Q 923
M 601 649 754
Q 377
M 689 369 2288
Q 23
M 1915 1175 1754
Q 13
M 1871 522 7303
Q 1398
M 1876 1837 9628
Q 895
M 1921 738 5726
Q 511
M 932 886 7988
Q 957
M 903 1184 3904
Q 30
M 640 226 7312
Q 606
M 185 568 3888
Q 1585
M 1455 310 1202
Q 1482
M 350 1674 9408
Q 1404
M 316 1457 6113
Q 800
M 757 1665 3819
Q 1030
M 1400 1290 2409
Q 1071
M 415 1100 4893
Q 377
M 52 1970 4598
Q 636
M 194 439 2021
Q 1414
M 1275 550 9965
Q 1586
M 1129 42 1978
Q 1407
M 1990 1175 8691
Q 477
M 351 1292 2162
Q 490
M 966 1363 3444
Q 143
M 55 728 2236
Q 181
M 654 682 7693
Q 1212
M 87 1075 4488
Q 524
M 837 510 2418
Q 1965
M 935 279 7050
Q 1413
M 1592 1269 1994
Q 1888
M 215 1177 1835
Q 1621
M 359 1164 1406
Q 950
M 775 1579 408
Q 8
M 1860 902 8013
Q 276
M 1981 63 4577
Q 1820
M 903 555 346
Q 994
M 1714 1893 5994
Q 1318
M 1724 906 9757
Q 1727
M 1541 1368 6638
Q 733
M 1139 1717 9550
Q 1932
M 1511 1232 6599
Q 314
M 1151 850 2685
Q 44
M 1677 1565 9367
Q 558
M 600 1154 7405
Q 1019
M 1089 964 2898
Q 1372
M 281 216 4196
Q 964
M 1505 492 1393
Q 1259
M 466 1367 1933
Q 1336
M 879 1835 97
Q 1909
M 375 923 2406
Q 1934
M 959 1452 6963
Q 346
M 1584 525 4658
Q 1886
M 668 497 1177
Q 942
M 295 217 1096
Q 1301
M 1731 1666 4719
Q 1750
M 333 990 6626
Q 1380
M 711 35 143
Q 719
M 1445 407 9119
Q 1936
M 1291 877 956
Q 680
M 182 204 578
Q 180
M 1275 422 4200
Q 1283
M 558 893 1953
Q 874
M 1060 154 9022
Q 1416
M 1562 782 2502
Q 550
M 55 617 2537
Q 1329
M 1871 338 1105
Q 172
M 890 1994 7035
Q 943
M 484 1831 5508
Q 1524
M 182 1953 199
Q 4
M 534 1901 7366
Q 1165
M 778 1711 9431
Q 279
M 578 1043 1377
Q 535
M 1175 513 6870
Q 1603
M 463 638 1284
Q 104
M 882 1025 3607
Q 1336
M 945 1580 7201
Q 1208
M 1878 90 4589
Q 1065
M 1447 1078 5344
Q 548
M 1391 1453 401
Q 252
M 334 1821 9706
Q 1759
M 15 715 8223
Q 365
M 1163 1411 2751
Q 396
M 381 332 105
Q 715
M 853 1377 3585
Q 1558
M 65 1112 4882
Q 314
M 1657 364 4070
Q 1977
M 153 989 1876
Q 1599
M 453 485 1354
Q 454
M 1271 7 5468
Q 487
M 749 1650 3243
Q 1682
M 1249 418 6984
Q 288
M 1865 31 4459
Q 407
M 896 1442 1312
Q 718
M 820 585 833
Q 66
M 1698 503 4826
Q 1240
M 1086 1720 4824
Q 1283
M 88 1663 5732
Q 1496
M 1291 1664 671
Q 1633
M 728 1067 1261
Q 383
M 1395 1319 7031
Q 19
M 1740 429 668
Q 830
M 1728 750 5865
Q 472
M 944 1456 4009
Q 910
M 1987 1963 6029
Q 416
M 824 1107 2703
Q 42
M 463 1513 9284
Q 1120
M 345 1853 8208
Q 1679
M 764 691 382
Q 1234
M 1947 348 5233
Q 1859
M 469 1970 1269
Q 354
M 493 239 5209
Q 1003
M 507 538 2753
Q 1523
M 1521 253 2790
Q 1587
M 1072 577 9041
Q 56
M 1307 413 5816
Q 1514
M 124 1775 9304
Q 555
M 1783 1184 6612
Q 1363
M 1964 1893 1021
Q 1306
M 160 1382 2467
Q 261
M 830 518 2954
Q 1781
M 201 1155 1729
Q 556
M 1686 336 9007
Q 785
M 504 171 6942
Q 806
M 156 307 2156
Q 1528
M 262 1066 6368
Q 790
M 267 1051 7578
Q 726
M 977 344 3615
Q 549
M 436 294 9235
Q 797
M 874 16 7975
Q 1884
M 9 22 8421
Q 691
