2000 1000
8841150
821417
46423780
44766720
38609955
68797686
10437235
42418750
40104593
3661436
18216792
75932808
15046020
23912679
24305902
49006980
24166612
593657
53152200
4552800
44884224
68641836
56947682
26364210
28539426
14982638
12218192
6760040
64076604
1307907
77550855
3793015
15608216
4933467
5197920
1131201
11621424
54494181
32478619
11675160
2831166
23850195
61515224
25316520
18440418
39602930
6880288
86376581
21308092
5457294
25271565
56477330
40565356
27609550
3489284
41602470
5970510
88363258
7963314
69033888
558792
5951705
3091150
14467491
22320441
18044976
40744354
6068000
12177230
2526530
8424703
64966095
64749984
15714504
7033509
92935580
21119120
7508952
24276070
374103
73144788
40675950
13408630
18217618
17130564
4528874
58797200
51325772
53193024
58702776
52832277
54267360
918339
631776
5434695
53366852
25254208
9179145
389648
23465289
49683240
27802260
20477260
2260660
17195957
88998
65428550
71376635
1211518
50086320
38849140
53978103
28975852
1251558
51042047
8659872
30885232
5080416
4310400
12474534
5704677
2601600
8849060
28299120
13901088
2926576
14127224
6065727
3024810
3804864
12740106
22905780
62893792
9016974
66726432
11923710
3151496
6926766
21263971
1052388
2932800
3593956
809412
8796870
74987
27863473
6535350
21349943
304576
41154097
10163040
4395264
21303532
61137744
44439870
44641774
81301437
73587360
1567158
48940395
4068604
16180494
22783630
41212175
15891264
16989830
38038140
30064860
67047714
10406176
45976281
14067624
307349
18521756
113150
16727856
27406962
71797775
20007858
22857471
22703662
23776485
41955489
5565024
476010
57685760
12925812
24892658
24967008
23980055
87345413
851760
87037092
6807588
38069115
17081754
11478672
17411718
52279200
7459762
13508540
63358812
13306582
42728850
1929750
4000640
5740552
3880800
20906010
46065600
22688128
17267373
79730750
18597810
33518976
3126487
13085946
20782030
34414845
3919880
29315935
82631934
27515215
3720828
2748816
3471840
4023844
9933132
18353875
1389752
11033433
2460976
42274107
4297895
1985620
32782014
47185368
11938007
10085984
15601383
29022284
55423380
10292835
26469696
47879612
12336654
719764
1145715
3917472
48752770
7538972
29091428
23810888
14899989
19983744
58978819
64434402
23327960
56916587
13664700
58961088
62115950
14972940
14939476
88194203
12236224
42246883
5203359
29303233
47160824
14258040
10600752
27426560
18151920
59615010
26907200
5768980
45692640
2437940
2774475
11538870
39484098
52312604
16466626
21374708
25442560
2762144
66675165
572904
11440962
6067386
812120
30556160
38653146
8109179
19070289
29276884
455100
7472837
32888916
24776685
1258254
46744300
58987656
4371725
78890240
93476336
3227189
75265160
9481824
75481497
23057385
10302272
11122380
22852995
63303706
2627200
22613910
809424
166535
2228850
2384892
147695
186824
303960
910918
51008250
16195608
311828
8964358
32463800
17006580
72539192
1323740
40390770
8209425
20306277
11354716
13973256
55666800
37185238
28101810
37975336
48266890
39899684
16509339
29665150
11386215
3242008
9591265
44332482
30102408
95166642
6831315
32426490
17546352
195228
14393032
1701480
25050654
20054987
1761438
3916360
22885668
18738474
381376
33764276
13251636
66109328
27076752
12571524
13229710
15590322
4828850
7256700
8697757
18554589
12933504
41451696
1112125
24335463
9627387
52866360
93448352
33460741
4765824
12112842
159154
9453072
44407264
20128416
44882390
17948524
13629975
82835640
13390000
59275569
80438992
35090128
64642605
25109938
4049934
6792426
13873785
19634643
4030880
2921146
6492618
29388436
28726319
19575738
42422952
61513071
18228240
26407598
9583002
10737205
57667925
7602550
58800
5239488
28643832
4522986
46221147
43103067
1535625
58605120
29600750
1005462
1771735
24931230
28087125
28622373
18598605
33213408
2511346
44901794
14583794
142126
3227796
25763020
28813021
8816240
16664780
13360788
859464
72857400
16498160
20469470
18730356
5290429
16881594
22367708
23571750
50705034
7117794
29400400
40558430
57911784
15878005
12296613
1840980
39894650
64343232
8175335
23188853
54082237
6036480
13790106
4900115
47722413
4358638
33166704
47150136
22108224
46244862
3421132
20463210
45302400
6142456
55394649
55146897
8065594
4804848
8145872
25085285
2202942
30326835
20650744
13903520
1699154
40635837
4246368
2375767
50537568
24695510
9913247
45906693
29395992
32342854
42840660
56899267
10130670
5852496
50467440
3572176
47927748
204336
15202452
9869880
41952768
14189200
21287900
8259888
179856
45137664
42726860
8564024
66890454
29098550
24614078
11684395
14028542
8425482
33018048
12136461
6764800
70192081
26514344
6686559
1048866
51780942
19344384
3197304
49524140
24470860
23187411
32470352
25888863
10222353
4812542
26844265
19560292
24615500
52999002
62962158
22261256
30335952
41650588
28282419
37738668
59951484
11084229
30336857
9372720
47378292
49742200
3864308
12627888
75601980
18942980
50034728
6291360
37135791
35118171
17118576
1187997
19723257
29597585
22003226
13919450
303408
3920840
2928688
57371370
56866028
22227742
2311710
14632794
63240793
22232484
8241544
22399166
47500236
44420
47464704
38698695
50942318
1208404
18195350
1976625
67462330
19177961
67023166
15972350
45911795
21028285
49053212
11733678
60413415
14225850
51636585
22977251
27467181
47312564
54610125
38535840
44081303
25922944
51863565
7304820
44947980
50074920
15832703
15275296
3869370
6057959
12379857
30916601
53460780
69429460
24561887
9559860
2239786
5880336
95724807
28700514
35261940
5105555
13692784
8191805
3619728
12140902
4604185
29775158
70682150
1597281
23092095
47904108
19304010
75916458
14728700
4744592
44715
23219109
10115786
10350858
56846592
256179
76187160
48751020
68492262
5829550
36606771
3940090
2886645
1085705
52077319
55659888
48990015
52763288
10086940
19482838
30187880
9986493
24023505
8734752
55303395
12172913
49725402
28592862
15019872
4657005
8621184
10319166
7361592
23559120
15085169
3833312
7740390
31617450
22337259
21344400
3143745
42116490
6282874
22250932
38534840
79748144
7277694
28733776
19874410
11754230
52518005
44514000
22604988
2363688
5637058
48669062
10559178
43764078
4832035
7406968
21061600
6441678
42034308
65133618
15319720
16321272
5827317
32392305
26616603
9029020
108243
3166470
52561408
2918058
58022895
34387080
66835560
3608550
52745544
11044488
8150505
1118232
26776086
61662340
45414750
56879286
21325892
14648788
35056506
19215856
3036468
62952882
34257684
5657004
63472005
61166035
32307000
18174240
11433378
6977790
43214761
12904021
49106512
7789700
12200283
18875280
1739880
30022000
39340
57200325
49485518
37495968
316931
28967034
1421472
37517416
47552920
13866645
60199464
13425376
11537835
33774804
11803092
13546008
2668157
13860699
17878784
81505842
13493250
63587865
36927771
1458688
55656568
16307560
20330400
7093149
29337288
25989834
54492639
4337410
9311580
29304022
14626656
19601568
51249198
10840385
8061054
10561560
5597284
71449140
6938732
90431768
61437832
16733955
33307703
42229380
59912
72371432
3425296
8695500
13969478
42825700
5842420
44221072
4162500
7177408
10367460
6192108
3395865
66904938
4727688
14301430
14654115
1294380
14430348
72783970
44864820
24561115
4686184
11508480
482445
28449742
708314
12221116
32686146
2690656
8442630
6390752
3335850
24532200
11765405
48154896
2065569
40629420
30398425
4210290
48770394
65339244
43380722
30727386
1931195
2024640
2206750
4532931
9431600
12935227
5339355
18875960
8792550
9028027
2287404
61347726
8271288
51170584
17104937
20903780
38935408
74236800
58655913
27534375
34701831
33355611
45271332
11838485
1634668
16428970
40250
2914827
23920064
9590405
23923887
10063116
1205460
23431740
17804430
59956905
3382848
45098375
16934400
4796705
9232878
30256570
53518962
11623855
3305240
89217115
23373047
22929969
36586839
48474255
11406851
60084673
21270042
42501482
44391753
111078
5363000
60383533
16230074
13510528
15131646
24219140
3724664
3309564
73248784
4350129
14060476
17249726
35038500
241521
39206169
5942586
12714912
918750
8167209
1127088
2130508
11282560
14292528
8834190
41156532
42394310
52654812
16691675
15192980
11184768
32655502
521325
12872712
28573440
68235472
30325316
30736744
10299476
3816636
36818400
2508918
61716234
34249813
6628038
34729664
2065092
50448945
16533000
558018
4047456
77082765
33704728
247230
7655802
19096160
16283710
10647182
12155680
35390368
27732766
16449642
10384640
29009624
32717805
35644698
39944229
5226750
44103150
7622582
22276872
33634068
2592
1820400
32158292
4273390
2617824
37466872
3717996
2451128
12618816
30205531
21223878
19060300
5330424
10510236
21564484
22766788
28388110
14908608
1583288
22993257
1390408
2833560
8791656
13152770
4655518
41360512
844520
15703146
56956815
410108
15547554
336960
77649874
5791095
68080690
30455556
2316320
7379356
169576
2419208
42992040
116920
44792100
31262211
16090206
59975115
2226575
8274624
43036792
20926551
14938050
63399722
15837640
37552733
760104
14386440
52041375
14268653
44391198
86797410
41765059
36699722
24089850
15387646
9845192
15452044
35742444
1264510
18013185
30783906
14115328
62282676
26351074
3185920
2856060
29407689
10050
31191875
7977544
15104880
52216780
3804192
7258660
23542285
5634858
7954240
46096164
79799559
86151296
8391136
20872027
38195928
38977742
16509160
38391326
11179296
32987786
10695960
72802620
14946816
51313136
10061415
1159710
20346892
818235
11511920
12237776
18459976
24615340
34297041
18796857
42533808
29903791
65494990
35605644
7934956
77548120
15147048
2624337
2459160
20537220
22059760
10280860
24424950
37730300
56469104
60517611
15385289
1401176
27291056
5483408
935502
26909142
8309592
33505654
51872291
9901430
40645875
13999840
5808440
8820328
2075427
17607418
78985944
17606820
24127049
9902160
30259611
71120940
4895520
38635464
3194964
2453384
11023629
9125600
19047296
48581844
13602036
11823
18121833
5071462
1332144
19380697
7934560
28251420
9744080
5054064
11542028
39348375
2189880
1337336
32469745
77138797
20884576
10243994
33424930
1496040
24598592
1640556
41496728
24969702
20416526
6827196
39952800
63127755
47663584
2049729
36407206
13440210
33973560
20925759
15671800
11051274
3553952
21618222
15380772
62126730
28519632
31497904
7315200
35278152
16363005
19247070
32228280
19808320
92044755
31645640
48571380
35437072
71092908
23508540
8202306
19033820
25203350
1477420
51325377
624246
7175544
62710668
1105920
3331554
14742540
2195548
2791522
11443222
1774812
26454568
7331595
7172984
12860562
22730040
83966544
7333228
13061892
30852790
30521445
13395635
75039300
6348712
1696604
5704712
7625520
6166974
24433629
53716970
12275325
1989648
25744338
38384424
9681975
508794
55209074
35283285
58425701
71181222
7720812
2950632
41900940
81046953
40758000
647087
21860280
28128192
53294040
36526725
34788225
55627190
9073958
36853314
17988025
51653410
85295231
22315575
19185271
23818350
26142480
17324394
19620150
2446605
62033216
25114580
13487688
12192300
56693096
27610695
7492365
2991920
24188328
16847056
42947250
5738120
23364305
980162
17488332
21693002
8830050
54275361
6633400
737832
70487859
4157320
32329122
29720642
6328140
5807676
53866943
27479175
2510490
26727141
26380380
11412806
64576006
61358580
10764378
68465973
6810645
42679490
3511537
45901390
18508200
30605400
366110
42892386
117159
6198566
17546372
8059480
2213173
2175672
4344977
35339175
49347348
1878
55543278
25692691
9105444
27832352
30748177
60968289
33672366
26977227
18985325
3168624
31003392
19319160
18363870
18091216
220800
74439084
68814073
16399362
61984422
17550104
20949410
5782250
86524256
64488114
16894248
67434522
7233352
24312675
34557600
13795020
3403667
14217780
77830816
1692900
17068400
8594256
44682865
49469912
32778480
2552379
7081230
53105916
32662014
959440
16036542
41333778
13475401
4504300
1255565
51728260
7028538
4457258
66432448
51852717
11593008
36289856
63065594
7158969
6053983
47407900
44174892
19704320
30547440
26200722
5376321
33134213
25222560
32341860
12930885
13613760
4046980
15998921
30272680
58393584
35086710
33163498
53350
6480324
25032860
77233714
29448039
12754896
814884
27563354
255192
7841403
5888179
74896348
43546954
46522658
4281560
996660
11900680
1070190
59040057
17579254
5243420
29928969
20587373
42177384
5746600
27931635
18992025
25990873
66746862
97840902
3672119
6481170
11915863
7380610
9991296
36207501
1590813
1580128
16912707
563310
3094104
12104455
22281560
26385800
12863340
38899080
57185070
983234
20217309
10856945
18493556
32491126
70303211
36443722
9343555
38000820
16105392
108500
47643470
8687560
4895276
94350771
590590
2152815
24751694
313998
703162
5168152
375092
27556788
42552468
63693396
16257768
2306032
27763960
17953020
138736
4991430
25277776
21448576
6626731
9529236
20867860
3050270
37991853
30823920
12858195
33399476
16964480
49964832
3714942
26060838
1085972
63263673
33252844
17923460
518420
4207186
1210716
4479480
62793505
3006978
13521274
54915880
4091424
39605792
58760500
6730246
40561136
59697456
18540276
2582496
24885446
26336128
2576600
53086819
33686835
32060505
39612924
17807244
19479978
59592721
18683155
3111861
70847955
23360037
26743227
54410778
24853248
18985833
18910528
4531575
30716125
7689565
29829723
4991336
65828510
23280278
7817472
10390842
27057350
1151205
24062588
34322295
81091845
2158685
534570
11755563
78275500
26380875
73393293
59615409
43693074
18812400
7045232
85041476
57996056
45893246
10926795
12388392
31123120
26495070
42841984
27942750
18089184
893970
1330232
1319175
30418416
7564152
5796320
468408
7358472
419067
19714932
9624987
41008593
27485612
1187136
7897860
5470800
27657592
10257297
68464605
14212102
9711128
105200
72433284
3673836
2770411
3864469
28902080
27727064
70990479
54986465
13926737
954970
35387133
56630763
2136695
26165070
22473207
12178764
39788620
31409280
21651630
41148920
28934860
8265336
29030640
1750510
4868136
23420996
778379
33787520
18516961
63491190
13555225
13669362
66874290
59182286
278516
27526972
790812
12605468
44042000
26907936
49731426
49143308
4109512
11456235
897104
9486610
12375150
42746245
47905180
4951692
6640920
7611142
13949754
115911
847019
190936
26580400
72386008
11507452
42658840
23395311
3352833
18487896
67123100
18651601
5219646
1577194
78874752
21286584
63178008
30694862
35564585
56803221
33713567
76884620
15914570
14892423
23700106
4454190
13380480
232578
64158960
7847400
29200430
21347335
35958468
5423526
9907472
80953214
2721305
3721929
6131350
1659749
36411528
31488947
8018010
44328099
66097020
36849410
4611320
6669066
3717168
61812608
47220250
47265372
49931880
42684733
45631032
8901746
30274596
13774316
6075168
3463434
28882155
39937639
65629690
6976460
6246293
70501552
23297400
7089648
10292040
2716623
2188416
19987870
10609080
31512727
7064022
25440087
5904720
9932506
70033034
12236004
10623296
72415455
13124466
47869626
93043873
4368624
5392492
34165560
19309446
2895146
1487178
21051652
52331334
81871426
33344312
1174978
101335
15730517
29730345
1129974
26168288
59349930
50208560
21289072
43167880
48527254
14228003
1461960
32931675
20299050
8429316
2692188
52869076
65537118
4901610
32599166
37611392
17356652
12161962
2267872
25772394
4688640
47071360
34095190
7101259
26261256
48194212
37139484
31359424
31204080
2867130
1661160
49553220
64705332
1675548
9336360
19547792
37201626
5387616
3614675
21143016
12447652
3025168
83763400
32792397
14883011
51413460
14497272
14614910
4171304
18932450
29856
35363250
14177800
42389490
30982977
25578560
22206555
29318250
7156919
9572148
46103011
21412700
6459925
22543200
63597365
1895912
25165068
9249450
51658684
15191995
8439905
80613750
35671160
62840101
57873270
481152
48503020
51079662
15380666
4192794
10360300
64065375
4510184
122355
5216716
21118200
3471566
31196139
681144
77023512
79618920
25528510
24359743
4597257
26914792
2763656
46148676
8121590
1350140
11187328
54682452
26963260
29881008
30408750
52491888
38459249
35913248
9494589
16958286
169344
4971435
4695995
81333070
3120947
23969820
61700800
1082322
30690222
22087240
97277613
41430188
25245675
22739228
59676519
3217500
29198770
6949088
18460592
4635096
1835460
14968884
68674188
24367811
17891280
26570097
32507696
47121664
52206947
51353617
6243300
51291250
24262262
58808262
15960798
24482997
12065988
85763640
43532020
16684110
36270900
36625610
3966955
288420
422004
64504650
11720822
24219613
6448950
40183272
1887800
2874603
3322230
167535
559290
36021294
14670500
5189398
58260544
6586228
302760
11837760
56579586
26309680
18224640
14017617
14459830
34388943
1106820
10818934
970234
17188665
27730079
25223886
1845396
31111651
12018720
3353471
3362508
16413024
35150950
11296950
11534816
9549233
17374632
15657068
41716579
3002328
27134357
9346450
5971200
58802952
24264082
42855480
26734008
73305635
278001
12297312
14636430
3181470
18989490
18667098
21818206
25273500
80943336
39791425
2102400
50336
32581143
24467394
3582272
19380920
46386044
67432160
709533
12518309
30693208
24139225
4875424
18313568
18824666
19984250
8773800
16830710
63563530
67258151
13050013
38573774
6718608
1292512
6954112
33085030
4428270
8005234
477928
59493030
44294292
2064846
44500764
41540652
43789620
2072840
422500
4039119
151000
28438212
28967315
28601160
11159632
11881593
266076
38284736
46238940
43083206
27324084
366775
22509387
8507208
17064757
65306685
20966850
32534175
35797480
26737263
40183949
21842210
13948880
4366770
2303760
42226688
82132512
34931688
32964480
15897811
3446697
49686546
2296320
81870110
783244
46336554
506341
21218992
20414208
60118676
51970950
17210074
66619960
3197400
53533910
37005972
47676636
10909420
19932705
27086865
3731748
42924492
2336141
26296002
21270078
16155864
18613296
10241718
46165689
12452292
2242905
10698200
47457038
25010964
62160024
30785070
29308440
2004310
22486339
4246716
41092821
10009581
19579028
1079120
10296180
45564471
2258082
22611339
55744512
16014970
56236204
8966752
12570250
54429642
61686578
942959
14341686
3116178
5826880
48424068
34924160
6241494
54106980
33855000
10460032
4679991
961695
40800340
53413737
24825037
19952610
40069395
1757882
9266882
10819950
3696321
24768846
44645300
13760496
10030680
18649452
39676131
35395784
14326029
23827908
10751550
16957200
16305363
32774404
16280115
10693215
68963040
12653264
29709305
19406803
7969480
10537560
70700784
30509136
917910
11468343
57532194
5387283
4204032
46238335
55339383
31816818
79506564
4592403
21312148
1723154
9684422
23707855
14185788
2153900
18997376
7682506
21509568
30124480
5453634
24399258
1944690
6608385
7990224
59060262
83742952
4218520
6068663
914969
31209423
1046232
3679638
13088980
6550752
74627121
21963436
51390000
2779476
12185145
50855116
23866752
54693750
86496
3948640
13993500
39750774
330650
9187859
51194541
27232062
2758847
30206708
3430632
9592668
849072
15229368
11482419
43678720
11207325
12841950
20841850
55995163
9700988
371140
4786614
60549876
51339870
13677860
27177852
6194026
29958741
24601393
4386510
39752944
69255827
4740799
41329002
8211276
2175310
5896800
62352696
12488320
39073556
5366070
11640956
6380127
44715216
29213743
13278540
11652396
10947116
55416171
49337275
65154264
1950396
21852122
44702235
21725490
9538060
37723202
17232696
6163164
16234744
10006112
51336892
60344592
24638695
9360863
18328960
53957435
8627520
11727870
73778808
10643038
61753380
50353800
22054759
8147640
47860848
17847615
39058595
6284018
76242334
28982235
21519649
8664142
60505792
4227860
6872420
928980
5504760
3704655
40809672
31947865
15797551
21411347
83304366
67392056
40500975
9031578
4141536
655128
4981320
5374629
6717240
9268950
42002256
51149250
35547824
16474520
19588230
51229960
15900401
24318360
28378818
8928648
63241620
6000750
221120
42894165
13879688
61345440
51643104
44716881
565155
18525780
27881710
65102144
30566878
8705884
77773192
76025088
9623614
8417986
17269632
2143836
4741030
6971184
70607691
395612
23956434
978334
54000
14960880
23594142
23722665
2663688
63151700
24552314
4460896
13240929
40325440
75778188
2127972
15176493
54098590
44247872
2259060
29640428
42099288
63176875
40402802
3461952
47140855
11418165
23790429
4532412
3897173
4927500
81649130
46261728
12928674
44054600
1585850
5808278
29168064
61522284
67039248
12423772
15113384
30750720
54646460
5936018
35325524
48715650
10420108
1364214
13076826
47598495
85855056
10592792
1060848
21708270
59751432
16392902
9204723
4301388
33741417
13593690
2173890
5772384
28887474
56615100
3843168
4165200
33674020
8238672
10492875
71589012
24555855
1960574
11053071
13553862
26376455
6105906
18323333
2953750
3314870
4782547
331452
20146112
89649080
83168200
12414630
4006233
2067026
3062554
32709056
34001964
1518230
8629476
7699512
20702058
82536112
22462100
5559510
101924
1599120
62093
64347544
20849044
16157772
2847792
18017876
5349256
34434918
13358723
1544180
3334998
10487771
25905278
11096496
23588082
33771468
12935115
86614750
1241666
12498768
24802950
20686638
56655872
17858676
31342626
29879060
14180568
65334280
396630
40794252
35687280
10379316
19545420
9931124
2201140
45467776
7977081
10866100
20030862
36512728
31969740
28683168
56116360
1788696
61075322
3185360
70327556
4408920
42312465
45170524
15654820
34964432
51250104
12785700
6782014
1483696
2316312
32313014
31939550
2256875
8116766
17125200
1055712
34629036
73261974
29371523
13082596
2511270
13206752
11642400
10398472
24258205
4691008
33299556
32913531
396060
60628068
6601518
57870720
13774896
13514085
2069298
17230842
29256150
32766282
13509747
7722080
11915175
7282160
72168550
79558245
93951732
16766046
14405382
3083568
10138000
17934932
2556932
31751409
1965898
13422834
3885344
58916545
25915950
67571830
2366892
12832512
2046352
30044012
40117168
12698235
67129348
9438910
31230001
27953255
177034
247995
259836
26547444
33689708
64768138
542640
16596553
42785622
27028200
35463324
2890932
40486320
42034764
17295792
2767800
4305136
45243712
5990580
12394234
12118548
15079200
13548784
55665533
64122975
1944040
24775200
33669120
48156768
818488
4147454
37780496
6000864
27249496
62699000
1583473
5396000
10503180
665805
46150475
63858970
48761145
12895212
3516981
6163970
9540339
55981136
2607131
3134173
54185780
55954545
797208
3088575
12951250
24664400
3136080
27674014
19104196
75365776
4688300
29188410
8179200
55605552
23865342
3454957
30656185
72891709
8942825
4973750
38432394
27031938
46619874
7874235
14669424
8604084
44803634
19845120
13840221
3247620
11575872
13486240
10541700
16957272
14002582
13082744
37571200
30749802
11771312
44983728
78467612
36443592
41389384
7757940
11095434
7188872
53775012
40928135
16076819
2887423
42115500
47615022
30034420
6867315
77515380
2168005
44851400
20865150
56344185
50686272
10864450
380562
79626076
7724046
1421010
35294952
2467584
45760360
43860880
6898584
28811276
20374414
85871012
9170502
4424082
25057859
4382190
3846328
6142200
3900060
33429864
4595616
61087296
3921291
32082285
44826912
66203502
37105068
69731991
295146
34749355
73019372
21711395
218154
12872236
12645670
48636770
50165774
4836336
28044113
31491876
5884515
37272950
2072048
15581160
19177431
36536166
15786770
25437379
43103918
8895170
167904
82275194
3064776
17289224
62816292
2541042
372208
33172321
28202058
529932
2724960
18635017
6913200
2864184
31672459
30063862
22685040
6928226
9270639
8120380
64138872
16157940
49030025
16468690
10625310
18658275
81144320
21254326
21845495
4571756
5254128
1465686
1226064
11049280
7911883
17540376
33053785
44205024
596994
2972892
32344200
59770200
34632468
66300904
13950144
1011859
2306484
12346213
51759026
6323487
22663394
8193788
88346006
2295672
5530616
349952
41110862
26175908
24546651
25465797
25268268
1309853
32225284
4337949
24159465
6739814
9276498
8789634
18603922
24813744
4050618
58917456
20922914
407136
3132216
96643140
4186302
6762057
14207158
84631950
12640928
14630544
11716192
1084680
80063853
66667395
842550
50850494
16859546
74107222
76024740
5728125
7612236
69785936
58451752
59785216
8456448
2401980
53516283
64474555
42273955
48016750
10141856
7146577
18903240
8723900
1894746
60136308
23837916
3154865
26990622
74256364
6508654
3996548
30593706
11619126
26438500
64711127
2691780
83407456
932064
73670012
12540864
33677960
15580110
26593200
31989349
33866123
2964132
7746647
88368530
42251025
43547328
12911485
5060510
2347226
7775654
49543007
11076576
7536162
1061136
17400120
15156493
56960380
1526823
33498520
2243901
18524895
12870900
15606395
74226659
9869092
23094315
34665500
28745060
18158448
51605367
32084676
13290382
12314808
4557168
344988
18166098
11395296
1187630
17519754
42402074
12229152
46685924
54579276
378912
28991392
64198400
5921398
8388034
27073617
27925877
412224
326565
2213310
1685838
81376603
11244375
46783377
868385
55051299
3347568
18449508
25662968
17144008
65760546
1104384
15941304
21394464
18188703
10377188
17893200
27186042
67952808
85744692
16818548
74340630
28671622
18366244
58255624
616734
13382490
25276986
6383958
53653770
27342640
57711316
26648820
5071742
9770101
24359160
11755476
42913178
10519228
7624188
28735608
71610978
32461674
861885
30073680
22626116
2759040
9926368
4348370
65265747
6115200
31681144
27814752
8001092
15939840
1831203
29294528
2263113
5111337
3064464
51010752
45001590
12531200
5932149
8660345
933306
26379382
47010340
39237653
59708419
42587904
33391152
68997660
13164279
1758035
29217375
4771272
30975256
84874668
37825128
549822
28462020
996314
29202563
25777815
48926856
28319256
22496080
14385060
4241932
44925696
28691920
50549625
2575115
55600650
21679395
16682730
5179500
13765080
2086274
68855215
77117040
6498190
26978160
22949625
60741738
47161272
12544921
8486372
48463740
30836990
34074828
70221789
3741942
5410346
8941574
20933208
5907300
6697138
44456802
6736150
64757446
2162187
27272340
5791544
28730745
14023920
2141015
32704035
11059631
23239904
44225730
29675880
18215197
11509854
4027086
48221397
49388052
47793090
4521050
34817289
24054261
43274199
50723058
557728
7699835
15871784
859825
42521836
18504651
84904766
6468492
79231716
25749972
22920744
5446870
10457664
5831238
605298
26715164
11292939
15769032
244412
18112224
3616418
2489708
