2000 2000
1 2
1 3
3 4
4 5
4 6
4 7
5 8
2 9
6 10
1 11
6 12
8 13
6 14
4 15
9 16
12 17
6 18
3 19
10 20
4 21
20 22
21 23
22 24
18 25
17 26
1 27
27 28
11 29
28 30
7 31
20 32
29 33
4 34
1 35
1 36
20 37
8 38
9 39
10 40
39 41
10 42
18 43
13 44
6 45
9 46
33 47
32 48
15 49
17 50
14 51
19 52
37 53
47 54
28 55
4 56
24 57
18 58
12 59
30 60
43 61
31 62
21 63
22 64
58 65
12 66
14 67
57 68
16 69
25 70
26 71
27 72
32 73
61 74
13 75
51 76
58 77
27 78
65 79
54 80
8 81
59 82
5 83
69 84
1 85
82 86
52 87
67 88
38 89
66 90
11 91
84 92
4 93
39 94
63 95
66 96
33 97
61 98
57 99
82 100
6 101
48 102
5 103
31 104
92 105
10 106
19 107
38 108
34 109
34 110
4 111
52 112
111 113
89 114
2 115
64 116
52 117
6 118
71 119
23 120
60 121
84 122
113 123
30 124
53 125
109 126
15 127
107 128
26 129
88 130
83 131
52 132
47 133
43 134
126 135
75 136
45 137
21 138
35 139
99 140
103 141
55 142
116 143
66 144
28 145
5 146
32 147
90 148
53 149
55 150
118 151
30 152
129 153
24 154
133 155
55 156
44 157
99 158
79 159
92 160
77 161
27 162
54 163
44 164
15 165
113 166
75 167
18 168
57 169
104 170
119 171
157 172
9 173
124 174
110 175
145 176
54 177
20 178
24 179
135 180
66 181
153 182
96 183
11 184
46 185
85 186
93 187
59 188
23 189
75 190
75 191
39 192
161 193
23 194
89 195
195 196
30 197
69 198
182 199
62 200
89 201
149 202
115 203
23 204
156 205
9 206
12 207
6 208
182 209
198 210
200 211
133 212
5 213
164 214
89 215
3 216
11 217
66 218
216 219
166 220
191 221
148 222
35 223
68 224
31 225
133 226
66 227
165 228
24 229
122 230
121 231
231 232
101 233
8 234
48 235
221 236
191 237
33 238
64 239
226 240
101 241
132 242
209 243
34 244
51 245
177 246
64 247
214 248
248 249
201 250
219 251
30 252
192 253
40 254
234 255
200 256
79 257
156 258
176 259
190 260
88 261
261 262
78 263
173 264
237 265
77 266
165 267
207 268
131 269
145 270
232 271
95 272
233 273
164 274
29 275
53 276
68 277
103 278
188 279
35 280
253 281
175 282
28 283
126 284
74 285
154 286
83 287
130 288
89 289
2 290
182 291
217 292
151 293
261 294
163 295
9 296
41 297
193 298
290 299
146 300
133 301
221 302
201 303
179 304
26 305
59 306
297 307
39 308
51 309
89 310
153 311
77 312
89 313
116 314
105 315
264 316
192 317
42 318
149 319
220 320
101 321
295 322
234 323
135 324
41 325
38 326
30 327
276 328
256 329
58 330
118 331
16 332
319 333
39 334
308 335
105 336
66 337
321 338
298 339
311 340
62 341
236 342
84 343
162 344
174 345
110 346
257 347
266 348
292 349
157 350
282 351
89 352
251 353
124 354
171 355
302 356
166 357
342 358
92 359
174 360
179 361
360 362
124 363
304 364
5 365
91 366
26 367
51 368
119 369
359 370
184 371
75 372
91 373
271 374
32 375
51 376
306 377
76 378
37 379
348 380
168 381
231 382
260 383
233 384
162 385
250 386
180 387
138 388
166 389
283 390
200 391
259 392
50 393
27 394
210 395
281 396
61 397
118 398
205 399
120 400
99 401
280 402
40 403
203 404
27 405
314 406
367 407
226 408
318 409
175 410
212 411
262 412
169 413
157 414
376 415
304 416
99 417
187 418
285 419
311 420
4 421
59 422
105 423
253 424
405 425
329 426
77 427
152 428
113 429
102 430
399 431
155 432
284 433
421 434
400 435
3 436
2 437
234 438
323 439
318 440
50 441
382 442
418 443
278 444
347 445
258 446
27 447
104 448
262 449
340 450
447 451
38 452
201 453
50 454
9 455
430 456
356 457
224 458
332 459
397 460
186 461
272 462
181 463
434 464
91 465
185 466
355 467
191 468
167 469
310 470
411 471
362 472
421 473
390 474
201 475
43 476
1 477
45 478
60 479
313 480
179 481
121 482
261 483
217 484
201 485
7 486
189 487
400 488
430 489
190 490
289 491
310 492
372 493
438 494
252 495
410 496
455 497
169 498
376 499
365 500
12 501
187 502
462 503
95 504
305 505
138 506
407 507
368 508
433 509
333 510
199 511
370 512
401 513
407 514
321 515
499 516
208 517
504 518
457 519
511 520
469 521
145 522
208 523
251 524
219 525
22 526
119 527
126 528
314 529
267 530
72 531
524 532
91 533
8 534
39 535
530 536
228 537
420 538
177 539
304 540
273 541
105 542
200 543
145 544
330 545
365 546
441 547
354 548
434 549
507 550
110 551
325 552
127 553
333 554
416 555
324 556
247 557
526 558
278 559
383 560
154 561
484 562
13 563
373 564
193 565
475 566
193 567
493 568
199 569
270 570
343 571
244 572
514 573
81 574
387 575
98 576
388 577
419 578
454 579
16 580
238 581
526 582
127 583
444 584
229 585
110 586
122 587
437 588
183 589
58 590
589 591
136 592
112 593
370 594
69 595
421 596
310 597
272 598
564 599
482 600
178 601
168 602
171 603
544 604
320 605
127 606
358 607
1 608
584 609
547 610
497 611
29 612
338 613
468 614
468 615
74 616
262 617
16 618
163 619
223 620
29 621
291 622
270 623
353 624
372 625
292 626
456 627
556 628
302 629
196 630
494 631
420 632
132 633
331 634
451 635
12 636
519 637
17 638
507 639
540 640
542 641
483 642
519 643
342 644
548 645
97 646
260 647
45 648
524 649
140 650
596 651
597 652
283 653
59 654
649 655
169 656
190 657
477 658
400 659
441 660
208 661
569 662
470 663
150 664
487 665
399 666
266 667
57 668
506 669
184 670
168 671
602 672
589 673
212 674
581 675
9 676
525 677
421 678
623 679
382 680
309 681
136 682
319 683
547 684
298 685
615 686
214 687
359 688
485 689
483 690
105 691
483 692
514 693
481 694
611 695
468 696
81 697
11 698
32 699
638 700
450 701
483 702
683 703
234 704
287 705
385 706
3 707
117 708
64 709
439 710
92 711
392 712
146 713
321 714
602 715
319 716
617 717
208 718
376 719
595 720
435 721
404 722
484 723
521 724
662 725
397 726
201 727
479 728
235 729
116 730
551 731
355 732
615 733
40 734
268 735
508 736
538 737
427 738
373 739
194 740
663 741
375 742
588 743
556 744
507 745
505 746
24 747
509 748
618 749
377 750
254 751
706 752
430 753
138 754
382 755
553 756
713 757
721 758
459 759
560 760
85 761
261 762
133 763
227 764
269 765
408 766
570 767
251 768
327 769
343 770
490 771
729 772
88 773
289 774
361 775
225 776
336 777
537 778
592 779
260 780
139 781
35 782
629 783
250 784
447 785
143 786
182 787
23 788
675 789
784 790
692 791
354 792
22 793
188 794
289 795
161 796
788 797
413 798
452 799
484 800
302 801
416 802
185 803
722 804
485 805
710 806
622 807
505 808
345 809
506 810
2 811
66 812
729 813
360 814
501 815
587 816
142 817
676 818
242 819
82 820
431 821
505 822
662 823
134 824
8 825
284 826
512 827
116 828
700 829
547 830
731 831
687 832
663 833
282 834
830 835
418 836
188 837
767 838
816 839
570 840
813 841
441 842
765 843
663 844
536 845
48 846
441 847
258 848
354 849
807 850
40 851
637 852
431 853
568 854
8 855
249 856
753 857
150 858
447 859
230 860
124 861
149 862
359 863
604 864
617 865
256 866
754 867
296 868
865 869
708 870
89 871
693 872
821 873
693 874
82 875
639 876
80 877
489 878
135 879
571 880
213 881
880 882
431 883
840 884
813 885
444 886
103 887
288 888
98 889
282 890
634 891
279 892
109 893
565 894
855 895
205 896
526 897
845 898
442 899
443 900
238 901
540 902
433 903
35 904
297 905
594 906
853 907
160 908
252 909
486 910
272 911
804 912
685 913
861 914
406 915
523 916
146 917
709 918
159 919
354 920
203 921
235 922
339 923
412 924
483 925
293 926
273 927
174 928
204 929
818 930
444 931
21 932
361 933
926 934
15 935
79 936
729 937
834 938
729 939
318 940
774 941
897 942
797 943
583 944
755 945
160 946
686 947
697 948
154 949
634 950
454 951
259 952
380 953
187 954
329 955
672 956
546 957
566 958
135 959
944 960
812 961
66 962
681 963
259 964
136 965
736 966
271 967
434 968
237 969
436 970
21 971
203 972
668 973
449 974
98 975
322 976
655 977
40 978
78 979
855 980
656 981
496 982
347 983
867 984
685 985
946 986
703 987
738 988
681 989
916 990
191 991
570 992
917 993
291 994
893 995
450 996
561 997
906 998
647 999
533 1000
844 1001
468 1002
155 1003
411 1004
127 1005
626 1006
162 1007
250 1008
569 1009
227 1010
614 1011
373 1012
194 1013
305 1014
627 1015
660 1016
389 1017
27 1018
191 1019
1007 1020
314 1021
243 1022
380 1023
210 1024
369 1025
911 1026
223 1027
803 1028
221 1029
417 1030
1023 1031
101 1032
656 1033
753 1034
161 1035
826 1036
535 1037
347 1038
637 1039
490 1040
904 1041
97 1042
938 1043
383 1044
334 1045
1009 1046
787 1047
465 1048
157 1049
528 1050
476 1051
449 1052
171 1053
622 1054
954 1055
71 1056
806 1057
712 1058
216 1059
329 1060
195 1061
959 1062
288 1063
944 1064
767 1065
49 1066
1038 1067
939 1068
1024 1069
930 1070
258 1071
521 1072
933 1073
411 1074
695 1075
240 1076
861 1077
709 1078
692 1079
931 1080
573 1081
395 1082
513 1083
491 1084
933 1085
16 1086
113 1087
596 1088
1054 1089
1025 1090
730 1091
114 1092
189 1093
883 1094
236 1095
1047 1096
18 1097
1070 1098
187 1099
340 1100
305 1101
133 1102
700 1103
133 1104
200 1105
127 1106
180 1107
538 1108
267 1109
919 1110
746 1111
331 1112
413 1113
1038 1114
34 1115
1003 1116
120 1117
1088 1118
244 1119
62 1120
223 1121
959 1122
824 1123
632 1124
793 1125
328 1126
294 1127
879 1128
72 1129
61 1130
291 1131
221 1132
947 1133
830 1134
1105 1135
998 1136
889 1137
133 1138
517 1139
244 1140
320 1141
979 1142
325 1143
228 1144
261 1145
147 1146
176 1147
558 1148
60 1149
1148 1150
134 1151
144 1152
881 1153
116 1154
945 1155
973 1156
704 1157
197 1158
505 1159
341 1160
923 1161
382 1162
289 1163
273 1164
994 1165
581 1166
656 1167
47 1168
592 1169
427 1170
702 1171
126 1172
1095 1173
686 1174
246 1175
1160 1176
1076 1177
930 1178
1108 1179
566 1180
1068 1181
902 1182
367 1183
641 1184
1022 1185
737 1186
417 1187
947 1188
622 1189
947 1190
378 1191
704 1192
1025 1193
104 1194
803 1195
1020 1196
10 1197
248 1198
598 1199
179 1200
101 1201
149 1202
1030 1203
757 1204
714 1205
864 1206
990 1207
310 1208
147 1209
713 1210
1124 1211
599 1212
749 1213
438 1214
114 1215
396 1216
1133 1217
116 1218
991 1219
47 1220
39 1221
768 1222
247 1223
402 1224
1139 1225
80 1226
559 1227
846 1228
507 1229
381 1230
225 1231
601 1232
703 1233
1099 1234
511 1235
1079 1236
239 1237
189 1238
435 1239
665 1240
322 1241
309 1242
1077 1243
136 1244
76 1245
428 1246
839 1247
476 1248
37 1249
972 1250
1092 1251
1147 1252
282 1253
733 1254
924 1255
1189 1256
337 1257
668 1258
216 1259
12 1260
1236 1261
101 1262
722 1263
1135 1264
679 1265
979 1266
79 1267
745 1268
1155 1269
1211 1270
652 1271
1241 1272
769 1273
495 1274
798 1275
1207 1276
1046 1277
90 1278
915 1279
1113 1280
271 1281
893 1282
762 1283
1065 1284
1165 1285
1151 1286
219 1287
858 1288
963 1289
81 1290
957 1291
1037 1292
395 1293
829 1294
468 1295
1239 1296
1205 1297
1051 1298
254 1299
948 1300
649 1301
673 1302
652 1303
438 1304
176 1305
899 1306
1067 1307
885 1308
1090 1309
327 1310
285 1311
1000 1312
915 1313
279 1314
884 1315
352 1316
1254 1317
881 1318
210 1319
1019 1320
993 1321
387 1322
458 1323
729 1324
870 1325
120 1326
423 1327
625 1328
673 1329
1209 1330
293 1331
396 1332
583 1333
417 1334
1207 1335
1238 1336
118 1337
1138 1338
1116 1339
875 1340
947 1341
1158 1342
1321 1343
421 1344
921 1345
1047 1346
508 1347
538 1348
914 1349
1286 1350
1001 1351
218 1352
394 1353
787 1354
272 1355
588 1356
1102 1357
1164 1358
837 1359
1091 1360
1203 1361
1015 1362
1057 1363
102 1364
899 1365
811 1366
1316 1367
74 1368
861 1369
814 1370
634 1371
1041 1372
512 1373
519 1374
674 1375
921 1376
808 1377
1225 1378
151 1379
131 1380
1361 1381
991 1382
179 1383
82 1384
415 1385
344 1386
364 1387
1117 1388
1007 1389
171 1390
809 1391
772 1392
898 1393
332 1394
733 1395
1395 1396
303 1397
207 1398
339 1399
36 1400
923 1401
1324 1402
812 1403
835 1404
1282 1405
1205 1406
605 1407
63 1408
457 1409
702 1410
586 1411
430 1412
126 1413
159 1414
221 1415
479 1416
336 1417
259 1418
34 1419
1187 1420
800 1421
336 1422
1190 1423
49 1424
359 1425
149 1426
581 1427
35 1428
353 1429
510 1430
1063 1431
183 1432
249 1433
1250 1434
643 1435
639 1436
921 1437
563 1438
59 1439
205 1440
325 1441
1238 1442
515 1443
697 1444
1287 1445
1293 1446
920 1447
1211 1448
853 1449
1386 1450
227 1451
664 1452
175 1453
861 1454
1227 1455
946 1456
394 1457
280 1458
861 1459
678 1460
1066 1461
1273 1462
1057 1463
1094 1464
223 1465
449 1466
1208 1467
780 1468
1181 1469
198 1470
710 1471
427 1472
161 1473
613 1474
544 1475
324 1476
1446 1477
537 1478
1458 1479
227 1480
638 1481
250 1482
1218 1483
567 1484
158 1485
1385 1486
914 1487
293 1488
1427 1489
853 1490
138 1491
868 1492
377 1493
970 1494
485 1495
1082 1496
1156 1497
616 1498
1001 1499
883 1500
646 1501
1385 1502
1032 1503
430 1504
968 1505
560 1506
1126 1507
37 1508
508 1509
453 1510
35 1511
195 1512
74 1513
1321 1514
783 1515
1217 1516
302 1517
303 1518
884 1519
618 1520
42 1521
1019 1522
473 1523
905 1524
1456 1525
1155 1526
666 1527
721 1528
738 1529
215 1530
748 1531
110 1532
331 1533
1183 1534
348 1535
96 1536
289 1537
1055 1538
1281 1539
772 1540
113 1541
1012 1542
636 1543
1489 1544
939 1545
1505 1546
265 1547
1216 1548
1007 1549
885 1550
588 1551
358 1552
1526 1553
752 1554
628 1555
1328 1556
525 1557
803 1558
439 1559
1180 1560
455 1561
43 1562
1472 1563
865 1564
757 1565
31 1566
747 1567
153 1568
19 1569
524 1570
409 1571
910 1572
1397 1573
263 1574
708 1575
87 1576
431 1577
954 1578
824 1579
114 1580
164 1581
46 1582
1214 1583
1450 1584
1153 1585
1403 1586
680 1587
239 1588
1089 1589
160 1590
338 1591
564 1592
724 1593
666 1594
1574 1595
104 1596
1524 1597
34 1598
669 1599
654 1600
711 1601
1289 1602
886 1603
322 1604
459 1605
1179 1606
800 1607
389 1608
1583 1609
865 1610
561 1611
215 1612
199 1613
1297 1614
465 1615
1290 1616
49 1617
486 1618
82 1619
816 1620
532 1621
1529 1622
1018 1623
1337 1624
289 1625
694 1626
558 1627
1119 1628
1152 1629
1516 1630
1417 1631
1379 1632
69 1633
782 1634
1339 1635
464 1636
520 1637
898 1638
1271 1639
260 1640
90 1641
250 1642
781 1643
965 1644
1182 1645
679 1646
953 1647
81 1648
1327 1649
100 1650
368 1651
67 1652
1618 1653
423 1654
890 1655
1098 1656
861 1657
704 1658
149 1659
821 1660
229 1661
767 1662
710 1663
900 1664
149 1665
671 1666
1620 1667
1268 1668
9 1669
99 1670
571 1671
67 1672
458 1673
220 1674
636 1675
215 1676
1434 1677
286 1678
1029 1679
259 1680
498 1681
667 1682
1023 1683
656 1684
626 1685
134 1686
110 1687
1265 1688
1098 1689
1100 1690
428 1691
511 1692
6 1693
1596 1694
996 1695
961 1696
319 1697
982 1698
710 1699
83 1700
1539 1701
109 1702
1436 1703
1054 1704
1029 1705
1593 1706
1187 1707
1408 1708
1655 1709
204 1710
1402 1711
553 1712
1252 1713
1084 1714
256 1715
50 1716
1465 1717
193 1718
1079 1719
1225 1720
950 1721
80 1722
17 1723
34 1724
621 1725
1550 1726
1410 1727
1605 1728
1226 1729
234 1730
468 1731
932 1732
1289 1733
1223 1734
1463 1735
968 1736
892 1737
1371 1738
1606 1739
948 1740
1121 1741
1669 1742
1216 1743
286 1744
635 1745
171 1746
1301 1747
1332 1748
1376 1749
139 1750
1005 1751
509 1752
114 1753
108 1754
400 1755
1220 1756
1052 1757
828 1758
1099 1759
1028 1760
1152 1761
296 1762
157 1763
1079 1764
854 1765
1262 1766
1479 1767
472 1768
615 1769
1527 1770
1570 1771
1483 1772
379 1773
1752 1774
435 1775
522 1776
720 1777
1087 1778
1003 1779
957 1780
173 1781
1500 1782
955 1783
1529 1784
774 1785
913 1786
1602 1787
874 1788
716 1789
655 1790
269 1791
1247 1792
423 1793
1361 1794
803 1795
1678 1796
1289 1797
455 1798
1186 1799
317 1800
1766 1801
469 1802
1708 1803
508 1804
1198 1805
96 1806
372 1807
1551 1808
1211 1809
806 1810
1762 1811
872 1812
712 1813
885 1814
304 1815
764 1816
881 1817
729 1818
1664 1819
494 1820
1032 1821
1447 1822
1136 1823
1549 1824
1800 1825
189 1826
280 1827
826 1828
1355 1829
1294 1830
617 1831
1028 1832
521 1833
514 1834
650 1835
378 1836
1426 1837
913 1838
772 1839
522 1840
484 1841
1592 1842
425 1843
478 1844
1027 1845
1039 1846
1252 1847
1209 1848
1229 1849
1111 1850
5 1851
1274 1852
1206 1853
266 1854
991 1855
239 1856
938 1857
1459 1858
994 1859
1283 1860
144 1861
1506 1862
1519 1863
7 1864
559 1865
1382 1866
1805 1867
1622 1868
379 1869
224 1870
882 1871
1289 1872
227 1873
1458 1874
989 1875
18 1876
564 1877
86 1878
892 1879
1406 1880
1760 1881
1478 1882
1440 1883
246 1884
368 1885
1590 1886
761 1887
260 1888
23 1889
553 1890
1523 1891
191 1892
772 1893
171 1894
1530 1895
87 1896
753 1897
1715 1898
1434 1899
117 1900
1845 1901
263 1902
1011 1903
513 1904
1215 1905
85 1906
1196 1907
716 1908
1869 1909
1891 1910
1428 1911
1790 1912
1275 1913
170 1914
1047 1915
1624 1916
1771 1917
769 1918
1349 1919
1490 1920
213 1921
33 1922
761 1923
1647 1924
1419 1925
853 1926
1834 1927
1487 1928
271 1929
353 1930
1623 1931
146 1932
628 1933
389 1934
455 1935
712 1936
1377 1937
981 1938
793 1939
701 1940
40 1941
46 1942
1599 1943
1025 1944
990 1945
1907 1946
212 1947
1630 1948
667 1949
1334 1950
1280 1951
21 1952
1485 1953
436 1954
592 1955
1041 1956
516 1957
69 1958
472 1959
1468 1960
225 1961
971 1962
1083 1963
599 1964
1915 1965
173 1966
1194 1967
142 1968
2 1969
817 1970
238 1971
1004 1972
197 1973
1125 1974
1218 1975
1066 1976
1169 1977
714 1978
884 1979
469 1980
1548 1981
698 1982
612 1983
811 1984
807 1985
1186 1986
488 1987
41 1988
1912 1989
1153 1990
1319 1991
92 1992
1119 1993
1871 1994
149 1995
531 1996
411 1997
1697 1998
57 1999
1233 2000
1
10
6
6
2
2
1
2
10
8
6
3
2
3
5
2
5
10
5
8
1
2
2
1
2
2
9
5
6
5
7
7
9
4
10
7
4
6
9
2
6
1
1
5
10
2
6
10
7
4
8
10
7
5
8
8
10
6
6
2
2
9
3
9
7
4
3
8
4
4
3
6
2
1
9
1
9
9
10
1
8
10
4
2
8
3
1
5
1
2
6
2
9
3
3
3
10
7
3
3
9
3
7
8
2
7
6
9
5
10
7
3
1
3
10
9
5
3
5
3
8
3
10
3
8
9
1
10
5
8
8
2
1
10
6
2
10
7
6
9
6
1
8
2
6
10
10
7
10
5
3
4
8
8
3
9
3
1
5
2
10
1
6
3
6
8
7
1
10
4
3
5
8
5
2
6
1
2
6
1
5
2
10
1
1
5
3
4
8
2
3
7
7
2
5
2
5
4
8
3
3
2
7
3
4
4
5
9
4
7
7
5
1
7
6
1
3
2
5
10
9
7
9
4
5
1
1
7
7
8
6
9
8
9
5
5
8
5
10
2
10
4
4
6
2
5
2
8
7
8
1
7
10
10
6
4
4
4
1
7
5
5
3
4
7
4
2
4
2
5
10
4
2
8
6
6
9
3
5
4
3
5
10
4
8
10
3
5
2
8
4
10
4
3
2
4
6
2
5
4
9
1
3
9
6
4
3
2
8
10
9
3
1
2
7
5
6
7
3
10
4
5
1
8
1
7
10
1
1
5
2
7
2
2
6
8
4
9
9
2
9
3
7
5
1
2
3
8
3
2
4
5
7
6
6
3
3
1
5
10
8
10
6
5
5
5
3
9
4
6
10
2
7
10
2
4
2
4
8
1
1
5
9
10
5
5
7
3
1
8
9
6
10
7
9
4
10
5
9
6
6
6
6
4
5
2
10
2
9
5
4
2
2
1
10
5
2
4
7
10
8
3
9
7
8
5
1
4
5
9
3
1
9
3
5
10
3
2
8
10
2
6
4
5
7
9
6
8
4
4
7
4
8
6
1
4
4
2
2
7
3
7
5
8
6
6
8
3
8
3
9
8
1
4
3
8
10
4
6
7
7
8
2
3
9
8
5
7
10
3
3
9
5
6
8
5
5
7
8
6
9
8
7
6
2
1
6
10
1
1
2
4
6
4
4
1
7
5
5
8
7
7
2
1
4
5
10
9
10
4
6
1
7
10
10
4
2
6
7
3
3
4
3
7
8
8
4
5
3
2
8
3
1
5
7
3
7
7
10
8
10
6
6
1
4
8
7
4
9
3
9
7
4
6
1
1
1
3
3
3
3
3
1
4
2
10
9
10
8
9
1
7
9
8
5
8
1
3
1
10
5
2
5
7
9
9
3
8
7
9
3
9
5
7
8
3
3
10
1
5
5
4
6
5
7
10
6
4
8
2
9
6
1
8
7
10
10
6
8
8
9
9
3
1
8
7
1
6
10
2
3
6
10
9
3
8
9
2
9
9
9
9
9
5
2
4
7
1
7
3
6
5
3
2
3
7
3
2
2
4
4
7
4
9
7
2
4
2
5
3
10
1
1
1
10
7
2
6
6
9
3
5
4
9
5
7
1
7
8
1
6
7
1
8
7
5
7
6
1
3
8
5
6
2
10
5
9
9
7
4
7
4
6
7
9
8
2
1
6
1
3
4
9
2
5
10
6
1
1
9
2
1
4
1
6
3
6
8
10
2
8
1
8
8
10
7
9
10
8
1
10
8
7
6
3
2
1
6
10
5
2
6
3
7
5
1
2
2
5
7
6
6
5
9
8
4
10
10
9
4
7
6
5
6
4
4
3
6
5
7
9
6
4
1
9
9
4
7
3
8
6
7
7
7
8
9
10
6
2
4
6
8
10
8
9
5
2
5
4
7
1
4
2
4
1
4
3
6
7
9
2
6
6
9
2
3
7
6
9
1
10
4
4
6
7
2
1
3
1
9
4
1
4
2
10
1
4
9
4
10
8
3
7
6
5
3
1
2
5
1
3
10
3
2
7
10
5
3
8
10
4
6
9
3
3
3
5
3
8
5
8
10
10
10
5
8
1
2
7
3
9
3
2
7
4
9
8
6
6
10
9
2
4
2
10
10
2
2
8
2
10
2
3
10
3
5
9
4
5
4
1
6
7
1
3
6
5
2
8
8
2
6
6
1
9
3
9
6
9
10
6
6
2
10
2
5
7
5
3
8
5
9
1
7
5
8
1
10
8
8
2
8
10
2
9
1
5
8
2
8
10
10
7
4
6
9
6
3
3
6
8
5
1
2
8
4
9
6
5
3
5
8
5
4
4
9
3
8
2
9
5
10
3
1
1
6
2
10
6
7
3
9
9
9
4
4
9
1
6
6
7
8
2
10
3
6
4
2
5
1
5
9
1
4
5
4
4
3
4
6
4
3
4
9
10
4
6
7
7
8
6
4
4
5
5
5
2
9
1
2
3
4
6
2
3
10
5
6
6
8
8
4
8
8
3
9
1
2
3
9
10
9
7
10
1
3
6
7
3
7
8
5
8
3
9
2
9
10
9
6
5
5
10
7
10
6
1
8
7
1
2
1
8
2
6
1
10
2
2
4
3
4
7
4
9
6
7
6
7
9
9
1
7
2
5
3
10
1
10
10
1
9
1
7
8
9
10
4
5
2
10
9
4
8
10
6
2
1
5
7
3
1
1
9
8
5
10
6
6
7
1
10
6
4
2
10
1
7
3
5
3
10
5
1
1
9
1
6
8
6
9
3
8
1
4
9
8
4
3
5
6
4
9
8
1
10
8
1
1
6
1
4
1
10
1
9
3
9
4
5
10
7
1
2
2
4
1
10
7
10
2
4
10
10
8
3
6
5
2
7
5
7
5
10
4
5
1
8
6
6
8
7
4
5
6
3
5
2
8
3
5
7
2
8
2
5
10
1
1
5
4
3
4
7
3
5
2
7
5
6
4
9
2
1
10
4
10
10
2
3
7
1
10
4
5
2
1
2
6
5
5
9
2
2
8
4
7
6
7
7
3
7
6
8
8
7
9
2
1
8
6
5
8
6
3
3
7
7
4
3
8
4
5
9
3
5
6
4
9
10
9
3
4
10
8
3
10
6
9
5
5
4
1
8
3
7
5
7
5
4
4
6
4
8
3
9
7
8
3
6
6
10
8
9
4
5
10
2
4
8
4
5
3
9
3
5
1
10
9
6
1
4
7
3
1
2
2
3
2
4
9
6
1
1
2
9
3
5
10
5
1
4
8
2
6
8
5
3
5
10
3
10
3
10
2
6
4
8
9
9
8
9
3
9
6
6
1
1
1
3
1
2
2
7
10
8
2
10
8
4
5
9
7
10
10
8
7
3
2
5
4
8
6
8
6
5
5
6
5
10
9
10
5
9
9
10
10
7
5
8
5
9
5
6
6
10
2
5
8
8
4
5
8
3
2
1
10
1
6
5
8
7
4
5
5
8
2
6
3
7
5
10
9
8
4
8
5
7
8
2
1
9
1
5
10
4
2
4
7
9
2
8
9
4
6
8
6
7
1
1
6
5
9
7
8
9
10
6
10
4
2
10
7
7
8
6
4
6
8
3
4
1
1
9
7
10
9
4
5
3
9
6
8
7
4
4
6
2
1
5
6
1
2
8
4
2
4
3
4
1
10
1
4
3
9
4
7
9
5
5
4
6
8
1
9
7
1
8
2
2
2
9
6
7
1
7
10
8
10
3
1
1
5
4
2
6
3
10
1
9
9
5
7
6
8
3
9
5
7
8
3
1
7
9
6
5
7
4
2
7
2
9
4
6
4
5
8
2
6
2
9
6
4
9
2
5
6
6
3
5
3
7
2
2
9
6
7
6
5
7
3
5
10
1
2
2
10
5
2
6
4
10
2
8
8
10
3
9
9
1
2
3
6
8
5
5
4
1
2
5
5
3
1
2
8
6
6
3
5
4
2
1
9
4
7
8
1
5
10
2
7
5
9
5
7
7
8
9
6
9
5
6
3
6
7
2
9
2
2
2
1
8
9
7
6
9
7
2
1
3
3
2
6
8
2
8
5
3
7
2
8
3
7
8
6
10
7
2
7
7
8
1
9
9
6
8
1
9
4
5
2
6
2
8
7
3
8
6
4
10
8
6
6
6
7
1
2
2
6
7
6
2
3
5
5
9
4
8
8
3
10
6
1
6
5
8
8
6
4
5
10
7
5
5
6
7
1
5
1
1
5
7
9
8
2
7
3
5
10
5
5
4
1
7
1
4
9
7
9
10
6
1
8
6
2
3
3
1
3
10
8
9
6
3
1
2
9
7
4
2
2
5
3
1
3
7
2
4
9
5
10
1
10
10
6
10
1
9
2
10
4
2
7
8
4
5
8
5
7
3
2
7
2
10
3
1
10
7
6
9
4
1
8
10
3
4
10
2
10
5
3
1
7
7
4
9
6
7
4
1
5
2
2
8
8
9
1
5
6
6
4
2
6
10
9
8
10
5
5
6
6
6
10
2
7
9
8
8
5
1
1 1551 1147 5
1 1596 1814 10
3 0
3 0
1 1258 1749 3
3 3
1 1959 401 9
1 1179 11 10
1 1946 1921 8
3 2
1 460 1302 6
1 1655 105 4
3 3
3 8
1 66 1892 10
1 508 1975 3
1 1002 161 1
1 1964 490 10
1 54 798 7
1 912 1480 5
3 1
1 1496 1544 4
3 1
3 3
1 309 224 8
3 8
3 11
3 16
1 1878 1249 3
3 10
3 15
1 1699 1996 5
3 16
1 1020 810 5
1 415 1013 7
3 2
1 364 672 1
3 16
1 611 1670 3
1 146 388 2
3 23
3 8
3 12
1 112 955 9
3 1
3 6
3 20
1 1483 1369 7
3 6
1 1415 865 6
1 664 153 9
1 1997 416 2
1 1302 771 10
3 4
3 10
1 934 686 5
3 15
1 785 1242 3
1 891 1888 8
3 16
1 288 330 4
3 23
3 28
3 0
3 21
3 13
3 18
1 1812 1165 8
3 33
3 20
3 14
3 15
3 32
3 11
1 1902 377 2
1 932 1409 7
1 1781 380 7
1 158 416 8
3 28
3 9
1 1227 1802 3
1 1264 1428 1
3 31
3 36
3 8
3 12
3 7
1 492 243 5
1 38 90 7
1 880 369 3
3 10
1 309 632 4
1 113 1096 2
3 36
3 21
1 56 436 7
1 547 191 7
3 46
3 15
3 38
1 1688 1153 9
1 1762 1813 5
3 5
3 4
3 18
1 172 151 8
3 48
1 1031 200 3
3 45
3 16
3 12
3 21
3 15
3 24
1 712 1192 9
1 1581 831 1
3 53
1 1345 337 7
1 135 759 10
3 24
1 805 429 7
3 14
3 46
3 6
3 3
3 49
3 43
1 802 1851 10
1 1803 1271 8
3 27
3 35
1 624 843 8
1 200 1007 2
3 18
1 1835 739 5
3 13
3 6
1 556 1777 5
1 1203 1315 3
1 1706 759 3
1 602 1092 6
1 1547 1266 7
3 19
3 11
1 519 422 1
1 1268 362 2
1 1261 311 1
1 675 1997 4
3 21
3 66
1 843 520 1
3 55
3 1
3 44
1 145 829 4
1 13 467 5
1 1791 1206 3
3 40
1 494 1234 5
1 36 1809 5
1 1233 1098 3
3 7
1 1312 64 3
1 1959 417 2
1 856 1698 7
3 69
1 249 358 9
3 6
3 33
1 385 1646 9
1 1572 1010 8
1 1302 878 3
3 6
1 1148 719 7
1 672 557 1
3 56
1 1237 1151 3
1 917 339 5
3 62
3 68
1 1724 1289 3
1 307 539 10
1 1976 137 6
1 1199 1503 3
1 1189 496 3
3 17
3 87
3 64
1 123 1314 4
3 82
3 19
1 17 1670 6
3 65
3 30
3 12
1 311 1016 7
1 880 299 8
1 1389 810 2
3 23
3 32
3 19
1 1895 69 2
3 51
1 988 587 3
3 39
3 4
3 65
3 52
3 16
3 14
1 1018 1292 6
1 1155 1952 8
1 1221 344 6
1 1252 179 2
1 343 1054 9
1 1788 1178 9
3 97
3 21
3 91
3 48
1 1198 882 8
1 761 488 8
1 722 1648 7
3 33
3 73
3 104
1 540 1314 6
3 91
3 12
3 37
3 12
3 100
1 1279 323 1
1 737 1252 2
3 100
3 51
1 1290 649 4
3 56
1 225 1998 4
1 450 1321 1
3 106
1 1238 927 10
1 1367 55 4
1 325 1228 9
3 23
1 215 1136 6
1 1824 312 10
3 88
1 215 1405 8
3 111
3 95
1 1838 1030 6
1 12 215 8
1 1292 713 6
3 111
3 116
3 98
3 3
3 101
3 12
3 119
3 105
1 1572 781 10
3 17
3 68
3 115
1 1394 1631 2
1 315 473 3
1 121 1701 5
1 1458 1399 3
3 2
3 17
3 46
1 464 815 3
1 1817 1803 5
1 1570 232 5
3 4
3 132
3 45
3 47
3 85
1 303 456 6
1 1468 320 8
1 568 786 2
3 72
3 114
1 1884 47 5
1 1657 424 2
1 679 1280 6
1 223 1977 2
1 74 1658 3
1 166 69 10
1 793 1879 6
3 73
1 553 1513 9
1 1311 486 1
3 72
1 674 1170 9
3 143
3 99
1 730 773 5
1 129 1716 4
3 125
1 1966 1279 5
3 40
3 53
1 1283 231 1
1 227 672 3
1 477 1630 7
1 970 774 2
3 43
1 456 1573 4
3 89
3 127
3 124
3 148
1 146 781 9
1 638 1268 1
3 107
1 1347 1549 3
3 63
3 103
3 125
3 73
3 105
1 743 1464 8
3 85
3 18
1 760 801 3
3 17
3 99
1 1033 1072 8
1 1328 1966 7
1 1436 1866 7
1 404 1852 4
1 1302 1113 1
3 135
3 46
1 126 1722 5
3 87
3 100
3 112
3 99
1 877 1815 5
1 179 888 10
3 73
1 1558 1465 6
1 809 615 8
3 132
3 21
3 99
3 91
3 162
1 943 1929 3
1 1452 1408 5
1 199 167 3
3 41
1 1013 1005 9
3 28
1 1714 381 10
3 11
3 16
3 13
3 139
1 984 1483 9
3 148
3 114
1 1601 1887 5
1 1646 1100 9
1 959 1772 5
3 100
1 1662 1578 4
1 330 509 10
3 112
1 340 189 3
3 2
3 111
1 744 503 10
3 112
3 129
3 87
1 1660 346 10
1 386 412 6
1 1448 1125 7
1 1258 768 9
3 45
1 378 937 5
3 136
1 597 81 9
3 59
3 31
1 565 996 3
3 148
3 58
3 24
3 110
3 41
3 99
1 1149 31 7
3 143
1 1423 90 6
3 5
1 1239 1923 5
1 787 342 7
1 727 1688 3
1 1903 325 8
1 650 1854 1
1 1875 1801 4
3 44
3 155
3 143
3 164
3 147
3 181
1 796 650 8
1 1928 1474 8
1 232 95 10
3 20
3 190
3 119
3 129
3 4
3 33
3 100
3 38
1 1610 1983 3
3 193
3 163
3 139
3 73
3 191
3 3
1 1287 957 5
1 456 1749 2
1 863 1043 7
3 163
3 94
1 802 774 5
3 134
3 110
3 85
3 141
3 190
3 191
3 31
3 144
3 121
3 180
3 120
3 184
1 890 983 8
3 41
3 66
1 544 381 2
3 104
1 1864 1624 8
3 69
3 60
3 110
1 509 903 3
1 864 1573 1
3 123
3 86
3 105
1 522 1705 6
1 1545 185 2
3 17
3 207
3 162
3 188
1 1125 1294 6
3 204
3 192
1 1274 120 10
1 1894 1357 4
1 211 108 9
1 1156 1491 1
1 1898 472 2
3 60
3 145
3 15
3 191
3 177
1 52 1025 2
3 75
3 157
3 51
1 316 569 3
1 1419 1401 7
3 35
3 30
1 41 331 6
1 1457 730 7
3 3
3 160
3 214
1 345 1971 8
3 186
3 44
3 220
3 77
1 662 293 10
3 111
3 125
3 176
3 67
3 166
3 37
3 22
3 95
3 220
1 845 878 2
3 25
1 440 1783 5
3 100
3 189
1 38 1409 6
1 1218 1809 3
1 1694 931 1
3 63
3 21
3 84
1 825 247 2
1 1381 769 7
3 189
1 1216 1855 6
3 191
1 1832 1977 1
3 209
1 1773 1194 10
3 86
3 107
1 475 108 10
3 227
3 189
1 1648 1207 2
3 152
3 42
1 90 450 9
1 845 518 1
3 92
3 184
3 141
1 462 386 1
3 73
1 338 1905 4
3 32
1 1927 670 8
1 836 1483 3
1 1797 5 2
1 565 1540 8
3 30
1 1580 173 8
3 3
1 750 990 1
3 144
3 76
3 165
1 283 1448 4
3 159
3 6
1 1797 859 8
3 127
1 204 1358 10
3 238
1 1430 1223 9
3 125
3 222
1 1142 1178 7
3 212
3 152
1 566 189 10
1 1905 353 1
1 617 620 3
3 146
1 1814 1818 2
1 78 553 8
1 308 216 1
1 109 1215 10
3 229
3 53
3 143
3 218
1 959 988 1
1 1791 1816 2
1 490 1945 1
3 112
3 191
1 1137 750 5
3 77
3 84
3 174
1 463 888 5
3 181
1 1663 247 7
3 195
3 34
3 50
3 43
1 1416 875 1
1 366 607 6
1 1132 1210 5
1 170 1103 5
1 1557 1865 1
3 246
3 118
1 1571 1473 7
3 240
1 888 375 3
3 248
3 43
1 1607 1082 6
1 1683 276 10
3 163
1 330 1428 8
3 85
3 234
3 207
1 922 12 9
3 16
1 605 677 2
3 78
3 175
1 108 1381 3
3 246
1 686 1677 6
1 869 308 4
3 259
1 298 1002 3
3 35
1 478 739 7
1 830 857 7
1 96 762 7
1 1907 1693 3
1 1578 1509 5
3 22
1 962 1863 8
3 22
1 429 377 5
3 157
1 1868 1526 3
3 80
3 253
1 847 767 8
3 257
1 635 193 10
1 78 655 10
1 1396 56 8
1 1954 945 10
3 174
1 1991 1829 3
1 1710 1104 10
1 1443 438 1
3 201
3 75
1 1921 1773 7
3 52
3 96
3 43
1 244 1599 5
3 86
1 1813 910 5
3 144
1 1347 472 8
3 165
3 280
1 1825 1826 1
1 1859 219 7
1 1924 252 6
3 30
1 1581 671 3
3 237
1 1541 1596 5
3 67
1 505 815 8
1 465 72 5
1 1548 853 3
1 446 803 6
3 50
1 1487 1918 4
3 43
3 30
3 89
1 499 1855 5
3 84
3 10
3 111
1 1727 32 10
3 270
1 1646 52 2
1 685 687 3
3 95
1 815 487 5
3 89
1 500 1386 2
1 385 1799 8
1 881 105 1
1 385 164 1
1 1049 987 5
1 1532 1954 3
3 255
1 1349 203 4
3 109
1 1748 1519 1
1 132 505 1
1 947 1496 7
1 1281 1564 5
3 21
1 1811 1762 4
3 4
3 48
3 163
3 108
3 119
3 29
3 275
3 229
3 42
3 146
1 978 1327 9
3 5
3 195
3 249
3 116
1 1122 281 5
3 155
3 22
3 13
1 1203 475 6
1 1568 352 5
1 1524 1725 1
3 36
3 205
3 55
3 40
3 36
1 687 803 1
3 220
1 13 1135 4
3 38
1 192 537 10
1 304 1570 4
3 108
1 1818 1591 8
3 223
3 196
1 1105 860 7
1 456 556 1
1 816 902 10
1 1840 753 3
1 1741 1447 9
3 263
1 955 603 10
1 1921 904 10
1 1987 61 4
1 1209 1347 3
1 459 49 2
3 172
1 1254 1301 4
3 98
1 457 1634 5
3 275
3 340
3 253
3 179
1 1084 1121 5
1 453 1400 4
3 293
1 1068 1538 1
1 1948 1235 10
3 300
1 1707 150 6
1 1802 1534 10
1 1763 1690 9
3 253
1 1114 546 8
1 806 627 5
1 1478 471 8
3 142
1 997 1310 1
3 309
3 358
3 280
3 45
3 322
1 341 920 1
3 287
3 143
1 427 1 2
3 102
1 1321 1204 1
1 496 614 8
3 255
1 382 1553 4
3 128
3 41
1 304 1748 5
3 68
1 1945 1054 9
3 332
3 176
1 1106 1477 6
3 95
1 156 1925 1
1 142 1787 6
1 820 106 2
1 295 1272 7
3 145
1 138 1981 8
3 291
3 177
1 1107 1038 8
1 1131 1019 2
3 244
3 197
3 279
3 143
1 1964 594 6
1 182 1381 4
1 1632 1161 2
1 1504 163 9
3 283
1 1289 869 4
3 211
3 277
1 1796 1487 7
3 32
1 2 351 8
1 1670 1585 2
3 196
3 82
1 943 319 3
1 57 1354 7
1 598 357 2
3 357
3 205
1 872 968 5
1 467 408 2
1 599 2 8
1 27 1326 8
1 872 355 4
1 1934 1980 2
1 966 1228 9
1 1527 399 2
1 349 482 10
3 234
1 1271 1208 1
3 111
1 1600 726 1
3 151
1 1572 860 5
3 191
3 85
1 1589 491 10
3 353
3 111
1 1239 1463 2
1 1488 1350 2
3 357
1 1210 1212 5
1 1864 433 10
3 93
1 1122 194 4
3 112
1 918 253 6
1 1425 1641 2
1 616 1566 6
1 1609 1414 7
1 193 1736 8
3 273
1 1652 908 3
3 34
3 137
1 1520 1709 5
1 1661 1821 2
1 964 1683 10
1 1709 1292 7
3 368
1 110 1331 7
1 1969 1644 1
3 386
3 205
1 1021 644 4
1 1720 980 4
1 990 1757 2
1 1190 247 5
1 595 1457 4
3 64
1 1263 1975 9
1 1261 1876 10
3 354
1 137 1138 1
1 1351 964 6
1 1985 408 10
1 1761 930 4
1 796 186 3
3 404
1 1746 1894 9
1 102 1134 5
3 290
3 282
3 221
3 25
3 404
3 361
3 58
3 42
3 135
1 1693 1568 2
1 401 89 6
3 60
3 277
3 416
3 411
1 853 1457 8
3 2
3 133
1 522 1481 8
3 63
3 73
1 1935 1708 8
3 135
3 100
1 1866 1449 1
3 159
1 779 1099 4
1 1312 113 2
3 91
3 389
1 1965 723 5
3 236
3 217
3 55
1 639 1992 2
3 275
3 193
3 317
3 88
1 978 1029 10
1 29 280 4
1 1275 934 4
3 265
3 348
1 513 1779 5
1 161 1040 6
1 1947 1692 4
3 371
3 433
1 1378 257 6
1 1849 547 3
1 868 1194 10
3 156
1 296 1631 4
3 214
3 443
3 267
1 163 1920 4
1 269 970 2
3 258
1 612 1213 7
1 960 1165 8
1 1899 540 8
3 228
1 52 1792 1
3 314
3 79
1 1412 668 10
1 519 1745 1
3 100
3 374
3 217
3 340
3 418
3 121
1 1734 344 9
1 93 991 3
3 301
1 1725 601 8
3 53
3 286
3 213
1 1996 1645 8
3 347
3 414
3 403
1 1050 1101 1
1 1456 951 2
1 1993 171 5
1 1692 1231 10
3 49
1 505 478 3
3 227
1 1377 828 4
3 287
3 287
3 49
1 65 760 2
3 157
3 183
3 69
1 912 574 2
1 1928 1191 10
3 271
3 175
3 416
3 58
3 245
3 278
3 62
3 35
1 258 498 7
3 321
1 1387 1089 8
3 357
3 467
1 1655 972 7
1 9 1837 6
3 306
1 191 484 2
3 189
3 79
1 625 77 4
3 385
3 470
3 10
1 1628 939 4
1 980 1180 8
1 422 266 5
3 255
3 477
1 97 256 10
1 328 1623 10
3 165
1 1578 641 8
3 195
3 442
3 45
3 94
1 1249 731 5
3 244
1 944 124 9
1 1531 910 9
1 859 842 7
1 831 1564 10
3 163
1 1833 993 3
1 305 1381 10
1 1123 762 8
3 31
3 167
1 295 145 6
3 489
1 1289 538 4
1 1969 1288 3
1 498 1834 10
3 240
1 870 1185 10
1 861 332 9
1 709 721 5
1 1213 896 9
1 1031 1970 5
3 302
3 389
1 1352 1743 5
1 1967 639 2
3 349
3 93
3 203
3 174
1 1420 1612 4
1 29 715 7
1 926 1064 6
3 436
1 101 863 2
3 92
1 1018 11 4
1 175 1934 5
3 364
3 254
1 550 1532 3
1 382 42 2
1 196 243 2
1 9 945 8
1 792 1743 6
3 265
3 110
1 1731 224 7
1 1944 1972 2
3 215
3 244
3 219
3 419
1 1889 1836 10
1 56 748 5
3 429
3 81
1 1386 279 3
3 495
3 72
1 480 609 5
1 953 1702 1
1 1380 825 7
1 460 220 7
3 179
1 1588 265 3
3 436
3 111
1 1718 996 1
1 1311 36 6
1 1055 500 8
1 383 1194 10
3 297
1 1006 1192 9
3 229
1 1502 108 4
3 324
3 191
3 130
1 1872 1567 6
1 1367 581 6
3 23
3 165
1 1201 858 8
1 798 1371 6
1 1644 1750 1
3 44
1 300 1753 9
1 1573 1543 2
3 73
3 375
3 231
3 120
3 33
1 1842 1626 6
1 1749 796 9
1 873 876 9
3 534
3 203
3 285
3 446
1 711 658 6
1 764 819 5
3 494
1 1265 1184 8
1 1557 601 1
1 179 7 4
3 430
1 51 1117 9
1 165 1417 7
1 1267 1670 7
1 1201 279 6
1 337 753 6
3 393
1 1818 980 5
1 184 1785 10
3 278
3 351
3 154
3 388
1 1835 1375 5
1 319 1075 1
3 40
1 1024 271 8
1 1486 6 9
1 433 80 3
1 807 200 8
3 56
1 1170 1304 3
1 716 1542 2
1 1496 1951 8
3 558
1 539 1001 9
3 470
3 264
3 185
1 803 387 6
1 1853 688 5
3 279
3 407
1 1127 419 7
1 1471 1804 1
3 539
1 1548 1862 9
3 323
3 554
1 370 1270 5
3 136
1 776 457 6
3 122
3 455
1 1140 1025 3
3 554
1 1604 1169 6
3 520
3 352
3 416
1 778 1087 6
3 119
1 245 793 8
3 501
3 83
3 72
1 507 1605 7
1 1803 597 10
3 372
1 186 1117 3
3 42
1 133 1987 6
1 1454 694 9
3 50
1 451 1427 6
1 1399 367 4
3 15
1 848 515 7
3 151
3 577
3 303
1 849 934 8
3 349
3 411
3 544
1 1673 1779 3
3 135
1 216 1439 8
1 717 135 9
1 334 399 2
3 378
1 1810 1255 6
3 387
3 214
1 272 532 8
1 1652 352 3
1 1521 11 2
3 256
1 589 233 9
1 480 1545 3
3 138
1 1315 848 8
3 242
1 1458 1929 9
3 454
1 1279 276 2
1 658 437 6
3 22
1 1000 766 2
1 1770 806 10
1 45 679 3
3 571
1 1902 624 5
3 8
1 425 932 10
1 35 297 8
3 22
3 342
3 44
1 361 1115 9
3 17
1 1565 959 7
3 262
1 1591 772 4
1 521 200 3
1 1349 1802 5
1 1490 1683 7
1 1705 858 8
1 809 650 9
1 1053 613 9
3 597
3 15
1 687 1347 7
1 1736 1202 1
3 166
3 272
3 217
3 444
1 374 353 1
3 286
3 305
3 24
1 1812 610 7
1 1290 1273 8
3 35
1 1585 1896 10
1 1787 901 4
3 374
3 499
1 1118 1072 6
1 1479 1832 2
3 245
1 9 30 8
3 618
1 1032 771 4
3 486
3 177
3 504
3 372
1 1928 610 1
1 1559 1614 8
1 1540 72 10
1 588 1519 3
3 101
1 1028 934 4
1 1135 155 4
1 837 816 9
1 1340 452 4
1 1161 1594 6
1 598 1247 3
1 517 1934 6
1 1027 1345 6
3 239
1 1449 624 10
1 1840 1493 6
1 1358 1534 3
1 578 1735 3
3 141
3 488
3 138
3 472
1 1709 1490 5
3 303
3 71
3 195
1 1539 1792 9
1 1837 867 6
1 1646 884 1
3 338
3 482
3 526
1 982 1417 6
1 175 1293 8
1 1986 251 9
1 371 1787 9
1 1439 568 10
3 573
3 434
1 161 1765 7
1 371 961 4
3 475
1 1632 1056 1
1 259 985 10
3 149
1 189 1001 7
3 259
1 227 1122 3
3 472
3 149
1 87 11 4
1 104 1631 1
1 333 513 4
1 1917 1555 3
1 1325 1247 2
1 1145 1686 5
3 451
3 387
3 261
1 1796 941 1
1 1133 310 5
1 1655 1781 9
3 237
3 587
3 569
3 420
3 27
3 218
1 1084 1622 4
3 434
1 471 594 8
1 1448 529 3
3 32
1 1702 687 1
3 226
1 333 1604 8
1 229 615 8
3 90
3 357
3 472
1 188 712 5
1 1451 1581 4
3 135
1 781 1606 5
3 295
3 112
1 228 1753 3
1 91 955 6
3 63
3 164
1 634 832 2
1 1343 63 8
3 614
1 595 1384 9
1 64 1188 5
3 64
3 281
3 441
1 1187 211 4
3 460
1 1061 1450 7
3 77
1 635 1934 4
3 526
3 357
1 1021 1964 3
3 526
1 419 1 4
1 208 1678 7
1 40 660 3
1 19 740 3
1 328 425 10
1 696 1445 3
1 777 158 6
1 1447 1962 6
1 390 183 5
1 635 1262 6
1 1068 1545 2
1 373 1634 7
1 956 862 2
1 919 1994 1
3 286
1 1079 1401 8
1 560 1223 7
1 1869 711 7
3 422
1 1094 1186 4
3 405
3 184
3 205
3 516
1 490 1629 1
3 226
1 1816 1478 10
1 1642 1374 6
3 100
1 332 54 5
1 623 246 5
1 257 524 4
3 284
3 133
1 587 1558 10
1 1895 526 7
3 131
1 1987 1328 2
1 661 900 6
1 1050 156 4
3 378
3 529
3 150
1 905 622 6
1 1216 1230 2
1 399 210 8
1 953 794 7
1 475 1579 2
3 181
1 1412 473 3
1 305 1456 6
3 212
1 669 1225 8
3 435
1 1841 186 7
1 698 169 2
3 102
3 164
1 592 1 1
1 518 1859 6
1 57 154 2
3 703
1 577 1241 6
1 571 1528 5
3 125
1 1141 157 1
1 1869 488 3
1 544 314 4
1 155 706 7
3 326
3 703
3 265
3 307
1 902 1068 8
3 498
3 261
1 322 91 5
3 475
1 558 1173 9
3 467
3 36
3 596
3 703
3 678
1 43 1729 4
3 550
1 329 652 6
1 278 1883 2
1 28 271 7
1 1729 1781 9
3 650
1 200 1262 1
3 264
3 398
3 631
1 559 1081 6
3 507
3 707
1 793 252 7
3 269
3 378
3 399
1 1339 233 1
3 263
3 548
1 1022 735 10
1 1795 1481 5
1 413 1970 8
1 1178 563 8
1 1835 49 8
3 5
3 511
3 569
1 139 1907 8
3 597
3 533
1 411 1999 8
1 1744 1729 7
1 325 20 3
1 373 331 6
3 462
1 144 376 7
1 1084 1363 6
3 717
3 407
3 517
1 206 797 4
3 469
3 590
1 1923 414 1
1 494 1305 4
1 176 713 1
1 152 1299 6
3 9
3 42
3 625
1 1423 1079 3
3 402
3 588
1 1122 1662 2
3 214
3 57
3 232
3 633
1 1419 458 7
1 1056 477 10
1 21 975 4
1 892 1040 6
1 414 1436 2
1 1295 1426 3
1 1637 117 1
1 1226 146 8
1 1232 931 5
1 244 84 6
3 122
3 385
1 328 607 3
1 550 458 2
1 1493 1997 2
3 304
3 59
3 497
3 233
1 1892 679 6
1 1525 919 6
1 401 1543 2
3 459
3 562
3 736
1 17 845 9
3 207
1 724 859 4
3 424
3 356
1 224 1902 5
3 765
3 198
1 317 253 4
1 1884 1118 10
3 708
3 149
1 394 700 10
1 304 1447 6
1 1240 1302 10
3 503
1 1952 1219 3
3 11
3 223
3 275
3 768
1 201 1602 2
3 719
1 1834 1279 3
1 521 916 2
1 1874 1440 4
3 655
1 1476 232 4
3 255
1 234 1097 7
1 682 772 5
1 1063 372 2
3 385
1 1956 422 4
1 279 1052 8
1 1892 1466 1
1 1333 1103 7
3 635
1 634 559 2
3 457
1 789 1207 4
1 1318 1271 3
1 1179 243 10
3 218
3 20
1 1852 76 6
1 57 1871 9
1 212 1535 3
3 376
1 770 1042 10
3 367
3 400
3 708
3 44
1 423 464 4
3 333
3 610
1 1285 739 5
1 100 1741 1
1 312 400 9
3 46
3 290
1 590 1448 4
1 205 1369 6
3 396
1 770 796 10
3 670
1 822 1715 1
3 557
3 261
3 488
3 686
1 1508 551 1
3 63
1 1918 366 2
3 189
1 1932 74 3
3 297
1 1470 194 6
3 208
3 442
1 1163 409 8
1 1017 1735 3
1 402 83 5
3 57
1 66 1597 3
1 94 131 2
1 747 627 6
3 239
1 1235 1180 1
1 895 1105 3
3 549
1 641 307 7
3 498
3 528
3 824
3 309
1 1879 934 7
3 193
1 1998 1360 3
3 294
3 30
3 810
3 508
3 199
1 1389 850 9
3 25
3 532
3 314
1 1772 1259 6
1 189 1380 9
3 497
3 206
1 680 979 9
3 510
1 635 1130 5
1 1831 166 3
1 1158 209 2
3 263
3 527
1 1272 454 9
1 1519 421 5
3 629
3 113
1 22 638 3
3 754
1 37 1535 10
3 426
1 524 1615 2
1 1364 1779 4
3 231
3 803
1 1450 202 9
3 40
1 1902 1855 5
1 1468 392 7
3 694
3 62
3 367
3 182
1 1992 532 3
3 587
1 1504 1657 10
1 1688 456 4
3 371
1 1567 106 7
3 491
1 1872 1460 7
1 1407 599 5
3 479
1 1438 467 2
1 611 1812 10
1 378 1825 8
1 1545 172 7
1 1284 912 9
3 712
1 1337 1110 4
3 744
3 707
3 286
1 1356 80 7
3 495
1 349 720 5
1 188 1298 6
3 387
3 740
1 755 1845 9
1 1837 629 6
3 303
3 553
3 742
1 1578 2 9
3 189
3 834
1 612 1563 7
3 779
1 611 411 6
1 482 1880 8
3 516
3 768
1 345 828 8
3 712
1 384 1026 1
3 534
3 59
3 324
3 288
3 857
3 324
3 140
3 402
3 329
3 461
1 804 1853 1
3 81
1 1178 1035 3
3 460
3 822
1 132 1795 9
1 397 1530 5
3 550
3 711
1 1373 874 8
3 61
3 704
3 94
3 640
3 778
3 152
3 836
3 838
1 300 1670 3
3 569
3 838
3 268
3 370
3 746
3 468
1 810 1713 10
1 1503 1373 1
1 1451 1798 7
1 1409 1637 3
3 35
1 354 151 7
1 942 910 8
1 167 114 2
3 649
1 646 824 9
3 249
1 1119 544 1
3 408
3 26
1 473 1551 5
1 975 676 2
1 1886 1949 9
1 1848 1497 5
3 717
1 1179 1020 7
3 471
3 526
1 1146 908 8
3 287
3 477
3 562
1 1381 649 1
3 91
1 143 845 6
1 266 1692 9
1 657 1461 2
1 759 1187 3
1 104 1453 9
1 1097 59 8
1 1491 106 8
3 157
3 529
3 339
3 728
3 718
1 1713 1007 4
3 506
3 654
3 101
1 184 1725 6
3 758
3 214
3 291
3 366
1 492 11 5
3 200
3 328
1 1580 667 6
1 707 1253 10
3 100
3 426
3 200
1 1907 989 6
1 255 1902 7
1 406 450 4
3 200
3 125
1 1942 767 1
3 383
3 82
1 1234 330 6
3 576
1 564 761 5
1 470 1119 4
1 1823 513 3
1 1072 421 5
3 774
1 972 1556 4
1 1884 1309 4
1 541 1218 2
3 526
1 687 1558 3
3 442
3 291
3 785
1 1526 1509 10
1 1156 1380 10
3 735
3 661
1 1741 1217 2
3 382
1 473 1750 10
1 1742 609 4
3 677
3 259
3 65
1 1361 1070 4
3 550
3 260
1 1027 1978 6
3 205
3 112
1 1789 853 2
3 697
1 281 307 10
1 1217 1321 6
1 1341 631 3
1 1574 289 6
1 1771 709 2
3 540
3 802
1 410 1177 9
1 1073 1646 4
1 951 1780 4
1 448 1863 3
3 594
3 891
3 724
1 566 96 8
1 1707 1861 7
1 869 1563 6
1 1077 1286 7
3 477
3 394
3 171
1 1640 1900 6
1 1837 1096 1
3 900
1 277 1577 6
1 733 881 2
3 590
1 905 276 8
3 157
1 1237 102 1
1 1011 663 7
1 27 1703 4
3 906
3 31
3 852
1 1462 1303 7
3 34
3 520
1 1271 1813 6
3 841
1 346 659 10
3 221
1 945 527 4
3 606
3 852
1 236 1263 3
1 467 915 2
1 941 1551 5
1 415 306 7
3 451
3 414
3 107
3 710
1 1795 1100 1
3 322
1 1798 1946 1
1 1004 1513 4
3 211
3 125
3 877
1 408 821 5
1 696 1861 2
3 175
1 1569 1053 2
3 409
3 292
1 1336 390 7
1 119 1012 8
3 315
1 411 859 2
1 811 388 2
1 1495 1091 10
3 846
1 1104 889 1
3 872
1 1262 1843 7
3 35
3 602
1 1673 903 7
1 1637 1018 10
3 117
1 1600 1334 3
1 506 964 6
1 231 515 2
1 901 297 8
1 1265 1467 2
3 779
3 165
1 1143 257 3
3 111
1 1581 25 7
3 341
1 614 911 8
1 159 978 7
1 47 1844 6
3 499
3 72
1 674 1175 7
3 316
1 1239 869 7
3 904
3 427
3 504
3 489
1 1629 1694 8
1 603 1250 10
1 1099 250 3
1 1322 908 9
1 1371 1388 9
1 1230 560 10
3 926
2 1829 337
