1000 1000
1 2
2 3
1 4
4 5
3 6
4 7
7 8
8 9
9 10
8 11
10 12
10 13
13 14
13 15
12 16
15 17
15 18
14 19
17 20
18 21
18 22
21 23
19 24
22 25
21 26
22 27
24 28
27 29
25 30
27 31
28 32
30 33
29 34
33 35
34 36
33 37
35 38
37 39
38 40
40 41
39 42
39 43
41 44
44 45
45 46
46 47
45 48
45 49
47 50
50 51
50 52
48 53
50 54
53 55
52 56
55 57
57 58
55 59
56 60
58 61
61 62
60 63
62 64
61 65
64 66
62 67
65 68
65 69
68 70
70 71
68 72
70 73
71 74
74 75
75 76
72 77
77 78
75 79
76 80
80 81
77 82
82 83
79 84
84 85
81 86
86 87
86 88
87 89
87 90
89 91
89 92
92 93
90 94
92 95
92 96
92 97
97 98
98 99
98 100
99 101
100 102
102 103
102 104
100 105
103 106
104 107
105 108
107 109
105 110
108 111
108 112
110 113
113 114
111 115
112 116
115 117
116 118
117 119
118 120
117 121
118 122
122 123
120 124
120 125
121 126
126 127
127 128
126 129
125 130
130 131
130 132
129 133
129 134
134 135
133 136
136 137
134 138
138 139
135 140
140 141
137 142
142 143
141 144
142 145
143 146
145 147
144 148
147 149
149 150
149 151
148 152
150 153
152 154
153 155
152 156
154 157
154 158
154 159
156 160
158 161
158 162
158 163
159 164
163 165
162 166
164 167
167 168
167 169
167 170
166 171
171 172
170 173
171 174
173 175
175 176
172 177
173 178
178 179
177 180
180 181
180 182
179 183
183 184
184 185
185 186
184 187
183 188
185 189
186 190
188 191
187 192
191 193
192 194
192 195
195 196
195 197
195 198
197 199
199 200
200 201
198 202
198 203
202 204
202 205
201 206
205 207
203 208
204 209
207 210
210 211
210 212
212 213
212 214
212 215
213 216
213 217
215 218
216 219
219 220
220 221
217 222
221 223
222 224
220 225
224 226
224 227
226 228
226 229
229 230
227 231
229 232
229 233
231 234
230 235
231 236
236 237
237 238
236 239
236 240
236 241
241 242
241 243
243 244
242 245
245 246
242 247
245 248
247 249
246 250
248 251
247 252
252 253
249 254
254 255
252 256
252 257
253 258
258 259
256 260
257 261
257 262
260 263
261 264
262 265
263 266
262 267
263 268
264 269
266 270
266 271
269 272
272 273
272 274
272 275
274 276
272 277
274 278
277 279
275 280
278 281
280 282
282 283
279 284
280 285
285 286
284 287
286 288
287 289
288 290
289 291
291 292
288 293
291 294
291 295
291 296
296 297
293 298
296 299
297 300
296 301
297 302
298 303
300 304
302 305
302 306
304 307
307 308
307 309
306 310
310 311
307 312
308 313
310 314
314 315
315 316
315 317
315 318
317 319
317 320
318 321
320 322
319 323
321 324
322 325
323 326
322 327
326 328
327 329
326 330
328 331
330 332
332 333
332 334
333 335
335 336
333 337
334 338
335 339
336 340
336 341
340 342
339 343
340 344
342 345
341 346
343 347
345 348
344 349
346 350
350 351
348 352
352 353
351 354
354 355
353 356
354 357
355 358
355 359
355 360
357 361
359 362
360 363
362 364
362 365
365 366
363 367
366 368
366 369
365 370
367 371
367 372
368 373
370 374
374 375
372 376
375 377
373 378
378 379
379 380
377 381
377 382
381 383
381 384
382 385
381 386
386 387
386 388
385 389
385 390
388 391
391 392
388 393
393 394
392 395
392 396
394 397
396 398
395 399
395 400
400 401
399 402
401 403
403 404
400 405
402 406
402 407
407 408
408 409
407 410
409 411
411 412
408 413
409 414
410 415
415 416
416 417
415 418
416 419
419 420
420 421
421 422
418 423
420 424
422 425
423 426
422 427
423 428
424 429
427 430
429 431
430 432
428 433
429 434
432 435
432 436
433 437
434 438
436 439
437 440
437 441
437 442
440 443
441 444
440 445
445 446
445 447
447 448
445 449
448 450
450 451
450 452
449 453
450 454
454 455
455 456
453 457
455 458
454 459
458 460
457 461
458 462
458 463
462 464
463 465
465 466
462 467
464 468
466 469
465 470
470 471
470 472
469 473
472 474
472 475
475 476
476 477
475 478
474 479
475 480
479 481
479 482
478 483
480 484
481 485
481 486
483 487
486 488
484 489
488 490
489 491
487 492
491 493
491 494
492 495
491 496
496 497
495 498
498 499
497 500
496 501
500 502
498 503
499 504
502 505
504 506
502 507
504 508
504 509
507 510
507 511
511 512
512 513
511 514
513 515
511 516
516 517
517 518
516 519
515 520
516 521
521 522
518 523
522 524
521 525
524 526
525 527
524 528
527 529
525 530
526 531
530 532
532 533
532 534
533 535
534 536
535 537
535 538
534 539
538 540
539 541
541 542
539 543
543 544
544 545
543 546
546 547
544 548
544 549
549 550
548 551
551 552
552 553
553 554
550 555
553 556
556 557
556 558
557 559
559 560
556 561
561 562
559 563
560 564
563 565
565 566
564 567
566 568
565 569
565 570
570 571
570 572
569 573
571 574
570 575
573 576
572 577
577 578
575 579
578 580
580 581
580 582
580 583
582 584
580 585
584 586
584 587
586 588
587 589
588 590
590 591
587 592
592 593
590 594
593 595
593 596
596 597
594 598
595 599
596 600
598 601
601 602
600 603
602 604
602 605
605 606
603 607
605 608
605 609
609 610
606 611
609 612
612 613
613 614
610 615
612 616
614 617
613 618
616 619
617 620
619 621
621 622
618 623
623 624
622 625
623 626
625 627
626 628
624 629
628 630
627 631
628 632
632 633
629 634
634 635
633 636
633 637
637 638
634 639
639 640
639 641
637 642
639 643
641 644
641 645
643 646
642 647
647 648
645 649
649 650
648 651
650 652
649 653
651 654
654 655
652 656
656 657
654 658
655 659
659 660
659 661
661 662
658 663
660 664
663 665
662 666
662 667
666 668
667 669
668 670
670 671
667 672
671 673
671 674
672 675
675 676
676 677
676 678
674 679
676 680
676 681
677 682
678 683
680 684
683 685
683 686
686 687
687 688
684 689
687 690
690 691
687 692
692 693
689 694
691 695
691 696
694 697
697 698
694 699
697 700
698 701
701 702
698 703
699 704
702 705
702 706
705 707
705 708
707 709
706 710
707 711
708 712
712 713
712 714
713 715
713 716
712 717
716 718
718 719
719 720
716 721
721 722
719 723
722 724
720 725
723 726
723 727
726 728
725 729
727 730
727 731
731 732
730 733
731 734
733 735
731 736
734 737
733 738
734 739
739 740
736 741
737 742
739 743
739 744
740 745
745 746
745 747
747 748
745 749
747 750
749 751
749 752
751 753
749 754
752 755
755 756
752 757
757 758
754 759
757 760
759 761
761 762
762 763
763 764
762 765
763 766
764 767
763 768
766 769
767 770
770 771
768 772
771 773
771 774
773 775
771 776
775 777
777 778
778 779
778 780
776 781
778 782
780 783
782 784
783 785
783 786
782 787
784 788
788 789
788 790
790 791
789 792
792 793
789 794
794 795
793 796
794 797
795 798
797 799
799 800
796 801
800 802
800 803
799 804
800 805
803 806
806 807
805 808
806 809
808 810
810 811
807 812
812 813
809 814
810 815
814 816
816 817
815 818
815 819
817 820
819 821
817 822
822 823
821 824
823 825
824 826
825 827
827 828
828 829
826 830
830 831
830 832
831 833
830 834
832 835
832 836
834 837
835 838
836 839
835 840
840 841
840 842
842 843
841 844
844 845
842 846
845 847
843 848
845 849
845 850
847 851
850 852
850 853
850 854
853 855
851 856
854 857
854 858
857 859
859 860
857 861
861 862
861 863
861 864
863 865
865 866
863 867
867 868
867 869
867 870
870 871
870 872
871 873
869 874
870 875
873 876
875 877
873 878
876 879
879 880
877 881
881 882
882 883
882 884
883 885
883 886
884 887
884 888
884 889
889 890
887 891
890 892
891 893
889 894
891 895
892 896
894 897
895 898
895 899
897 900
897 901
901 902
901 903
903 904
903 905
905 906
903 907
906 908
907 909
908 910
906 911
909 912
912 913
910 914
912 915
914 916
915 917
914 918
916 919
917 920
920 921
918 922
921 923
923 924
924 925
922 926
923 927
925 928
924 929
925 930
926 931
929 932
929 933
931 934
933 935
933 936
933 937
937 938
938 939
937 940
938 941
937 942
939 943
940 944
940 945
945 946
944 947
945 948
944 949
946 950
949 951
950 952
948 953
953 954
950 955
954 956
954 957
956 958
954 959
959 960
960 961
958 962
959 963
960 964
961 965
964 966
964 967
966 968
966 969
965 970
968 971
969 972
971 973
969 974
970 975
974 976
972 977
977 978
974 979
976 980
979 981
977 982
982 983
981 984
980 985
985 986
983 987
984 988
986 989
989 990
987 991
988 992
992 993
991 994
993 995
995 996
995 997
994 998
998 999
996 1000
1 816
3 791
3 171
3 957
2 943 666
3 323
2 373 850
3 764
1 468
2 626 153
3 250
1 361
1 895
1 726
3 871
2 409 364
3 704
2 944 834
3 301
2 878 908
1 601
2 875 573
2 631 804
1 436
1 456
2 557 31
2 990 370
1 950
2 801 279
1 323
1 583
2 224 671
1 616
3 212
1 929
3 836
2 336 543
2 587 662
3 713
2 536 988
3 273
3 200
2 576 165
1 972
3 315
3 437
2 426 828
3 254
3 598
3 811
3 455
3 24
1 837
3 844
3 348
2 807 862
2 724 499
1 985
3 1
2 484 595
2 255 761
1 668
1 242
3 333
3 573
2 908 692
2 464 77
3 234
3 918
2 158 144
3 911
1 698
1 331
3 121
2 256 294
1 358
1 261
2 263 95
2 422 534
2 299 319
3 370
3 337
3 963
1 850
1 989
2 337 32
3 154
2 497 481
1 509
1 287
3 189
2 194 124
1 27
3 543
3 175
3 705
2 575 972
1 984
1 16
3 616
3 170
2 324 151
3 406
1 252
1 786
1 405
1 448
3 239
3 699
1 708
1 964
1 55
1 843
2 634 337
2 768 482
1 875
3 11
2 825 54
1 362
1 803
3 651
2 121 740
2 882 586
3 47
1 813
1 446
2 957 142
1 852
3 78
3 246
3 354
3 565
1 282
3 326
3 86
1 917
1 895
2 716 255
3 882
2 1000 89
3 447
3 388
2 42 726
2 378 47
3 361
2 918 910
1 694
2 212 658
1 966
2 836 169
3 227
2 500 130
1 950
2 734 552
1 649
3 419
3 227
2 760 779
1 348
2 743 141
3 611
1 152
2 301 603
2 593 661
3 384
1 571
3 328
2 462 524
3 33
1 127
3 413
3 592
3 424
3 328
3 474
3 188
2 452 280
3 533
3 398
2 139 901
3 279
3 435
2 645 155
1 716
2 839 630
2 855 674
2 281 327
2 214 184
1 967
3 805
3 388
3 129
2 109 421
2 101 847
1 97
2 348 185
2 771 320
2 411 612
2 915 787
2 301 895
2 760 864
3 117
1 730
1 223
3 727
2 855 80
3 179
1 877
2 581 651
3 160
3 526
3 186
2 85 116
1 788
3 817
1 979
2 221 976
3 194
1 170
1 449
3 592
2 678 19
1 478
1 98
2 692 755
1 246
1 278
1 230
3 51
3 558
3 511
1 332
1 397
1 766
2 856 564
1 613
3 42
2 353 353
1 389
2 710 609
1 42
1 966
2 552 279
1 760
1 624
3 961
2 517 135
3 242
1 832
1 889
2 692 473
1 147
3 390
2 569 595
1 961
2 810 869
2 584 481
1 930
3 725
1 352
1 881
1 829
3 132
2 555 921
2 199 612
3 499
3 831
1 491
3 827
1 199
1 89
1 790
3 590
1 880
2 772 50
1 310
1 608
2 889 321
3 123
2 159 163
3 112
3 779
2 64 328
2 276 798
1 978
1 400
1 477
3 826
1 434
2 433 812
1 797
2 881 922
1 28
3 343
3 267
1 152
3 78
2 35 110
3 447
2 592 611
2 409 493
2 655 364
2 30 406
2 149 174
1 926
3 996
3 960
3 194
3 117
1 869
3 410
3 444
3 726
2 521 323
3 788
3 965
1 50
1 203
2 419 137
1 65
3 937
2 795 246
2 374 299
2 393 67
2 396 919
1 684
3 994
3 485
3 114
2 30 406
1 856
1 516
3 477
3 403
2 380 818
2 764 406
1 875
3 836
1 230
1 222
1 448
1 604
2 347 354
1 97
2 881 132
3 73
2 362 109
3 308
1 760
1 56
3 369
1 447
2 685 934
1 64
1 176
3 185
3 809
1 388
2 683 535
1 801
1 571
3 508
3 147
2 231 978
2 77 638
2 650 595
1 11
3 969
1 430
3 383
2 237 696
3 209
1 200
2 158 16
2 884 375
1 132
1 369
1 917
3 474
1 843
3 444
3 169
3 313
3 540
3 783
2 457 753
3 844
3 416
2 404 346
3 392
2 238 914
1 988
2 706 27
3 949
2 655 330
2 289 103
2 179 929
1 773
1 324
1 678
3 646
2 501 593
2 37 528
2 684 763
2 389 788
1 291
3 455
1 439
2 734 825
2 836 14
2 738 816
3 361
1 612
2 749 945
1 475
3 25
1 469
1 77
2 209 687
3 494
3 540
2 695 935
2 553 920
1 574
1 22
2 306 561
2 700 839
3 763
2 830 203
3 802
2 246 373
1 931
1 636
2 295 733
1 287
3 157
1 840
3 883
2 315 803
3 665
1 249
1 487
2 188 623
1 655
1 890
3 292
3 485
1 524
3 969
2 908 393
2 503 732
2 291 209
2 817 642
3 361
2 182 409
3 696
2 183 742
3 770
1 490
1 508
3 895
1 59
1 353
2 822 748
1 870
1 276
3 634
1 158
1 927
2 55 351
1 361
1 410
1 641
1 596
2 975 568
3 740
3 733
2 127 806
1 873
1 312
3 578
2 230 205
2 446 493
3 447
1 771
1 318
2 252 549
3 993
2 278 358
1 597
1 66
2 365 246
1 293
1 751
3 341
2 681 963
3 926
1 908
1 198
3 910
3 300
2 510 595
1 847
1 211
1 518
1 645
1 195
1 696
1 765
1 37
3 622
3 546
2 113 925
3 620
2 327 176
2 603 663
1 539
2 167 217
1 83
2 721 186
3 209
2 500 10
2 859 529
1 292
3 887
1 439
2 843 740
1 131
3 803
1 639
3 339
3 998
2 974 136
2 544 997
3 263
1 779
2 736 115
1 113
1 809
3 723
2 387 835
2 886 327
3 188
1 548
2 684 844
2 821 476
2 97 695
3 398
2 768 585
1 314
2 748 312
2 880 275
1 10
1 909
3 325
1 851
1 16
3 913
1 322
2 916 892
3 677
1 278
3 585
3 644
3 134
3 862
3 505
1 650
1 24
3 905
1 576
1 253
3 102
2 994 691
1 740
3 300
1 469
2 409 368
1 220
1 528
2 538 2
1 522
3 622
2 479 685
1 937
3 130
3 433
2 817 160
1 125
1 199
3 354
1 485
1 477
1 455
1 945
2 786 130
2 851 914
2 990 913
2 363 461
3 712
1 757
3 323
2 920 119
2 895 67
2 486 104
1 618
1 908
2 76 509
3 524
2 897 41
3 472
1 578
2 673 202
3 556
2 9 551
1 997
1 956
2 827 803
1 277
2 38 334
3 784
2 216 803
2 43 9
3 756
2 674 181
1 869
2 946 373
1 887
3 485
1 810
3 791
2 270 453
3 23
2 505 435
3 881
3 88
3 451
1 324
3 806
3 852
1 367
2 979 111
2 678 216
2 475 227
1 542
1 889
3 285
1 906
2 37 373
3 422
2 651 747
2 187 861
2 743 582
2 165 153
1 438
1 587
1 500
2 557 68
1 180
3 348
2 284 448
1 857
2 628 478
2 858 606
1 318
1 522
3 852
1 24
2 165 410
1 730
2 945 975
2 954 638
1 232
3 105
1 429
3 747
2 39 527
2 634 192
2 2 675
1 862
2 963 473
1 53
1 59
3 695
2 221 234
3 429
3 586
2 721 612
3 595
3 736
2 592 309
1 159
1 848
2 772 486
2 722 787
2 598 224
3 75
1 31
1 856
3 784
2 133 990
1 564
3 614
3 720
1 526
1 146
3 373
2 202 504
1 406
2 614 115
3 697
3 522
3 118
1 727
2 419 196
3 290
2 15 454
1 975
2 887 858
1 727
3 79
1 399
2 541 173
1 82
2 242 492
3 146
1 201
2 794 668
1 733
2 758 579
2 637 498
2 334 165
1 162
1 744
2 500 551
1 885
1 545
1 207
3 870
2 369 105
1 363
2 246 243
2 337 157
2 949 729
1 287
3 580
3 109
1 636
2 879 17
2 838 641
1 37
2 404 340
2 289 906
3 57
2 147 753
1 757
1 777
1 211
1 90
3 748
1 204
3 185
2 43 705
3 932
1 524
2 1000 125
1 483
2 786 954
2 513 896
1 383
1 745
1 766
3 508
2 696 568
2 347 998
1 975
2 620 424
3 981
2 232 370
3 766
2 900 51
3 511
3 901
1 376
2 704 40
2 223 516
2 234 961
3 758
3 933
1 375
2 52 959
3 526
2 96 58
1 735
2 411 579
1 825
3 796
2 891 942
3 483
2 981 656
3 311
3 841
1 181
3 563
3 555
1 446
1 749
2 137 526
2 135 145
1 880
2 516 965
3 807
2 774 140
3 852
1 653
2 203 697
1 373
2 999 311
1 690
3 319
1 127
3 590
3 399
2 487 390
1 906
3 193
1 475
3 990
3 889
3 41
3 436
2 576 96
2 170 89
2 392 418
2 466 728
1 928
3 519
3 79
2 969 395
3 25
2 160 281
2 887 800
3 705
1 199
2 717 717
3 236
1 160
3 517
3 526
1 843
2 164 17
1 958
3 373
1 137
1 379
2 807 871
3 897
2 749 626
1 149
3 850
1 971
3 763
2 975 245
3 946
2 146 513
2 601 429
2 376 615
3 971
2 937 295
3 60
3 30
2 713 431
2 709 769
1 594
3 768
2 254 930
1 66
1 583
2 347 102
1 591
3 101
1 858
2 719 514
1 430
1 449
3 967
1 489
1 95
1 325
3 885
1 881
2 308 99
1 546
3 855
1 619
2 20 547
2 703 816
1 46
2 856 186
3 862
1 463
1 571
1 708
1 672
3 760
3 495
3 336
3 53
3 324
2 917 762
3 559
2 928 578
3 977
3 964
1 3
1 612
1 66
3 840
1 920
3 110
3 574
2 792 641
1 525
1 279
3 423
2 56 471
2 240 420
2 68 391
3 74
1 182
2 377 408
3 1000
2 291 824
1 670
2 140 967
3 615
1 216
3 368
2 665 333
2 386 158
2 3 570
3 31
2 317 928
2 680 402
1 914
3 858
2 905 526
2 90 813
1 121
2 517 844
3 96
3 572
2 901 865
1 719
1 875
1 480
1 640
3 563
3 823
2 892 747
1 314
2 993 309
1 939
1 441
1 724
2 708 702
1 53
1 84
1 213
2 636 752
2 620 65
1 624
3 735
1 484
3 372
1 184
2 321 537
1 115
2 192 633
1 318
1 149
1 292
3 105
1 545
1 921
3 856
2 498 92
3 233
3 703
1 825
3 534
1 227
3 711
1 639
1 550
2 410 171
3 474
3 213
2 55 116
2 313 192
