1000
8789 85824 98316 47409 40671 42696 81062 28970 31224 3317 52117 57772 46154 39956 72817 30686 71063 28423 59298 38108 36722 41218 45606 32532 28419 64430 46449 48298 85895 91081 78088 4821 16205 99588 6565 38911 53722 58116 79478 93416 67462 85057 78302 84132 30333 58602 7827 90329 79040 29920 35774 41602 85217 41911 78974 66639 44330 51576 89892 59938 54230 84993 59416 97939 31350 30563 59476 98509 3534 25122 77028 75118 15606 77881 268 61995 43834 16532 83298 38987 25338 54836 85103 49607 10602 4463 72658 45776 21810 73133 36317 49513 18447 78348 63222 5160 11793 12957 71447 55289 74108 86052 41647 9596 22247 64956 12447 482 34271 72273 74366 99508 36581 90084 76085 27500 7756 23850 87428 25337 83868 21453 25499 62431 4274 29802 30305 61909 2333 62674 2353 74821 31074 88585 88503 37712 86809 93034 49080 86952 96430 68193 16296 83732 92161 13263 54065 59087 35079 82409 40274 62729 75271 19705 33630 29701 59197 1660 14169 21977 95002 41090 86399 28017 51074 49650 253 85932 81293 50947 80885 48637 21446 35716 31646 83435 94991 18645 71426 690 54683 16939 1023 4288 77203 76656 25894 38553 67122 76289 33535 55252 83785 62350 74403 98491 88987 16925 50240 86063 39585 10856 31352 89249 69640 18906 30274 17818 66286 67478 80872 5044 34025 720 34088 18175 9024 24466 27668 19997 66480 92281 16497 73702 60648 62421 66107 64517 32205 65516 97408 57209 6583 5112 71200 68789 24786 7364 78260 11424 41727 61331 324 10422 58928 28729 10991 65445 68271 39136 62311 35857 66647 66468 21905 63632 37689 82615 97674 35118 35609 26750 6045 89418 59695 36947 25614 9080 79974 77921 69042 8861 704 3275 11285 44086 5904 57893 47027 88786 83359 9368 6015 77011 89640 68515 12319 71473 47003 8021 16269 63159 52126 17492 67864 1795 60167 73177 56257 84778 26339 87409 34238 1906 13363 47454 79163 78774 86186 17652 70196 92774 69936 87388 98556 61765 93953 49716 12121 23593 17039 29069 17926 32254 36636 85484 14383 24451 50945 75210 79320 75883 490 61845 58295 35166 99223 2540 76406 99990 9052 81286 21202 85634 62018 94667 48894 90054 68900 46970 43745 50072 56179 14497 33459 4261 33011 22184 4548 61834 44156 68039 7286 9628 42681 8875 23646 49601 95660 97270 70118 29588 60328 25723 62510 39173 26134 8902 31270 22006 56561 51698 73398 86335 67465 63793 91671 46443 39652 58919 19063 2233 33560 38543 56344 73372 89522 21749 74609 31579 14835 83835 98284 20306 74701 43988 84007 3439 88939 35147 54643 6678 2726 86077 12760 78813 41168 62043 48783 95248 75022 54378 58630 90223 38645 77251 71744 76235 14036 81010 66514 31117 59659 90971 53415 68591 30636 62192 71869 6720 40673 42044 82502 47716 2053 39836 96967 62930 23849 16097 40956 67061 53873 14479 78547 57612 18708 47265 95085 40041 36480 72547 76448 83765 84116 52758 15319 68939 19364 38896 10320 761 58872 85529 59965 1538 16685 18798 12292 1535 47603 78274 17055 7385 60205 39736 97629 23504 53108 39115 88031 73911 80692 11367 3259 90357 49294 16045 76509 52326 46453 18258 58433 81081 24721 48896 25114 95504 55998 72564 26638 30050 40877 48062 78775 34300 26882 10597 78468 68891 42965 14272 59414 74260 66930 57950 49444 86445 27289 47678 58616 36961 85023 8024 34895 64960 24810 31603 63196 87724 51065 38028 51685 62141 44826 94198 51269 40734 5137 11220 14473 45646 408 6720 20019 17440 985 83784 37562 96571 19254 76396 77863 70171 22594 77761 66010 47918 98502 593 97571 21912 25917 32024 88106 98767 87895 39880 36231 70240 665 63879 44522 36456 26556 10700 29557 90811 53930 92869 19293 48993 71876 87156 73933 88276 84799 67981 67074 14468 32386 62618 44560 89011 20682 93143 98459 62649 11238 46486 40703 17440 50043 36316 85737 85833 58945 76611 89756 12550 98787 82102 9837 26430 37188 1336 21287 29549 50165 48253 93192 67488 98592 51854 71042 83549 93856 94697 32538 96569 85126 79040 51724 7776 99093 16342 76998 73074 6055 40453 60329 62656 13990 95610 20747 40722 79924 69430 50551 63076 60676 93551 34251 75077 25534 91470 93337 87415 58463 58927 87367 5137 67063 89860 7407 35872 26153 80754 37119 18977 39886 36274 19290 24841 72563 97521 81942 49182 50422 87409 70652 94363 29324 80805 43659 92688 77982 6585 67573 11551 32872 51784 87328 74656 36377 27620 54662 59934 36982 51826 12342 4536 59863 74 8241 95521 45576 82780 95918 80065 88009 72998 10518 25265 38222 43167 36712 85027 75296 87599 88055 54199 55514 44628 94983 84327 48877 70047 98835 1756 860 62836 19786 23447 79809 56846 47021 34633 80647 97465 61523 41499 68429 38518 38950 79399 49481 24795 50467 49308 7714 35920 43677 11647 93941 3475 60123 27748 18354 23989 17909 59609 56316 10651 27 156 99148 18877 11695 55008 39790 3754 14022 87148 7299 85346 34058 65915 30557 667 83803 10173 34662 89373 94281 73077 77530 83270 47004 76825 9672 74534 2573 80694 72629 39300 93898 35721 64473 67640 4053 91174 79680 40366 17798 48917 71306 83977 15460 15791 10795 31294 48368 32070 97259 60117 86939 91259 8296 8204 78314 16102 76687 62995 14393 96113 80967 94769 58390 3773 44134 24477 74689 97723 62330 67782 8115 96820 41602 68556 10452 81699 55953 99012 10275 30581 14802 60568 83185 64432 48383 7813 85542 42889 44200 74459 33307 27596 23506 44801 1567 56184 41205 72558 94323 83776 44414 1009 83821 29995 2987 27689 96824 85557 69905 7854 72114 93868 84889 17543 12045 88884 99807 7985 51247 25380 98834 8414 80818 16998 343 95316 96773 75642 22342 24170 4553 45748 78890 24238 80181 85690 85733 70050 52690 12807 11115 63866 50879 46570 52290 86976 51406 53800 91944 11153 79813 51829 14509 91773 87679 17119 53653 12362 2952 72196 10423 35377 57989 92759 47841 28768 28809 37631 32817 91606 46849 52600 92509 12907 40105 60496 65420 70277 64756 21002 1403 94020 88265 83071 45082 64151 73696 20632 40012 78084 91753 68661 63050 78340 96230 55689 96928 24196 97740 23068 34446 42854 24645 41256 21673 11838 73137 69276 67352 16021 79168 37852 82967 93482 97338 14719 15351 70508 45911 38576 52476 42177 40167 42317
999
1 410 815 -96
3 769 948 80887
2 316 791 50658
4 710 991
1 327 962 -19
2 689 945 75048
1 318 835 960
1 516 942 843
4 52 430
3 435 677 53467
1 100 997 -929
2 367 799 87932
3 123 630 78547
6 84 710
3 306 475 9743
4 159 374
1 553 849 -446
3 439 718 86297
2 7 386 26634
1 499 594 370
3 435 481 46548
5 121 350
5 221 241
1 435 812 -250
1 101 429 257
1 298 462 -268
4 99 569
3 472 590 79122
1 26 75 986
1 761 985 -416
3 411 684 70967
1 240 760 -107
1 253 886 951
3 163 379 56630
2 534 716 98879
3 266 412 4244
3 34 167 66577
1 562 783 642
3 91 530 38921
5 490 753
2 121 241 87961
5 2 331
3 692 955 48493
4 100 728
1 34 292 -466
1 230 737 -605
4 415 658
1 339 824 160
6 354 390
1 244 999 -443
5 528 622
3 494 953 17271
1 450 479 -605
2 166 843 75190
2 98 218 63079
6 218 457
6 145 383
3 142 191 29651
1 70 547 -428
6 201 488
4 122 330
6 5 462
1 268 954 -502
2 430 588 38601
1 174 779 842
5 764 837
3 128 172 76370
1 282 306 -690
5 337 450
2 596 930 11989
1 132 194 191
1 89 621 -482
2 262 691 27039
1 411 549 43
1 264 536 -562
3 276 857 64705
3 251 937 6162
2 51 131 7581
2 540 664 5756
1 357 706 915
6 195 220
1 108 981 335
5 309 816
1 31 501 272
3 213 881 70014
5 35 203
4 580 957
3 393 699 85665
2 553 987 99548
1 138 824 -932
1 577 700 -605
3 53 499 5741
3 263 931 22007
6 1 19
3 239 296 64732
2 148 585 17532
3 187 897 4500
5 549 772
4 215 579
2 250 526 80739
1 539 711 -159
4 168 639
3 271 746 76274
1 112 685 -535
1 134 564 718
4 187 782
2 459 783 27877
1 460 821 616
1 625 682 -748
3 104 986 8346
3 492 689 43204
1 668 964 942
4 106 611
1 787 857 -959
1 156 233 -480
1 692 912 278
4 201 579
1 873 947 -480
1 71 795 692
4 564 815
4 379 449
2 1 926 16064
3 553 849 74193
2 12 687 5772
4 310 963
1 128 717 540
4 691 794
4 393 926
5 3 437
6 67 556
1 67 200 829
2 160 280 98922
1 38 916 393
3 857 936 44215
1 447 743 -464
1 714 970 104
1 509 667 -944
1 295 590 -841
2 453 895 45050
4 104 282
1 368 892 -72
1 184 914 213
1 91 353 490
3 127 254 12651
1 153 969 201
5 386 467
5 197 836
5 860 867
1 949 992 168
2 79 511 57473
1 470 883 -98
2 169 610 31927
4 433 496
4 660 753
2 195 745 59558
5 153 214
5 639 979
6 21 964
1 539 561 -207
1 562 987 671
3 255 739 46214
5 378 969
2 680 832 45610
1 311 440 -847
4 601 796
3 288 370 53417
4 553 704
5 287 291
5 88 946
4 509 577
1 48 121 326
1 148 200 -184
1 605 831 96
3 483 614 29909
6 235 912
3 327 850 45844
4 372 713
4 472 715
4 334 798
4 84 909
2 369 435 48478
3 438 499 92223
5 1 381
4 449 840
1 41 493 -81
3 564 629 8906
4 819 934
1 361 940 467
1 157 221 485
1 87 284 451
5 266 268
1 107 359 34
3 444 608 69811
4 700 726
4 40 893
1 353 910 299
1 96 606 535
3 503 646 18930
2 809 849 35423
5 138 199
6 151 775
6 420 534
1 427 984 -670
4 248 356
4 84 986
3 431 555 4769
5 487 849
1 239 416 123
2 196 219 65690
2 490 821 2721
4 504 647
6 190 932
1 207 314 -945
5 194 744
6 238 997
6 191 273
1 40 696 458
3 300 876 61793
3 164 771 56452
1 126 948 -595
2 178 846 55016
1 406 695 -322
1 668 956 537
4 281 460
2 290 954 76695
4 528 635
3 190 506 62253
2 724 775 43844
6 44 491
2 28 910 61601
3 116 529 80401
3 228 364 6278
1 296 864 -870
1 27 617 -9
5 261 427
1 389 454 95
1 540 984 67
1 186 975 -662
1 393 951 -120
3 56 314 10489
1 629 710 -269
3 5 39 6171
1 590 625 917
3 508 903 71241
1 394 896 954
6 35 529
2 643 824 99323
2 131 642 93377
1 36 818 298
3 161 387 24269
4 362 424
1 904 967 -514
1 29 360 273
1 813 909 -677
4 376 858
1 462 488 761
1 223 980 -412
1 473 535 17
1 109 371 89
1 165 802 -496
4 179 550
1 492 804 952
4 187 517
1 241 628 356
6 84 927
2 1 821 36703
4 47 206
3 241 783 49302
4 610 727
1 745 775 616
6 182 492
5 673 850
5 247 617
1 259 851 -463
2 83 376 57089
2 703 995 13633
1 120 586 336
1 161 402 -59
4 467 755
1 193 474 199
1 258 804 -921
1 81 219 -498
3 46 725 68931
1 534 539 298
3 229 586 63070
5 135 284
1 340 650 627
1 787 976 135
1 428 611 -472
1 426 739 -242
4 376 883
1 205 930 -865
4 123 798
1 43 761 175
5 78 968
1 78 625 234
2 855 876 43708
1 138 244 498
1 590 760 837
3 182 832 71229
3 147 965 86094
3 367 642 83767
1 140 804 692
4 344 908
4 44 441
5 119 786
1 182 256 -880
4 183 466
3 368 446 25212
1 128 307 395
3 252 381 91874
5 430 456
4 191 987
1 16 953 37
6 243 364
2 461 585 31215
1 71 320 650
3 279 391 12655
1 733 865 -149
2 312 512 5246
1 962 966 738
4 452 864
4 504 631
1 577 659 -284
1 392 655 -993
2 202 553 32708
2 372 420 80546
5 679 890
1 471 615 495
1 719 800 1000
1 334 889 -843
3 103 992 47445
5 325 711
1 275 921 -434
1 303 406 865
5 6 808
4 80 656
1 89 249 758
1 302 716 -156
1 479 736 789
4 547 575
1 152 629 900
1 455 873 268
4 472 958
6 974 985
4 183 509
4 191 716
1 365 367 745
1 64 710 583
4 574 598
2 579 813 8510
4 841 955
4 63 852
4 213 636
1 828 845 205
2 453 935 63683
5 414 507
1 48 118 -921
3 136 468 89549
2 520 553 99018
4 276 321
1 439 908 517
2 787 849 19639
1 670 711 -323
4 17 608
4 427 870
2 448 887 67166
1 203 400 929
6 44 58
4 135 710
4 781 950
1 600 751 998
4 171 807
3 465 698 67705
1 435 697 374
2 631 894 74742
4 610 994
1 275 697 243
1 215 461 753
3 441 836 42279
2 601 605 81149
1 297 397 -289
4 366 976
4 190 618
2 47 728 19332
1 257 391 -242
3 37 962 99138
1 504 558 -880
6 180 238
1 754 915 -219
5 164 927
4 275 358
6 415 596
1 94 752 407
6 275 530
3 108 801 2393
1 531 664 -586
4 29 480
1 249 693 779
3 559 725 78693
1 170 735 230
5 160 391
1 4 584 -559
1 26 317 708
3 262 705 36137
6 101 243
1 504 867 95
1 459 858 -788
5 541 913
1 515 573 701
2 255 506 33192
2 122 887 94673
3 58 173 20747
1 503 799 751
6 893 909
3 23 424 65214
5 197 385
1 458 756 80
3 551 925 56013
3 859 981 69802
1 153 779 -663
1 315 902 770
2 721 835 2394
1 65 281 -468
1 467 791 255
4 188 214
6 685 875
4 250 810
1 19 786 -61
3 663 918 38565
1 205 991 -399
4 115 561
1 74 539 -524
5 477 769
5 682 992
2 4 11 47361
1 773 889 161
4 131 909
3 267 565 84974
2 624 737 59560
6 51 189
3 814 847 50481
2 167 799 94639
2 472 513 57694
4 360 845
1 465 636 664
5 831 962
6 79 309
6 158 779
4 301 567
3 111 615 97666
3 214 729 63384
4 296 387
6 238 584
6 223 706
1 376 951 -653
1 314 379 -795
4 562 663
4 118 189
5 478 828
1 236 241 290
3 415 457 21215
1 49 520 145
1 163 543 -299
5 136 242
2 688 939 27591
1 594 605 611
1 663 909 -617
1 17 584 -593
5 264 851
5 329 625
2 487 799 44609
6 182 756
1 37 868 356
3 51 522 96944
5 316 937
1 330 573 301
3 472 569 99163
2 536 994 21945
1 559 895 826
5 316 496
2 276 895 40113
1 311 483 971
1 469 769 -172
1 26 921 -696
1 198 366 183
4 594 667
3 133 620 4530
1 705 784 86
3 137 858 52464
2 215 991 16147
2 464 758 76030
1 190 949 606
4 535 837
5 98 368
1 342 937 550
5 84 732
5 139 907
3 416 876 99147
3 501 999 72720
2 302 493 80102
6 646 912
6 144 430
4 491 991
3 250 624 87458
3 541 910 58736
6 377 858
1 207 992 960
1 682 880 -56
6 191 995
2 396 656 61541
4 204 540
1 164 387 -10
1 591 885 858
2 625 747 8932
4 568 878
1 268 393 528
3 505 507 84573
1 27 936 -342
5 235 884
3 554 611 56156
3 530 769 30615
2 550 566 93830
1 3 233 646
1 614 728 -199
1 339 341 737
1 335 522 962
1 619 780 64
2 379 387 27565
4 369 689
3 234 438 9057
6 449 733
2 224 868 77176
1 603 712 -301
4 158 296
2 615 895 94292
1 938 1000 381
1 223 823 -612
1 218 471 -880
2 104 745 45294
1 30 288 614
3 36 527 49446
1 297 952 849
2 462 995 45017
2 59 515 49054
3 405 461 23608
3 305 542 86217
3 680 992 21215
1 39 360 610
3 493 526 47493
1 23 466 560
1 694 909 709
5 592 595
1 362 539 575
1 503 906 -848
6 293 793
2 50 356 75247
4 811 885
1 25 910 487
3 338 473 35639
1 382 542 -326
4 644 761
4 134 348
2 371 968 41608
1 687 790 894
1 329 601 -352
2 260 959 62005
4 608 974
3 11 895 16992
1 493 634 512
6 3 579
1 936 942 -389
3 372 825 4699
1 221 433 -788
1 110 116 -336
2 298 952 49015
4 43 450
1 401 765 137
2 254 626 3828
1 29 988 -866
2 488 933 77617
3 106 683 35968
1 324 709 812
3 395 853 10013
6 583 854
1 264 526 845
3 733 989 6818
6 283 292
5 382 964
1 626 876 -261
1 61 533 -447
2 328 640 50874
4 31 328
1 154 404 554
6 287 902
2 163 493 84415
2 265 806 50872
1 307 547 -672
2 50 611 39064
5 904 995
2 303 858 13818
1 659 788 613
5 289 474
4 114 527
1 845 885 -324
1 96 854 431
1 74 944 965
1 456 656 628
6 20 918
2 106 464 55987
4 184 531
2 53 766 4938
1 148 337 109
1 237 627 -30
4 155 831
1 85 92 -979
1 651 753 -757
3 145 649 91776
3 810 921 91098
1 249 875 344
1 35 802 124
1 360 984 394
6 74 603
2 482 907 39875
5 573 704
4 39 801
2 493 510 77719
1 456 565 -101
1 2 780 879
2 443 488 80456
4 218 572
4 145 334
3 514 767 53380
4 293 616
1 544 896 -599
2 193 529 96530
1 440 906 326
1 581 821 -317
1 177 329 398
1 224 814 171
1 761 781 811
1 553 898 -324
1 570 588 -250
5 131 209
3 726 798 6252
6 17 241
1 115 769 767
1 54 131 -429
5 31 410
1 371 492 447
2 75 242 33447
1 233 473 891
1 439 679 360
1 604 619 186
4 498 988
1 324 795 874
1 678 728 -107
4 432 506
1 437 634 502
1 171 226 229
4 607 666
6 392 433
1 435 700 -330
1 157 581 742
3 421 704 40039
2 66 702 64441
6 594 957
2 520 881 96850
2 492 817 25679
1 350 724 316
1 497 988 -530
1 429 754 -1
6 30 494
2 400 786 18778
5 152 427
5 596 979
4 325 781
3 434 931 16758
6 852 957
2 629 912 41557
3 752 790 3864
1 534 571 -242
5 678 907
1 630 886 723
2 421 553 33533
4 786 936
1 874 897 133
1 146 633 -723
1 711 739 536
1 266 962 526
1 777 814 337
1 104 985 -652
4 20 565
4 587 654
1 631 796 829
1 487 560 816
1 147 782 553
1 804 837 966
1 349 424 -488
2 383 526 77636
4 344 870
6 172 670
1 36 234 -979
3 627 779 63891
1 455 710 -956
1 99 351 -316
2 466 638 2192
1 136 370 2
4 233 769
2 95 701 50722
1 242 880 725
1 388 513 -178
2 45 75 67803
4 128 355
6 218 743
4 10 137
1 135 778 -25
4 908 938
4 84 538
2 196 934 18703
3 485 942 6303
6 89 250
2 413 448 11718
1 688 990 -33
2 125 799 108
2 165 691 58230
1 633 732 160
6 447 516
1 694 947 -336
2 196 653 32753
5 318 797
6 155 322
2 511 928 47215
1 636 688 189
2 865 891 1639
1 56 623 248
4 34 361
3 80 617 55884
4 14 601
4 77 303
4 679 711
1 141 158 880
4 737 773
5 257 788
5 80 638
2 41 604 6065
1 873 919 -558
3 427 633 55779
4 658 996
3 521 864 326
1 313 555 -65
3 646 817 54782
1 717 990 -779
3 336 501 92504
2 671 916 79215
1 91 374 -438
2 269 599 43779
2 523 535 99760
1 388 767 -629
1 24 999 100
1 329 529 429
3 380 705 45377
6 404 691
5 222 834
5 212 502
6 467 896
1 99 241 -394
4 152 244
3 402 652 18917
3 601 688 272
5 217 690
2 6 226 12053
1 501 506 320
4 101 374
1 112 295 -822
4 184 346
2 132 430 28476
2 102 258 43323
4 210 238
5 84 618
1 445 488 475
4 301 490
5 660 913
1 884 904 -979
1 190 210 552
1 288 364 733
2 304 521 10908
2 174 178 39639
1 175 504 413
2 363 790 88545
1 570 594 108
6 48 482
6 725 983
1 389 739 -465
1 123 881 918
4 69 206
1 214 954 -554
6 380 730
2 6 33 66779
4 354 361
1 62 814 676
3 78 125 59616
6 448 906
3 422 818 30613
1 374 835 289
5 75 697
3 218 441 48170
3 133 550 48029
4 384 409
3 476 680 54026
3 472 909 26474
3 171 341 59159
3 641 983 82118
4 313 881
1 158 811 655
2 427 628 14260
1 895 972 -857
3 112 245 2219
3 254 998 4745
1 870 973 818
3 280 966 85513
5 104 694
2 689 873 45479
4 484 904
5 75 672
1 143 399 -585
1 484 866 99
1 103 518 -667
1 104 217 301
3 30 545 32972
1 732 927 663
1 441 580 -462
2 68 395 50930
6 207 730
2 4 41 92705
2 676 709 97945
1 263 868 37
1 12 592 -177
1 228 750 -738
1 53 113 414
5 157 717
1 326 491 743
1 116 343 -163
2 350 787 7483
1 254 664 257
1 425 790 -833
1 282 539 -656
1 571 582 -290
3 371 900 4604
1 491 685 98
1 612 975 -754
3 465 964 40716
3 56 156 62210
1 28 891 -124
4 658 860
5 239 937
1 336 739 902
2 290 386 15314
4 621 636
1 612 650 374
4 521 721
6 356 695
4 430 867
1 588 762 305
1 471 882 647
3 520 617 47082
1 43 820 14
1 263 903 49
1 132 838 -366
4 525 916
5 80 159
1 187 528 -42
2 917 920 3528
1 747 809 554
1 271 838 394
2 337 801 38434
4 279 933
1 132 346 -523
6 673 922
3 134 840 11678
1 277 992 -534
2 90 975 50520
1 880 951 10
1 118 496 610
1 272 314 -269
1 257 743 -844
1 34 578 247
3 416 957 71710
3 463 830 71058
1 467 575 284
3 303 834 44357
2 520 741 25956
4 282 299
1 53 382 298
4 422 644
2 162 594 25693
2 59 627 12495
1 436 489 237
5 333 428
1 283 313 -127
2 165 780 6407
1 481 948 201
1 417 599 -245
1 35 952 -798
3 557 579 17565
3 89 548 39720
1 886 961 546
4 659 786
1 910 946 379
1 87 652 -741
1 296 710 -847
1 346 547 759
2 25 628 16566
3 435 895 89852
1 50 369 729
5 271 778
2 188 576 8082
1 680 970 -716
4 35 657
2 56 975 57520
2 47 821 20629
3 490 733 10902
4 481 660
4 456 480
1 333 642 51
4 120 683
2 309 962 91127
1 457 645 -33
1 270 431 -647
3 695 701 47839
1 246 432 72
1 645 698 -662
4 101 962
1 118 204 222
2 102 921 41538
1 441 509 -983
1 84 891 -118
1 216 837 -750
2 278 926 32621
6 121 273
1 186 244 -945
1 511 604 -711
6 174 669
2 31 649 9719
1 498 657 922
3 334 972 90323
1 308 650 -833
2 426 478 66491
3 368 623 57348
1 273 901 -307
1 489 568 394
1 206 356 -901
4 142 159
4 364 616
2 302 701 95171
6 86 568
2 332 629 23709
3 746 961 54524
1 438 868 628
1 451 726 -993
1 281 393 -981
3 886 896 64746
2 366 378 18591
1 655 895 -807
1 288 645 861
2 58 792 99180
3 1 669 88035
3 153 687 35807
1 698 744 288
1 520 777 -445
3 168 538 36896
5 380 621
1 83 868 918
1 461 500 -371
1 756 963 150
5 416 1000
4 614 666
5 587 848
2 297 926 73482
4 255 532
6 7 302
1 67 317 724
3 353 611 66622
1 173 614 -236
4 455 981
1 522 801 388
2 132 709 35538
1 47 946 -741
3 469 1000 56935
4 187 245
4 299 932
2 91 771 79618
4 436 867
1 285 790 -804
1 505 912 -31
3 57 643 70240
1 674 764 547
1 129 776 431
1 344 454 838
