1 10
1011110011010110000010110001111000111010111101001010100100011101010111010101001010000011010000100001
1000111010001001110101111111111011010110010111000101010101111000101000001011111001101101011111001101
0011100000001110010101010011001000111001001100001011100100000100000100000110011110100111101110010000
0000011010100011000101101111101101101000000101000000110100010000111001001110010010111101100100000100
0100000010111000100100011011111001001011000100010000011110010110111010110110111110011110011010001100
1001111101011000010010000000000100101011110001000101101101100000010011111011101111101011010010011110
0111110011100001111101111110000110001100000100011100011110111000011101101110101010001010010110011101
0100010111111011001011000011111101100110111010110110010010001100010010001100101010010001000010011010
0001111110101111110010000010010111000011001110010111110011010001110111010111010001100101101101100111
0010100110100100000101100001100101011011001011101111001000110010111110011100010100000101100101110101
0101101000000101001111100001101011100100100100100011111111001101101110100100111110101000001101011000
