

5000 2000
1 2 701
2 3 811
3 4 548
4 5 703
5 6 32
6 7 435
7 8 368
8 9 978
9 10 68
10 11 550
11 12 667
12 13 270
13 14 486
14 15 217
15 16 486
16 17 326
17 18 418
18 19 361
19 20 344
20 21 116
21 22 373
22 23 38
23 24 563
24 25 591
25 26 800
26 27 94
27 28 210
28 29 548
29 30 278
30 31 169
31 32 1000
32 33 978
33 34 331
34 35 899
35 36 32
36 37 362
37 38 334
38 39 399
39 40 339
40 41 401
41 42 948
42 43 358
43 44 23
44 45 434
45 46 574
46 47 508
47 48 759
48 49 991
49 50 868
50 51 454
51 52 458
52 53 593
53 54 492
54 55 372
55 56 183
56 57 643
57 58 465
58 59 744
59 60 542
60 61 94
61 62 264
62 63 893
63 64 423
64 65 594
65 66 791
66 67 455
67 68 307
68 69 476
69 70 853
70 71 645
71 72 229
72 73 153
73 74 2
74 75 251
75 76 938
76 77 927
77 78 110
78 79 48
79 80 270
80 81 978
81 82 501
82 83 79
83 84 922
84 85 344
85 86 451
86 87 104
87 88 338
88 89 915
89 90 847
90 91 879
91 92 361
92 93 110
93 94 771
94 95 783
95 96 703
96 97 914
97 98 237
98 99 361
99 100 741
100 101 442
101 102 5
102 103 969
103 104 946
104 105 359
105 106 219
106 107 883
107 108 637
108 109 329
109 110 282
110 111 258
111 112 658
112 113 782
113 114 337
114 115 579
115 116 478
116 117 787
117 118 34
118 119 815
119 120 53
120 121 880
121 122 46
122 123 413
123 124 341
124 125 168
125 126 548
126 127 43
127 128 81
128 129 784
129 130 755
130 131 822
131 132 577
132 133 759
133 134 142
134 135 522
135 136 469
136 137 361
137 138 756
138 139 458
139 140 41
140 141 37
141 142 715
142 143 698
143 144 171
144 145 51
145 146 628
146 147 648
147 148 189
148 149 661
149 150 814
150 151 242
151 152 892
152 153 859
153 154 6
154 155 232
155 156 379
156 157 553
157 158 626
158 159 811
159 160 689
160 161 380
161 162 632
162 163 265
163 164 138
164 165 126
165 166 139
166 167 959
167 168 486
168 169 894
169 170 768
170 171 526
171 172 931
172 173 482
173 174 575
174 175 453
175 176 885
176 177 554
177 178 100
178 179 73
179 180 214
180 181 265
181 182 666
182 183 105
183 184 476
184 185 672
185 186 336
186 187 854
187 188 224
188 189 961
189 190 664
190 191 912
191 192 340
192 193 648
193 194 529
194 195 829
195 196 773
196 197 667
197 198 139
198 199 610
199 200 912
200 201 906
201 202 487
202 203 194
203 204 740
204 205 413
205 206 646
206 207 976
207 208 966
208 209 97
209 210 48
210 211 531
211 212 714
212 213 66
213 214 987
214 215 189
215 216 737
216 217 674
217 218 394
218 219 312
219 220 634
220 221 409
221 222 576
222 223 325
223 224 56
224 225 104
225 226 505
226 227 180
227 228 122
228 229 996
229 230 141
230 231 385
231 232 253
232 233 979
233 234 579
234 235 344
235 236 391
236 237 576
237 238 319
238 239 708
239 240 25
240 241 367
241 242 238
242 243 738
243 244 432
244 245 224
245 246 278
246 247 520
247 248 897
248 249 671
249 250 183
250 251 882
251 252 79
252 253 758
253 254 558
254 255 487
255 256 213
256 257 415
257 258 18
258 259 686
259 260 410
260 261 511
261 262 71
262 263 14
263 264 489
264 265 1
265 266 358
266 267 880
267 268 928
268 269 676
269 270 587
270 271 952
271 272 394
272 273 825
273 274 689
274 275 177
275 276 400
276 277 966
277 278 696
278 279 297
279 280 988
280 281 879
281 282 530
282 283 419
283 284 988
284 285 88
285 286 905
286 287 201
287 288 854
288 289 274
289 290 886
290 291 615
291 292 784
292 293 308
293 294 628
294 295 273
295 296 660
296 297 985
297 298 504
298 299 588
299 300 13
300 301 90
301 302 539
302 303 406
303 304 266
304 305 580
305 306 935
306 307 666
307 308 545
308 309 982
309 310 314
310 311 885
311 312 212
312 313 195
313 314 303
314 315 200
315 316 634
316 317 559
317 318 752
318 319 487
319 320 832
320 321 989
321 322 101
322 323 968
323 324 297
324 325 729
325 326 240
326 327 956
327 328 65
328 329 743
329 330 895
330 331 429
331 332 184
332 333 434
333 334 835
334 335 450
335 336 13
336 337 121
337 338 467
338 339 909
339 340 102
340 341 132
341 342 793
342 343 314
343 344 326
344 345 447
345 346 865
346 347 960
347 348 5
348 349 616
349 350 446
350 351 189
351 352 604
352 353 547
353 354 156
354 355 252
355 356 627
356 357 395
357 358 560
358 359 43
359 360 489
360 361 454
361 362 472
362 363 672
363 364 887
364 365 658
365 366 473
366 367 251
367 368 778
368 369 291
369 370 160
370 371 879
371 372 422
372 373 304
373 374 544
374 375 100
375 376 751
376 377 408
377 378 59
378 379 107
379 380 23
380 381 856
381 382 295
382 383 979
383 384 754
384 385 450
385 386 230
386 387 732
387 388 196
388 389 789
389 390 775
390 391 684
391 392 243
392 393 246
393 394 708
394 395 481
395 396 903
396 397 532
397 398 732
398 399 32
399 400 823
400 401 243
401 402 910
402 403 596
403 404 546
404 405 806
405 406 695
406 407 648
407 408 213
408 409 105
409 410 755
410 411 588
411 412 313
412 413 49
413 414 566
414 415 66
415 416 851
416 417 795
417 418 150
418 419 46
419 420 584
420 421 924
421 422 82
422 423 178
423 424 521
424 425 789
425 426 10
426 427 423
427 428 672
428 429 741
429 430 806
430 431 494
431 432 335
432 433 67
433 434 90
434 435 881
435 436 872
436 437 136
437 438 880
438 439 437
439 440 241
440 441 634
441 442 24
442 443 553
443 444 35
444 445 589
445 446 970
446 447 885
447 448 735
448 449 119
449 450 930
450 451 670
451 452 42
452 453 11
453 454 847
454 455 914
455 456 151
456 457 209
457 458 688
458 459 823
459 460 949
460 461 493
461 462 668
462 463 636
463 464 560
464 465 109
465 466 868
466 467 783
467 468 245
468 469 747
469 470 219
470 471 485
471 472 733
472 473 242
473 474 389
474 475 767
475 476 182
476 477 358
477 478 651
478 479 917
479 480 477
480 481 932
481 482 586
482 483 870
483 484 943
484 485 785
485 486 136
486 487 445
487 488 993
488 489 823
489 490 619
490 491 293
491 492 316
492 493 639
493 494 928
494 495 227
495 496 747
496 497 795
497 498 9
498 499 343
499 500 542
500 501 228
501 502 827
502 503 274
503 504 821
504 505 567
505 506 392
506 507 3
507 508 925
508 509 42
509 510 919
510 511 753
511 512 973
512 513 504
513 514 974
514 515 267
515 516 288
516 517 109
517 518 64
518 519 280
519 520 932
520 521 34
521 522 573
522 523 599
523 524 672
524 525 500
525 526 825
526 527 771
527 528 647
528 529 185
529 530 113
530 531 540
531 532 412
532 533 292
533 534 813
534 535 233
535 536 858
536 537 556
537 538 235
538 539 134
539 540 597
540 541 505
541 542 886
542 543 921
543 544 8
544 545 212
545 546 540
546 547 648
547 548 320
548 549 955
549 550 279
550 551 603
551 552 988
552 553 851
553 554 553
554 555 660
555 556 703
556 557 729
557 558 782
558 559 349
559 560 914
560 561 894
561 562 888
562 563 677
563 564 185
564 565 52
565 566 909
566 567 43
567 568 607
568 569 495
569 570 528
570 571 555
571 572 999
572 573 414
573 574 827
574 575 359
575 576 625
576 577 718
577 578 358
578 579 296
579 580 672
580 581 636
581 582 251
582 583 12
583 584 487
584 585 155
585 586 671
586 587 541
587 588 884
588 589 804
589 590 241
590 591 149
591 592 697
592 593 480
593 594 825
594 595 882
595 596 883
596 597 86
597 598 276
598 599 841
599 600 580
600 601 803
601 602 747
602 603 931
603 604 568
604 605 925
605 606 641
606 607 544
607 608 643
608 609 998
609 610 192
610 611 666
611 612 633
612 613 794
613 614 677
614 615 471
615 616 948
616 617 699
617 618 363
618 619 831
619 620 502
620 621 603
621 622 979
622 623 199
623 624 434
624 625 156
625 626 432
626 627 316
627 628 241
628 629 59
629 630 156
630 631 172
631 632 213
632 633 902
633 634 454
634 635 781
635 636 827
636 637 94
637 638 676
638 639 821
639 640 443
640 641 867
641 642 486
642 643 428
643 644 660
644 645 515
645 646 898
646 647 960
647 648 213
648 649 261
649 650 790
650 651 67
651 652 215
652 653 121
653 654 265
654 655 649
655 656 628
656 657 48
657 658 964
658 659 868
659 660 458
660 661 472
661 662 391
662 663 670
663 664 725
664 665 845
665 666 802
666 667 903
667 668 290
668 669 478
669 670 723
670 671 733
671 672 696
672 673 561
673 674 512
674 675 708
675 676 75
676 677 409
677 678 667
678 679 639
679 680 21
680 681 808
681 682 705
682 683 236
683 684 280
684 685 321
685 686 236
686 687 907
687 688 720
688 689 551
689 690 126
690 691 177
691 692 22
692 693 517
693 694 847
694 695 99
695 696 361
696 697 648
697 698 1
698 699 2
699 700 477
700 701 76
701 702 86
702 703 173
703 704 988
704 705 597
705 706 232
706 707 414
707 708 358
708 709 898
709 710 52
710 711 378
711 712 705
712 713 109
713 714 965
714 715 337
715 716 781
716 717 200
717 718 243
718 719 501
719 720 103
720 721 369
721 722 677
722 723 124
723 724 237
724 725 523
725 726 222
726 727 597
727 728 523
728 729 575
729 730 950
730 731 999
731 732 650
732 733 36
733 734 523
734 735 989
735 736 632
736 737 754
737 738 402
738 739 989
739 740 3
740 741 805
741 742 719
742 743 60
743 744 913
744 745 35
745 746 396
746 747 694
747 748 587
748 749 990
749 750 546
750 751 689
751 752 710
752 753 222
753 754 812
754 755 946
755 756 745
756 757 386
757 758 894
758 759 619
759 760 312
760 761 844
761 762 969
762 763 961
763 764 231
764 765 492
765 766 301
766 767 862
767 768 597
768 769 702
769 770 203
770 771 600
771 772 506
772 773 273
773 774 11
774 775 771
775 776 307
776 777 406
777 778 816
778 779 893
779 780 747
780 781 361
781 782 933
782 783 457
783 784 582
784 785 745
785 786 402
786 787 678
787 788 482
788 789 648
789 790 296
790 791 793
791 792 491
792 793 265
793 794 105
794 795 721
795 796 108
796 797 405
797 798 934
798 799 56
799 800 106
800 801 488
801 802 655
802 803 963
803 804 112
804 805 17
805 806 85
806 807 771
807 808 422
808 809 900
809 810 15
810 811 521
811 812 612
812 813 948
813 814 977
814 815 194
815 816 44
816 817 730
817 818 223
818 819 525
819 820 377
820 821 871
821 822 669
822 823 219
823 824 487
824 825 773
825 826 291
826 827 594
827 828 529
828 829 577
829 830 649
830 831 986
831 832 416
832 833 656
833 834 948
834 835 528
835 836 672
836 837 385
837 838 650
838 839 446
839 840 284
840 841 664
841 842 966
842 843 896
843 844 963
844 845 294
845 846 441
846 847 6
847 848 23
848 849 15
849 850 882
850 851 752
851 852 885
852 853 550
853 854 970
854 855 371
855 856 674
856 857 261
857 858 316
858 859 202
859 860 189
860 861 317
861 862 539
862 863 604
863 864 324
864 865 839
865 866 483
866 867 347
867 868 223
868 869 132
869 870 792
870 871 858
871 872 796
872 873 109
873 874 753
874 875 758
875 876 402
876 877 545
877 878 116
878 879 777
879 880 560
880 881 997
881 882 528
882 883 796
883 884 899
884 885 497
885 886 519
886 887 572
887 888 109
888 889 186
889 890 126
890 891 297
891 892 502
892 893 664
893 894 253
894 895 177
895 896 502
896 897 735
897 898 524
898 899 76
899 900 867
900 901 315
901 902 934
902 903 14
903 904 776
904 905 38
905 906 123
906 907 529
907 908 583
908 909 238
909 910 305
910 911 494
911 912 587
912 913 184
913 914 641
914 915 485
915 916 681
916 917 159
917 918 56
918 919 141
919 920 345
920 921 533
921 922 790
922 923 198
923 924 549
924 925 42
925 926 375
926 927 50
927 928 776
928 929 898
929 930 478
930 931 994
931 932 564
932 933 411
933 934 7
934 935 339
935 936 448
936 937 482
937 938 220
938 939 382
939 940 71
940 941 524
941 942 227
942 943 657
943 944 708
944 945 868
945 946 141
946 947 740
947 948 26
948 949 549
949 950 232
950 951 722
951 952 433
952 953 21
953 954 920
954 955 981
955 956 414
956 957 294
957 958 383
958 959 190
959 960 191
960 961 860
961 962 535
962 963 106
963 964 622
964 965 894
965 966 445
966 967 421
967 968 375
968 969 664
969 970 803
970 971 445
971 972 539
972 973 381
973 974 454
974 975 598
975 976 248
976 977 946
977 978 337
978 979 626
979 980 846
980 981 921
981 982 347
982 983 279
983 984 941
984 985 266
985 986 259
986 987 355
987 988 911
988 989 641
989 990 896
990 991 101
991 992 852
992 993 430
993 994 207
994 995 473
995 996 323
996 997 3
997 998 894
998 999 49
999 1000 18
1000 1001 48
1001 1002 846
1002 1003 908
1003 1004 428
1004 1005 299
1005 1006 506
1006 1007 28
1007 1008 596
1008 1009 194
1009 1010 653
1010 1011 442
1011 1012 114
1012 1013 999
1013 1014 720
1014 1015 55
1015 1016 617
1016 1017 330
1017 1018 761
1018 1019 527
1019 1020 323
1020 1021 656
1021 1022 980
1022 1023 174
1023 1024 437
1024 1025 538
1025 1026 647
1026 1027 112
1027 1028 892
1028 1029 892
1029 1030 160
1030 1031 909
1031 1032 939
1032 1033 5
1033 1034 816
1034 1035 366
1035 1036 655
1036 1037 673
1037 1038 393
1038 1039 251
1039 1040 867
1040 1041 397
1041 1042 692
1042 1043 332
1043 1044 748
1044 1045 763
1045 1046 386
1046 1047 364
1047 1048 92
1048 1049 498
1049 1050 242
1050 1051 766
1051 1052 505
1052 1053 573
1053 1054 940
1054 1055 294
1055 1056 110
1056 1057 938
1057 1058 405
1058 1059 1
1059 1060 181
1060 1061 564
1061 1062 261
1062 1063 119
1063 1064 921
1064 1065 429
1065 1066 836
1066 1067 575
1067 1068 101
1068 1069 581
1069 1070 177
1070 1071 319
1071 1072 977
1072 1073 868
1073 1074 651
1074 1075 76
1075 1076 982
1076 1077 388
1077 1078 791
1078 1079 426
1079 1080 886
1080 1081 33
1081 1082 191
1082 1083 742
1083 1084 957
1084 1085 130
1085 1086 35
1086 1087 67
1087 1088 419
1088 1089 439
1089 1090 419
1090 1091 599
1091 1092 355
1092 1093 680
1093 1094 69
1094 1095 275
1095 1096 108
1096 1097 905
1097 1098 201
1098 1099 560
1099 1100 837
1100 1101 378
1101 1102 879
1102 1103 165
1103 1104 597
1104 1105 529
1105 1106 241
1106 1107 579
1107 1108 916
1108 1109 31
1109 1110 4
1110 1111 153
1111 1112 415
1112 1113 194
1113 1114 895
1114 1115 372
1115 1116 676
1116 1117 929
1117 1118 790
1118 1119 446
1119 1120 720
1120 1121 208
1121 1122 45
1122 1123 74
1123 1124 239
1124 1125 465
1125 1126 700
1126 1127 346
1127 1128 369
1128 1129 900
1129 1130 906
1130 1131 205
1131 1132 629
1132 1133 136
1133 1134 370
1134 1135 226
1135 1136 664
1136 1137 962
1137 1138 156
1138 1139 931
1139 1140 992
1140 1141 511
1141 1142 84
1142 1143 407
1143 1144 56
1144 1145 330
1145 1146 130
1146 1147 83
1147 1148 258
1148 1149 919
1149 1150 529
1150 1151 329
1151 1152 126
1152 1153 925
1153 1154 402
1154 1155 717
1155 1156 389
1156 1157 453
1157 1158 62
1158 1159 110
1159 1160 353
1160 1161 319
1161 1162 314
1162 1163 333
1163 1164 806
1164 1165 35
1165 1166 910
1166 1167 469
1167 1168 996
1168 1169 65
1169 1170 400
1170 1171 340
1171 1172 927
1172 1173 835
1173 1174 746
1174 1175 983
1175 1176 164
1176 1177 227
1177 1178 65
1178 1179 773
1179 1180 145
1180 1181 945
1181 1182 102
1182 1183 622
1183 1184 869
1184 1185 855
1185 1186 338
1186 1187 258
1187 1188 308
1188 1189 752
1189 1190 367
1190 1191 12
1191 1192 422
1192 1193 32
1193 1194 696
1194 1195 228
1195 1196 419
1196 1197 606
1197 1198 696
1198 1199 414
1199 1200 22
1200 1201 447
1201 1202 105
1202 1203 949
1203 1204 633
1204 1205 850
1205 1206 283
1206 1207 148
1207 1208 428
1208 1209 347
1209 1210 273
1210 1211 572
1211 1212 292
1212 1213 374
1213 1214 546
1214 1215 512
1215 1216 580
1216 1217 883
1217 1218 769
1218 1219 239
1219 1220 634
1220 1221 487
1221 1222 602
1222 1223 408
1223 1224 871
1224 1225 298
1225 1226 635
1226 1227 289
1227 1228 903
1228 1229 682
1229 1230 54
1230 1231 924
1231 1232 481
1232 1233 159
1233 1234 224
1234 1235 465
1235 1236 360
1236 1237 506
1237 1238 613
1238 1239 788
1239 1240 205
1240 1241 885
1241 1242 711
1242 1243 848
1243 1244 610
1244 1245 256
1245 1246 359
1246 1247 189
1247 1248 139
1248 1249 480
1249 1250 780
1250 1251 124
1251 1252 966
1252 1253 381
1253 1254 531
1254 1255 188
1255 1256 678
1256 1257 517
1257 1258 476
1258 1259 580
1259 1260 551
1260 1261 882
1261 1262 856
1262 1263 31
1263 1264 40
1264 1265 431
1265 1266 495
1266 1267 751
1267 1268 289
1268 1269 459
1269 1270 538
1270 1271 493
1271 1272 343
1272 1273 249
1273 1274 340
1274 1275 304
1275 1276 856
1276 1277 50
1277 1278 493
1278 1279 994
1279 1280 529
1280 1281 624
1281 1282 470
1282 1283 847
1283 1284 4
1284 1285 352
1285 1286 34
1286 1287 34
1287 1288 869
1288 1289 862
1289 1290 965
1290 1291 771
1291 1292 743
1292 1293 820
1293 1294 801
1294 1295 134
1295 1296 603
1296 1297 647
1297 1298 884
1298 1299 891
1299 1300 106
1300 1301 774
1301 1302 735
1302 1303 800
1303 1304 22
1304 1305 426
1305 1306 104
1306 1307 877
1307 1308 475
1308 1309 948
1309 1310 223
1310 1311 356
1311 1312 571
1312 1313 692
1313 1314 202
1314 1315 926
1315 1316 395
1316 1317 587
1317 1318 959
1318 1319 615
1319 1320 448
1320 1321 924
1321 1322 385
1322 1323 542
1323 1324 95
1324 1325 537
1325 1326 675
1326 1327 49
1327 1328 184
1328 1329 559
1329 1330 939
1330 1331 641
1331 1332 332
1332 1333 25
1333 1334 792
1334 1335 705
1335 1336 450
1336 1337 895
1337 1338 933
1338 1339 925
1339 1340 194
1340 1341 507
1341 1342 632
1342 1343 116
1343 1344 550
1344 1345 833
1345 1346 42
1346 1347 945
1347 1348 771
1348 1349 352
1349 1350 559
1350 1351 571
1351 1352 275
1352 1353 296
1353 1354 112
1354 1355 722
1355 1356 832
1356 1357 787
1357 1358 770
1358 1359 367
1359 1360 697
1360 1361 61
1361 1362 359
1362 1363 380
1363 1364 85
1364 1365 151
1365 1366 436
1366 1367 535
1367 1368 397
1368 1369 368
1369 1370 811
1370 1371 591
1371 1372 227
1372 1373 442
1373 1374 706
1374 1375 776
1375 1376 626
1376 1377 747
1377 1378 720
1378 1379 748
1379 1380 451
1380 1381 631
1381 1382 318
1382 1383 77
1383 1384 926
1384 1385 430
1385 1386 798
1386 1387 109
1387 1388 568
1388 1389 920
1389 1390 476
1390 1391 616
1391 1392 980
1392 1393 834
1393 1394 995
1394 1395 416
1395 1396 984
1396 1397 430
1397 1398 302
1398 1399 381
1399 1400 149
1400 1401 464
1401 1402 323
1402 1403 375
1403 1404 905
1404 1405 28
1405 1406 503
1406 1407 882
1407 1408 127
1408 1409 574
1409 1410 630
1410 1411 577
1411 1412 204
1412 1413 299
1413 1414 653
1414 1415 481
1415 1416 728
1416 1417 803
1417 1418 942
1418 1419 647
1419 1420 722
1420 1421 417
1421 1422 262
1422 1423 53
1423 1424 602
1424 1425 608
1425 1426 820
1426 1427 938
1427 1428 389
1428 1429 122
1429 1430 670
1430 1431 890
1431 1432 585
1432 1433 992
1433 1434 264
1434 1435 842
1435 1436 371
1436 1437 766
1437 1438 75
1438 1439 497
1439 1440 692
1440 1441 56
1441 1442 73
1442 1443 895
1443 1444 355
1444 1445 78
1445 1446 728
1446 1447 434
1447 1448 880
1448 1449 669
1449 1450 81
1450 1451 953
1451 1452 437
1452 1453 694
1453 1454 5
1454 1455 390
1455 1456 654
1456 1457 824
1457 1458 327
1458 1459 42
1459 1460 297
1460 1461 348
1461 1462 931
1462 1463 882
1463 1464 339
1464 1465 547
1465 1466 75
1466 1467 710
1467 1468 664
1468 1469 149
1469 1470 558
1470 1471 355
1471 1472 205
1472 1473 631
1473 1474 602
1474 1475 559
1475 1476 60
1476 1477 681
1477 1478 992
1478 1479 291
1479 1480 349
1480 1481 424
1481 1482 243
1482 1483 137
1483 1484 470
1484 1485 599
1485 1486 526
1486 1487 123
1487 1488 774
1488 1489 205
1489 1490 516
1490 1491 71
1491 1492 552
1492 1493 447
1493 1494 304
1494 1495 243
1495 1496 345
1496 1497 378
1497 1498 952
1498 1499 8
1499 1500 526
1500 1501 509
1501 1502 715
1502 1503 730
1503 1504 491
1504 1505 316
1505 1506 640
1506 1507 902
1507 1508 996
1508 1509 984
1509 1510 192
1510 1511 696
1511 1512 759
1512 1513 434
1513 1514 184
1514 1515 228
1515 1516 384
1516 1517 61
1517 1518 702
1518 1519 158
1519 1520 265
1520 1521 218
1521 1522 228
1522 1523 169
1523 1524 16
1524 1525 883
1525 1526 411
1526 1527 360
1527 1528 260
1528 1529 714
1529 1530 719
1530 1531 137
1531 1532 574
1532 1533 785
1533 1534 867
1534 1535 417
1535 1536 100
1536 1537 858
1537 1538 318
1538 1539 447
1539 1540 193
1540 1541 510
1541 1542 494
1542 1543 952
1543 1544 295
1544 1545 677
1545 1546 531
1546 1547 679
1547 1548 738
1548 1549 233
1549 1550 836
1550 1551 354
1551 1552 802
1552 1553 415
1553 1554 874
1554 1555 817
1555 1556 297
1556 1557 636
1557 1558 528
1558 1559 908
1559 1560 349
1560 1561 598
1561 1562 44
1562 1563 275
1563 1564 383
1564 1565 262
1565 1566 691
1566 1567 834
1567 1568 120
1568 1569 8
1569 1570 633
1570 1571 312
1571 1572 869
1572 1573 126
1573 1574 615
1574 1575 516
1575 1576 155
1576 1577 146
1577 1578 194
1578 1579 244
1579 1580 378
1580 1581 381
1581 1582 597
1582 1583 179
1583 1584 795
1584 1585 823
1585 1586 347
1586 1587 443
1587 1588 458
1588 1589 226
1589 1590 350
1590 1591 159
1591 1592 823
1592 1593 745
1593 1594 433
1594 1595 557
1595 1596 7
1596 1597 475
1597 1598 391
1598 1599 478
1599 1600 834
1600 1601 375
1601 1602 789
1602 1603 703
1603 1604 500
1604 1605 404
1605 1606 218
1606 1607 654
1607 1608 901
1608 1609 763
1609 1610 897
1610 1611 278
1611 1612 143
1612 1613 846
1613 1614 808
1614 1615 289
1615 1616 20
1616 1617 154
1617 1618 83
1618 1619 477
1619 1620 379
1620 1621 784
1621 1622 987
1622 1623 553
1623 1624 528
1624 1625 771
1625 1626 110
1626 1627 886
1627 1628 245
1628 1629 852
1629 1630 363
1630 1631 79
1631 1632 226
1632 1633 504
1633 1634 133
1634 1635 77
1635 1636 907
1636 1637 702
1637 1638 731
1638 1639 159
1639 1640 464
1640 1641 979
1641 1642 436
1642 1643 958
1643 1644 176
1644 1645 243
1645 1646 246
1646 1647 195
1647 1648 748
1648 1649 680
1649 1650 24
1650 1651 478
1651 1652 463
1652 1653 10
1653 1654 30
1654 1655 342
1655 1656 133
1656 1657 491
1657 1658 228
1658 1659 377
1659 1660 342
1660 1661 590
1661 1662 455
1662 1663 919
1663 1664 93
1664 1665 939
1665 1666 996
1666 1667 351
182 1668 640
1315 1669 509
968 1670 408
66 1671 412
1302 1672 890
421 1673 130
1431 1674 688
1314 1675 114
1671 1676 867
751 1677 196
1468 1678 986
742 1679 375
1160 1680 364
449 1681 598
849 1682 120
874 1683 511
429 1684 22
578 1685 214
1151 1686 667
1683 1687 717
1412 1688 634
554 1689 897
658 1690 703
359 1691 175
1183 1692 858
943 1693 567
129 1694 144
1054 1695 522
257 1696 826
1338 1697 668
380 1698 416
576 1699 57
150 1700 901
620 1701 571
1301 1702 247
1063 1703 828
331 1704 484
978 1705 906
497 1706 86
1545 1707 106
128 1708 802
989 1709 490
1527 1710 669
1604 1711 156
687 1712 834
1594 1713 439
994 1714 705
1471 1715 391
1503 1716 469
1239 1717 876
134 1718 951
1010 1719 947
1596 1720 779
1496 1721 324
3 1722 636
135 1723 863
378 1724 805
465 1725 85
1543 1726 714
476 1727 318
26 1728 767
439 1729 501
841 1730 955
1533 1731 780
522 1732 555
521 1733 490
426 1734 710
456 1735 938
1558 1736 992
483 1737 407
200 1738 394
692 1739 767
817 1740 620
426 1741 22
1172 1742 795
774 1743 585
773 1744 799
26 1745 736
1375 1746 327
613 1747 528
932 1748 522
559 1749 385
646 1750 157
1398 1751 422
496 1752 287
528 1753 126
1519 1754 97
1064 1755 229
55 1756 446
649 1757 753
1059 1758 292
1395 1759 506
1141 1760 421
507 1761 196
254 1762 460
851 1763 627
1038 1764 444
76 1765 563
1429 1766 37
897 1767 747
613 1768 811
827 1769 354
179 1770 467
722 1771 327
423 1772 183
1674 1773 504
1766 1774 768
164 1775 916
1336 1776 954
133 1777 287
1128 1778 538
775 1779 393
1355 1780 628
556 1781 580
296 1782 290
1600 1783 690
1 1784 253
1471 1785 711
629 1786 624
228 1787 630
898 1788 819
762 1789 631
997 1790 846
399 1791 126
291 1792 9
1690 1793 211
225 1794 28
883 1795 878
1339 1796 261
1534 1797 22
1732 1798 486
888 1799 2
1557 1800 753
1128 1801 808
571 1802 804
44 1803 885
1706 1804 275
1692 1805 560
262 1806 766
1280 1807 919
489 1808 800
1595 1809 672
991 1810 436
106 1811 186
1516 1812 710
823 1813 246
850 1814 918
1298 1815 637
749 1816 14
1217 1817 102
1133 1818 233
715 1819 790
999 1820 853
1638 1821 331
783 1822 385
1234 1823 744
1410 1824 81
1172 1825 715
1325 1826 667
908 1827 212
1639 1828 106
1419 1829 923
1808 1830 759
192 1831 397
1090 1832 2
155 1833 588
203 1834 835
582 1835 797
1257 1836 78
790 1837 9
918 1838 727
1062 1839 350
1008 1840 870
417 1841 675
66 1842 963
1232 1843 264
1460 1844 46
772 1845 795
833 1846 744
1186 1847 927
681 1848 392
1466 1849 36
361 1850 243
872 1851 617
1177 1852 311
1033 1853 485
625 1854 81
1263 1855 548
990 1856 601
1331 1857 839
1382 1858 812
1304 1859 335
1280 1860 640
695 1861 365
776 1862 375
118 1863 832
678 1864 157
199 1865 47
216 1866 403
761 1867 422
935 1868 993
973 1869 805
1525 1870 444
1227 1871 727
1733 1872 631
1746 1873 311
357 1874 19
1676 1875 355
1720 1876 829
1479 1877 392
1127 1878 363
1121 1879 24
682 1880 794
828 1881 622
1789 1882 86
1306 1883 964
290 1884 653
629 1885 854
186 1886 177
1167 1887 845
1314 1888 497
403 1889 600
1323 1890 856
1846 1891 172
1335 1892 26
1012 1893 591
574 1894 491
940 1895 610
1723 1896 36
521 1897 184
1257 1898 978
656 1899 902
1226 1900 971
547 1901 430
452 1902 688
502 1903 953
763 1904 133
604 1905 51
989 1906 211
1148 1907 375
1043 1908 489
1823 1909 327
74 1910 283
1870 1911 615
1039 1912 871
496 1913 495
573 1914 648
1481 1915 829
1294 1916 855
130 1917 117
1571 1918 884
1512 1919 430
615 1920 326
256 1921 59
1416 1922 53
624 1923 475
660 1924 102
1308 1925 872
1686 1926 88
640 1927 406
506 1928 635
1763 1929 157
100 1930 647
1704 1931 605
1382 1932 948
1827 1933 747
119 1934 142
1037 1935 551
679 1936 7
84 1937 354
1749 1938 394
698 1939 305
155 1940 980
660 1941 583
880 1942 662
1038 1943 729
681 1944 591
1134 1945 282
676 1946 575
1298 1947 443
248 1948 607
1204 1949 56
972 1950 717
1375 1951 567
11 1952 919
72 1953 486
1830 1954 452
445 1955 511
1804 1956 318
843 1957 202
1719 1958 785
562 1959 626
1467 1960 168
1374 1961 317
341 1962 145
191 1963 967
763 1964 299
1767 1965 203
171 1966 332
594 1967 442
1967 1968 744
179 1969 913
1780 1970 69
506 1971 978
860 1972 869
417 1973 716
236 1974 461
1836 1975 732
598 1976 952
289 1977 73
158 1978 806
1053 1979 903
1407 1980 413
1296 1981 823
1042 1982 577
1715 1983 345
1655 1984 543
1235 1985 867
951 1986 680
908 1987 700
519 1988 727
203 1989 905
1426 1990 459
1153 1991 167
1628 1992 684
1297 1993 563
529 1994 630
1520 1995 297
757 1996 274
1554 1997 489
1492 1998 87
1827 1999 522
1668 2000 441
1121 2001 943
1681 2002 288
52 2003 372
396 2004 760
1027 2005 553
289 2006 264
1781 2007 685
714 2008 309
1682 2009 139
1967 2010 63
1536 2011 683
560 2012 259
269 2013 538
443 2014 355
1908 2015 678
1360 2016 503
1855 2017 268
141 2018 614
355 2019 508
853 2020 267
350 2021 295
1759 2022 130
1945 2023 828
138 2024 577
192 2025 728
813 2026 457
531 2027 679
1966 2028 933
1040 2029 764
1871 2030 979
381 2031 83
1894 2032 60
1713 2033 623
278 2034 340
1522 2035 750
886 2036 542
940 2037 487
1895 2038 375
655 2039 814
1063 2040 984
760 2041 294
33 2042 655
410 2043 507
1493 2044 540
1810 2045 227
1836 2046 710
221 2047 703
251 2048 362
1253 2049 498
704 2050 159
1203 2051 307
1253 2052 994
1720 2053 76
1313 2054 459
1536 2055 23
1683 2056 485
1428 2057 233
1231 2058 992
460 2059 431
1092 2060 360
1 2061 753
1332 2062 669
648 2063 894
1276 2064 484
538 2065 82
1980 2066 341
1042 2067 694
37 2068 885
435 2069 406
1487 2070 713
318 2071 488
866 2072 447
71 2073 689
68 2074 811
1356 2075 674
1078 2076 479
1155 2077 295
1792 2078 585
1512 2079 528
411 2080 930
550 2081 413
1035 2082 701
1801 2083 955
1820 2084 579
1236 2085 279
1646 2086 139
546 2087 841
260 2088 837
815 2089 376
1794 2090 999
967 2091 521
1630 2092 530
1086 2093 975
940 2094 354
575 2095 885
605 2096 814
386 2097 552
959 2098 108
462 2099 450
1151 2100 218
156 2101 681
1602 2102 845
1876 2103 941
746 2104 753
695 2105 32
794 2106 420
1800 2107 931
67 2108 70
871 2109 767
683 2110 110
956 2111 705
1241 2112 653
888 2113 141
1309 2114 466
165 2115 797
278 2116 22
523 2117 390
11 2118 350
1043 2119 900
143 2120 350
610 2121 557
2064 2122 835
1278 2123 71
921 2124 744
738 2125 679
610 2126 192
982 2127 481
988 2128 695
1992 2129 603
1346 2130 915
177 2131 546
279 2132 229
1434 2133 803
284 2134 617
2065 2135 384
301 2136 984
458 2137 88
929 2138 780
1429 2139 426
881 2140 698
950 2141 728
2015 2142 838
1404 2143 85
1509 2144 181
1471 2145 43
1898 2146 791
741 2147 31
795 2148 875
423 2149 652
395 2150 238
274 2151 809
1632 2152 680
1203 2153 95
2150 2154 757
869 2155 981
1164 2156 975
1033 2157 48
1796 2158 916
438 2159 696
222 2160 523
1193 2161 543
1117 2162 30
2004 2163 35
1804 2164 110
1043 2165 747
2155 2166 74
2081 2167 272
1047 2168 803
639 2169 563
690 2170 238
2125 2171 69
299 2172 603
1607 2173 729
814 2174 600
894 2175 318
460 2176 218
1096 2177 139
1204 2178 785
1260 2179 151
583 2180 211
1684 2181 592
192 2182 804
84 2183 388
2026 2184 934
283 2185 868
352 2186 845
1145 2187 87
469 2188 404
191 2189 317
265 2190 943
1010 2191 829
411 2192 846
358 2193 407
866 2194 139
972 2195 523
1702 2196 158
1469 2197 337
501 2198 682
2171 2199 270
2166 2200 26
270 2201 137
1669 2202 426
1981 2203 669
976 2204 390
2176 2205 536
874 2206 971
419 2207 492
139 2208 682
980 2209 446
1695 2210 511
739 2211 873
1259 2212 139
468 2213 981
1673 2214 286
659 2215 786
2037 2216 740
1117 2217 533
119 2218 497
333 2219 697
1127 2220 537
1748 2221 570
390 2222 947
692 2223 676
76 2224 15
789 2225 152
1151 2226 145
2177 2227 193
1348 2228 585
2154 2229 102
1209 2230 128
1629 2231 533
1707 2232 161
449 2233 735
1349 2234 969
663 2235 895
652 2236 367
357 2237 364
564 2238 229
1737 2239 645
716 2240 512
1016 2241 120
1599 2242 523
652 2243 291
1941 2244 189
372 2245 681
1900 2246 631
2141 2247 886
382 2248 981
1101 2249 151
2081 2250 403
1019 2251 454
299 2252 214
1870 2253 433
1953 2254 208
1339 2255 37
1231 2256 576
1155 2257 78
2230 2258 819
2204 2259 910
2192 2260 112
214 2261 27
562 2262 155
1159 2263 236
599 2264 884
1830 2265 436
434 2266 135
972 2267 406
6 2268 409
904 2269 142
1167 2270 619
1055 2271 38
1271 2272 37
2167 2273 645
1337 2274 835
1614 2275 566
1543 2276 495
1853 2277 391
311 2278 857
1030 2279 136
1193 2280 716
1770 2281 378
1354 2282 811
41 2283 550
1344 2284 325
1404 2285 187
1979 2286 220
1628 2287 490
1569 2288 691
1686 2289 814
130 2290 391
1695 2291 527
16 2292 324
2012 2293 886
2205 2294 599
2248 2295 919
876 2296 943
65 2297 516
1605 2298 431
65 2299 971
1630 2300 107
1978 2301 50
2267 2302 733
1657 2303 285
539 2304 728
2222 2305 4
1281 2306 829
1134 2307 355
979 2308 800
946 2309 683
670 2310 612
314 2311 64
1843 2312 601
1455 2313 306
2273 2314 347
1863 2315 490
474 2316 785
753 2317 130
1627 2318 782
1143 2319 643
1032 2320 215
2196 2321 979
1239 2322 529
66 2323 899
826 2324 924
259 2325 77
1192 2326 239
2325 2327 440
428 2328 422
192 2329 222
1158 2330 724
250 2331 572
2313 2332 601
2134 2333 728
1918 2334 818
307 2335 595
818 2336 369
889 2337 780
2197 2338 257
2102 2339 576
934 2340 315
593 2341 418
1560 2342 496
449 2343 392
2038 2344 305
756 2345 37
58 2346 27
1815 2347 240
2004 2348 661
614 2349 713
854 2350 689
109 2351 214
1638 2352 231
1199 2353 657
551 2354 727
527 2355 370
1377 2356 236
279 2357 946
1362 2358 995
575 2359 999
72 2360 653
199 2361 30
741 2362 643
2093 2363 657
445 2364 588
1100 2365 484
1290 2366 27
405 2367 37
2177 2368 746
392 2369 95
2319 2370 925
1472 2371 217
303 2372 602
2252 2373 242
2259 2374 850
986 2375 598
253 2376 627
1477 2377 180
1959 2378 896
1353 2379 275
2291 2380 557
1895 2381 463
2050 2382 159
189 2383 192
1715 2384 543
1267 2385 80
1756 2386 102
275 2387 330
349 2388 809
262 2389 651
332 2390 515
2301 2391 159
432 2392 227
227 2393 761
89 2394 878
1406 2395 309
1096 2396 144
2375 2397 720
1928 2398 621
2290 2399 911
14 2400 549
450 2401 982
1332 2402 990
1900 2403 352
315 2404 938
1556 2405 456
1459 2406 954
306 2407 944
1614 2408 656
1397 2409 654
587 2410 442
206 2411 318
871 2412 85
1762 2413 592
1728 2414 948
606 2415 221
99 2416 195
752 2417 497
1089 2418 569
627 2419 334
1017 2420 906
1899 2421 310
1184 2422 754
1763 2423 390
393 2424 661
863 2425 293
1835 2426 710
480 2427 40
477 2428 647
1158 2429 203
1583 2430 836
910 2431 793
1637 2432 681
1217 2433 918
1791 2434 192
1127 2435 107
199 2436 391
1444 2437 307
405 2438 374
1790 2439 257
2225 2440 92
1001 2441 488
2189 2442 159
769 2443 298
1403 2444 509
2152 2445 454
1696 2446 627
305 2447 726
1643 2448 238
781 2449 908
1941 2450 245
535 2451 878
2363 2452 134
471 2453 130
499 2454 232
2029 2455 893
1305 2456 287
405 2457 475
236 2458 259
1499 2459 305
2018 2460 625
1531 2461 463
1185 2462 355
1932 2463 910
646 2464 534
2282 2465 372
1726 2466 534
1558 2467 412
1164 2468 785
1508 2469 878
515 2470 983
2251 2471 691
1875 2472 502
1528 2473 417
798 2474 641
2079 2475 230
894 2476 830
1052 2477 868
1169 2478 583
1396 2479 479
726 2480 945
190 2481 245
1575 2482 803
201 2483 497
1271 2484 253
1067 2485 306
1918 2486 496
2375 2487 855
1168 2488 865
489 2489 812
1366 2490 695
144 2491 122
650 2492 85
2196 2493 411
1652 2494 469
2031 2495 487
617 2496 90
1604 2497 594
2494 2498 739
2237 2499 182
511 2500 169
16 2501 577
30 2502 187
1377 2503 365
777 2504 53
1819 2505 260
1896 2506 569
1752 2507 622
835 2508 73
1565 2509 377
2465 2510 920
2240 2511 657
26 2512 946
2221 2513 253
2029 2514 692
6 2515 27
1544 2516 274
428 2517 228
1072 2518 386
1969 2519 863
871 2520 471
72 2521 537
2115 2522 854
718 2523 397
390 2524 190
10 2525 170
1501 2526 987
1873 2527 823
946 2528 75
1071 2529 969
405 2530 861
2296 2531 330
432 2532 950
1672 2533 298
1511 2534 852
763 2535 126
1232 2536 985
1806 2537 714
176 2538 172
1716 2539 467
2037 2540 234
732 2541 175
1367 2542 461
497 2543 504
792 2544 423
2540 2545 357
1917 2546 819
2128 2547 473
127 2548 595
727 2549 159
1026 2550 633
1417 2551 121
1069 2552 298
909 2553 806
191 2554 295
1872 2555 182
883 2556 907
695 2557 451
1983 2558 704
1109 2559 958
1770 2560 778
908 2561 114
460 2562 352
2453 2563 420
1656 2564 708
2456 2565 745
1635 2566 214
1335 2567 309
1115 2568 50
168 2569 683
763 2570 738
1216 2571 575
2388 2572 924
84 2573 715
294 2574 683
1195 2575 458
2273 2576 337
1449 2577 760
649 2578 860
943 2579 635
2405 2580 461
574 2581 611
1861 2582 947
26 2583 888
842 2584 384
329 2585 339
2430 2586 786
2138 2587 117
1790 2588 641
320 2589 41
1126 2590 854
1730 2591 136
609 2592 420
1271 2593 878
2226 2594 778
556 2595 198
2035 2596 946
1380 2597 263
2046 2598 78
2455 2599 887
1648 2600 71
1457 2601 934
2448 2602 841
2272 2603 270
2553 2604 232
1769 2605 157
2277 2606 159
1088 2607 978
556 2608 538
291 2609 560
1466 2610 423
889 2611 256
1569 2612 268
2225 2613 260
816 2614 19
276 2615 158
1701 2616 427
1828 2617 298
1085 2618 492
2401 2619 101
53 2620 876
1234 2621 511
1312 2622 252
539 2623 963
1667 2624 47
894 2625 808
688 2626 631
4 2627 838
2036 2628 933
459 2629 595
992 2630 299
836 2631 40
1446 2632 194
2277 2633 345
1689 2634 255
486 2635 759
2056 2636 405
2632 2637 515
1540 2638 460
1325 2639 796
1483 2640 351
853 2641 976
226 2642 18
1634 2643 582
1984 2644 965
524 2645 252
974 2646 279
946 2647 989
2200 2648 684
59 2649 508
255 2650 129
1835 2651 68
2629 2652 886
1318 2653 540
1109 2654 763
1045 2655 204
1354 2656 290
531 2657 797
2046 2658 695
1041 2659 960
1515 2660 906
1925 2661 922
1721 2662 558
2244 2663 656
86 2664 946
914 2665 532
1109 2666 781
1019 2667 310
2297 2668 885
1940 2669 716
1410 2670 536
1997 2671 760
497 2672 97
775 2673 835
2100 2674 287
266 2675 449
1598 2676 60
922 2677 376
2538 2678 984
570 2679 563
2436 2680 899
231 2681 707
80 2682 44
2557 2683 49
515 2684 865
1244 2685 576
2522 2686 682
1488 2687 576
2551 2688 595
1761 2689 272
425 2690 907
2119 2691 425
17 2692 795
1086 2693 288
1246 2694 535
2201 2695 411
833 2696 295
194 2697 816
1923 2698 134
414 2699 266
911 2700 980
2013 2701 102
176 2702 880
530 2703 143
1970 2704 791
377 2705 59
2518 2706 486
1202 2707 367
1903 2708 634
2161 2709 762
259 2710 207
1991 2711 657
2203 2712 641
142 2713 191
701 2714 40
2449 2715 828
1844 2716 1
228 2717 383
2630 2718 957
1761 2719 57
2454 2720 939
1456 2721 796
1224 2722 949
1649 2723 408
1267 2724 520
1846 2725 807
2363 2726 692
329 2727 579
149 2728 287
302 2729 162
1463 2730 576
1346 2731 48
916 2732 269
1318 2733 159
1853 2734 955
2469 2735 324
681 2736 682
247 2737 20
4 2738 985
1710 2739 917
1162 2740 947
931 2741 933
991 2742 185
1525 2743 675
1324 2744 279
743 2745 852
2599 2746 529
1653 2747 134
656 2748 681
1327 2749 374
2227 2750 508
291 2751 231
1712 2752 168
2560 2753 523
2003 2754 381
1861 2755 359
417 2756 161
110 2757 669
1753 2758 154
211 2759 872
147 2760 883
2283 2761 991
354 2762 974
1884 2763 559
1784 2764 416
939 2765 640
102 2766 630
807 2767 168
662 2768 824
1508 2769 653
103 2770 129
241 2771 234
2344 2772 654
636 2773 338
2129 2774 949
1475 2775 944
536 2776 285
98 2777 945
2252 2778 409
1027 2779 264
1586 2780 788
2137 2781 803
1543 2782 477
296 2783 917
1748 2784 660
2620 2785 207
1947 2786 932
753 2787 780
172 2788 46
659 2789 96
1829 2790 679
465 2791 529
468 2792 676
237 2793 924
1727 2794 329
1384 2795 613
970 2796 442
1974 2797 884
1432 2798 737
1378 2799 569
815 2800 721
652 2801 887
1312 2802 918
1492 2803 940
1484 2804 135
641 2805 310
1793 2806 426
1400 2807 831
1999 2808 311
911 2809 538
2059 2810 293
2716 2811 106
1302 2812 268
2060 2813 355
439 2814 789
1061 2815 751
87 2816 401
2183 2817 512
2227 2818 655
301 2819 634
2605 2820 838
956 2821 306
390 2822 132
1069 2823 69
1963 2824 242
2695 2825 785
2166 2826 459
1108 2827 972
259 2828 879
1751 2829 730
2472 2830 953
1644 2831 879
577 2832 821
2323 2833 376
2563 2834 545
2414 2835 967
2552 2836 655
1002 2837 349
1687 2838 760
787 2839 932
362 2840 726
1416 2841 887
2544 2842 607
1767 2843 262
1574 2844 537
809 2845 208
2761 2846 174
730 2847 194
327 2848 180
604 2849 820
2589 2850 929
1535 2851 809
888 2852 410
1453 2853 73
549 2854 278
1874 2855 522
1738 2856 720
1670 2857 891
2119 2858 618
1688 2859 515
2068 2860 846
1240 2861 995
2425 2862 159
2332 2863 717
629 2864 109
2709 2865 765
2279 2866 675
2054 2867 676
518 2868 83
412 2869 957
1864 2870 751
1983 2871 67
2197 2872 237
1095 2873 500
1737 2874 461
2185 2875 360
1456 2876 439
2062 2877 30
1183 2878 246
674 2879 639
363 2880 282
788 2881 94
922 2882 977
2875 2883 96
2279 2884 516
1087 2885 770
804 2886 881
2303 2887 441
2497 2888 146
1078 2889 323
1431 2890 306
606 2891 616
939 2892 388
1701 2893 45
2003 2894 391
2758 2895 338
2819 2896 439
1479 2897 684
2801 2898 552
130 2899 825
716 2900 830
210 2901 390
321 2902 134
201 2903 178
2176 2904 121
410 2905 941
2691 2906 535
2230 2907 874
238 2908 553
1963 2909 259
1385 2910 953
2023 2911 318
1656 2912 731
1627 2913 509
1369 2914 779
702 2915 406
1325 2916 631
300 2917 21
1391 2918 976
2458 2919 99
278 2920 51
2857 2921 874
2612 2922 594
2828 2923 210
1754 2924 368
733 2925 440
1358 2926 768
764 2927 415
1894 2928 758
793 2929 484
432 2930 608
360 2931 200
1511 2932 35
958 2933 58
1658 2934 771
317 2935 458
333 2936 194
1107 2937 109
577 2938 781
2130 2939 637
1112 2940 138
905 2941 820
388 2942 185
2197 2943 754
7 2944 510
533 2945 183
1732 2946 830
511 2947 59
2418 2948 954
2908 2949 226
523 2950 271
2816 2951 248
1754 2952 365
2817 2953 954
1134 2954 26
1961 2955 645
1851 2956 18
1934 2957 419
74 2958 402
2917 2959 496
1287 2960 113
1055 2961 380
2191 2962 412
403 2963 511
957 2964 905
1391 2965 793
32 2966 771
2531 2967 342
1357 2968 748
1565 2969 336
597 2970 589
326 2971 287
2723 2972 147
81 2973 159
2032 2974 932
597 2975 811
492 2976 36
1471 2977 691
87 2978 979
2783 2979 868
1734 2980 288
990 2981 409
2846 2982 51
682 2983 897
1895 2984 749
2785 2985 274
2762 2986 563
2319 2987 942
2322 2988 968
2148 2989 961
2661 2990 458
226 2991 648
2325 2992 665
1540 2993 996
641 2994 890
2721 2995 230
106 2996 522
2069 2997 587
1618 2998 92
2320 2999 426
128 3000 418
332 3001 176
2169 3002 611
1691 3003 744
2527 3004 921
94 3005 182
1951 3006 180
1164 3007 927
408 3008 518
1679 3009 191
1727 3010 785
59 3011 935
2832 3012 763
1574 3013 583
1494 3014 59
2790 3015 46
608 3016 59
2086 3017 159
1821 3018 394
924 3019 952
2392 3020 959
2778 3021 395
2105 3022 665
436 3023 333
2935 3024 244
644 3025 292
1428 3026 648
244 3027 38
2839 3028 803
269 3029 967
491 3030 980
650 3031 689
281 3032 289
2994 3033 411
2714 3034 453
2109 3035 347
2516 3036 550
2062 3037 900
2007 3038 414
1951 3039 99
58 3040 812
971 3041 389
1060 3042 672
2868 3043 572
405 3044 398
2557 3045 686
1906 3046 606
2736 3047 118
1065 3048 925
1417 3049 575
35 3050 594
2944 3051 492
2379 3052 13
2939 3053 709
2172 3054 327
1770 3055 787
1397 3056 253
996 3057 300
2402 3058 953
1810 3059 749
1633 3060 113
238 3061 430
345 3062 512
2360 3063 611
2580 3064 427
2949 3065 165
578 3066 809
2487 3067 516
973 3068 750
217 3069 599
2613 3070 87
1000 3071 918
2458 3072 264
472 3073 615
1168 3074 440
2792 3075 269
2000 3076 502
1909 3077 621
119 3078 949
2405 3079 449
606 3080 119
1087 3081 99
2196 3082 324
733 3083 100
2341 3084 894
2212 3085 501
2314 3086 787
2481 3087 671
2691 3088 988
2427 3089 970
1853 3090 353
456 3091 331
708 3092 640
2392 3093 218
2963 3094 886
512 3095 315
618 3096 334
569 3097 283
442 3098 731
2042 3099 730
463 3100 431
2970 3101 603
1645 3102 1000
837 3103 972
2652 3104 263
1223 3105 118
783 3106 883
1077 3107 172
791 3108 102
1335 3109 462
1893 3110 759
792 3111 991
9 3112 541
2495 3113 749
400 3114 6
486 3115 894
1608 3116 59
3087 3117 357
757 3118 473
1895 3119 749
40 3120 973
1127 3121 405
232 3122 17
541 3123 81
2689 3124 669
2587 3125 105
697 3126 318
602 3127 518
1270 3128 71
2452 3129 480
1080 3130 447
1258 3131 216
2528 3132 573
2201 3133 620
423 3134 604
380 3135 836
3115 3136 938
2394 3137 134
1226 3138 168
2758 3139 72
1548 3140 757
2346 3141 614
2036 3142 623
1210 3143 636
3111 3144 453
2123 3145 473
2735 3146 192
1308 3147 108
1128 3148 964
2803 3149 512
28 3150 447
2384 3151 494
2470 3152 291
2402 3153 689
11 3154 841
2257 3155 997
2055 3156 289
135 3157 375
3129 3158 444
1156 3159 308
2965 3160 828
371 3161 147
1902 3162 172
2949 3163 486
1720 3164 981
2227 3165 53
1 3166 400
1074 3167 514
236 3168 525
2533 3169 499
2885 3170 314
1792 3171 666
2036 3172 456
1060 3173 865
2018 3174 753
3106 3175 147
2745 3176 656
2220 3177 303
492 3178 899
2381 3179 666
2312 3180 489
269 3181 9
306 3182 264
1606 3183 578
1844 3184 75
2469 3185 505
1530 3186 923
1547 3187 342
395 3188 561
1869 3189 982
2995 3190 82
509 3191 244
3126 3192 773
615 3193 268
1295 3194 686
2504 3195 253
548 3196 4
675 3197 766
3051 3198 486
2772 3199 407
1577 3200 124
2046 3201 300
55 3202 784
606 3203 128
2095 3204 199
1092 3205 8
1991 3206 589
479 3207 369
496 3208 149
178 3209 735
3202 3210 273
1716 3211 711
935 3212 951
1044 3213 895
2601 3214 172
891 3215 347
222 3216 915
2106 3217 692
442 3218 288
3082 3219 393
2414 3220 928
636 3221 118
54 3222 2
2248 3223 228
2297 3224 825
330 3225 335
396 3226 652
1316 3227 77
1280 3228 522
1129 3229 389
3212 3230 975
2061 3231 987
3195 3232 382
277 3233 290
16 3234 849
611 3235 506
1333 3236 433
547 3237 644
1115 3238 460
137 3239 936
1409 3240 185
597 3241 438
3106 3242 668
137 3243 790
1118 3244 837
875 3245 233
2716 3246 914
1257 3247 404
1147 3248 600
2361 3249 667
2989 3250 727
2909 3251 577
1804 3252 147
2586 3253 945
3205 3254 443
2846 3255 946
648 3256 855
1794 3257 816
2861 3258 249
2985 3259 414
1509 3260 135
440 3261 599
2678 3262 920
1229 3263 46
854 3264 399
1445 3265 671
77 3266 588
316 3267 635
104 3268 467
741 3269 43
4 3270 164
108 3271 888
2934 3272 371
1619 3273 891
2985 3274 12
2406 3275 55
3081 3276 5
2340 3277 250
993 3278 359
591 3279 794
641 3280 711
3250 3281 881
2626 3282 63
1757 3283 735
1076 3284 799
1682 3285 790
254 3286 117
2136 3287 331
1140 3288 84
2351 3289 458
1853 3290 228
1742 3291 296
149 3292 870
616 3293 507
607 3294 544
1200 3295 337
1814 3296 116
1691 3297 903
779 3298 436
504 3299 59
1936 3300 765
1682 3301 547
202 3302 229
1130 3303 721
597 3304 449
2308 3305 110
2665 3306 394
721 3307 259
1589 3308 302
841 3309 195
856 3310 417
692 3311 450
1897 3312 451
583 3313 62
2073 3314 692
572 3315 824
2608 3316 320
184 3317 689
2303 3318 599
2614 3319 211
2685 3320 939
1564 3321 427
1639 3322 77
2282 3323 299
2544 3324 802
2102 3325 926
2977 3326 375
1235 3327 454
2809 3328 430
2793 3329 767
1447 3330 635
567 3331 928
714 3332 665
955 3333 854
2838 3334 729
1167 3335 14
1636 3336 736
3228 3337 703
2837 3338 478
1085 3339 893
949 3340 845
1051 3341 201
1948 3342 896
273 3343 747
2471 3344 168
2747 3345 797
1267 3346 808
2734 3347 461
66 3348 397
549 3349 438
680 3350 730
568 3351 144
3247 3352 244
3145 3353 981
903 3354 198
1762 3355 703
2970 3356 395
603 3357 612
1734 3358 908
182 3359 967
2253 3360 575
774 3361 934
1729 3362 544
1052 3363 205
2780 3364 411
2689 3365 64
1474 3366 446
615 3367 310
1177 3368 404
337 3369 113
707 3370 867
374 3371 346
2036 3372 70
2437 3373 904
2581 3374 19
389 3375 756
3166 3376 337
2056 3377 679
1117 3378 786
2317 3379 819
1037 3380 229
2766 3381 41
165 3382 793
305 3383 66
3273 3384 343
2314 3385 501
1869 3386 993
1842 3387 823
531 3388 507
3105 3389 742
1082 3390 651
1798 3391 174
497 3392 242
3044 3393 219
3211 3394 438
889 3395 928
2628 3396 624
272 3397 44
1890 3398 669
1237 3399 316
3227 3400 639
1431 3401 924
1353 3402 367
3005 3403 396
297 3404 175
3302 3405 102
1622 3406 339
436 3407 165
636 3408 830
3003 3409 607
538 3410 772
935 3411 637
437 3412 853
2549 3413 163
2717 3414 142
2620 3415 236
381 3416 646
2636 3417 763
474 3418 609
2157 3419 589
1280 3420 295
425 3421 312
2509 3422 668
1323 3423 565
2845 3424 211
3182 3425 115
2702 3426 409
1023 3427 729
3104 3428 784
909 3429 486
3177 3430 72
1120 3431 56
2615 3432 583
1943 3433 433
1424 3434 328
3254 3435 678
694 3436 766
1313 3437 959
2674 3438 817
627 3439 281
936 3440 45
1053 3441 712
2991 3442 851
2636 3443 66
1561 3444 34
814 3445 262
2119 3446 975
1757 3447 175
2838 3448 839
1998 3449 452
1556 3450 332
2497 3451 491
927 3452 469
1845 3453 882
2060 3454 323
762 3455 15
3397 3456 261
1471 3457 172
1575 3458 518
2622 3459 96
1406 3460 491
417 3461 9
2503 3462 26
1516 3463 726
888 3464 493
888 3465 381
3356 3466 657
2525 3467 273
197 3468 672
2686 3469 114
2028 3470 19
3150 3471 713
2365 3472 206
1100 3473 390
3282 3474 825
1524 3475 627
837 3476 546
3219 3477 484
3444 3478 521
581 3479 138
788 3480 89
3217 3481 541
1427 3482 93
570 3483 574
684 3484 670
1216 3485 109
2567 3486 166
2150 3487 967
2881 3488 58
2394 3489 95
391 3490 898
593 3491 901
2476 3492 411
351 3493 366
1794 3494 297
2586 3495 647
3402 3496 373
1737 3497 834
2312 3498 351
1880 3499 580
499 3500 445
1111 3501 60
1493 3502 861
1198 3503 982
1565 3504 86
679 3505 504
74 3506 852
370 3507 426
3418 3508 140
3349 3509 544
3145 3510 645
2129 3511 878
339 3512 81
935 3513 185
1031 3514 470
1808 3515 803
402 3516 804
1468 3517 228
2763 3518 239
493 3519 582
1423 3520 988
2239 3521 659
162 3522 840
2300 3523 452
1727 3524 578
1263 3525 472
499 3526 889
2919 3527 943
1740 3528 411
2536 3529 103
870 3530 243
568 3531 498
1218 3532 118
2917 3533 62
2665 3534 286
589 3535 385
108 3536 431
910 3537 464
1473 3538 479
1094 3539 953
340 3540 614
2554 3541 982
155 3542 124
1169 3543 174
795 3544 404
734 3545 766
298 3546 885
3314 3547 396
651 3548 340
757 3549 62
1952 3550 803
183 3551 249
723 3552 193
3039 3553 854
2145 3554 331
3272 3555 78
822 3556 582
462 3557 501
637 3558 336
1791 3559 240
2253 3560 653
1537 3561 440
1575 3562 620
2537 3563 891
3503 3564 643
977 3565 935
3375 3566 102
2320 3567 29
994 3568 951
2153 3569 316
3145 3570 41
3092 3571 928
2504 3572 156
2359 3573 327
764 3574 157
841 3575 285
3350 3576 923
1566 3577 698
141 3578 911
852 3579 852
1798 3580 243
16 3581 702
2899 3582 672
1946 3583 341
1134 3584 965
757 3585 606
313 3586 105
772 3587 978
2099 3588 664
3116 3589 455
2629 3590 222
3496 3591 981
707 3592 463
2094 3593 37
533 3594 969
345 3595 631
2487 3596 729
3097 3597 259
76 3598 414
2936 3599 726
1755 3600 959
1863 3601 86
2761 3602 216
2906 3603 674
2716 3604 720
1421 3605 51
3116 3606 219
3537 3607 437
552 3608 60
1908 3609 406
423 3610 417
465 3611 591
2355 3612 72
477 3613 897
595 3614 503
1239 3615 567
564 3616 306
2529 3617 227
2711 3618 67
2052 3619 752
3522 3620 380
2298 3621 79
3199 3622 185
1237 3623 631
2781 3624 691
2923 3625 624
816 3626 776
1573 3627 604
2715 3628 118
749 3629 683
3514 3630 826
2111 3631 433
676 3632 605
1831 3633 4
1193 3634 912
213 3635 809
1334 3636 909
3282 3637 241
3370 3638 105
33 3639 690
2562 3640 610
2217 3641 606
814 3642 231
2862 3643 583
3622 3644 412
322 3645 320
95 3646 218
650 3647 368
3540 3648 116
2179 3649 845
2180 3650 478
1688 3651 21
3527 3652 243
3 3653 183
1871 3654 835
2593 3655 493
385 3656 889
2119 3657 181
3215 3658 10
820 3659 170
1041 3660 733
1622 3661 11
3392 3662 946
2453 3663 124
566 3664 453
2026 3665 791
2086 3666 324
484 3667 19
1959 3668 424
470 3669 264
1664 3670 425
893 3671 54
3638 3672 558
2055 3673 783
1195 3674 54
3268 3675 340
1975 3676 146
39 3677 439
1838 3678 80
2834 3679 207
66 3680 233
2596 3681 813
1587 3682 159
2352 3683 473
257 3684 32
2105 3685 192
1462 3686 196
1307 3687 121
2857 3688 183
1068 3689 671
3070 3690 560
1057 3691 373
3614 3692 360
1831 3693 851
1194 3694 725
3604 3695 674
3381 3696 53
1675 3697 217
3489 3698 669
772 3699 145
1142 3700 777
472 3701 508
925 3702 284
1161 3703 76
1412 3704 236
1659 3705 406
2284 3706 757
1780 3707 203
3556 3708 942
1138 3709 259
1365 3710 109
2283 3711 327
402 3712 770
3694 3713 75
2696 3714 585
1675 3715 489
1427 3716 906
2758 3717 685
2859 3718 977
3288 3719 360
1290 3720 506
3654 3721 710
1196 3722 895
836 3723 82
3039 3724 316
728 3725 206
2382 3726 975
3362 3727 288
2499 3728 427
11 3729 533
3678 3730 933
3520 3731 724
1937 3732 370
1374 3733 731
2625 3734 519
1569 3735 261
3390 3736 855
3141 3737 342
2483 3738 233
2376 3739 937
366 3740 466
1873 3741 675
365 3742 25
2856 3743 888
2041 3744 675
3527 3745 166
2091 3746 146
1587 3747 149
1962 3748 1000
2379 3749 212
2442 3750 321
1175 3751 599
880 3752 793
2681 3753 275
3234 3754 715
2724 3755 924
1933 3756 704
2997 3757 324
1887 3758 911
305 3759 236
3090 3760 336
1153 3761 896
1896 3762 994
3079 3763 347
2012 3764 274
3454 3765 215
2095 3766 85
723 3767 472
3075 3768 105
1643 3769 253
2146 3770 309
3415 3771 702
3283 3772 125
1275 3773 797
88 3774 293
2406 3775 323
668 3776 432
353 3777 812
2183 3778 965
1653 3779 770
2078 3780 419
803 3781 536
1282 3782 501
3123 3783 731
2388 3784 754
3646 3785 479
637 3786 510
3330 3787 130
2907 3788 261
3033 3789 20
1127 3790 957
2541 3791 532
1418 3792 912
1668 3793 517
2935 3794 852
1890 3795 818
3554 3796 974
3726 3797 476
3443 3798 361
726 3799 134
1146 3800 892
401 3801 231
660 3802 495
1730 3803 386
50 3804 638
2687 3805 308
2252 3806 451
2208 3807 687
938 3808 886
2386 3809 941
3415 3810 193
158 3811 63
2856 3812 464
2424 3813 343
2420 3814 448
648 3815 993
2918 3816 791
2941 3817 92
3274 3818 935
2019 3819 40
1633 3820 586
788 3821 871
2013 3822 891
150 3823 101
1262 3824 463
351 3825 217
2655 3826 152
3259 3827 172
2313 3828 170
3257 3829 142
3700 3830 693
325 3831 308
3306 3832 708
1875 3833 120
795 3834 581
1086 3835 567
2059 3836 210
2080 3837 906
1726 3838 697
2031 3839 580
3397 3840 399
982 3841 814
2957 3842 427
1714 3843 868
1644 3844 555
2919 3845 917
1761 3846 494
3470 3847 434
3107 3848 327
1979 3849 196
433 3850 63
225 3851 425
980 3852 902
3130 3853 76
49 3854 687
940 3855 108
2543 3856 155
2069 3857 691
3347 3858 610
3234 3859 881
324 3860 919
1925 3861 114
395 3862 724
2953 3863 966
1557 3864 99
3370 3865 309
485 3866 978
3855 3867 138
3811 3868 766
593 3869 828
2748 3870 572
1086 3871 594
1011 3872 560
1217 3873 658
2384 3874 194
1321 3875 36
1524 3876 686
3070 3877 229
2603 3878 48
2752 3879 812
1619 3880 58
1427 3881 11
1651 3882 557
3146 3883 265
1357 3884 713
1056 3885 478
16 3886 730
1729 3887 361
1833 3888 355
1532 3889 161
1094 3890 908
465 3891 364
297 3892 49
860 3893 706
1774 3894 137
52 3895 593
724 3896 989
2425 3897 932
1427 3898 751
195 3899 218
3346 3900 343
2325 3901 98
3429 3902 766
1598 3903 65
3505 3904 828
3735 3905 372
3775 3906 125
2219 3907 31
3407 3908 327
915 3909 268
2472 3910 957
385 3911 713
3108 3912 816
350 3913 841
2791 3914 544
3226 3915 381
908 3916 106
3283 3917 662
2889 3918 288
3475 3919 695
909 3920 304
140 3921 201
2056 3922 800
1548 3923 953
3827 3924 671
2452 3925 645
32 3926 784
2881 3927 924
1521 3928 704
1135 3929 517
2684 3930 175
3080 3931 485
2600 3932 726
1857 3933 502
385 3934 224
1865 3935 479
219 3936 261
1173 3937 307
219 3938 614
1564 3939 242
3401 3940 534
598 3941 615
3326 3942 594
3876 3943 268
174 3944 655
1245 3945 896
2882 3946 680
3412 3947 460
1160 3948 230
1205 3949 770
481 3950 509
871 3951 332
3793 3952 279
2892 3953 885
1264 3954 600
1913 3955 880
2394 3956 364
130 3957 802
2807 3958 384
3946 3959 959
3668 3960 205
1117 3961 218
446 3962 290
2407 3963 994
390 3964 342
3614 3965 323
1169 3966 715
820 3967 322
1468 3968 995
1242 3969 237
69 3970 685
3190 3971 79
2277 3972 962
669 3973 61
618 3974 653
2808 3975 735
3579 3976 929
3058 3977 446
2775 3978 685
3576 3979 88
2788 3980 257
3112 3981 227
1313 3982 416
364 3983 965
2619 3984 458
3494 3985 708
1356 3986 21
2816 3987 894
954 3988 369
3254 3989 678
363 3990 677
27 3991 583
70 3992 68
3408 3993 174
2653 3994 522
3246 3995 129
1192 3996 374
3249 3997 749
837 3998 606
1104 3999 903
360 4000 970
2342 4001 909
3550 4002 747
3455 4003 675
3231 4004 460
1164 4005 840
2459 4006 468
1533 4007 444
445 4008 153
2018 4009 638
1499 4010 933
1876 4011 804
2146 4012 824
3253 4013 447
2560 4014 969
2072 4015 196
1902 4016 310
280 4017 631
1761 4018 610
2175 4019 522
1598 4020 8
1787 4021 908
3293 4022 487
208 4023 713
3888 4024 671
347 4025 665
1270 4026 819
1528 4027 261
834 4028 724
2784 4029 775
2799 4030 759
2330 4031 333
2440 4032 426
2740 4033 475
182 4034 619
4028 4035 456
816 4036 61
1048 4037 805
1630 4038 418
151 4039 539
302 4040 571
2349 4041 43
1281 4042 375
1708 4043 383
3699 4044 713
2699 4045 493
852 4046 478
1656 4047 242
2315 4048 491
1365 4049 643
3132 4050 416
578 4051 790
319 4052 165
395 4053 727
1079 4054 815
1295 4055 23
992 4056 172
2338 4057 125
258 4058 72
1382 4059 347
2656 4060 367
1065 4061 959
3190 4062 719
2185 4063 452
3612 4064 268
3267 4065 21
2135 4066 895
1178 4067 862
3571 4068 756
2514 4069 994
1918 4070 205
766 4071 306
481 4072 432
79 4073 625
2703 4074 641
1937 4075 991
2899 4076 513
2427 4077 203
639 4078 148
2975 4079 143
1411 4080 99
1154 4081 801
2486 4082 325
3334 4083 405
2977 4084 603
3459 4085 353
885 4086 765
3022 4087 535
1530 4088 143
327 4089 755
534 4090 482
3426 4091 142
1319 4092 693
340 4093 929
440 4094 998
2682 4095 959
1966 4096 586
1798 4097 793
1459 4098 773
169 4099 45
3312 4100 946
3962 4101 534
392 4102 758
2748 4103 610
4077 4104 578
2587 4105 35
386 4106 460
2108 4107 757
3502 4108 519
1988 4109 47
145 4110 107
764 4111 316
869 4112 468
2800 4113 305
3659 4114 657
234 4115 967
1275 4116 449
3450 4117 16
1125 4118 919
964 4119 810
2089 4120 692
2271 4121 907
3555 4122 371
3325 4123 654
2143 4124 699
829 4125 109
526 4126 57
3684 4127 201
1199 4128 235
347 4129 115
3839 4130 910
838 4131 197
3416 4132 932
374 4133 916
1497 4134 188
195 4135 346
3359 4136 920
2122 4137 381
513 4138 618
3590 4139 530
384 4140 85
433 4141 824
1071 4142 117
1872 4143 368
3474 4144 585
958 4145 946
3692 4146 267
17 4147 851
68 4148 353
1564 4149 400
3657 4150 194
3515 4151 770
402 4152 700
1213 4153 106
3648 4154 535
2406 4155 336
312 4156 977
446 4157 464
1253 4158 239
1697 4159 797
2697 4160 18
2036 4161 668
1406 4162 236
2896 4163 834
3571 4164 988
654 4165 480
1131 4166 682
890 4167 998
3126 4168 103
3797 4169 402
2595 4170 91
2809 4171 960
2133 4172 601
1739 4173 864
1341 4174 959
2518 4175 662
4131 4176 754
2021 4177 963
1968 4178 551
3657 4179 928
1992 4180 734
1207 4181 424
1071 4182 360
1282 4183 500
2182 4184 876
1446 4185 450
2427 4186 991
3227 4187 737
3966 4188 537
3163 4189 429
3333 4190 612
615 4191 174
2026 4192 123
1089 4193 705
233 4194 636
3161 4195 915
3743 4196 743
82 4197 488
1336 4198 111
2926 4199 267
1392 4200 240
3782 4201 656
4025 4202 829
3071 4203 524
1504 4204 991
3482 4205 211
629 4206 746
1860 4207 318
2340 4208 872
3907 4209 245
841 4210 358
592 4211 228
3681 4212 849
1623 4213 905
2707 4214 53
2627 4215 296
2108 4216 238
1203 4217 874
2031 4218 694
3361 4219 783
3601 4220 54
519 4221 638
3262 4222 729
526 4223 371
2164 4224 681
3670 4225 811
663 4226 125
3847 4227 841
1450 4228 104
284 4229 283
526 4230 267
3377 4231 800
3022 4232 233
2639 4233 275
2820 4234 775
3096 4235 963
642 4236 754
2367 4237 978
3912 4238 259
2414 4239 786
4097 4240 314
4231 4241 681
246 4242 985
400 4243 763
3114 4244 266
1445 4245 596
950 4246 328
2248 4247 389
1392 4248 772
3794 4249 838
4196 4250 423
927 4251 725
661 4252 104
1834 4253 11
4123 4254 402
1478 4255 5
2716 4256 744
632 4257 506
3831 4258 207
1264 4259 168
3216 4260 17
896 4261 708
2805 4262 509
3991 4263 608
3170 4264 462
3949 4265 178
235 4266 949
2004 4267 413
1058 4268 957
2766 4269 117
1537 4270 922
3275 4271 425
986 4272 159
1213 4273 745
167 4274 902
2350 4275 540
673 4276 26
3202 4277 318
2000 4278 695
367 4279 518
2340 4280 73
1453 4281 393
4102 4282 302
332 4283 776
542 4284 931
2252 4285 319
1134 4286 718
3220 4287 517
1380 4288 25
1574 4289 944
4283 4290 876
371 4291 900
421 4292 730
2189 4293 138
1565 4294 493
3651 4295 285
4074 4296 407
1076 4297 290
603 4298 185
2359 4299 21
1119 4300 661
830 4301 966
3466 4302 82
561 4303 309
655 4304 446
2761 4305 88
2537 4306 735
3580 4307 573
466 4308 555
963 4309 944
3512 4310 422
2158 4311 964
60 4312 608
2200 4313 239
885 4314 21
526 4315 258
801 4316 597
523 4317 115
4280 4318 761
2245 4319 841
4301 4320 675
3441 4321 879
3843 4322 267
2647 4323 929
77 4324 866
3503 4325 220
4235 4326 804
3279 4327 466
2632 4328 139
3335 4329 555
4004 4330 314
2550 4331 544
2505 4332 91
684 4333 292
2357 4334 434
294 4335 410
3063 4336 412
3606 4337 573
1775 4338 91
2162 4339 850
246 4340 724
1527 4341 946
3195 4342 955
3219 4343 290
1204 4344 466
35 4345 956
461 4346 359
1250 4347 41
162 4348 861
1386 4349 301
2600 4350 168
4329 4351 106
4312 4352 349
2624 4353 608
3884 4354 178
447 4355 451
1267 4356 230
2264 4357 132
2494 4358 159
1145 4359 629
1654 4360 616
3014 4361 755
2196 4362 786
799 4363 423
3975 4364 831
1502 4365 292
1817 4366 136
2115 4367 928
4005 4368 74
987 4369 980
922 4370 47
3456 4371 208
3686 4372 178
173 4373 812
3591 4374 759
4292 4375 313
419 4376 727
1848 4377 347
1167 4378 566
2834 4379 510
616 4380 548
1376 4381 97
1372 4382 550
4026 4383 224
102 4384 262
2524 4385 930
3212 4386 984
2154 4387 936
1482 4388 475
4041 4389 850
3115 4390 890
4376 4391 310
4257 4392 932
369 4393 127
3911 4394 130
261 4395 948
2564 4396 790
1015 4397 416
3860 4398 419
1690 4399 314
2450 4400 841
4377 4401 692
112 4402 732
4135 4403 338
3763 4404 77
2162 4405 143
3148 4406 52
117 4407 933
3923 4408 461
1422 4409 184
3638 4410 399
278 4411 322
852 4412 527
4361 4413 879
3675 4414 376
1205 4415 681
1039 4416 787
2791 4417 97
3937 4418 702
4058 4419 429
3925 4420 972
3355 4421 447
352 4422 375
3057 4423 709
2310 4424 789
1508 4425 480
1327 4426 375
1605 4427 727
2411 4428 891
1882 4429 901
2574 4430 149
847 4431 186
2795 4432 304
4277 4433 157
66 4434 67
2286 4435 486
107 4436 508
826 4437 764
4211 4438 662
2451 4439 421
2899 4440 716
282 4441 990
3351 4442 53
783 4443 46
606 4444 673
3769 4445 561
3678 4446 527
3443 4447 459
1234 4448 732
3886 4449 539
1740 4450 552
3511 4451 540
3811 4452 660
1578 4453 645
4181 4454 127
1069 4455 124
890 4456 668
2273 4457 636
4000 4458 180
3856 4459 663
2953 4460 980
3906 4461 24
4240 4462 673
2132 4463 40
3439 4464 450
1465 4465 905
2854 4466 659
2748 4467 764
4355 4468 99
3105 4469 991
2085 4470 176
1743 4471 123
1089 4472 930
1878 4473 915
4299 4474 792
3505 4475 313
2314 4476 504
4148 4477 980
2378 4478 523
1654 4479 283
3825 4480 302
3720 4481 28
826 4482 983
3259 4483 629
823 4484 902
1213 4485 10
1159 4486 85
2195 4487 624
3163 4488 594
3017 4489 476
1356 4490 467
1573 4491 859
2005 4492 180
3498 4493 850
175 4494 858
2745 4495 729
4322 4496 672
3694 4497 470
439 4498 899
3159 4499 87
3679 4500 69
2506 4501 581
2566 4502 931
3497 4503 872
2905 4504 94
168 4505 613
407 4506 838
2670 4507 882
4240 4508 310
267 4509 775
244 4510 568
1039 4511 29
534 4512 260
2054 4513 892
2221 4514 947
2980 4515 662
2920 4516 777
1292 4517 873
4035 4518 150
1069 4519 936
36 4520 442
4431 4521 803
4046 4522 19
2324 4523 1000
1044 4524 119
4102 4525 550
1728 4526 278
3959 4527 276
456 4528 427
3350 4529 750
467 4530 849
4038 4531 93
626 4532 358
3295 4533 389
4031 4534 60
923 4535 750
809 4536 223
1346 4537 131
3141 4538 291
3240 4539 273
1620 4540 257
3246 4541 447
515 4542 104
4347 4543 126
4244 4544 594
3810 4545 608
3882 4546 990
1571 4547 771
1602 4548 368
767 4549 854
2695 4550 834
3659 4551 279
2842 4552 858
228 4553 2
179 4554 243
3055 4555 909
288 4556 800
3504 4557 88
410 4558 134
1677 4559 786
1461 4560 792
2621 4561 872
1437 4562 796
2195 4563 128
3377 4564 505
3103 4565 293
606 4566 287
698 4567 99
149 4568 331
2502 4569 995
814 4570 77
3997 4571 776
3191 4572 963
1096 4573 132
2038 4574 428
1011 4575 174
1845 4576 13
2728 4577 352
3076 4578 39
358 4579 26
1840 4580 811
1989 4581 234
3972 4582 240
1880 4583 296
1184 4584 783
195 4585 495
1203 4586 545
1009 4587 87
2761 4588 838
1073 4589 306
1875 4590 486
1280 4591 836
631 4592 876
2738 4593 361
2119 4594 17
4223 4595 161
1506 4596 703
1370 4597 979
281 4598 429
393 4599 864
2515 4600 915
4060 4601 774
2701 4602 332
1393 4603 670
3475 4604 430
3343 4605 138
4380 4606 806
407 4607 117
575 4608 863
1135 4609 651
3346 4610 215
2667 4611 409
2352 4612 909
3805 4613 211
2093 4614 12
3316 4615 252
3780 4616 135
1211 4617 737
1909 4618 236
3245 4619 339
141 4620 382
4599 4621 932
1508 4622 152
248 4623 572
1153 4624 228
4618 4625 244
754 4626 736
2124 4627 711
1999 4628 390
821 4629 685
73 4630 698
904 4631 31
4290 4632 312
1995 4633 354
2246 4634 173
1460 4635 564
4462 4636 520
684 4637 445
1598 4638 246
3981 4639 37
2361 4640 941
988 4641 619
275 4642 636
764 4643 672
3567 4644 305
4182 4645 130
4170 4646 643
1924 4647 537
1132 4648 927
2187 4649 204
4000 4650 935
1706 4651 357
776 4652 613
114 4653 829
2710 4654 872
4078 4655 35
535 4656 498
3597 4657 191
864 4658 37
4389 4659 510
3079 4660 921
2535 4661 694
1929 4662 151
409 4663 220
2956 4664 472
630 4665 880
3578 4666 190
3625 4667 212
1944 4668 92
447 4669 364
3590 4670 257
1666 4671 126
3456 4672 754
3046 4673 591
3138 4674 882
3570 4675 482
2875 4676 443
2282 4677 69
1378 4678 757
2542 4679 374
1306 4680 63
2485 4681 986
3035 4682 192
2457 4683 759
3244 4684 940
1093 4685 597
2954 4686 224
1801 4687 654
3287 4688 742
2303 4689 471
790 4690 696
1118 4691 776
193 4692 479
379 4693 731
1607 4694 484
1402 4695 166
4376 4696 709
1005 4697 502
3880 4698 51
2895 4699 887
1063 4700 734
4409 4701 539
750 4702 557
3900 4703 637
1937 4704 436
1315 4705 272
945 4706 411
2555 4707 268
3047 4708 595
4330 4709 827
1493 4710 807
2997 4711 328
3633 4712 495
4193 4713 119
56 4714 441
1610 4715 535
2548 4716 841
3921 4717 834
4552 4718 265
3204 4719 399
2817 4720 281
3563 4721 182
1403 4722 421
376 4723 283
2110 4724 151
1557 4725 797
2974 4726 452
1448 4727 176
2330 4728 953
1 4729 843
3698 4730 355
2747 4731 270
563 4732 802
818 4733 296
3569 4734 276
1196 4735 821
2459 4736 67
4712 4737 950
2862 4738 154
533 4739 559
1512 4740 44
3208 4741 965
2999 4742 831
3669 4743 145
1078 4744 490
2060 4745 879
4498 4746 716
4595 4747 391
4549 4748 602
3821 4749 638
3332 4750 83
3751 4751 433
2391 4752 163
2932 4753 692
2951 4754 966
2501 4755 324
3881 4756 605
79 4757 856
2481 4758 484
465 4759 569
1337 4760 339
206 4761 817
722 4762 946
887 4763 626
4147 4764 596
454 4765 423
1407 4766 424
728 4767 530
1608 4768 589
1202 4769 254
3262 4770 471
1077 4771 266
3593 4772 217
3733 4773 213
2097 4774 826
286 4775 25
4118 4776 931
2372 4777 922
730 4778 751
166 4779 422
3316 4780 514
4217 4781 727
3197 4782 403
903 4783 875
4503 4784 830
1268 4785 248
1279 4786 704
3311 4787 79
906 4788 987
4624 4789 325
567 4790 776
876 4791 327
2173 4792 894
876 4793 934
1934 4794 851
1710 4795 694
887 4796 903
1150 4797 652
4734 4798 380
2165 4799 1000
1941 4800 5
3709 4801 565
4018 4802 761
2531 4803 333
2955 4804 637
2044 4805 910
1863 4806 357
4490 4807 470
3198 4808 188
814 4809 598
3604 4810 461
176 4811 753
2580 4812 766
526 4813 373
1667 4814 634
408 4815 58
1687 4816 619
2475 4817 698
3385 4818 968
623 4819 829
2653 4820 38
2895 4821 368
4286 4822 678
1525 4823 996
3358 4824 295
2732 4825 902
1181 4826 587
135 4827 471
1433 4828 761
3506 4829 202
2990 4830 214
4085 4831 32
4150 4832 233
1736 4833 915
3762 4834 759
3462 4835 156
4096 4836 185
4818 4837 542
1359 4838 416
2201 4839 726
1160 4840 186
1853 4841 466
3446 4842 984
963 4843 477
507 4844 482
3575 4845 490
1281 4846 288
3480 4847 231
3049 4848 602
1976 4849 424
1244 4850 593
3077 4851 859
2967 4852 806
2202 4853 639
1277 4854 642
3013 4855 284
1291 4856 695
2286 4857 951
3248 4858 388
3907 4859 774
4791 4860 808
2308 4861 915
4338 4862 488
1549 4863 319
4742 4864 995
4099 4865 800
1429 4866 25
3016 4867 363
4210 4868 411
3320 4869 403
228 4870 69
1683 4871 230
1975 4872 138
4309 4873 792
845 4874 663
1113 4875 745
2762 4876 533
2864 4877 918
3001 4878 509
3173 4879 109
3193 4880 34
2658 4881 441
4600 4882 270
622 4883 239
3720 4884 508
2572 4885 83
1210 4886 679
3365 4887 690
488 4888 549
1355 4889 693
2415 4890 398
2412 4891 681
4688 4892 801
2341 4893 302
2175 4894 890
3943 4895 867
1054 4896 373
4075 4897 332
4711 4898 813
3592 4899 674
2388 4900 211
142 4901 599
1304 4902 773
2779 4903 410
3796 4904 121
3886 4905 883
3856 4906 243
1269 4907 152
4023 4908 217
4582 4909 55
2423 4910 566
1078 4911 380
3415 4912 579
1984 4913 932
3546 4914 281
1963 4915 767
181 4916 714
3446 4917 436
1637 4918 5
4645 4919 510
3855 4920 299
2981 4921 347
2742 4922 307
1318 4923 936
656 4924 654
4503 4925 333
3163 4926 263
1243 4927 860
4343 4928 775
2471 4929 936
3400 4930 397
1422 4931 602
2435 4932 68
3528 4933 299
3647 4934 234
3420 4935 901
3409 4936 551
4450 4937 776
362 4938 448
113 4939 733
4169 4940 53
3495 4941 375
2203 4942 129
928 4943 507
2578 4944 377
261 4945 662
4605 4946 145
1528 4947 586
4439 4948 652
1585 4949 339
33 4950 43
4744 4951 120
3181 4952 189
4596 4953 803
2460 4954 958
2794 4955 440
3424 4956 303
3716 4957 676
735 4958 400
3296 4959 39
2781 4960 976
1832 4961 901
4714 4962 667
4822 4963 35
264 4964 74
2432 4965 906
4902 4966 964
4475 4967 61
4880 4968 623
4628 4969 492
254 4970 749
1714 4971 941
3589 4972 97
4384 4973 187
1560 4974 150
587 4975 624
4026 4976 628
1982 4977 949
4826 4978 713
876 4979 315
2848 4980 60
4864 4981 606
346 4982 948
2609 4983 528
4837 4984 881
2861 4985 502
1898 4986 302
4499 4987 384
4285 4988 410
643 4989 246
2113 4990 146
4904 4991 740
416 4992 96
4105 4993 419
2040 4994 374
1728 4995 298
780 4996 657
253 4997 457
2577 4998 921
3493 4999 879
2829 5000 706
3133 8
174 517
4758 936
4438 355
198 584
1576 937
709 23
1976 479
3183 350
4564 833
1783 573
87 591
3529 359
3926 759
3511 631
1138 644
3990 664
512 747
4951 949
4454 148
1884 29
1085 944
1051 60
1423 586
409 338
4418 543
1910 856
4133 790
1215 410
548 77
2041 38
2720 30
2053 583
1129 3
884 582
2150 767
2962 586
1711 12
2646 485
949 406
3174 718
4301 436
2574 433
3225 140
2843 125
2568 235
3162 640
3616 566
1222 744
3568 105
1677 69
1224 638
1655 286
2 652
122 950
1409 295
4020 709
4730 945
4142 307
3084 336
4431 3
922 944
3642 537
509 864
633 428
3320 309
2496 543
1947 502
180 300
1153 301
4249 562
3596 268
3270 677
1212 763
3983 647
3450 765
4002 371
60 643
260 920
3858 892
3699 530
4552 195
3072 498
3048 252
4797 201
3552 398
3114 499
17 735
3176 581
1498 510
4579 299
4627 580
670 686
2575 281
2958 432
3172 656
4961 723
4202 385
573 250
3988 721
1450 891
2118 915
2390 487
3649 917
1067 146
1778 997
2797 404
577 466
1090 151
2098 399
934 269
2054 247
4343 256
1631 915
3505 970
1636 306
860 105
3572 601
4943 220
2869 9
3718 647
3006 514
1050 934
1331 491
4436 428
3889 369
3696 295
2615 390
4902 597
4305 758
2566 292
2415 778
3748 986
730 691
3205 599
1051 597
408 787
1998 341
1117 489
4776 896
729 497
943 375
463 333
4276 412
4637 33
1329 280
1447 106
2027 432
3188 69
637 138
3120 910
2734 527
49 731
220 165
1571 347
2061 652
2843 26
4658 335
2302 69
4323 334
3397 954
4133 333
1564 42
4401 552
2179 872
3814 264
2399 862
2346 618
1378 917
3964 790
2568 793
593 816
2479 246
1236 154
1932 632
3459 64
1838 791
3979 231
1544 883
761 415
2696 24
4165 909
4370 782
4286 638
2098 -205
1608 220
4149 423
2050 747
2010 203
1678 641
14 93
4831 804
3071 61
2347 305
2822 114
1000 197
3278 260
566 60
898 203
3509 973
3759 116
4544 260
890 593
4006 899
3148 683
891 161
1127 721
316 197
4134 15
2502 955
3128 853
4503 405
1465 69
2816 362
1623 324
3686 382
2791 229
993 680
1173 998
2930 320
680 821
3832 806
893 148
2354 26
3162 332
2641 412
2835 45
3876 255
1861 589
2229 536
1274 962
2327 502
4954 358
2026 951
288 698
1982 460
1529 139
2704 28
2493 82
1541 51
2413 181
3814 226
4041 853
1438 629
3082 973
2902 395
4651 755
3349 9
781 299
3648 478
281 459
1358 419
3162 263
2243 278
666 656
459 479
2606 36
3520 811
1473 148
4244 797
4402 638
3448 156
986 808
288 -455
3765 917
913 475
1335 426
4860 950
2669 137
2615 -390
2093 281
4334 964
2443 806
3464 686
955 217
676 754
2372 661
2561 12
2297 367
4128 213
1631 900
2056 461
2849 724
2950 815
4751 248
259 32
1582 223
4826 739
2038 512
4693 254
2187 798
4977 199
710 988
3848 76
3116 60
3058 69
4311 114
530 511
1189 831
325 940
3430 936
3323 11
4158 500
102 547
1011 146
3800 549
2944 128
1100 653
468 947
81 583
3358 138
3 669
4603 884
2531 144
1714 856
3083 496
4791 757
1506 300
3608 607
4198 619
2753 349
519 48
4476 970
700 943
2916 132
4877 626
270 880
294 872
1763 176
2015 829
2031 449
1324 173
557 181
4824 165
2140 21
135 244
3369 5
3291 197
1327 342
4139 594
2474 368
3219 95
1599 864
318 361
4040 685
4541 422
133 864
1947 397
1770 558
3536 143
4044 779
1863 400
3069 59
3726 762
1550 320
2235 269
2538 681
4867 402
2999 579
2793 683
4120 214
3167 335
2160 560
2731 282
4117 266
2424 512
1044 638
1912 464
1697 637
226 598
1308 812
4218 846
1493 84
2599 491
3662 391
2525 781
1956 691
468 251
3198 749
2719 464
3172 859
3809 142
2323 857
1130 900
2806 438
4063 23
2635 555
1106 233
1397 120
1975 273
252 282
964 719
749 566
3917 497
2284 732
4668 514
1590 829
7 264
3037 137
4163 843
3574 226
2865 560
132 323
2792 881
2794 118
3153 45
1399 468
116 148
33 384
3644 317
115 664
1830 704
4492 837
3320 -309
2482 722
4250 59
3939 809
3543 613
952 775
3406 69
2279 802
4819 747
2917 318
2779 300
1962 447
4766 977
4629 470
3820 817
4789 699
2141 622
2421 742
2033 359
4550 575
3323 -11
1728 921
1979 881
91 725
3798 409
3856 449
1722 654
3215 698
1282 36
4869 450
2176 567
2590 797
4987 683
4181 697
1232 107
1019 84
807 98
3356 786
4979 447
3862 128
1855 69
3576 576
723 142
4625 356
4177 493
3806 352
3411 747
3501 750
4430 681
2446 13
3788 817
1449 594
266 804
3731 244
3250 945
1723 456
3013 299
1383 87
3440 7
4795 969
1851 952
320 262
4050 172
11 479
2853 808
1844 640
4976 292
2585 242
3095 668
1837 697
1612 560
4152 976
3858 63
3649 -209
3969 744
2160 -357
1209 812
1367 40
3664 526
2883 655
1502 526
592 743
1972 259
4931 668
1222 820
2197 699
4354 611
3700 246
1819 668
1989 978
3308 697
1539 120
1063 578
4135 589
1812 142
442 337
4085 536
1308 466
2328 916
1956 112
2006 852
1723 -97
4893 725
2438 223
3032 134
1761 503
4549 338
3990 -501
2483 930
3189 567
3817 848
261 282
3175 176
589 321
3639 595
2524 713
4651 -606
4375 410
1828 759
3895 588
3613 443
4277 602
3283 129
84 212
1317 2
1028 164
3262 662
339 437
1602 11
2076 196
3535 788
199 507
1745 925
3268 572
4683 162
3511 605
4139 887
2267 685
2451 935
1686 830
2099 948
843 789
4736 445
1151 163
2992 37
1951 190
3895 -115
2162 619
149 324
2129 796
1280 620
3397 238
2081 968
1173 150
3271 417
992 411
2505 436
4561 667
1428 598
2617 969
4492 83
1654 282
1584 329
4762 379
3608 -607
125 971
3207 445
1143 677
594 765
2445 937
4175 949
2725 735
616 152
684 584
1472 528
3599 907
4533 232
4490 861
994 220
1820 726
1995 296
1048 553
3740 190
1229 685
2954 26
3622 480
4974 346
3567 941
1849 250
1525 672
2129 578
1661 707
2067 873
3700 44
4777 633
1340 177
4185 431
4366 766
2116 672
1791 89
2151 116
4786 717
57 634
1319 933
1305 447
4407 235
1460 113
3653 684
2164 291
2080 293
1923 419
469 460
4849 186
577 -466
3719 404
3360 834
189 76
1890 174
1746 174
831 193
1933 65
3004 45
4717 39
2561 118
2205 282
2536 25
4741 737
210 317
3404 419
387 808
4778 221
348 853
462 522
1951 352
3495 568
1768 498
3964 536
2876 843
4006 -125
2893 104
217 629
666 385
2084 272
192 861
4492 65
1306 412
4015 941
1115 509
2860 882
358 175
718 894
1051 -251
2482 143
1586 253
124 251
138 508
4334 699
2546 253
3589 610
4558 353
3625 850
1467 485
3061 701
2843 770
1736 285
1681 986
4767 717
4480 704
4321 603
4954 110
639 570
4160 184
4174 101
4145 83
4453 769
284 271
254 344
4323 579
2092 183
3215 -520
2981 841
2999 -513
3954 341
1322 63
3979 223
3514 417
4675 659
2851 127
1779 135
2749 32
1478 424
1479 408
515 13
623 639
2532 955
1831 883
1991 343
836 331
16 250
662 259
2824 175
27 498
3185 877
2976 964
1011 347
3841 148
1178 600
1014 190
3222 5
4074 529
1187 956
1519 882
3143 201
4897 392
3862 -128
4389 181
713 925
1410 689
3888 772
765 587
2612 264
4764 212
3629 305
4785 633
378 313
4172 685
2183 53
827 384
3949 571
597 456
786 985
988 850
262 397
2890 149
1169 6
4087 132
1269 850
1695 250
155 480
4234 884
2144 405
4569 327
2457 395
1062 758
2965 658
1565 102
2995 552
4304 256
1301 193
3756 821
3551 843
304 171
3044 999
2420 550
4830 654
1434 973
58 2
2651 867
2748 712
1624 65
1722 166
4716 91
1469 323
3391 14
3078 563
3564 272
3867 734
1668 865
2154 569
694 159
4002 216
1355 669
4082 455
1732 57
2519 453
244 684
4520 687
2505 77
3870 272
1992 785
1895 858
3518 914
3074 23
2483 181
1484 136
3749 191
2156 182
4645 240
1239 515
3692 482
4550 520
2054 597
2275 380
588 59
1275 797
929 188
870 303
22 988
2836 858
123 584
2048 631
765 -587
2003 558
3913 837
2459 476
1356 513
3233 304
3139 964
3243 198
1590 -126
2778 260
4428 151
4247 263
2008 722
198 -352
963 450
4573 317
1359 485
505 818
1961 213
4682 545
4516 820
508 111
3369 501
3494 227
4761 274
377 7
1536 737
1080 734
4143 783
4048 593
1355 303
4840 869
472 152
3433 505
1048 325
2907 410
4045 4
4911 539
2582 23
1812 381
4699 47
2461 432
2189 243
479 133
598 195
2788 789
415 259
4940 847
4764 146
440 893
1556 484
249 818
2022 182
3840 185
4844 220
4884 890
2680 667
1431 275
4498 915
3872 692
1702 12
1458 961
1951 -76
4289 449
1515 533
1356 133
4173 724
315 12
908 158
4584 143
4400 263
1162 182
537 659
1096 760
1702 771
3159 110
1073 814
185 713
4614 51
2598 970
400 730
1494 123
396 858
3383 906
441 877
1305 -38
4838 592
3696 -295
397 82
826 907
543 250
4720 79
1315 334
129 912
1655 641
3148 -37
4005 89
4942 445
966 598
3500 3
2435 443
4051 719
2497 799
1153 706
1695 777
126 590
2462 254
4501 116
3486 493
3616 529
2620 281
2822 -114
1771 268
4601 557
4062 651
1628 910
801 780
2584 506
826 635
951 800
2096 557
3300 212
1042 792
1179 586
4673 798
4867 -402
464 969
3185 -525
3598 418
4152 219
3283 -129
4109 653
4710 59
2452 806
3967 103
4369 361
246 547
2946 270
696 812
116 -148
2084 43
960 396
2461 255
4679 746
697 754
3854 349
4464 265
3152 621
4231 254
1989 499
3887 537
1769 582
2700 236
1547 679
1671 697
4722 630
4092 534
445 698
4564 -394
4317 396
2094 132
660 245
2752 243
1850 92
1833 348
4978 721
468 773
3703 458
4451 725
4154 524
707 597
4057 151
1646 972
1341 391
4289 484
772 748
3080 876
1342 929
967 527
3629 247
4096 208
3371 151
2017 174
2227 523
4697 933
3471 106
436 117
77 128
4507 717
1216 343
2841 316
422 716
2657 703
3682 183
331 978
4782 778
537 280
3906 677
3507 428
4726 791
1250 831
3226 718
1259 706
3577 328
3921 919
1168 236
2692 883
2893 916
1427 76
1246 208
3206 782
712 485
2039 388
4343 -113
2134 68
295 711
3785 906
4416 713
2585 -242
3752 924
3675 986
4168 68
4253 595
496 498
3154 701
3632 217
3185 957
2528 488
69 13
2907 723
1691 973
3491 404
3557 179
1386 660
3102 60
2645 622
4480 216
4975 747
3721 27
3730 938
3211 399
4894 90
1238 314
4454 381
3529 353
2019 942
3909 197
327 568
4650 739
1564 218
4813 838
2544 911
2559 570
3640 848
2132 390
4093 574
628 406
27 -139
3555 957
1491 573
898 121
2577 319
1771 -235
41 884
3399 231
779 309
2789 700
3300 831
2689 80
2404 316
2837 431
3087 975
2337 395
466 262
3645 569
1382 573
2887 504
3239 473
897 474
4871 127
2252 531
267 951
2830 254
133 685
2537 186
2521 319
3272 848
3655 19
4665 268
4663 233
650 587
2471 505
1825 944
2401 298
166 879
1901 49
145 203
3878 750
335 748
4786 -717
3659 893
557 900
2927 170
1167 941
754 168
2527 224
4673 519
3425 648
37 304
900 85
4800 102
1314 902
2789 687
2011 699
3345 904
2607 202
803 534
3723 321
4474 476
1489 1
4052 161
1351 922
937 351
3958 240
2602 394
4040 60
293 844
2473 979
4854 523
4676 109
2129 263
2662 600
584 136
4075 424
488 478
936 190
3400 872
3540 357
1112 494
103 503
1197 162
1795 392
2986 125
245 508
2800 706
4636 677
320 276
903 137
3702 678
2624 180
1613 813
2931 485
705 639
4596 198
1741 450
746 254
596 137
239 720
2733 98
1520 438
86 196
1110 735
4823 364
871 524
4042 846
3055 654
658 985
4138 714
2624 263
4364 886
3008 618
4481 496
3208 201
3229 658
4720 -79
1267 127
2477 89
3491 612
3884 544
2667 537
1553 651
27 626
1463 529
1990 349
889 959
4829 384
4518 381
4612 175
4100 982
1917 366
1460 454
1302 443
2418 185
1338 436
1074 891
86 157
4064 562
37 -262
925 363
443 309
3232 823
3272 -275
4605 675
1992 -772
3446 366
2214 215
2551 552
3650 624
2794 75
4950 150
4988 338
1554 250
2263 268
4692 923
3500 -3
1258 140
151 284
3132 215
4055 929
4932 269
143 834
1172 144
2457 -230
3531 266
732 871
1603 285
4120 553
163 491
2404 37
3661 168
4539 944
1651 105
4999 579
2036 619
1073 790
1216 -106
2797 -371
3528 431
2325 165
4902 717
64 384
2120 91
772 610
310 75
2612 425
2190 802
2043 614
3023 184
2181 52
1289 978
3612 11
4857 394
688 21
4295 581
3089 710
2316 560
3153 691
2762 749
1766 374
3515 190
3915 668
3233 -42
1768 -93
3057 38
4057 895
3450 267
4097 38
3356 -354
4915 958
4793 606
2072 893
1723 407
4264 711
1426 848
2591 467
616 912
24 689
968 442
4935 769
4900 202
4865 937
4909 671
4642 175
3980 786
4780 51
1679 854
4847 437
2118 863
965 148
1681 -799
3592 955
2840 911
4397 774
3032 -134
2896 584
4235 918
4578 410
2898 363
1541 -51
4395 147
830 864
2704 -28
4203 724
1760 2
2668 714
3193 930
462 961
1109 293
857 45
879 126
1974 640
375 336
4181 -697
4927 821
2910 790
4876 953
2969 78
3028 80
4431 146
2623 625
3959 941
3585 68
1585 793
2464 463
1919 437
103 124
635 319
204 561
139 113
4702 366
2065 22
1796 93
102 -139
2247 201
4115 205
141 700
2624 844
87 762
875 993
407 999
2627 77
4202 -385
2315 592
3933 731
4614 175
4715 306
666 858
4780 -51
3831 845
3074 283
4964 788
2158 957
2194 156
935 623
1709 474
2190 -65
1122 106
678 202
4632 744
1507 297
1408 364
1429 277
2713 259
3473 138
3933 -101
721 912
409 419
1344 888
1128 817
1077 502
4233 551
3959 752
3591 6
3258 239
4414 973
1667 42
37 514
3526 210
1268 626
4282 532
2387 548
302 730
2435 898
4864 283
2482 241
3744 165
3183 774
4774 515
2098 908
2134 -68
2011 40
2636 912
1923 811
2225 103
2598 -352
2461 834
2226 232
4577 390
4766 515
891 964
3683 451
449 103
3223 459
2085 615
1446 997
3889 -369
1113 922
2404 626
1216 459
3441 691
4387 182
4457 417
696 960
4011 381
4763 459
2836 -858
4920 951
3363 916
3840 75
1304 807
830 -432
2046 585
2890 -149
3629 -83
2045 715
1782 356
78 162
3118 536
4997 807
2805 917
3757 519
2184 948
52 258
1604 858
1440 80
1290 485
2664 531
322 291
4159 989
4725 555
4056 506
911 133
20 28
20 834
2824 943
1694 820
3242 745
429 197
4955 868
4277 -352
3292 126
674 582
3637 14
1307 191
421 164
3453 553
4183 481
925 -363
3748 -960
442 -337
3538 434
1750 492
301 378
2439 5
670 30
2251 553
4043 909
3095 425
1548 368
4607 380
2644 157
3397 695
709 699
1262 74
1132 363
2918 785
1741 789
2410 272
170 12
2824 273
2271 27
2697 818
1747 303
4197 742
3812 945
3485 506
4653 21
2556 914
1095 688
1629 364
2824 719
3964 343
4133 -518
4696 413
788 75
4461 605
4173 153
4914 927
4098 399
1784 750
2771 339
1016 217
4378 644
580 553
2364 651
2516 493
1993 1000
3985 862
4048 650
122 -606
646 973
111 911
251 560
309 386
661 432
4077 676
4648 454
671 228
3359 34
2878 226
3878 226
2863 83
4273 612
2084 821
2042 391
2146 152
3301 396
2711 962
2134 371
4393 210
1399 15
3421 619
4373 455
4848 599
1684 421
3176 856
3800 -549
4545 978
2332 287
4123 483
587 870
3545 900
1355 644
2564 18
3036 931
4438 -355
2244 502
3605 928
2274 780
4825 129
579 982
4420 475
1311 751
3761 785
1234 700
1006 130
3951 361
749 -276
1766 558
2556 213
4799 488
1817 78
1762 949
4903 890
1879 236
309 546
2060 466
3682 165
4687 126
3116 -60
1062 -758
2043 -547
1677 -69
1165 965
4775 926
1265 677
167 143
264 828
1496 161
3887 -537
4883 478
1881 360
4945 279
1234 -657
2226 241
2124 77
4388 821
2241 704
1596 518
1968 624
3036 888
4863 958
48 749
4271 242
4983 101
4122 343
2397 752
928 755
3409 505
4154 629
1582 -223
174 396
3043 411
4020 521
3259 941
2479 690
3101 899
1024 201
2372 598
3124 646
2704 884
1150 209
236 778
4791 579
4964 974
3007 829
4345 85
4701 603
25 531
2261 66
1632 511
3442 184
2883 133
2358 804
2836 593
3306 45
1828 -187
3802 13
2150 -339
1508 400
4683 100
3638 321
1631 738
3262 179
1797 994
4690 930
4351 845
4765 295
150 161
4122 347
4276 849
3847 639
4356 246
322 697
311 972
3327 560
1709 671
2240 737
3665 929
1666 367
3773 782
1662 275
4943 211
4289 -159
2137 256
3798 -409
471 496
550 781
1467 692
4527 168
1362 766
4256 26
46 273
745 819
54 406
445 540
4655 285
2302 773
3909 -197
2762 112
4663 -233
4890 959
3457 409
4321 16
698 268
2288 442
438 342
199 -507
1091 536
4325 392
4700 98
2300 14
2714 413
149 75
3417 107
2317 375
2563 77
2047 137
3093 97
4404 732
538 193
425 89
2074 114
3179 961
4790 922
12 887
221 377
953 986
1878 482
4060 646
1588 728
4372 151
2157 419
3287 249
515 -13
2404 757
4492 -222
2670 971
4011 -334
2250 164
2063 202
1501 940
683 560
1937 622
4640 308
2772 796
2726 410
3396 240
2803 727
1996 388
1835 487
4398 56
509 419
2451 668
966 221
2466 407
255 378
4343 369
650 164
4728 761
1911 967
4564 314
3951 801
3349 661
3068 1
3463 473
668 781
1588 246
346 494
3975 688
722 343
1690 73
2858 417
1833 735
1396 109
2049 699
4284 201
1399 -213
4466 515
675 939
2534 455
1878 -53
3576 379
4615 692
722 764
4931 597
1051 -344
2159 207
3042 442
759 440
1307 258
3173 997
4196 707
2804 425
4832 208
2352 450
1586 -142
2307 622
2905 590
3694 853
4640 -197
1798 58
2238 591
3816 678
897 287
4070 134
3834 128
2289 258
959 496
3610 760
4082 -253
2740 549
3510 329
242 362
968 558
4117 -148
59 669
2177 308
2806 -377
2292 296
3856 905
4814 76
1866 925
2509 793
2178 248
342 687
2929 935
3400 380
310 -75
809 775
2550 985
3082 799
810 998
446 665
3578 350
830 568
107 865
4360 284
2464 322
392 340
4073 640
2719 356
599 190
2130 500
4526 212
1207 676
2373 204
1121 390
133 -219
3489 390
677 353
1101 960
1817 633
2208 845
2706 199
1915 439
554 865
4981 36
3365 506
599 182
2971 774
2654 360
4907 476
1931 395
2865 100
3966 919
916 471
551 475
1667 674
3581 47
579 379
4614 884
212 731
417 183
1505 71
894 763
546 824
2509 -783
1608 701
3875 550
603 350
4216 211
3375 796
4609 953
240 987
3567 222
3778 131
991 312
1987 61
558 749
958 381
3610 515
217 -215
444 996
2170 793
1211 380
3519 358
3340 471
1950 678
2389 702
4251 519
4832 830
3171 301
2739 919
259 880
978 986
4449 777
4201 892
3772 370
36 335
101 554
3044 24
4993 821
4765 -71
2283 878
4312 464
48 203
4318 222
4674 198
2552 659
1646 211
1537 451
580 137
2032 125
181 175
2500 173
2995 -219
2066 898
4096 362
495 340
2564 562
2237 9
465 247
6 792
1458 594
3389 465
2731 941
2911 947
4793 -606
3408 653
1359 100
2735 667
2594 426
3582 406
3339 170
766 803
4416 946
2225 540
614 482
3270 -677
1180 332
1566 614
1625 974
3619 983
4279 718
2069 297
4664 495
230 69
2185 399
4186 988
3166 309
933 391
1326 824
2356 807
1093 741
2580 624
3424 498
590 49
471 -383
1101 -804
2749 -32
2978 360
3834 -128
4821 245
1206 106
1635 531
4929 342
4689 374
82 621
997 506
4118 586
4906 588
793 640
2040 422
3443 788
4361 92
4117 926
2196 618
3746 440
4823 -364
2354 768
3394 857
1850 853
1707 131
4791 70
1935 603
461 356
2046 -585
2137 -256
1062 911
3406 -69
3228 714
4129 933
3197 896
1679 -97
3692 803
1175 48
3766 596
3982 721
57 -634
1656 54
4254 724
3842 316
2986 -125
688 540
4816 111

