0
374968
4576211
78541526
81407158
733359655
739404699
838213298
1065206845
1189431593
1475358020
1629991988
1743120427
1961812417
2287462078
2447622580
2543297822
2576127476
2808245908
2852868056
2857502227
2989584009
2994671229
3152458761
3235015261
3312146239
3665063055
3858145241
3938231115
3951541258
3953821220
3959771510
4165310492
4165673306
4169385302
4362877926
4400673754
4404950554
4427388109
4438693803
4714347439
4724974067
4855708025
4895214625
4896780375
4923589410
5067321890
5146532061
5281159284
5287243194
5291765937
5397249667
5505822989
5796298117
6154090972
6238240017
6491491254
6867138902
6903101189
6945198293
6945229454
6975424944
6992268168
7138459589
7178541557
7243014098
7297347764
7415146582
7513745182
7562796443
7709421119
7732452771
8010934613
8156818498
8309812000
8589834895
8742809696
8986076789
9170312425
9348681205
9350963415
9353494515
9492570477
9528956757
9565842468
9577442178
9667208533
9925162409
9937112209
10132755527
10190728425
10246231205
10266427653
10331562786
10474841398
10530951922
10656897076
10735963371
10757724871
10834552468
11138173685
11489440003
11592467775
11822692086
11843843982
12014441211
12129494707
12177157653
12200642834
12236869640
12256981666
12319438333
12380446755
12746673732
12813364520
12936597452
12939121967
12950850854
12963203106
12965114634
13156976014
13296076560
13389842272
13498215301
13667191841
13785723497
13903250612
14024345306
14148879668
14471867970
14583280468
14676630234
14923407164
14952727199
15036603622
15105823384
15273608636
15387526847
15459309602
15589140818
15616627403
15636890153
15701467511
15733097335
15735277084
15804135708
15836509274
15903592970
15918872054
15931465658
16292229872
16351339913
16634043470
16681375205
16815866631
17075717447
17077360517
17092560807
17099250840
17125109638
17379488104
17450133055
17466468619
17492802251
17697417899
17728716947
18017258815
18244100659
18516527400
18676781886
18808388660
18886307412
18962399394
18996779278
19185970614
19202699062
19258163408
19270792472
19593468546
19604618552
19605105536
19666408334
19720862444
19821186844
19806936064
19892643664
20049082600
20092731304
20116147973
20324519637
20362504464
20555209308
20560276944
20629615949
20655963743
20672148869
20692117329
20701250177
20705232520
20853979740
20885667228
20942766728
20963403530
21253929098
21339474072
21340872196
21427153545
21484375741
21488946691
21902819189
22063812790
22148184820
22168284796
22315430918
22433976686
22544654310
22594391507
22633004627
22770391969
22847351329
22929789469
22944983989
22945497845
22950129147
23026699441
23031262341
23050956456
23131967661
23186514362
23322192578
23504363632
23665720488
23802283884
23830469863
24037435996
24079078071
24124417686
24131139730
24148439762
24165315152
24222954602
24239502322
24347012320
24527599503
24731040272
24844046645
24989216686
24990703720
25002141017
25130504093
25262915003
25370537988
25424365559
25449663837
25502324333
25592817013
25596693493
25839942384
25887014968
26063201697
26293912482
26299271941
26366947597
26240252080
26354105475
26367501900
26465307294
26470292176
26521551411
26399595681
26428461406
26729168494
26768177038
26777965766
26786659654
26858925666
27049747233
27050065341
27199188818
27233996213
27574707515
27577624723
27675406867
27818554010
27856720466
27866666450
27945932469
28059448340
28077397500
28142634768
28246358644
28262700922
28347478282
28355335922
28377164642
28392887144
28418869682
28509566629
28635627500
28900630260
29016160076
29018730127
29108674127
29326201258
29335501312
29406610537
29463377897
29533694896
29737080192
29975224615
30007895617
30301750968
30530791444
30531141796
30580529572
30618313364
30619439023
30712267723
30815514781
30953634727
31079903974
31088900134
31257491954
31340034679
31369554499
31444493817
31710640447
31951471567
31955035919
32042574597
32148660725
32190274491
32216181202
32251736887
32252330347
32339475915
32340717630
32373403842
32456100468
32573057082
32576107434
32598632789
32926668557
33022604307
33206617650
33342005378
33645176066
33738335689
33922040693
33973800258
33990283119
34133415919
34151548448
34194118585
34312394546
34331465084
34550313281
34587608234
34657033646
34853141937
34856984307
34903901176
35067344612
35145331712
35245738232
35352632128
35433045598
35488066974
35654327929
35833896744
36030978531
36221965668
36250700304
36308307122
36372564437
36686809203
36792094242
36833623948
37128583144
37194733184
37245715871
37298480089
37611090802
37766849310
37794054804
37799998579
37885010328
37922968125
37960080285
38023778543
38100777153
38166466665
38175475687
38207908781
38412669585
38437026141
38768647489
38872218913
38909659506
39119310970
39120309890
39234821378
39341556609
39485165776
39503953028
39516335543
39661392611
39711345571
39856977955
39883797423
40108228095
40214679935
40319186918
40248139475
40534411753
40552050983
40868331151
40985088169
41051517294
41080244547
41177604013
41238170881
41316898777
41353685377
41455268362
41759072186
41766576714
42101556292
42216535501
42258057111
42318552371
42456527918
42620536318
42617612771
42985575585
43094079111
43360320310
43376920012
43448499849
43713447945
43747762701
43756132485
43853087121
43956014232
44080629786
44194161461
44325948827
44347534686
44355931158
44356266122
44445521138
44460545255
44488784871
44503800858
44543149146
44550143072
44622649948
44742019545
44835919769
44881030352
44989293602
45173122061
45176904177
45332699541
45519736169
45750903291
45824862131
45834955676
45994607660
46106870798
46131185993
46131607708
46472848810
46502381523
46569631421
46580736945
46777060843
47033154115
47236865155
47300399683
47362084031
47469226019
47477233478
47696563638
47908741153
47915622866
47870472414
48023819213
47914610414
48066779766
48077456086
48146864862
48328954095
48506944119
48593670096
48600122304
48801120406
48959239896
49181968758
49339057449
49373502615
49418949912
49734144384
49995485410
50037276850
50101435166
50295996311
50344177621
50413546712
50539224240
50643391196
50842203472
50861780624
51098363492
51064020157
51150023462
51198014408
51235246710
51317011875
51325342731
51206604430
51500658063
51545604352
51585572288
51667022630
51669897238
51707708470
51946023435
52104630285
52004136699
52089199399
52396895722
52626611446
52706088747
52940703197
52951479102
53030045540
53030549488
53048452784
53263325642
53367495467
53371843712
53399103980
53485060596
53641671375
54007051816
54209329272
54242460864
54492456544
54651049483
54711455523
54840044203
54984503213
55151152133
55173022424
55328106259
55356329963
55366691087
55420840529
55376972169
55473588112
55582209112
55908539660
56052904800
56118219140
56245786052
56272979702
56420720300
56460426188
56480125976
56621277183
56808375237
57208688626
57217920633
57335520048
57460386758
57478936221
57395718669
57736917114
57812808504
57925859462
58008118996
58392080114
58513727670
58522796100
58537949588
58575694092
58747904460
58974284404
59017428284
59247046652
59266654592
59332665403
59435623083
59498837011
59543492711
59678676056
59682612586
59711383798
59836127178
59928554262
60006745262
60234712526
60458181328
60738646814
60821228776
60827326560
61008583649
61051219409
61177704192
61309188335
61511341604
61532689322
61567862548
61713389937
61973224693
62182576827
62278202196
62368204141
62401581290
62700368659
62755046395
62823531629
62872097773
62963688833
62988035861
62922885333
62979824905
63254823851
63281056239
63320727369
63364500757
63367207033
63368985043
63380402542
63394922365
63397734229
63457209797
63461726922
63601174240
63706087104
63825330314
64020257082
64034313345
64250572478
64353208118
64446469462
64656147230
64712614454
64837710958
65097822823
65056869823
65068174831
65267894282
65300283144
65322737960
65607212499
65613441384
65708324188
65725648322
65794556742
66156570114
66200027514
66253864960
66226708266
66279256333
66373095298
66464253729
66644186277
66842545002
66932174702
67169002652
67245050854
67492914704
67649675434
67859680843
67893290357
67998074392
68190236146
68224928532
68394734036
68466848012
68505273872
68555880752
68614920280
68641137052
68647041755
68936597170
69011027320
69110991656
69149436098
69223057547
69201650707
69275363181
69220076939
69294235686
69309838077
69325235119
69369582678
69516734742
69561822160
69564615602
69572613330
69711911270
69845081498
69847161056
69909889897
70104069482
70388291736
70444579751
70448822156
70550550986
70570524289
70627007114
70827569144
71129999086
71292683726
71325938471
71338341315
71443556115
71462058323
71464008193
71543522813
71715389147
72021624039
72059483176
72207701478
72179311974
72198116064
72248564462
72450877599
72715089195
72729324975
72827689263
72914159823
72924875388
73063710645
73135214243
73347079692
73367018716
73369321564
73476659106
73528457044
73541567552
73614096984
73728734704
73774293838
73775312002
73783537846
73969316396
73998892112
74162761896
74169229460
74307207695
74440238489
74526133084
74615681466
74799572663
74836669757
75009420917
75032042613
75076430683
75111833024
75393287120
75439757567
75659985830
75711614520
75865889850
76159058642
76159847254
76271003590
76333640366
76359092546
76428841928
76461793301
76564527973
76566795049
76771545213
76820599341
76860695559
77149923879
77278039438
77288238970
77377942690
77552851402
77720940464
77730133082
77881819202
78086699332
78361379925
78365559331
78388012387
78702188596
78752704468
79004844344
79008751469
79066094334
79111041698
79161441059
79191931189
79221283669
79324752834
79381795124
79531566764
79675272551
79823821011
79830993051
80002936806
80012333986
80019195724
80426049184
80528353672
80739625600
80927604940
80910275673
81131232603
81336392654
81495829116
81630378756
81716616868
81863868948
81933206172
81885309288
81954910508
82002460861
82062822517
82101074725
81989270725
82021566641
82064827948
82194404428
82327537200
82385841903
82402631718
82632687638
82650560893
82774491259
82843555328
82929463644
82931063179
83192969395
83289303672
83411706008
83624482117
83704894984
83849472927
83877049527
83932958077
83970151077
84047783567
84048630659
84117616624
84119119927
84250219360
84257512679
84407934728
84487515527
84511572966
84534239181
84797771043
84852384071
84903625030
84963283957
85139894353
85317371345
85557089517
85609539915
85661885110
85697495190
85902910750
86115220185
86199490360
86381494840
86448200180
86451046712
86758618606
86737662822
86906274477
87090672756
87125950208
87172415804
87175535120
87183033010
87208575670
87229780308
87260006868
87356321701
87460303762
87642423880
87660528010
87761832988
87996356724
88003175526
88207707946
88368904356
88409712189
88599364081
88839676957
89012585546
89003505560
89162493672
89054446677
89072360643
89077350071
89113207071
89142990150
89224267046
89546848299
89810251032
89804621075
89819578326
89923844496
89967028090
89967536356
90033087509
90123991434
90432009521
90543921072
90631786563
90844255003
90888360579
90929851459
91052511831
91124666902
91236151685
91210071677
91225102189
91369765115
91574406965
91932760267
91942781725
91947824807
91948010729
91996021997
92059856844
92075509440
92159442630
92258568632
92323266482
92278053944
92463725003
92286342203
92447717791
92496641734
92484836299
92591077603
92610537868
92714435882
92714871160
92743424455
92908681907
92952413159
93006108283
92952206535
92955901138
92981322754
93069733294
93267225962
93317021244
93456246767
93483088882
93584733541
93591904215
93752482914
93862704849
93863256585
93873656869
94114662487
94386338450
94565889710
94694685170
94835902436
94824895652
94888113488
94895416916
94916085116
94933228523
94955600899
95076458167
95200571828
95346678104
95420159166
95707899341
95840691421
95877963922
95926189849
96317335285
96415958388
96594768800
96614726188
96713503072
96948414657
96984292290
96994546001
97065110001
97100819991
97137622905
97206276069
97287659745
97331189599
97355343079
97404587879
97611839597
97675501769
97767604709
97920341113
98030475905
98098782851
98348992055
98408135615
98450726135
98664061021
98766232753
98871118562
99040587716
99202875102
99349987852
99469930892
99795024385
99833781721
100198997585
100293183038
100316015338
100358610618
100483068257
100512188627
100545508907
100519017752
100538003896
100731473875
101067312627
101146135419
101085121411
101115161631
101477865395
101481992383
101670260842
101753506522
102040941342
102055914559
102385677184
102416703248
102421678686
102558579238
102790860378
102838179282
102871613182
103056944871
103081459071
103177062337
103229162730
103318150599
103323576654
103374227599
103510015678
103513837978
103577607296
103649300242
103720411942
103947227244
103957206673
104100569305
104277348530
104358097692
104485073128
104493365942
104576550320
104733924397
104840262577
104978414619
105014087877
104958966081
105360768273
105555636835
105561392412
105662339643
105650659203
105999654702
106047860636
106051453857
106102212957
106153144649
106165558969
106245580597
106288163828
106596394611
106615853113
106661858140
106802295306
106967047704
107178979143
107340754175
107364923197
107369945793
107507600477
107771905250
107867906582
108101876059
108153966103
108272426753
108630889176
108635260316
108658379650
108705707775
108748590473
108804298033
108975726036
109030904312
109318091023
109324571959
109392837814
109565439064
109743596208
109575737187
109586854144
109699527844
109702208744
109870477423
109874217439
109938244927
109988721829
110153597653
110271768229
110276386194
110283460812
110511309620
110558935895
110814252635
111194641330
111223621866
111225605676
111232390011
111288376655
111288718595
111328740136
111579513996
111603154899
111674599299
111838246581
111853846881
112076042547
112426407144
112546370792
112575941184
112683209942
112888948908
112904615206
113061566014
113140318426
113152900416
113371945766
113457978808
113531994614
113712787087
113743587823
113760511461
113790075086
113937413378
113942355992
114045270961
114114182917
114121362265
114162411455
114238394315
114561694221
114674787356
114708204500
114776845358
114866856044
114874653844
114889263113
115099087673
115123826989
115279111567
115351244859
115461611724
115591242958
115609520602
115802649035
116016597928
116090273831
116198704013
116310148948
116360107374
116488458140
116605282378
116637830107
116741705935
116712347876
116740693641
116751613852
116820002404
116968037860
117023146109
117260565809
117512677919
117683308985
117789365548
117827944089
117974379935
117979198449
118050125074
118203548118
118332449658
118477908080
118583208737
118608183693
118719804053
118833140355
118892049738
118977542860
118873029750
118892544465
118953628521
118970251475
118856637321
119047368021
118737609197
118779676871
118824148116
118988906868
119064439572
119077903197
119137842447
119227654209
119319495467
119364065743
119658219638
119657736404
119688337324
119784303480
119799252645
120017626949
120058509569
120346501749
120371653385
120322375885
120356583485
120391289529
120503090184
120506592805
120669571445
120679024982
120746540654
121025983415
121069129805
121209205538
121234010106
121334812526
121314399258
121202953826
121203953152
121251774937
121422648226
121570622242
121602203155
121614945324
121634502399
121792749460
122024008043
122154093767
122190856783
122201445283
122425236133
122426895153
122474204703
122475516090
122647317049
122773691651
122874828771
123050941177
123230962578
123345000414
123377595864
123524574568
123512825614
123503283721
123506712195
123798264710
123896259050
123902171052
123861762173
124171678300
124192421680
124217198757
124360092794
124455737936
124712054588
124719192216
124811181096
125090437295
125123054541
125295890367
125345078983
125659175245
125732079341
125781537841
126042778419
126049789899
126083162284
126088300093
126441469898
126452361662
126297494688
126351467468
126564461129
126643160053
126606058669
126760713031
126848405899
126980577921
127008673758
126990124293
127031693100
127044437100
127036795956
127107041882
127107371054
127379052576
127467299346
127639806178
127683992043
127685386323
127690594253
127878019033
127952617659
127815172047
127992901306
128220936250
128443755878
128473327628
128473770508
128477746672
128564124797
128624824137
128626410509
128932355603
128968751253
129122994768
129167454596
129194442085
129366568820
129404885877
129414527415
129417551491
129442316554
129392635313
129407862872
129467852227
129705159927
130064570575
130343329987
130384054903
130588164589
130619329492
130528733602
130736054370
130927805904
130952829329
131075495549
131132086655
131125539020
131332401780
131383105192
131602765674
131858860259
131864536007
131906819017
131951967043
131933703850
131950308962
131962477581
132143233869
132247357614
132357112350
132443613726
132531480098
132551926072
132525455510
132563701142
132649175466
132887185218
133017725599
133086145581
133227697481
133274853897
133276487679
133327163063
133676329469
133694124785
133895564983
133929111023
134070058675
134185168579
134335606535
134523795355
134666926389
134699968054
134792118583
134795833888
135102029062
135215385197
135284859909
135266551181
135281034061
135316062493
135389726275
135390233035
135312586763
135611734181
135650579101
135783024661
135936549251
135978749144
136161781180
136181683664
136286507330
136411490090
136724254972
136593865132
136727047707
136890162836
136978304072
137059659648
137100210340
137159604484
137217303554
137364463661
137382933103
137274869633
137333289724
137440114610
137461423460
137652964910
137649699854
137774489714
137728959486
137725946254
137788244204
137884234264
137945601808
137962238176
138198480208
138279869160
138384528105
138385846773
138486487413
138819717453
138844639133
138956087283
139155209097
139229301189
139484910217
139688811917
139733180527
139739629963
139751005999
140089849357
140394398678
140683835718
140695664083
140735657250
140891858190
140754674990
140798048978
140838311156
140839198504
140885024752
140918878780
140929116637
141039893977
141018583374
140783063317
140716635899
140858669343
140900314191
141000859923
141001315068
141003465498
141058993334
141381503807
141447535674
141581928012
141661489538
141727029881
141920375131
141955129699
141971636509
142029783386
142257203381
142415371055
142446316139
142450233623
142536703097
142540086035
142797615339
142826793330
143101114942
143393717092
143495324422
143502707791
143544614698
143643310300
143791615184
144019349806
144093476539
143977263727
144061154977
144061512427
144259816992
144268565685
144510832295
144641520755
144946822276
145044850228
145067951614
145182461845
145245338264
145367991221
145549329932
145791590644
146048193426
146276145176
146065809848
146140116885
146460846056
146619202856
146716423132
146745928300
146858852032
146934044924
146948106008
146958891760
147001303224
147053313734
147080627540
147203574668
147286914378
147439794596
147473945500
147485367724
147651823387
147750935666
147797992886
147802459406
147924045579
148070620189
148255556048
148337155952
148363147536
148269339906
148642090368
148736699631
148929945516
149023914216
149053982564
149231904124
149239519870
149584689982
149546830711
149581281625
149869739601
150077296041
150085349124
150196039182
150265616232
150454221621
150590522440
150737689040
150750954240
150765007248
150757739616
150931787815
150941413924
151000439740
151016007292
151286194859
151384866409
151421677925
151560937409
151627372699
151691105104
151711221886
151687423666
151590614938
151478017723
151476127813
151644175823
151892135079
152043489938
152090480453
152323362905
152378476586
152274913988
152317902918
152322995478
152401811583
152265062946
152305804719
152310428261
152587502625
152660520073
152861627357
152931019901
153254794447
153602689443
153896934842
153974745102
154002208517
154144281175
154208992279
154251318334
154372025454
154527413614
154443233344
154573899088
154637715445
154838538486
155204554122
155406133304
155505328771
155526821902
155683048206
155784346546
156025002662
156059897511
156288795617
156311147597
156585767835
156730594925
156764159300
156948961313
157160950319
157181011415
157388723206
157444017598
157480267945
157701017755
157776263609
157778594924
157702785685
157703805860
157629179756
157766564956
157788065856
157806370881
158102937657
158162133315
158514877077
158525282847
158669173672
158725563217
158780714411
158924443893
158983633626
159196848756
159250728168
159428192732
159676960922
159793128442
159852958945
159889613479
159892429071
160045587713
160219664041
160333618266
160345554114
160285798257
160334144881
160320253605
160410119381
160519060290
160743423990
160752993774
160959248466
160967599250
161075193464
161105592287
161263524257
161368013068
161392113808
161455307584
161444957950
161471494222
161422580952
161521352303
161656537437
161658521357
161673179617
161839998373
161906362447
161747799213
161821034225
161893948185
161905957889
161911584209
161935778988
161961531588
161965201688
161977356563
161991349850
162033037424
162052282515
162322193913
162350274255
162368506528
162412172632
162472805966
162592191136
162951545567
163064864227
163135329843
163208866227
163380265531
163657295011
163705923957
163751037687
163817597628
163815569303
164012316631
163989104755
164275691521
164146685023
164169695043
164186705059
164505057679
164541407839
164774780373
164872720061
164923106065
164978952165
164988943125
165233143152
165244654336
165303662178
165317924538
165385138423
165484016451
165500378849
165647056765
165756717211
165844677955
165858169087
165985741605
166325238866
166336014090
166360692900
166453369066
166453447482
166618075132
166674995974
166768607584
166888599196
166923145052
166940081363
166945922020
166993702714
167244272299
167275722832
167424108649
167453113552
167391418102
167463881177
167528175446
167685690531
167677625627
167703516254
167797795026
167835519054
168015781413
167975559901
168016783123
168070504687
168082772327
168144673751
168266043546
168491469082
168632454332
168656285308
168838698658
168784790630
168881620480
169006877480
169163470367
169100827125
169109804713
169186600435
169380572845
169393101256
169443265228
169444378700
169486785644
169521696604
169678700444
169583832022
169676066218
169749892173
169857338841
169899096213
169844774885
170103402257
170145738397
170115334855
170235831423
170386103958
170417895594
170702618919
170996859983
171043523167
171211735117
171220550297
171313814457
171294257382
171295881782
171398662592
171588579299
171590656137
171720309192
171842123192
171847081264
172160350529
172277369037
172304745799
172379999019
172621440482
172678241706
172699022766
172830913766
172916093882
173044778941
173098983030
173157630793
173080999408
173226728368
173250276202
173385316899
173507842278
173801808483
173827201281
173972762267
174090829577
174094814417
174176397455
174196303523
174390255539
174443167619
174548731567
174646809277
174665440177
174824152972
174848667109
174914637959
175196152257
175215302924
175261513636
175380741368
175606901803
175644989776
175669195451
175701423808
175818177192
175527186707
175801427065
175937983815
175975921715
176056700955
176234158104
176383694332
176676495644
176700902768
176749911833
176777816759
176780813811
176879550865
176907088021
177012407066
176946907101
177140574321
177188091062
177261191332
177320824080
177353196711
177407492985
177608512791
177638662020
177735484010
177816579731
178142159667
178394621029
178475407181
178791219228
178994911097
179026098090
179158828105
179360185499
179365275707
179414856718
179401432748
179748176020
179926617892
180005944202
180019850948
180059754878
180143867002
180230561416
180391933125
180408484848
180423829098
180480763423
180507895186
180437374996
180702917031
180823030986
180879079646
181112055619
181114201804
181159324481
181483413257
181674761447
181767448124
182012892918
182161333274
182140589894
182200146759
182226961259
182456852814
182526635874
182670185294
182693091774
182712179887
182817718485
182823626625
182872363091
182593315200
182651838832
182879855100
183268789858
183478690831
183646458711
183706079679
183722108274
183742944756
183853270650
184028636698
184156710709
184179938455
184386336447
184609694679
184711110903
184940496423
184941748893
184947461019
184878068696
184765350308
184757321316
184892293596
184891180124
184928105789
184948087425
185161969977
185196867315
185351382797
185584781921
185630284477
185719042729
185816946305
185822670465
185874491221
185900862915
185931733423
186270693581
186416663945
186449204145
186321859109
186429977341
186721845426
186924829879
186971868140
186974139780
187040175516
187106986748
186982167206
186933550488
187043347852
187015980175
187175973295
187402901287
187465953875
187462124606
187554775549
187563123949
187637801711
187813081333
187566598617
187588788243
187870306245
187983542949
187953282574
187987632026
187991278426
