100
9140.9139 2996.9670 6799.7386 2239.5012 1056.6188 837.0496 2244.9487 4109.7048 2123.4193 362.2453 4420.3199 8126.2479 2526.5911 6673.5134 6669.6377 1612.3552 9926.1800 9246.7958 3302.3822 5330.8937 4852.6413 7920.9610 4716.6545 3639.6503 7679.8322 2914.9832 6072.4072 545.1641 3491.9783 5517.4866 4965.9770 4079.2274 9745.8907 4939.7722 6936.4400 6123.3926 1990.3473 5873.8934 9528.1910 7188.3626 60.9885 22.3451 346.6280 2599.6069 648.9301 2637.9811 2246.2055 8886.5187 3413.8722 8324.5240 6564.4579 9926.8414 9940.5885 9623.9432 7319.1088 2315.6677 4088.1732 7514.8416 798.8419 3559.1575 861.9348 4248.7171 4917.3652 1722.3574 6219.8623 198.3507 5675.7979 7830.3958 1880.2101 1412.3284 267.5797 5431.7917 282.1116 1161.7533 2998.2686 6788.5394 8838.9146 3851.5992 6169.2229 4499.6240 1300.0327 3902.5006 9302.7197 5001.9698 4063.9565 8639.0334 4719.9592 1354.5589 9632.5257 4032.5669 9294.8524 4044.9675 7159.4393 7520.0564 739.3583 5384.2500 4881.9229 7486.3567 1882.5788 7628.8933
5263.4430 4265.9597 9380.5622 21044.8301 14498.5281 6208.0833 3423.0022 3404.0893 726.0003 4129.3399 29402.8018 7233.8044 9911.2963 5177.5756 35908.8217 17884.9476 43436.2401 5054.0017 7991.9446 32214.2874 5692.3740 39005.7762 30349.3669 6207.0171 38431.5836 23968.7195 34316.2835 4006.0192 26195.4528 6875.1905 5713.0405 28270.2208 8409.9574 31041.1516 3413.6610 34455.5160 19852.1530 3281.9822 7400.8606 37229.0204 3491.9880 2113.8876 9794.0258 22653.1107 9764.7222 1834.7779 21075.9498 8368.5442 9761.7677 6938.1708 2838.4259 5927.4325 2732.1939 1857.5705 37553.3275 21395.5889 28300.5562 636.3700 2603.8636 2233.0012 13101.2987 1601.9210 7809.5111 8019.4573 2077.9178 9751.9795 6517.5332 38791.2885 19300.4360 16747.2687 7044.7211 32509.2907 7506.1797 4150.5217 24303.5822 3196.2865 497.0218 27486.0878 34580.1282 29659.3692 3300.6283 27663.5249 42118.9191 4029.8609 5922.3275 3402.2203 185.5656 774.1885 199.2024 9472.4701 42101.9738 9168.4496 9651.4050 3164.1272 593.9884 582.4477 30863.4316 37963.4799 19312.4741 3033.6490
6235.4801 3938.7928 661.6461 7657.5363 8788.7767 6835.0739 800.6412 1546.8027 468.4784 7196.7904 1025.8872 4593.8050 3624.0202 8651.0519 3116.9505 1370.2391 2365.9930 8617.9266 3927.0956 7279.6845 2712.4596 4019.4219 5353.3502 4770.7767 4143.2207 4131.3871 7950.5407 650.0781 8284.1715 1934.6576 9926.7976 4849.4103 3010.5356 8093.1532 8497.8727 1957.5630 2744.5414 1776.9881 9580.6999 4216.6800 2007.0449 1950.3482 9066.8411 4673.9258 7335.8028 4110.5464 2454.4738 5324.3581 5545.5259 9812.5820 9428.4337 1438.5819 322.8147 4103.2513 1244.7614 6978.4409 3786.6170 4955.9204 1694.3440 7953.7501 8258.2265 7566.0597 3969.8962 9904.3854 9887.1387 2779.0501 1088.5439 8554.0505 4194.8317 9149.1287 9578.3765 633.1767 1756.9134 2073.6129 9394.7411 2257.5033 1077.4270 3611.7034 9209.2844 9235.7726 5441.7936 3226.1979 998.6324 4006.9257 3048.1913 6617.6272 9599.3376 5828.0734 739.8593 9009.2982 1517.9512 5045.5780 5754.4351 5568.9819 3922.7206 6594.6209 4600.8302 3714.3971 8165.7301 6794.9538
6102.1754 27789.2870 11484.4000 8923.5026 623.7761 36335.8851 691.7332 4792.4000 9668.3095 37250.0240 14287.2319 29960.9405 26677.1535 9245.8329 5745.6387 16497.5836 886.6201 5073.7736 27748.8205 37455.8820 6315.9441 28066.5037 32280.2057 30518.7652 28486.4505 7845.7201 4071.8266 11383.8929 9007.5071 19575.2042 1921.2971 555.4249 24352.4905 3641.9827 40340.5590 4893.6837 9881.3005 18768.0562 42712.4124 8030.4231 19934.4112 19653.6455 41607.2183 4446.5921 37594.5017 28376.2698 2140.5052 3720.1241 32838.2753 659.3811 7213.8667 130.3435 8245.9534 28351.6065 7465.0746 1192.6886 27257.7499 8856.5212 1173.1585 5669.0577 756.1642 2315.5907 27896.5798 43391.0155 43355.1869 23411.2559 14714.7495 4723.9345 28659.5486 8975.6901 9275.8041 367.1204 18662.6883 4848.3673 42316.5105 21128.2829 2970.9862 26632.6168 41917.1321 1268.3870 4173.6255 25195.8573 4473.2353 28023.7343 3383.5230 35773.3483 42751.8448 3614.9059 12141.8478 41481.2269 17357.5938 6431.5870 33433.1198 6406.0289 1941.2937 9816.4057 29983.3020 9175.7933 39578.6163 2179.4549
1 2
1 3
3 4
2 5
5 6
5 7
5 8
6 9
7 10
9 11
10 12
12 13
12 14
13 15
14 16
15 17
15 18
16 19
19 20
18 21
21 22
20 23
23 24
22 25
25 26
26 27
26 28
28 29
27 30
28 31
29 32
32 33
31 34
33 35
34 36
36 37
36 38
37 39
37 40
39 41
40 42
41 43
42 44
44 45
43 46
45 47
47 48
47 49
49 50
50 51
51 52
52 53
51 54
54 55
53 56
54 57
57 58
57 59
59 60
59 61
60 62
61 63
63 64
64 65
65 66
65 67
67 68
68 69
67 70
68 71
70 72
72 73
73 74
72 75
74 76
74 77
76 78
78 79
78 80
78 81
80 82
82 83
81 84
83 85
84 86
84 87
87 88
88 89
88 90
90 91
89 92
91 93
91 94
93 95
95 96
96 97
96 98
97 99
98 100
100
2 91
28 59
48 70
99 54
48 84
94 78
62 23
99 54
73 24
59 2
88 87
62 59
11 47
64 78
16 6
99 47
97 96
14 74
67 94
30 9
47 81
27 76
88 74
49 9
66 20
23 82
85 63
88 9
9 88
76 10
76 3
1 54
56 40
98 56
84 33
28 80
97 58
40 99
13 86
96 22
58 70
74 80
40 84
77 58
89 45
48 66
4 53
20 39
72 78
66 17
98 84
26 86
37 76
94 11
82 8
74 13
67 30
67 42
31 7
90 84
63 34
26 96
43 17
98 31
48 39
76 1
73 2
76 65
87 3
17 81
38 80
69 50
84 37
28 47
40 82
39 46
92 44
88 47
66 46
65 72
69 94
88 88
33 64
50 32
80 14
41 3
81 29
54 85
82 95
51 2
2 49
55 88
10 38
52 66
40 81
2 87
25 52
32 18
67 38
40 23
