2
200 132 200
412169578 554042161 405120599 262793583 743021749 921365337 31956056 387097343 674055296 700973899 528762369 953720641 917341345 874542726 536700866 9825055 145694273 443827324 476567965 75817909 53279324 512265491 623556522 482568914 444494916 983805221 389997204 579890043 932027933 617491201 963563546 931999336 220241250 437383912 563587983 352190085 924189023 834364305 568870491 587636082 121447862 949529253 42372727 401606659 513252059 339407171 685084916 526518977 244965015 775116925 145356405 162080359 40461448 659998170 93657009 49431654 807235231 318504914 505383922 311180129 302036384 976886357 77939608 573088690 667836838 657240900 76654743 219872227 73009309 942636790 799313653 932715830 148060358 991995061 321844557 771227678 704380215 278981438 894571854 200560835 628292184 391230788 440681532 736547714 15500391 521719278 294364014 504240491 923976181 609944916 188817615 667452609 817747047 323067142 894420830 181968253 104484981 318145670 548691886 346109387 142935726 417752521 784162918 895934092 311368690 67043769 105623233 529640402 578449911 72782518 286437135 787138919 987324357 812595984 14066995 400416583 200456762 611151247 481191203 515327521 620604550 291597804 373478251 384207834 761618608 377768789 655275435 708724746 637794319 135259884 899601172 674250876 845698002 41975880 47342830 487775666 705801593 97849843 521754389 828141408 833781594 416120299 666327160 283558124 476986653 875268642 201407385 439188980 354049088 905227517 446506767 361588424 259992723 481208792 381949447 881218796 26607805 178388353 360786111 418942871 617326261 286759608 586237193 610857015 60974666 60683958 797116110 255579882 888802204 323118499 87490696 133721862 558164896 836028189 81808327 445137811 936444064 25999544 727968174 527836107 772014265 844092537 519566195 858838945 741769307 685992282 73767650 893789239 116497100 372919242 474512090 262676582 3271334 414130217 676083662 99244346 279204436 182333776 410021957 209798772
165 41
162 179
157 22
139 176
99 31
48 147
83 156
158 188
165 3
114 153
67 123
64 146
63 159
134 9
140 48
137 97
117 17
199 122
21 42
199 95
4 98
160 164
113 39
192 155
141 31
85 132
192 37
117 172
40 171
137 200
35 38
95 91
94 88
180 46
193 47
142 14
134 105
78 175
160 150
81 77
182 26
137 173
34 187
170 197
19 174
195 16
95 57
82 176
25 148
2 177
10 199
151 52
111 164
168 130
70 71
136 29
111 67
115 12
149 195
1 107
165 115
143 129
112 116
11 145
158 92
53 18
127 45
134 100
191 104
169 75
6 84
121 175
81 68
131 179
88 185
61 178
200 186
190 181
119 163
152 43
13 103
109 47
56 33
130 20
175 157
105 51
170 71
62 128
129 46
25 190
163 135
167 78
35 122
79 110
40 12
32 139
84 125
88 138
174 156
84 66
69 19
83 131
152 135
95 65
80 126
149 64
113 138
198 39
56 76
169 5
91 40
84 86
89 184
16 52
108 149
14 93
55 158
61 90
132 168
156 50
194 71
93 97
24 93
178 12
180 175
35 42
72 108
98 196
90 76
26 4
149 34
37 144
Q 195 146 4
Q 875268838 875268756 875268640
Q 262793474 262793536 262793582
Q 578449876 578449866 578449919
L 894420807 894420803
L 894420768 894420934
Q 894420767 894420811 894420831
L 53279248 53279290
L 53279322 53279334
Q 53279250 53279453 53279320
Q 527836044 527836045 527836106
Q 799313526 799313638 799313655
Q 476567973 476567989 476567960
Q 609944850 609944850 609944917
L 942636613 942636617
Q 942636788 942636615 942636788
L 936444120 936444127
L 936444060 936444057
Q 936444152 936444039 936444065
L 97849705 97849716
L 97849851 97849805
L 97849675 97849836
Q 97849825 97849798 97849841
L 443827252 443827217
L 443827213 443827264
Q 443827305 443827284 443827322
Q 587636148 587636019 587636080
Q 311180095 311180228 311180132
L 311180112 311180262
L 311180070 311180140
Q 311180250 311180044 311180132
L 578449812 578449868
Q 578449756 578449917 578449909
Q 188817639 188817577 188817609
Q 771227820 771227815 771227676
L 97849739 97849770
Q 97849744 97849744 97849842
Q 548691958 548691912 548691872
Q 987324397 987324323 987324352
Q 609944940 609944946 609944913
L 302036411 302036409
L 302036352 302036236
Q 302036266 302036326 302036387
Q 568870403 568870609 568870490
Q 97849778 97849807 97849840
Q 807235093 807235308 807235225
L 807235208 807235241
L 807235131 807235222
Q 807235073 807235107 807235230
L 178388449 178388411
Q 178388441 178388441 178388352
Q 504240487 504240410 504240494
Q 894420791 894420845 894420831
Q 145356409 145356374 145356406
L 410022002 410022080
Q 410022012 410021967 410021958
L 807235233 807235309
L 807235239 807235109
Q 807235119 807235092 807235230
Q 445137854 445137694 445137815
L 833781611 833781733
L 833781542 833781622
Q 833781627 833781650 833781598
L 685992262 685992250
L 685992277 685992220
L 685992396 685992204
Q 685992433 685992294 685992284
L 894420754 894420935
L 894420858 894420825
Q 894420857 894420737 894420831
L 311180067 311180286
L 311180247 311180122
L 311180242 311180036
Q 311180231 311180231 311180128
Q 60683962 60683980 60683952
L 953720773 953720824
Q 953720638 953720600 953720643
L 655275489 655275277
L 655275412 655275322
L 655275397 655275464
L 655275297 655275274
L 655275318 655275467
Q 655275452 655275452 655275434
L 623556603 623556495
Q 623556480 623556503 623556515
L 949529290 949529131
Q 949529260 949529146 949529250
L 736547637 736547738
L 736547740 736547634
Q 736547773 736547718 736547718
Q 181968368 181968206 181968240
Q 610857009 610857201 610857007
L 894420750 894420862
Q 894420802 894420890 894420822
L 505383785 505383879
L 505383810 505383916
L 505383913 505383772
Q 505383887 505383903 505383929
L 416120285 416120256
L 416120160 416120197
Q 416120200 416120279 416120313
Q 548691891 548691888 548691881
L 440681639 440681721
Q 440681522 440681537 440681531
Q 761618473 761618633 761618592
L 705801668 705801720
L 705801487 705801551
L 705801491 705801664
L 705801523 705801681
Q 705801559 705801665 705801595
L 548691755 548691943
Q 548691759 548691882 548691887
L 262793706 262793585
Q 262793714 262793483 262793578
L 346109344 346109285
L 346109309 346109415
L 346109353 346109388
L 346109279 346109273
Q 346109414 346109321 346109381
L 921365339 921365302
L 921365450 921365466
L 921365342 921365323
L 921365262 921365367
L 921365340 921365459
Q 921365493 921365458 921365338
Q 931999301 931999251 931999355
Q 905227424 905227387 905227518
L 416120131 416120260
Q 416120252 416120224 416120267
Q 888802183 888802176 888802235
Q 894420829 894420808 894420824
Q 104484932 104484905 104484979
Q 361588355 361588409 361588426
Q 321844580 321844700 321844569
Q 705801497 705801524 705801599
Q 262676507 262676580 262676576
Q 736547597 736547630 736547715
Q 25999601 25999419 25999549
Q 361588454 361588353 361588457
Q 521754497 521754458 521754390
Q 200560797 200560850 200560841
Q 361588348 361588457 361588440
Q 705801532 705801573 705801552
Q 875268648 875268746 875268644
Q 674250770 674250874 674250868
Q 200560811 200560889 200560876
Q 932715789 932715890 932715831
Q 31956092 31956092 31956057
Q 352190029 352190094 352190088
Q 705801724 705801535 705801597
Q 40461359 40461485 40461450
Q 40461562 40461358 40461465
Q 894420810 894420931 894420805
Q 741769319 741769328 741769309
Q 311180090 311180280 311180131
Q 188817650 188817574 188817609
Q 302036286 302036268 302036402
Q 931999306 931999329 931999356
Q 674055313 674055312 674055308
Q 439188986 439188841 439188989
Q 736547590 736547747 736547730
Q 953720791 953720633 953720643
Q 81808368 81808195 81808336
Q 836028347 836028164 836028191
Q 255579756 255579816 255579885
Q 736547624 736547749 736547734
Q 381949633 381949620 381949441
Q 439188916 439188919 439188990
Q 302036446 302036444 302036414
Q 504240472 504240587 504240495
Q 418942936 418942873 418942909
Q 894420814 894420981 894420828
Q 87490621 87490570 87490703
Q 529640333 529640327 529640403
Q 15500532 15500515 15500385
Q 440681539 440681517 440681474
Q 921365345 921365325 921365338
Q 75817858 75817881 75817876
Q 505383901 505383912 505383927
Q 97849821 97849711 97849809
Q 705801488 705801474 705801596
Q 373478344 373478203 373478248
Q 361588344 361588292 361588418
Q 526518878 526518950 526518981
Q 81808277 81808247 81808326
Q 391230851 391230974 391230791
Q 188817508 188817501 188817605
Q 578449869 578449892 578449916
Q 318504721 318504951 318504949
Q 685992268 685992275 685992275
Q 736547779 736547584 736547713
Q 255579743 255579842 255579902
Q 894420863 894420971 894420811
Q 741769343 741769332 741769308
Q 104484987 104485089 104484970
Q 987324413 987324317 987324355
Q 311180270 311180258 311180154
Q 573088541 573088736 573088689
Q 47342722 47342820 47342828
Q 255579895 255579834 255579885
