

10 23 3 100
189163
351392
2010
530856
490953
455346
222246
927873
361952
844559
2 10 0
1 10 0
1 7 0
3 7 0
3 8 0
8 9 0
4 9 0
4 6 0
5 6 0
6 8 1
6 10 1
2 3 1
3 4 1
4 7 1
1 5 1
5 9 1
2 4 2
9 10 2
6 7 2
5 7 2
3 5 2
1 8 2
1 2 2
1 2 10 1
0 5 196370
0 7 568615
0 2 191955
0 6 818544
0 7 365000
2 2 5 4
0 1 14921
2 1 10 6
1 3 4 1
2 1 8 1
2 0 9 6
2 2 8 9
1 5 9 1
2 1 10 3
2 0 10 8
2 0 8 4
0 2 867397
0 10 954322
2 2 1 1
2 1 7 8
2 1 7 10
0 8 670971
2 2 2 3
2 1 9 4
2 1 10 5
2 2 7 2
0 2 581423
0 9 889933
2 2 5 3
0 10 167815
2 0 9 4
2 2 2 7
0 6 238479
2 0 6 3
0 1 853036
0 4 58064
2 2 8 3
2 0 8 3
2 0 10 10
2 1 3 10
0 3 334891
2 1 8 5
2 1 10 7
0 9 838082
2 1 3 6
0 3 216695
1 4 6 0
0 8 242201
1 3 8 2
2 2 6 1
1 6 8 1
2 2 5 1
2 0 7 7
1 8 9 1
2 0 5 2
2 0 6 9
0 10 768781
2 0 8 6
0 9 875031
2 0 2 9
2 2 10 2
2 1 10 5
2 1 3 1
0 10 140693
2 0 8 4
2 1 4 10
2 0 10 5
2 1 9 5
2 1 3 5
2 2 8 4
2 1 10 5
2 0 3 10
1 1 8 2
2 0 1 9
2 1 3 10
0 2 104809
2 2 4 4
2 1 8 9
2 2 8 1
2 2 8 2
1 9 10 2
2 1 10 8
2 0 10 4
2 2 6 6
0 3 783288
2 0 6 8
2 0 7 5
2 2 2 6
0 4 654764
2 0 9 1
0 5 588300
0 3 284319
2 1 1 1
0 3 222398
2 0 5 6
2 2 6 4
0 7 968054
2 2 2 8
2 2 10 10

