4000 4000
1765 59432
2148 7951
365 66326
547 35252
1691 48480
1844 36629
4000 94968
2511 16618
387 68624
3552 40900
376 89826
1279 86242
1389 92745
3021 54737
218 31098
2293 26034
606 54229
2594 49038
2673 79974
35 77971
3692 25461
3982 13151
3582 66948
757 3346
1458 71271
3977 1089
993 16549
3110 82029
1199 4922
3899 71172
945 90425
3205 64353
2933 79123
2701 73102
2649 15956
3674 43954
262 9731
737 10923
2094 60571
3517 94706
1699 68175
2434 66748
1248 80947
1168 60919
172 21484
1494 28397
2299 3304
1875 75712
2160 77434
2851 83277
2743 70034
2885 2894
1453 12779
3114 36982
1599 22592
1242 84050
2106 38070
2403 39140
352 82430
2517 42991
2077 26664
759 89206
2672 7343
1424 5786
918 62307
2828 39650
1926 66091
792 72037
2075 66925
1196 26661
2847 83094
787 35099
1576 93408
913 80393
1092 12369
2751 31243
3532 8789
823 15672
2628 6954
1291 2574
3702 15300
1643 93339
2797 21820
2489 44431
1184 30320
1827 60763
2011 28480
3911 68389
29 99902
1693 27261
1585 11379
3233 26565
3243 16466
2451 35073
1590 48702
3065 78772
2584 91075
861 14792
3645 67161
26 57999
1529 57804
3478 50254
3858 93097
1290 51211
2732 46998
3657 21817
509 82453
780 72138
834 37488
124 5758
1960 74712
3451 69139
1405 99097
2350 12883
3806 13569
1241 45768
2042 73645
3354 58400
3605 14157
1588 89898
1998 85660
924 41887
2041 16463
2622 2125
3709 76960
2669 81516
581 97249
3727 84386
3635 96308
2397 64409
3006 42384
1073 70463
1972 31014
2436 35480
2088 21674
3902 78012
3636 73648
1323 20478
2407 50149
1826 27487
2146 42588
2723 41212
3036 96625
2544 58036
2943 70446
1754 26546
3713 3803
3304 44090
2716 84945
3632 34311
3486 33988
904 70605
2930 76198
1031 66802
2899 89081
1085 69509
112 64669
3469 2681
301 53894
2389 77328
185 67089
3394 96277
11 47791
3385 14455
3572 48108
2036 69464
1018 8818
1149 21755
3115 6293
842 75318
280 65593
2514 65232
389 16530
286 62217
3399 23267
1219 3327
312 88762
718 43422
1697 47417
1749 73707
222 94084
3352 97756
2901 60663
3691 70281
1182 80909
2768 66095
1294 56141
3987 45577
2334 68776
3896 10034
3262 22905
538 52216
765 22662
2902 70695
3537 66670
2373 87121
1740 56510
879 75487
3448 25227
2357 62802
1953 67157
3600 90819
1366 44386
3712 83686
3510 53036
2856 84004
272 87012
2812 58149
2449 27425
3491 50780
1979 48207
435 21509
1867 64887
2916 25221
3802 8141
1596 45795
1653 91316
3587 64282
954 91372
2890 76443
2422 90667
3079 30628
1397 45010
801 29681
1006 1322
896 11680
2233 16801
84 57831
2037 3518
2100 42028
3617 36984
2700 70674
3851 32846
133 81369
207 70711
3658 2233
1030 65373
2569 74075
1 60382
3704 9149
3409 41206
3061 8588
1584 47009
1503 6093
2178 33809
587 71502
3886 68239
978 41476
2528 35783
1747 75962
182 34270
2845 42801
375 6589
3986 79279
49 72481
3282 24262
983 7310
796 89282
630 82092
3326 27180
1781 31309
3249 35428
134 97853
2513 80506
32 33148
2427 84916
2490 82739
1964 14872
826 75342
2546 59472
2045 24021
722 16547
2771 84411
1857 87381
320 38991
2596 34571
3143 58882
1116 7230
3320 92398
3368 11016
2339 83191
1322 26667
1829 53817
371 6132
2226 5946
2946 26297
3219 30393
1783 29607
634 31930
2864 28837
1661 56786
931 79590
3224 64264
1902 70991
3701 60096
2597 13763
3375 55906
293 59186
2064 28635
7 47599
784 35009
3839 69007
2790 64145
831 19419
1364 56387
2515 19488
2627 70342
2872 31621
3912 26717
3208 62739
1745 42636
515 26259
140 89406
3659 96452
2606 32390
1689 11703
3030 39101
628 62783
1282 41309
1055 71030
3585 7971
2378 14447
3037 50620
1542 72234
3793 85437
531 27067
354 85996
3628 57694
2749 2604
227 30982
2358 5292
2255 37612
3710 99988
1937 85788
2374 73382
1965 56375
1240 5275
1264 43723
532 4347
1641 48343
593 6462
631 46982
363 74602
48 12219
2814 59786
2320 23343
3289 40273
1742 98886
856 2477
131 97933
1736 86267
676 10447
1186 12379
511 36886
3438 82680
3058 14167
1156 80304
3255 85028
3425 71860
3562 82907
2923 16009
3315 93503
3057 20518
654 15997
3637 95643
811 93900
2444 88723
655 17269
1608 53974
2398 93069
3573 65612
3141 60435
1618 56402
1390 56565
621 89005
1563 16187
2959 79907
3465 29277
1089 15072
23 82384
3662 27210
3244 17691
1690 92830
2040 55940
1377 70928
3849 91862
3551 70107
3403 51232
3745 76889
3934 58318
1939 34138
3377 9249
2572 68173
3350 71008
3616 41597
3876 80167
1209 81259
1602 30319
1246 97435
3259 35232
2884 39739
2951 79398
3127 12019
364 96141
3222 35962
3589 17375
347 12327
1570 15869
3340 46652
2474 43751
1854 98252
2084 90213
336 77793
2172 7433
2107 62504
965 48720
1780 99294
174 48962
270 99951
1276 92534
1096 7280
687 34089
666 1783
1600 91804
1143 21448
1771 59731
114 71970
3664 2706
3440 6402
1981 85756
2277 54289
3248 46140
2275 65154
1131 82659
2487 58632
1708 1115
251 34
3925 87311
2038 33335
1686 46685
2264 31061
358 47938
2288 53249
1134 8853
2703 55371
3241 32104
325 57572
562 71016
1109 81066
496 73875
1948 63550
2581 4697
3365 24315
2694 81684
2745 96500
2057 45762
777 57766
940 84821
2213 64819
1297 64167
135 70576
2635 19107
624 10307
130 52081
1802 1766
412 68938
709 69548
705 1799
2676 56248
2547 2882
3266 64835
3643 3660
2198 50820
3743 34435
1649 28864
1413 22542
3715 66538
2746 2788
3471 93557
3390 47603
2520 93014
964 73458
3955 52299
685 17328
1811 71493
1317 65150
867 63089
2050 29259
159 49970
2491 44259
1106 93425
2641 36898
1038 63365
3882 20083
3472 5330
1247 81482
3584 5373
3862 74877
1801 99632
3818 77972
3699 77759
2087 64466
1695 97984
317 44930
3020 15252
1556 26847
1730 67471
677 81790
1024 45986
1261 77379
2214 29392
2789 38999
561 67189
108 98043
2764 72678
2945 38681
3908 63192
1358 52118
2033 84291
1098 29514
3965 96376
2031 94068
2674 82763
3168 59741
1399 14150
1060 88092
1701 57574
774 19522
2441 62969
3314 57206
1460 97494
1105 57079
3995 21671
1839 95477
1975 18360
2256 36923
103 38675
46 2182
3094 35064
1394 1013
1535 79560
740 80807
2538 56363
2116 63100
565 78849
2443 29041
599 18133
3722 58393
2796 81158
3583 2423
282 4258
3251 77534
2340 96490
1574 87020
3048 53626
596 26992
370 75111
3516 11199
3130 46513
460 54431
1895 84756
192 60358
2351 27861
2794 22779
3327 72186
2200 46220
3261 59701
2263 27213
2530 64753
33 11116
1088 28225
2440 44313
1033 91922
2004 939
798 23764
2555 87123
893 29979
903 41896
3415 61867
1559 27489
2101 44319
719 66124
1984 5022
1404 57160
3938 53143
2486 74999
2998 84151
3973 44605
672 2549
933 47016
946 15388
541 87305
3913 23725
3719 59600
3596 10083
1971 95911
3154 5820
1005 86135
331 39475
3679 86924
1996 97250
1532 67699
3971 31236
2997 5523
2222 68637
3742 71352
1638 92645
1803 14968
1147 13247
1913 70863
1629 42456
3113 73917
1522 36986
1123 63829
179 47429
3270 6480
1051 38827
1698 31579
1601 67437
1138 41375
1485 94946
321 99176
1617 45031
1108 18671
707 58775
1530 55113
1994 30933
1666 80946
1072 41247
2800 86759
830 67870
2361 54848
80 70809
905 15457
845 60371
83 55797
1557 86808
3492 69367
1491 70764
3494 16407
748 40230
659 13219
1587 90323
1832 93567
3533 93399
256 54103
877 16399
1843 32225
2613 2034
426 83835
2462 89952
3206 96979
991 83010
1229 34982
1983 32001
2976 41784
567 6447
2279 79285
3010 39082
3184 64045
1160 66043
2567 6951
2337 18893
2049 36851
578 38759
1735 95615
3159 92648
479 25567
2478 81333
3931 79763
2395 41973
3470 37914
1177 9334
3505 48647
436 31481
1910 2732
2709 2750
3963 47879
1732 51309
2910 4783
2702 48065
475 57612
3557 18113
1955 31074
1213 92593
680 66466
3755 89209
3098 15391
3656 62102
909 28290
3763 79436
2009 28145
3561 51592
2918 98328
1251 81347
3535 90351
3846 10294
109 90346
2955 32269
872 91626
258 86461
1537 90593
1791 29540
1878 95794
2120 55591
490 77372
156 98525
1757 58340
716 25250
2492 66185
3689 79474
1067 73314
799 23796
3439 13939
2695 20739
3000 32741
2787 96756
1266 26299
2371 48131
929 58857
2897 70941
1914 43918
3879 3353
711 38884
2419 58597
2353 84700
1470 29234
1412 68890
1409 91397
2585 61502
469 60516
2000 77857
865 68446
193 6407
3473 73650
189 24037
1603 83778
2817 88527
507 98728
1057 25379
3293 71063
3131 94554
3947 15044
3970 94859
857 8492
923 35782
3942 27599
550 5247
2414 78432
1191 92081
717 80455
1371 49372
3167 35999
3185 83808
1997 88256
2184 94595
1082 68507
1733 33841
912 79837
902 76255
1393 11695
1411 40352
2848 54112
691 80140
2687 63110
1797 44113
1755 4176
2929 46887
399 48991
315 2904
183 72265
1681 20054
3640 13809
3351 3660
3173 14912
2399 22300
2727 55793
2876 58862
3750 43898
175 34224
2640 67294
420 24352
348 99948
1189 19644
981 8159
2246 88203
1992 14239
2646 93017
2044 38395
2843 10427
1091 69272
3360 50089
495 50778
1161 39735
392 30229
1595 30239
3227 199
3822 50756
2721 77125
2267 49190
2068 70011
3382 65741
3749 69243
3757 83819
2548 69400
1496 506
2424 22470
107 25192
1656 59367
1619 82719
745 75767
2844 43012
1723 23423
3260 75714
794 62656
1170 47933
1111 80268
1074 76894
3019 57302
2536 18663
2645 87320
1441 42925
1655 68751
2720 54449
2271 82659
3741 15331
1293 84687
3271 82857
291 82439
2364 78163
2149 48398
2887 52449
3834 60255
3613 17640
1299 52620
1560 46006
1667 18145
2858 91441
254 87549
2823 93863
2906 74160
1639 63315
2618 36875
494 97582
2965 39029
1519 99530
3504 61866
2274 35648
47 92775
1982 19167
2446 54310
1451 96446
1215 62091
2061 23061
3477 67246
340 61101
3962 54743
1330 68284
1817 60310
3611 37181
3362 46446
724 8707
2941 5982
3483 23052
2612 42699
616 58601
1637 69057
3443 60843
1531 50041
3073 56605
3299 71058
366 40552
2786 19919
3646 24284
2715 54485
781 75299
1634 23813
2469 16351
795 10947
2393 32939
738 51869
3452 81608
1273 29384
2518 13960
44 21020
186 96629
623 91412
3119 75763
752 81264
2799 51721
1298 29295
640 44061
64 76780
1252 35276
419 67112
3654 19478
85 10228
493 36168
1439 96672
608 76621
1785 9124
361 67729
3808 17172
1464 45394
1621 92012
3376 71657
1652 20693
1292 32176
1874 4359
730 47991
3672 65114
2877 56227
1863 29598
1474 94497
2423 86538
1045 50618
3276 7477
1235 94302
1640 42732
1312 88740
2290 46022
2683 72026
2841 32800
2189 22801
1140 7302
1254 16263
3446 58630
1978 33881
1288 68782
3102 55302
1475 10501
2238 77905
2986 23030
788 27673
2307 23299
3765 31394
1558 15681
963 60343
1775 63569
3427 20039
973 24685
344 28683
2832 92617
3220 70634
1351 39531
3033 95507
2295 37603
248 63360
2305 89808
510 80334
1249 68451
1167 52181
667 68712
2953 17603
1262 91334
1128 76013
535 33865
77 49963
1454 26245
2896 2647
3827 21616
1737 36746
1636 96903
3342 60998
2153 64418
199 20201
2509 92391
1549 96450
2656 96895
1908 72311
2348 32840
566 21579
3594 17345
3539 25456
2839 92213
19 73228
3799 37314
2008 29815
149 36587
837 43473
501 26501
2914 5037
2808 95654
1068 95212
2083 38991
353 3339
2947 87576
2968 72856
1401 53301
2199 13820
2292 91854
2756 91269
1338 50565
840 88756
1127 52266
3647 31334
3367 25309
2995 44656
2346 27783
942 22203
3898 16966
662 60622
388 43782
2142 50663
329 2430
332 52346
2739 23890
611 39743
936 98512
2869 60476
3792 83216
3175 25012
3166 81864
1433 95221
2829 36575
2453 37207
1507 98559
1010 24150
481 26414
24 68211
1654 54322
2689 18267
3852 59479
1713 21238
1259 23374
2961 11744
3893 52572
349 48682
1471 72751
1886 96706
2767 70885
367 6069
1345 57328
2165 31018
678 56731
17 76109
2582 83363
2655 80620
534 15851
2321 81874
1751 57447
2816 15418
3341 23238
2259 55662
1327 26990
202 59812
2317 92868
1498 25548
470 314
2161 35633
3101 10111
2336 70987
530 53899
2210 69589
2634 92224
1586 77273
3097 97685
3930 61147
360 25954
3609 70435
3989 57853
1932 13190
2579 92855
1053 31532
2420 44207
1052 49585
2866 7640
1593 27569
3626 46556
2696 39842
111 25795
3844 20354
1187 55260
595 65384
588 92368
252 98601
1959 25195
330 1587
1222 24149
171 41860
1943 37220
3189 34259
2748 12846
3164 91118
633 20199
3684 21422
2428 84742
3920 17883
2637 82568
600 27048
1682 4670
1042 56772
3768 40237
1234 97524
205 88303
102 84444
2018 63461
974 12294
1922 28364
2900 10016
3716 52136
3132 70510
2969 46722
3526 23747
129 35893
502 39089
539 22347
3668 77440
3461 40675
1425 62847
3576 35651
1268 77894
356 97105
3207 48497
3408 85364
1376 33656
812 86270
2921 86457
3919 67890
2707 68837
3731 13504
2542 72559
519 41961
937 53741
2391 70083
875 30263
506 54536
2329 33543
3026 42557
3146 99251
2949 59910
2181 11044
341 86113
712 6631
2380 34790
1492 22005
1659 45719
3296 57136
139 15796
3714 2746
1776 19983
381 51447
3430 96991
848 33439
137 16295
2145 98706
3859 67094
2370 2564
1813 85163
18 51336
94 87752
1465 98666
1622 23894
3009 29712
1115 68758
3096 10328
1967 76327
2939 39645
3099 60222
3739 18883
1113 55248
1020 36484
3868 29926
2455 41360
882 43114
3197 81067
2102 79716
403 5185
911 38202
284 95512
3642 24282
3482 74536
2069 63310
3203 21272
1792 24327
3624 79604
3563 19978
922 7772
2666 82167
2973 21492
2991 59107
382 69918
3056 36509
2495 83001
306 15982
1899 5267
3525 9680
2863 92308
2562 61263
1837 86254
3429 27542
1315 16510
2769 22737
3285 73819
1877 74221
406 82202
180 54885
1546 70289
1287 87386
2593 9438
674 82152
2016 28019
3905 83974
1954 45461
2319 49291
91 8300
2580 25064
833 85620
3411 16071
1489 7230
224 7111
1931 91530
1516 93499
928 59971
328 90882
2030 9480
1207 65237
2609 561
3519 1787
373 42852
560 86814
3322 45680
761 75713
1126 25902
3077 19498
2461 49934
2089 8104
1456 74382
847 36574
3192 11841
2680 83820
203 18725
2383 39860
3218 67793
2330 64185
2128 5502
3035 92444
3655 89248
2252 91121
3721 24866
529 12829
1373 14583
969 16395
3996 6327
3498 74553
3992 7276
999 32159
775 56142
3454 24189
1435 50297
1716 98993
2247 27354
2537 95977
1919 91057
3049 53256
1865 15474
2881 40990
1725 61359
2862 6208
454 93915
951 73199
3536 90027
3678 12639
3630 13058
681 74171
2782 93175
2757 34911
433 82966
3254 82422
59 26031
3751 7831
1566 11602
3024 56965
3506 40578
431 34281
988 47870
1284 64205
2652 66439
1632 4011
1673 88393
1921 33087
569 19355
809 15747
1253 45415
2272 10411
892 85354
219 60889
249 67753
1386 63064
2465 83448
1517 78019
173 52614
190 73474
2072 90658
1862 82024
3670 63996
3179 83832
1416 16934
505 46961
120 82606
3421 42965
1887 54791
1145 94207
1028 16281
3397 11720
2314 28487
546 64150
2893 75925
3897 11277
644 84512
2838 64317
521 44364
1436 20218
3812 96415
3627 89778
1856 46981
2633 98120
2985 67018
1728 31085
2476 61183
846 66817
3924 9103
417 13797
201 40290
1407 99760
755 95820
2679 4285
3836 99944
1896 12753
1225 51245
671 82549
2505 72069
3406 22388
1081 93107
2308 88350
3666 34107
2557 21594
1459 68851
525 10031
2737 49222
1741 69715
1842 90700
3864 9937
2697 89932
3639 3466
871 16067
3229 53264
2791 1586
1075 99436
2510 84348
1575 79120
3214 66253
1915 93451
2644 92916
3932 22894
725 93210
2460 5087
1272 27179
1380 9505
1793 17840
3487 94775
849 92053
3489 6260
3257 33514
498 1512
2379 94609
3933 67621
829 23105
1709 79812
1047 94003
2754 88678
1597 65878
2587 1054
2483 98615
2778 55809
2164 4520
1280 14681
3541 25425
1061 22457
3228 30468
1778 9772
2005 1576
3648 96720
3216 3222
3661 10844
372 19614
3183 12784
1080 15930
3994 63144
3633 22288
3881 50121
1165 74270
1604 30693
2629 56381
2654 7784
1892 32204
2970 67341
1647 91756
2053 71660
1514 63504
2979 85758
3798 76689
3424 29381
714 86812
3373 75303
20 1542
10 7683
2575 6335
2242 26966
3495 46491
3914 53155
3005 36737
2776 48066
499 49874
696 56311
2296 75261
51 85839
3728 85446
2384 91191
821 48982
2763 24085
3312 57663
1440 23252
3976 54777
2363 14043
3592 47387
636 3332
3039 97736
1212 39142
1332 91343
1836 61239
122 24899
629 68032
1891 90620
3393 28062
2218 59686
3230 92161
1548 52096
2540 82373
429 35478
898 98586
1881 35527
2235 72214
3993 63004
1501 1752
2197 44876
1936 38264
2533 87591
3306 30321
2112 45806
2878 52924
1777 70758
228 19821
661 92527
3776 41886
3329 50215
456 39913
1025 45218
783 47950
1694 79054
1554 52912
1353 9189
3156 20305
3361 37295
2328 16160
1289 64718
1324 96981
1008 24672
2266 16814
1934 95705
548 60149
1434 31751
3556 47583
2999 48714
3364 11106
2217 49334
486 9942
3831 49370
3091 53276
3402 40262
2426 11527
760 22552
2605 27371
2250 31347
855 15078
1748 69257
34 81562
1090 71343
271 14474
3554 45863
1706 50396
570 83737
2653 71403
704 87052
3391 21032
3395 87562
237 51770
1552 34364
2034 28585
3748 84935
1688 46420
967 88733
3078 16685
664 94002
2556 53799
907 27791
2604 59687
3740 63740
1301 93512
2477 29315
1171 20353
2775 21390
2114 51866
3500 47724
3916 69089
239 83295
209 16980
3267 67002
215 54637
1512 47805
2347 12864
2367 21385
3286 31541
2201 84267
2270 8436
2401 68924
1043 88180
3292 76557
1385 3287
3086 16765
2026 61491
1120 66058
1443 5497
2342 94528
1692 60059
269 75647
1812 38670
310 19746
1898 39386
3027 32181
2980 65412
1798 59739
563 69922
1614 17277
1245 7462
2871 39010
568 571
585 40793
3095 6011
3512 71560
1609 88597
3463 35227
3502 92944
448 36489
2459 19493
3735 17731
1819 5413
1929 24024
527 94288
1058 25051
1362 40788
1589 72130
2777 91109
838 62637
1017 66657
2289 51167
1868 38283
2599 21678
2249 87264
3950 94021
2650 70210
3067 52675
246 53759
3894 40132
1611 86303
2539 77572
2750 95493
756 3226
2402 18364
1909 17856
3171 74785
3568 23312
2150 53082
3194 84080
3028 59800
311 88926
2958 1810
3707 65212
2744 12949
995 12449
1627 90263
1541 70089
2298 84579
989 81371
3004 32725
3835 67587
2643 48889
2938 87359
41 5617
3107 36153
3316 81379
894 75826
3979 5179
815 51489
2257 15957
1204 91482
22 29060
2141 27802
863 11059
3558 63775
891 45657
3772 85843
3695 87086
1326 98738
1980 69922
947 46886
686 4015
3265 71731
145 12097
2919 16963
2671 532
574 18711
3880 87051
1370 1462
144 16433
1302 36127
3733 85400
455 65322
278 23486
1034 91016
3480 17826
3191 4864
2280 66842
2076 23004
949 56353
4 99150
441 30837
2312 1764
2545 26951
1267 41895
632 65539
245 88959
1449 44089
223 68976
3417 87696
693 14010
670 15861
609 8062
1985 2093
3334 44310
3546 25025
50 2624
2316 63020
3840 28427
3683 4085
226 79453
397 64554
1071 89484
402 61126
695 4391
881 96852
682 78951
1216 25606
1646 63693
1477 18306
1942 98310
2729 79194
3273 65495
1598 74
2662 6145
3985 7389
1194 81964
187 11455
2975 67830
3604 50939
3059 15503
421 81839
394 66800
1626 23564
2632 283
1818 27461
1040 48588
184 2906
3457 6832
2693 93367
3135 23342
2202 86284
3983 57920
694 29178
3762 47409
440 62310
3690 42381
888 42711
231 87915
2818 6073
1354 61017
273 86225
1319 85266
3165 26511
870 2650
2500 7762
985 50251
1901 84613
3321 35569
2724 18080
2147 51903
1784 51071
1340 16271
1579 18702
3441 74634
3148 16553
3258 62514
3022 39574
700 35811
3300 69346
2590 32940
3865 75504
2400 55629
1615 90859
3593 21033
2188 19390
512 69520
3777 63413
147 62100
2119 73786
1488 69485
3045 39468
1179 76362
210 71103
3746 65978
3201 95363
3828 95216
1630 32581
1211 79975
732 30784
1417 50660
1722 31878
2404 98206
1479 66930
61 66931
2920 72840
522 83483
1707 29445
3106 12413
3969 19293
953 15142
2366 45352
2136 11148
16 70770
1870 52562
194 32181
926 6511
3445 22081
859 95593
2234 84963
2735 12218
3128 81430
1197 24430
2853 4932
2079 52532
2913 6760
3044 294
1714 64099
2303 39340
323 96621
3824 11235
3951 6351
2405 44850
2327 9440
1580 73281
854 28132
3336 82279
1930 73115
3528 73928
3711 11043
3680 8759
1070 89069
2630 56394
2067 19906
517 76191
3752 8955
2117 52086
3339 82701
2711 47387
987 47679
141 84015
3706 75957
413 29108
2085 24797
2464 80888
3553 97991
3874 47908
828 97533
2372 78441
1763 87247
2126 94153
2430 6027
3890 93597
404 39002
2335 15467
3337 83229
2269 67134
2098 14097
1278 72695
1230 41061
1363 41492
1172 81453
975 30130
476 97885
2773 1359
1879 6320
1925 23192
3317 69796
699 5372
2413 86930
3074 33826
3186 89387
3109 79238
276 79285
263 30535
3029 60125
165 93627
3819 78442
345 74010
3943 72068
1853 82040
739 68162
2230 78094
1668 91988
1890 7164
151 9912
899 75217
2922 90649
3008 40361
619 47911
979 48061
994 81852
260 45716
3540 78190
3845 96088
1815 47074
1277 861
195 35631
1180 33221
2615 6233
1786 22561
1463 67047
3118 11971
618 18150
750 46331
1941 58857
1430 94627
2911 39958
1223 37298
932 68636
42 28377
1835 19337
2182 36797
1210 22822
2001 11324
769 60312
3915 49086
2447 2892
2551 50960
790 89446
1044 50803
188 99021
2480 87649
1758 12870
3569 93562
736 83736
377 76295
3514 94423
3404 19367
3631 9515
2837 17007
3737 58279
3550 92913
3281 45329
3700 76428
2690 55596
3054 4185
240 71054
2187 11905
1990 57834
3620 56041
2502 40281
3015 77170
3904 92838
3200 63102
1064 88493
2167 53149
241 12187
3866 7737
57 20461
1095 17984
428 74891
3730 19481
2273 5632
1924 87760
650 29394
424 5720
2471 64054
1859 23816
785 25086
1398 73568
235 57174
3188 99716
474 66481
1861 18854
1050 92495
368 22076
2109 39390
1674 79901
1022 50332
901 97223
3945 35941
2154 90612
3875 74392
3527 28778
1623 70065
1428 79237
457 98279
2170 98604
2027 86973
2522 18739
3108 16587
86 61863
13 54571
2499 38571
542 49622
3323 83964
3062 44290
1962 13675
285 24132
1203 85727
168 3594
3980 97657
747 1794
3386 86426
767 16511
1281 94288
2924 24853
577 55900
3237 90540
3479 75184
3623 53123
289 26481
3807 65795
1726 43866
2857 71610
3160 52212
1063 23102
2592 69888
383 50815
3371 26426
15 4978
1112 83753
895 4640
807 75900
1761 38675
2586 54261
142 59864
1847 99316
1218 84287
300 347
2529 85042
1855 4233
1669 98003
1260 3187
3081 90658
836 30865
3738 97475
1564 15511
1633 3117
2302 88014
82 90694
3832 72591
1916 30846
398 72841
3014 16456
3966 2456
1476 41404
1927 55910
1200 88695
2192 8570
960 98687
2670 93673
3122 8674
3126 3327
266 69572
3622 47349
3903 73939
2962 45787
3318 46664
178 58226
2691 46133
2216 48058
1355 62458
2682 60488
1675 51244
255 69467
3918 91352
2313 48718
3599 84977
3760 10820
1347 53084
782 92023
1286 83410
335 83929
1568 81215
296 16218
3345 2736
1004 38970
463 72127
1848 91431
835 47539
1133 87165
3887 1455
2874 56212
442 90491
2325 71026
1217 3560
1684 64430
1946 16813
2719 66576
3169 39007
2232 79297
764 14633
950 1464
2713 39784
461 65876
733 70930
2588 47488
1427 30946
503 72259
3693 58307
579 84029
851 80633
3781 58069
384 84309
2989 78199
443 74286
2253 3397
30 17168
1378 62764
1864 94827
3549 81058
430 49928
735 96281
1807 37269
2304 40419
3288 83658
1263 57181
2722 4848
229 470
637 23756
3163 43854
1957 96119
3778 38388
3789 61669
500 52254
2127 4263
3231 48950
3910 99741
1122 35208
1056 37560
2130 74400
3694 35588
1360 34544
584 32468
31 36249
3534 12742
2207 6753
1510 39645
2286 46261
2135 69516
639 34471
357 27318
1872 19443
2051 47103
58 64587
1850 76213
3387 30760
3287 21767
2463 81060
66 47582
1442 61874
425 41265
2815 43700
2445 261
537 19285
3889 95953
113 20875
3444 68235
2710 12046
952 72435
1383 22146
763 86445
3923 8022
1851 56690
2326 18912
2022 60622
3204 69431
3181 42016
2725 266
2481 15692
2341 11531
3278 51088
2010 59361
3467 47325
3957 14542
1852 23947
105 23538
1571 45302
3758 62065
2516 20949
3105 9235
97 23938
1869 78566
314 69286
2984 40550
2573 97850
3071 65238
2927 77777
2554 82436
2753 93635
2131 50211
76 4582
1820 80079
204 74584
339 61271
2345 15342
92 35206
2785 47053
88 57357
2964 51823
3857 79096
658 85239
2359 19263
2718 38457
786 32564
3092 33804
2898 78755
40 72453
572 95457
2177 40820
2636 93401
2686 21043
472 81109
1437 88318
2731 90328
206 38011
43 86168
3590 71918
3877 15787
2132 68603
3771 65552
3234 82349
1176 73184
3277 61983
868 56932
2176 50806
1504 93676
319 8489
3379 97859
3016 51033
2809 60312
1444 76954
378 52623
1270 95926
415 31762
1759 1538
2827 46081
3210 10517
2798 90342
3649 57890
2626 67688
337 95
3117 78932
615 48796
3867 88412
3301 69260
2833 3158
2553 74579
2956 41177
1845 35296
1947 43182
3372 6728
2908 17644
458 32717
67 85062
2805 74576
3246 83523
2834 78738
3468 83064
3348 97733
3853 46122
3566 59727
2215 74686
2454 98744
468 55652
2852 6448
1175 16634
148 18085
2990 33316
1054 6975
3374 75974
3053 1003
2157 7069
3521 71257
2368 66150
1011 95481
2059 40516
3177 69308
362 86411
2788 81692
589 4603
1505 29592
447 4772
3357 22247
71 78661
555 6185
1478 96822
862 78535
2221 84922
1356 96237
2332 76267
121 31043
3240 72316
2237 67304
2625 46139
1544 44319
2850 90103
3968 62772
2411 62403
665 23418
3187 86098
2066 54728
1538 24420
3565 93167
890 25985
1220 90570
2932 4999
2733 66500
73 76229
2668 91409
3718 64544
318 80831
1032 37353
3675 85667
3779 19429
610 16013
2978 91851
1808 32602
3297 10899
1944 76773
3013 45191
613 87165
2944 24167
167 17506
2859 54468
1907 70305
1065 61824
3686 60923
3269 49428
2054 24227
2032 84340
1337 35526
379 78954
1700 25112
3112 45044
1956 21290
2521 32033
917 50042
1346 87790
136 8261
3202 57802
2121 68685
592 5443
1174 95154
1968 70703
3766 41224
158 27518
3542 62553
12 73825
1274 38416
1208 55677
2801 19015
915 25580
2610 96196
1243 36520
2642 96400
822 66500
450 98344
1237 73674
3355 32280
119 38922
3378 58013
1087 84157
3638 34227
1499 99476
279 45552
485 55517
2527 31508
2620 95593
1607 59658
1906 56120
938 69746
520 28342
3484 77915
1712 64900
423 15396
1828 19138
1381 8769
2310 77948
1493 92962
220 47185
1940 49977
1221 28329
2591 89116
1920 46172
2792 81200
2875 1867
766 29023
3120 79543
3088 75540
749 77654
1137 34816
2860 49905
591 61810
2381 69043
2070 49380
1613 7361
3698 40911
2742 97240
612 19305
1173 568
2322 69711
1271 89051
2261 45261
869 47625
804 70302
2324 60656
1918 66762
3256 95422
516 54955
1198 76076
451 58958
3182 21283
1533 4404
2097 64426
3052 67454
753 1955
773 66292
653 12829
3436 97850
3928 58184
2382 90482
976 32665
243 8088
1521 68644
1897 18059
2047 73819
1163 76004
487 58969
2224 87410
1403 11661
1306 59536
1400 57121
390 17063
3060 21148
3291 4745
3783 87364
2793 98155
1550 87859
28 99137
1677 53110
355 63934
1421 58095
21 74392
221 84689
2091 22520
3580 58198
118 86643
1766 5163
2227 87378
3891 84492
1375 63346
982 77859
212 33509
1236 87785
1446 46502
920 51567
2802 61604
2564 38858
3407 10536
2926 49013
2035 50518
3308 86423
3023 22485
3499 67580
1429 23923
2301 27230
2118 71295
3726 22077
3152 15088
3805 70431
1663 75186
36 79021
3111 28525
2046 65930
99 80061
359 67396
146 40479
1753 66703
1359 72559
1582 27856
346 67547
1239 35904
1136 22066
200 1055
3597 40041
1048 68568
2903 52621
2825 1644
2810 23777
3884 79508
2388 67008
3157 74294
2503 82283
1806 89493
1395 58225
2174 6205
438 33074
2639 29519
1904 28281
1316 48161
3405 16301
453 19819
703 43533
852 61178
473 85748
3581 23593
1265 28573
1013 42578
3043 6647
2 17483
1986 70433
2501 74193
3311 53387
299 92498
3936 91599
2311 9779
832 77417
3803 44220
597 11422
2957 1193
2204 40079
3420 94781
2840 91838
2262 22361
408 625
518 50062
2260 28565
508 33698
3820 95932
3921 56846
63 81858
322 12233
1388 76664
3437 41742
2231 73410
2905 78763
2657 65334
1866 18334
98 37692
2287 88333
55 35817
308 8124
3780 62525
316 5555
1467 16973
2206 70476
2092 15333
3414 94390
3335 14695
3796 43106
1526 11934
2239 71125
238 37886
3455 20124
2456 93486
2664 38511
3082 70185
887 22050
2282 72208
2168 66117
3046 95247
2804 70418
1569 78349
934 88262
2734 12159
1838 68110
2099 83376
1816 77493
620 86443
1205 21067
2928 82177
2421 22259
3215 45542
3226 44701
1648 27813
679 62515
646 15176
886 59497
1310 73256
961 46222
1876 2602
2169 1541
297 17347
405 40488
1810 21664
850 27184
2056 95350
1169 91849
1300 49233
1448 67557
3629 74317
2175 60832
1767 37974
643 69017
3999 65445
3652 50133
2493 37126
3459 48821
2532 43977
2954 39920
2526 86239
95 26153
3002 62179
2667 31781
2988 87205
1438 6343
1214 94295
1676 18733
2144 65840
434 83902
708 81306
2602 68441
3529 85442
607 15004
407 25280
3389 7106
2396 42187
2365 20629
956 15306
250 7772
3586 4538
3614 89622
2519 68603
2779 42511
409 74990
2760 50399
1295 8995
60 12115
3419 15571
1162 69323
287 52034
2429 1810
2865 11827
3142 30564
876 33590
1461 15384
427 53259
3688 44236
2880 34116
1592 35450
295 44489
414 31773
971 20242
2467 29930
771 46777
1583 45522
1509 53387
3344 88963
751 82502
1000 85044
1099 13086
3703 87039
2783 91017
1158 81688
127 45902
444 66006
2254 48439
2110 71248
1037 78120
2595 64009
3650 40571
1076 46506
480 65818
1949 68749
2243 93421
1468 15759
2983 84132
2759 46679
3747 76346
3608 34599
2619 82128
1350 20834
800 66372
3155 2370
2658 67116
1066 13148
649 64243
1833 36854
3150 18462
2566 46744
2028 21898
1846 31548
1307 33783
3927 12914
2892 29587
583 96036
1727 78920
3310 78025
2608 67283
3333 73391
3814 58386
2824 24205
3190 36248
770 24203
2017 92954
2002 29669
2660 56314
721 77085
1124 76347
155 32659
380 28036
3854 74827
3732 53493
75 94407
1049 93548
471 36960
797 23906
806 57790
3447 73813
1117 58719
3940 4533
1009 95710
153 6618
2761 54667
3855 24976
744 36205
123 50702
2248 20247
2013 30581
3496 34337
2103 9989
935 88966
2601 58541
1335 46237
396 29521
3356 51494
3442 92257
126 85834
878 44931
1188 84955
1107 18492
2558 72966
543 59781
3513 88336
2415 83724
825 53328
3756 25295
2309 23981
2104 27469
2508 99108
2497 82699
701 48354
2842 11169
2684 89317
2158 3020
2344 52496
2879 41873
3669 70074
2140 72742
1285 88805
2565 4410
482 82731
885 94123
3104 62950
805 45319
3493 23643
880 30796
1344 37575
2105 25828
3972 92078
1101 38881
116 60671
3319 81395
3543 15014
1001 49007
3847 81470
1739 84693
1482 90653
176 5450
2624 12162
3212 89760
1118 88148
2772 60515
1888 17281
1951 93816
1336 79886
545 69776
3961 35688
2854 49959
1283 42518
2297 40845
715 54368
216 41600
3369 34967
2603 33670
698 3270
1814 74961
1790 80817
2717 57196
2583 17140
2611 89246
3211 96076
1026 77810
3873 70640
1625 11089
3901 43168
970 52109
3087 95782
2433 33821
1422 57558
536 24295
81 39932
3997 62057
2418 84809
3072 57212
914 55873
1882 64694
2186 26988
1762 7912
2108 14653
1591 85857
3787 48756
1367 85372
3042 43808
3400 74
2589 35393
3817 47077
2714 75034
3809 32561
762 4272
955 92173
728 21806
2531 16699
163 86335
1232 92445
741 44140
334 29502
3475 60905
3170 56273
1083 63322
943 34814
1525 80567
2435 3254
3295 96871
2795 65375
395 60465
553 69095
2525 46420
3734 3804
1543 93358
79 77424
1989 89660
551 58466
647 79148
1718 33467
3892 58539
2458 14540
528 96895
638 49925
1779 47101
2774 17518
3423 58449
452 85258
3615 34217
2934 44783
1923 94055
1164 78356
576 90637
1662 54959
90 50980
2708 53958
3800 89773
3523 31546
1527 73563
1841 2995
3353 96920
3813 50380
1977 88441
3507 59691
2466 54183
734 81798
3775 37115
1466 60195
3736 40263
626 16262
3769 10013
2362 15154
2360 47153
2151 6908
3217 65078
2015 94253
1679 24425
726 39878
3083 95863
2994 74993
2062 1013
411 89917
1314 69700
2740 91649
2470 44875
3031 20679
3198 61958
2638 50999
1016 52224
1705 35521
2281 53993
3773 65495
2284 85900
1903 58785
3990 25186
2936 56434
1670 40583
96 62300
1139 32980
1894 80845
2185 94913
1343 42993
69 95998
65 42065
3856 49900
1231 77427
1719 52670
1917 74324
3001 17305
2685 48532
1039 65669
3040 34669
3663 38448
808 35368
2534 26317
2241 99674
1577 56047
1228 88274
2315 50673
3791 8270
1524 40146
3744 21017
2212 73765
1831 42397
1114 79802
1703 15302
1410 98831
3381 20384
3753 77601
2225 31810
843 17580
3460 72513
3788 91154
1794 29930
2578 14577
52 41053
3232 23708
3579 83598
1935 31729
3307 57364
2208 32129
1860 97397
858 92032
1715 70576
2821 32764
2122 18348
3544 70250
1567 5162
2406 22974
1490 37274
2706 13432
791 63119
1224 58290
1192 3548
2416 5516
2024 54443
1193 18849
2692 20698
3066 91178
729 12801
484 52507
3358 25110
3153 1665
2736 43661
232 55039
1313 32593
3958 1065
298 95098
1973 16191
2559 32793
1077 52462
3939 48319
3100 46541
492 44493
558 35247
702 95657
74 79193
3774 5496
1157 818
3949 2166
1858 59121
170 14249
2113 65284
3428 33762
3366 34148
3826 70799
3959 88205
758 69348
2137 7848
3641 79382
2937 82148
1002 76707
1821 20843
818 164
1023 20367
27 75881
89 32757
1905 37783
2688 87331
3870 65299
14 86928
1724 39792
1605 13617
422 33468
2891 636
573 48863
910 29124
191 79828
1796 70710
1135 46294
1799 98345
488 29830
1993 76894
1650 63629
2071 79944
866 11042
3453 50779
1027 68148
839 80389
1309 58627
3178 63881
3761 78889
2886 35333
3247 84724
1178 79052
2162 72051
2385 76956
401 28160
582 26185
3520 64286
962 93458
803 13112
813 4077
1342 7075
3347 62932
2506 21065
1612 72289
3133 8407
1472 892
161 59351
590 54700
802 99237
2861 5532
3221 31594
1534 79217
3833 85475
2278 42635
908 46347
2496 69974
1003 39375
1303 21325
3935 33855
3603 34615
1731 73009
2974 18578
754 13667
3991 45059
3885 11885
305 41826
2432 87596
2617 76171
3524 51636
3063 707
2665 96599
1893 58710
841 63638
1296 17663
3660 47350
1166 88397
930 34907
3591 23052
2265 43096
1769 34143
338 28584
3225 74689
1976 29711
418 30410
110 33675
1352 76057
93 384
3555 89402
3476 97382
3068 34238
2504 24016
3823 70390
3462 69167
132 54034
3588 31801
1321 81051
3458 12212
2614 19396
2294 73573
3116 63847
2012 36454
1275 70172
2080 38908
1226 16444
236 87834
3158 2609
874 4840
1938 22740
1146 25661
1628 47935
3816 73234
3621 54244
2560 38976
1480 19296
1970 84653
2179 89002
2173 95353
2498 85036
2561 94755
3199 9086
1244 35625
2741 18771
3309 95827
642 21143
3974 89156
2338 43979
3575 2194
657 1367
2152 79726
3209 75766
1233 81565
2409 16180
3383 62289
2541 20472
1334 32623
2607 66475
2888 23081
1328 53814
3018 89214
598 48741
351 18100
513 78800
78 19336
3172 73427
2675 98095
1788 20340
369 78781
689 9799
997 21728
3929 73535
2468 18884
8 57352
1469 8657
1520 31063
1900 78495
2043 97813
2698 75041
3253 97040
1190 15531
1125 54767
3032 89157
3401 97096
3089 87298
2738 51446
2115 33919
690 36272
3759 17920
742 56999
2156 90085
2343 23485
1720 22091
2134 24536
1885 18636
526 41426
1110 97963
3235 16731
919 61766
504 76743
1988 26529
2912 99845
3055 66629
3673 61765
2139 57196
2600 75286
1513 9179
3860 52042
2196 89450
1545 84219
2356 65433
3137 4980
1772 55337
3380 54590
1104 18427
2417 58986
3069 22387
385 52346
1308 95257
3325 40306
3328 25696
972 1693
2678 80142
1495 47787
2960 26229
968 98778
2457 89212
2967 40543
3598 31860
900 67329
2550 17285
2354 74740
1974 67173
1606 265
164 52856
1729 40721
1130 75550
3064 62034
2195 9114
3564 81351
1374 62605
921 74547
3871 2683
941 34293
1012 29136
3601 21109
1696 93279
416 51522
2111 89806
1884 4887
1540 8179
3538 15502
1671 6580
1455 4672
939 63288
2909 49160
1414 3449
3785 68851
2125 89702
1420 35308
1805 52532
1141 23338
2755 26400
281 36056
1991 23602
1392 79255
2251 93128
884 99152
1483 41289
1258 2242
230 96854
467 3893
3953 93140
3906 99536
820 38185
779 38627
3129 20645
1361 47815
2209 6500
225 10450
3850 52702
2616 14678
3952 25951
3140 59281
2437 19349
1963 5590
3503 24792
648 39150
2190 74441
3330 14493
2576 90809
656 43324
3416 54182
2747 17208
1256 79379
1457 77783
992 12815
1506 72507
2623 93286
3242 54103
1635 91100
1789 90140
683 74347
478 84239
53 89675
101 28883
814 22865
1341 26671
2907 76698
3464 29364
549 37121
3954 29399
3717 60393
540 79423
1840 5031
2438 96093
614 1365
391 29822
2240 51594
1536 75805
2950 60666
87 42403
1565 35480
3944 14847
1206 75962
2220 14858
3888 92629
688 88776
326 3716
253 2267
3863 59230
2648 94815
3485 92406
1809 33576
3047 79053
3922 98432
3239 62459
3034 18269
3723 25103
1721 39156
1154 63984
160 78575
3946 84906
3025 24376
1515 74349
3193 89936
2143 36821
3274 75713
138 36109
1710 88414
3392 51517
2806 13126
1462 30816
302 3348
3388 27972
3363 23130
3830 18206
3531 36952
1119 28257
3174 21921
1702 55570
2410 87487
143 33088
1773 64327
3578 21062
3790 28492
214 62759
2543 99872
3011 46761
3815 4213
2889 39027
1379 10744
2124 82787
1645 40284
277 51472
162 57135
1561 30219
1744 88292
793 32848
1743 82679
2479 76705
727 716
1257 12156
3245 23873
1484 4064
3618 40127
233 63354
3162 38621
2285 93431
1528 91610
2577 76893
622 65352
1079 79096
1320 9980
150 29679
3696 16510
3960 38472
115 92437
3275 16381
1447 1584
3782 13001
3195 71760
3602 28679
3956 95787
1372 12043
3003 80150
1502 69273
1202 58614
2060 68441
2021 18472
980 57644
3398 61498
3682 35540
1402 69800
3975 85370
1150 55955
2651 26278
3681 48723
2078 94575
1059 36060
54 56684
864 71467
2163 1412
1102 52132
1523 97799
3050 31090
2081 68641
776 52622
2807 39878
3967 1373
2996 70557
2475 52878
2166 73132
1185 99235
3431 65016
1487 1527
3426 95737
1305 50640
2020 60140
2023 80529
1760 69112
257 17783
2155 42026
3842 4651
3284 3934
1382 43747
1041 60605
3250 30212
1035 8821
2219 71531
3825 66271
3725 65505
2570 59349
3607 67682
1419 33988
3279 73499
2482 15123
1950 2628
128 26120
2431 55000
3988 20352
2394 96676
1849 24229
2712 9836
261 12263
3161 89244
3313 11362
1823 7999
2659 56236
1787 71501
1036 88527
264 25347
3433 5635
2439 46905
3481 46349
462 9569
2488 7003
3139 23305
925 56132
3290 15824
673 94835
3978 22402
944 97680
217 70535
3432 6436
2211 31667
1069 44034
1423 21558
3305 50646
3302 70153
2915 76558
3501 70997
2055 83181
3843 17138
916 97184
810 11795
3838 22734
3571 8545
1657 19793
580 78969
2191 96397
1774 24671
1616 20667
3124 18384
3837 87927
3724 67015
1873 44304
3786 94930
3196 90319
3075 435
1349 10753
3084 1505
3909 39188
3841 24784
1987 72039
3811 45623
2882 72802
2846 16072
816 67181
268 23447
2705 2577
2306 60090
817 10795
244 2109
439 93579
62 7979
3964 13903
2563 16312
1945 16523
3303 50047
1452 95280
3754 29272
2138 74717
635 15946
2390 47655
3103 78996
1201 99312
106 91958
1961 73925
1103 5982
432 92392
1084 1029
313 7486
2762 47931
3497 25812
68 95877
768 93554
2549 98613
307 28300
675 77086
2376 38411
2758 47228
5 37175
625 65557
575 49336
3547 30753
731 73535
3653 79590
1015 63417
1620 6410
2781 29636
3418 58696
1966 52033
2726 20705
3332 90994
3708 99687
2883 99700
3263 90305
1800 7996
2931 73624
927 96287
2369 387
3176 91004
3413 20124
3667 64669
2836 16815
692 32352
1132 58222
1046 31779
819 60652
3895 35307
2971 86541
1329 7879
1497 88833
873 52097
1431 73567
1547 35938
2074 41984
489 53156
3848 99354
1152 64745
3625 99144
1368 74401
1752 16777
2647 19848
3567 65394
1750 16463
1450 35899
3559 72051
2784 24458
3810 9522
437 84689
1555 41196
1227 525
2039 4812
1348 5864
3070 33691
1551 37164
1770 80438
2323 81821
1928 14167
1481 15744
3076 68361
2283 38397
556 20929
1384 36809
2780 11963
3872 56866
1764 78792
1553 81471
2063 72571
2318 43536
2895 80614
524 63323
3685 60312
2268 16813
1782 45069
3900 93126
2095 52711
1269 17119
477 17583
1933 78584
3577 1807
2375 75130
445 95460
3085 22970
3795 97346
1357 29150
3676 60133
2473 77783
3080 27322
446 90651
491 9878
288 12034
1255 29048
1658 30806
1880 48842
274 57362
2507 4023
2977 27634
772 38832
3123 76593
56 87521
1369 35797
3821 39916
1678 47833
710 52609
234 84984
2966 40958
3574 21671
3784 18454
1665 74893
906 254
3869 36612
2752 66374
1408 95713
723 59581
177 63719
571 41214
2058 36066
1311 41501
998 84887
2082 26716
25 51379
2765 96920
2180 55763
559 98536
3883 45762
3268 13125
1952 2559
1304 89747
213 68308
3720 95503
3456 77267
684 20457
645 51770
1734 41451
1318 89417
3338 36753
883 82409
514 11088
303 71558
2661 73653
400 11341
1999 8169
1086 40026
2412 23406
247 67750
948 3745
2822 80971
3801 20167
3948 61597
3671 65858
2386 46882
3236 12975
166 62777
3767 18997
1581 11511
1834 24890
966 48473
104 14069
1094 14636
627 33132
2003 25923
1100 8255
1572 53588
3093 77693
1415 49705
39 43005
523 30797
1756 48465
2291 54092
824 2355
343 22117
2870 81784
1019 26875
2948 62143
1014 21541
45 94624
2029 65887
3324 2512
3434 31142
2452 27483
2803 68369
1396 94376
1418 56810
3697 47497
324 13372
1325 84672
1825 72387
3 78196
2205 15092
1473 3374
3595 11327
2819 41014
1391 11628
1062 64915
3283 18706
2552 77685
1029 24271
2065 49503
3610 26149
3518 94714
3634 68209
1406 48266
1680 76497
3797 95083
38 26760
3238 14390
1717 6059
2811 8998
1610 16901
3331 37200
3705 52832
1738 1621
37 31575
6 9641
2392 49117
2730 61298
2770 10664
483 37855
9 39493
3530 25755
3125 57581
2699 67172
181 66769
990 85560
743 32086
1486 1826
984 63244
2093 72708
827 67680
3264 89393
3038 67421
2193 35888
2485 54010
996 60269
2935 30971
3435 80769
1097 74658
3450 53381
2873 89766
2352 91558
3545 90580
605 42597
3410 9530
3729 38507
3272 68590
1889 58647
3509 99804
1685 79253
1573 12853
152 55649
267 5008
1159 70433
2442 22820
2849 88128
1912 55993
70 71257
294 89953
2574 35588
2663 43964
3252 57633
533 24980
2925 27736
3147 9872
2940 95341
3644 88004
208 57194
3346 76109
1704 79014
586 10574
259 65874
1644 86923
459 17506
3612 8471
154 96453
2621 56012
333 93412
3422 71451
1432 72167
196 72664
2276 84303
125 27815
2704 77671
617 71088
2867 66986
3764 65798
2096 27080
2408 38242
3907 72103
1365 62667
72 98557
1181 46087
3878 3999
497 26292
2830 72310
2494 99339
3651 14296
2229 29504
3488 91800
2073 9661
564 56429
3570 57673
844 96583
3359 73934
198 82495
2450 93035
2681 46297
3511 75906
1768 64485
957 18464
350 48570
2894 65140
986 62630
1711 42592
3136 36227
117 29616
1333 24742
466 79658
2835 84209
977 13196
2766 58676
2333 82766
1539 59282
603 62674
1578 9057
1969 47943
2677 78365
2048 39704
449 77446
2904 70164
3298 49364
3370 33875
3343 44188
3384 62299
660 7808
3926 26683
3665 55333
465 54105
3051 18940
2133 36170
2448 88920
1830 83861
1007 1309
2052 51549
713 26453
651 37535
668 97516
2831 67546
3149 17192
1250 81725
1822 80741
1746 75867
3619 64490
3829 56374
1642 54893
1500 89898
2568 4316
1121 49609
544 29602
3012 98114
157 36124
2512 95317
2981 31988
1664 80311
3412 57615
2484 56147
2952 23345
1683 29300
3017 26603
197 58637
3466 65469
2086 15522
309 42497
3687 83129
464 83423
2963 85301
2194 20663
2826 97290
290 52846
554 54206
602 79014
1824 49938
1142 46424
374 59855
2236 6311
3941 17668
641 49753
746 26979
3396 67276
2855 95706
1387 25092
3490 3399
2171 7374
552 57079
3515 62
1562 64989
959 29577
304 23406
1518 10640
604 56180
1660 82042
2300 76108
3937 88053
2228 40891
3213 59236
789 87827
3606 26191
1331 96250
393 85117
3223 95389
594 66807
3984 64130
1651 45326
3145 29582
1155 40337
1631 67989
2472 47250
557 90089
1958 94967
1129 30877
1672 2146
2972 20058
2019 34276
2006 9519
720 93488
2868 50689
2331 90859
1687 23064
3180 74094
3349 1498
3007 95595
1594 72488
697 93957
292 100000
1624 13378
3121 69544
386 87826
211 39568
3804 82145
3560 89294
889 51308
2159 48951
2631 69776
410 96634
3981 78533
2007 10112
2387 64622
2014 42134
3474 16552
1183 75940
275 73010
3548 18697
601 95997
100 7285
2523 28215
706 5836
860 74325
897 19074
1804 45251
1445 48419
1508 36923
2598 40846
1151 20906
3294 30880
1238 57197
3770 50635
2571 16775
2535 61374
853 6554
2993 98920
2025 50668
1144 57862
1871 64222
652 20443
3138 70847
1911 42754
2223 46906
342 51820
3449 84887
778 63457
2377 27759
265 57897
3280 82153
1078 40107
2090 81533
3794 10367
2813 45942
1148 55858
958 45792
3090 91192
2917 20628
3917 82715
2123 48389
3151 57885
2245 29946
2987 5585
1883 8519
2425 46720
2982 66959
2942 15072
2992 61991
1995 17626
2820 89285
3677 26213
2183 54420
2244 60131
663 85318
283 1325
3041 11950
1795 86557
3998 81133
3522 39708
1021 60805
1153 63285
2129 79814
327 58689
2355 90003
242 42107
1195 30898
3134 52147
2728 33299
2203 51525
2258 51213
3144 81687
3508 25761
3861 97510
669 3624
169 50631
2349 44229
1511 70582
1339 82055
1426 22572
1093 4559
2524 71339
3330 784
2453 3470
3771 654
2138 1009
1813 3479
3644 1422
3776 502
3751 2103
3401 274
3486 3276
1388 1439
1062 995
1576 19
2073 3995
553 147
1282 1763
1232 3882
887 3734
1095 1003
833 3024
797 3259
3760 828
2930 925
1198 3863
3490 2682
121 1036
2030 877
895 1534
1881 3605
103 3319
1082 2433
2667 1736
1470 2665
19 3905
2929 2916
2174 851
2031 77
1353 2286
2148 960
3994 2903
3938 1637
2513 114
1999 1967
1924 3760
3078 3879
2664 2026
3762 511
3176 1330
1234 1583
498 3194
397 514
943 3023
1308 2779
3738 2295
1197 3455
1091 3731
196 1134
3453 3956
3715 2547
2777 1376
3753 3144
3655 1440
3121 3866
1800 3182
2727 355
1220 2297
1320 3475
2253 2162
809 2979
2434 2343
2425 2357
3843 3876
3831 2973
1519 3295
1022 3545
3041 295
2087 774
992 3047
2228 1207
1913 2791
1440 1306
781 3133
1646 2759
1737 3385
1727 2806
1163 522
398 504
3476 1357
651 228
125 1346
1640 2024
3149 3165
2211 78
1285 140
2931 790
2095 3549
3033 370
3480 3227
2612 679
3836 1568
2090 690
1193 1350
2706 2839
3066 668
2013 3708
1731 3542
2706 5
434 880
1019 1268
2057 2070
1619 3949
670 504
3730 651
1681 149
2069 2341
3383 1517
2866 510
3348 575
1595 1924
1631 2413
1955 3959
315 3362
241 1012
2280 749
2818 1611
1560 336
839 788
1439 2581
3082 921
3613 3471
987 1150
1659 2995
3922 205
2128 1006
3770 1868
2178 110
3471 2076
3088 2845
3945 63
1674 1719
2406 3114
3902 3585
2165 3597
517 1340
1162 1246
2747 129
3476 2149
2705 757
2114 3397
1616 1184
1293 1884
311 3793
2637 1116
1178 3750
1468 2581
1695 2851
2435 3874
3470 1948
3639 952
2549 338
466 800
3300 1296
2404 3941
3689 2004
3539 518
2753 1304
1449 1184
2299 3063
3165 437
3018 3828
2679 632
857 1064
3011 1465
2416 326
1015 2649
3448 965
2612 1481
1773 2748
1103 1367
1884 1814
3117 994
2529 988
403 917
1354 1179
1006 3567
198 371
1786 36
1853 1407
2084 1148
3796 268
1584 3099
579 3595
2694 547
1914 2703
516 149
1494 3797
1137 3985
901 22
1200 1539
1105 2254
2976 2557
2593 1654
3060 761
2260 445
1064 1496
594 2407
2002 3000
3546 1524
226 1047
1547 1459
1608 742
726 3040
3061 2744
634 1978
232 612
3169 2090
3743 3207
320 1761
2557 3155
650 2931
1338 3620
2619 1243
3118 3339
737 2517
327 3343
436 2284
1323 1934
1029 1513
3491 384
995 1662
3751 74
3632 515
2275 3846
3352 303
3234 1183
1155 1
1595 571
261 125
2641 712
406 997
3280 2968
1253 1194
2706 955
1690 2282
295 2548
2621 2684
3551 398
595 2605
2907 1825
3360 3946
298 2140
3062 514
638 2244
3307 3322
319 3279
2598 3712
1257 3950
904 3850
2483 3963
2862 2593
1629 3130
3879 1483
87 1179
3355 825
770 3345
1485 2714
3227 1419
3662 546
220 217
3847 3320
3031 538
839 2444
2645 288
602 1743
687 1480
609 3463
1297 2315
3845 839
1663 1735
1080 3200
2265 2784
202 2916
3813 1492
1708 215
3534 32
921 1554
349 2916
3555 1760
3502 2993
472 156
3971 540
2855 1432
2622 1267
3354 2699
2250 284
3067 433
3700 515
2358 3620
3834 3512
3896 65
1970 3367
2283 816
2575 2670
2014 1837
2345 2428
2968 2838
269 2315
3933 2174
1224 3243
3526 3286
3718 3474
3988 2945
2564 3417
3281 2345
2761 2750
2116 3176
3991 1082
3751 750
2587 2918
1697 1764
601 931
3597 1016
3189 1222
464 3529
2815 413
3886 341
3637 2884
2653 225
2921 2553
1302 2285
1460 1681
3114 3417
167 1802
1071 3216
1331 3105
387 2768
3783 2284
3505 3983
3863 3324
3736 320
1012 2677
1913 3973
549 649
3553 917
3201 3469
1501 854
622 1012
2813 614
181 1140
244 236
3003 1511
3794 630
964 3137
2812 3650
321 827
3855 2899
2871 1333
2333 2119
3035 3771
3239 1885
3090 2587
3598 1091
2056 3711
851 2763
2998 2236
3747 1094
2076 2352
1840 3892
3542 3391
217 652
3550 214
1898 72
2190 2773
2543 230
2466 1577
163 2134
3576 1555
1618 3761
2523 1632
3867 2468
3913 1872
223 3965
209 2340
1731 2062
2713 102
315 1947
2370 2263
1387 2213
2794 912
2488 3929
2414 1260
3166 2650
2762 1990
3621 783
3250 1636
3507 3839
156 3515
1854 3729
2143 364
465 3584
1883 855
3469 1131
3343 604
1515 1207
1488 2137
3748 354
3356 3901
1890 2913
48 2117
3753 1862
2053 3649
3163 3611
3692 2560
3275 1369
952 1834
3040 91
1221 3186
3790 2861
67 564
2700 1304
1658 1554
1807 2799
1711 1013
3481 3696
1910 2110
1759 3585
3196 314
2873 921
2641 2887
1072 2147
2237 3593
3130 111
3323 3457
372 2919
575 3390
1295 3423
2221 2584
3948 3101
3149 284
2393 3428
3013 1410
1723 151
1424 2560
1798 595
3093 64
8 2869
3331 1329
1137 3138
2408 2654
2395 1509
931 2982
1917 3689
3142 3152
3435 1864
1292 2290
3699 1827
2330 656
3567 1421
2367 3753
168 1364
584 1459
3139 528
3665 3914
2919 275
1783 2424
1758 1313
1354 3066
2217 3674
1538 495
2784 2003
181 3181
3836 2834
606 2862
2966 3402
1117 2972
782 3134
3661 1700
1965 3920
194 3677
2100 1236
2548 2329
1746 3857
3883 253
747 314
2316 1420
600 3882
2715 2848
1710 787
540 3320
2291 675
160 1656
3707 3424
3343 3820
3848 1671
2906 3889
2569 2300
2508 1806
2058 314
627 2390
3809 3157
3038 3294
2141 760
1546 2105
1424 202
877 2085
92 67
3490 1036
1208 3798
1821 3185
3073 1407
3706 1078
3235 1641
1954 2214
603 1645
801 2932
2225 764
1523 190
2294 365
567 3421
1505 70
488 1795
3182 1597
1746 329
3513 741
2148 3566
644 2585
577 2205
770 3878
1522 2882
1813 1725
2488 2674
2864 389
754 362
3782 1509
1578 1672
3818 1639
3587 2065
2394 3351
92 1332
898 2258
1195 2591
1147 1893
1770 1771
1005 1917
3641 3644
2317 3169
3558 2480
3193 1532
3041 663
2686 2975
965 970
3035 2503
1853 551
1882 1780
389 2296
886 3131
1023 1583
3706 2385
301 3145
2788 710
3878 293
2772 1456
2988 3435
449 2316
1290 2380
3349 3134
1636 2606
3156 2735
866 3841
2136 1390
520 1255
2837 3374
1758 1895
1039 2542
3603 2410
3054 178
1985 3481
3267 2177
492 1324
3703 68
3201 1782
739 3052
1786 1189
1029 3895
1636 3004
258 3516
2889 2507
401 3446
1988 998
3759 1791
2320 1590
1422 2812
988 305
1628 1041
1108 1480
3613 1683
734 308
1496 351
597 2871
1874 2876
2392 2584
1091 2483
1929 1632
2630 1843
3986 3916
1857 2740
1552 2305
2961 3631
671 2891
722 941
2623 2130
2437 334
1037 3708
2930 285
3160 1985
569 1156
3638 1551
3183 1659
3853 1566
1833 2164
903 3838
2495 42
3672 2806
2049 1455
2747 694
2823 2770
3456 1721
1780 1259
1895 492
2476 710
1865 1055
2957 3396
1406 1854
3772 2139
654 1259
1096 1604
1645 1909
714 3590
1397 1668
2361 2762
1884 495
2216 1183
2442 1339
1830 3995
1056 688
1742 657
53 3272
1126 699
3189 1810
3068 897
2852 3843
1751 164
105 849
2516 2816
1930 1501
1996 877
2059 3813
1151 563
909 852
1540 3332
340 1965
1588 3633
331 744
2554 2713
3961 3872
3714 1621
2136 3165
13 1816
631 2241
93 2528
3756 2912
2724 2440
3354 2167
3370 226
3909 263
2579 1261
894 601
1344 166
3231 1576
1447 3897
1870 3191
2707 1512
3327 5
2597 2719
1247 310
3221 3042
1833 1354
3520 2297
2522 1187
1449 2890
502 2783
3383 27
544 1395
3323 726
975 3774
3317 769
2633 3196
3200 2023
742 1959
2268 2149
1542 2340
3693 1489
3785 3374
560 3565
2806 2658
1440 2008
2386 3307
702 1174
1900 3282
3055 376
1144 3226
2421 2723
1098 128
2087 1972
120 1839
530 706
2546 2013
1387 574
490 2330
1340 1946
306 3295
2602 3131
305 3043
2324 3655
382 2556
1781 1379
453 1877
2005 201
2524 1550
3740 91
796 2996
1008 269
1195 3342
2023 2394
340 1684
1331 3714
2845 645
3687 284
290 3501
2056 2363
3741 671
2547 3836
388 545
2095 551
641 2911
2258 1834
2455 1789
1482 3266
1659 1
1684 3856
3570 2350
2994 3366
3649 2766
2266 3033
1395 3938
608 321
508 1487
2031 3155
3705 1247
509 477
2663 698
2486 2767
2032 1117
1117 319
174 42
2392 3152
2518 95
2860 1737
769 2166
2104 1477
1797 2515
353 3063
2217 2656
3902 2736
3212 2274
2971 763
3529 1874
3342 1808
2126 1912
1953 458
3962 2651
2746 696
2433 2479
996 1957
3434 3201
2068 3451
2514 1582
590 2420
1155 1082
3355 843
1605 719
2592 2325
484 1485
3748 2286
2743 2609
1612 2053
2748 2704
1534 709
3017 1180
733 2530
1980 2450
384 2800
1571 493
1575 973
1815 3078
3796 1281
3606 3420
1256 2739
1024 441
3402 1004
3056 119
2822 1013
2073 1803
2983 708
3237 1089
3539 3715
2866 1216
2061 274
1246 436
3513 3987
1267 3060
2831 3660
2399 1224
1665 87
1442 3774
3892 1066
2430 497
2651 3066
3773 502
1590 1633
1699 3009
576 1480
1753 916
1704 2636
2974 2998
2410 1216
1228 593
1816 1592
2030 3626
3399 3832
1249 3471
3967 3643
2708 3678
179 2618
602 2480
1488 1769
3600 2653
3920 2063
1051 1353
702 1623
2839 376
968 3111
1055 418
43 3136
2967 3084
2555 3793
3435 216
245 2873
1842 2494
973 424
2544 2796
1448 2812
1227 2143
3495 1367
3342 2277
3004 549
11 2532
2949 3972
3459 1065
149 2991
3135 2777
3344 2703
1575 2922
1415 3589
12 3769
2564 2388
1199 2907
1049 11
1729 2425
1053 896
1444 1422
3953 57
380 1454
2519 2901
2243 190
2966 3019
1721 1378
299 2310
1898 3647
3415 2065
452 2261
1519 2330
2692 2003
427 2567
3814 421
2194 1832
2240 1609
3063 2147
1047 2971
3160 1933
951 3290
667 2477
786 3023
3021 1317
3381 3035
1647 2788
1117 185
2187 3165
2084 3809
581 2965
796 1897
3858 2774
920 3387
2357 2920
1204 2319
1608 1868
345 2154
1528 2626
294 1130
517 900
3687 3674
3858 2515
1680 804
964 2396
1361 115
2363 1544
669 2508
2247 2220
1491 1589
3907 603
2471 2694
1199 1866
491 2815
296 2726
3978 784
809 1164
3679 3664
819 1019
3414 1710
1824 1782
3677 1126
3986 538
2758 346
2286 2232
3186 600
3294 2544
409 1656
822 492
3570 1251
2386 1470
2633 3547
3562 3194
564 2311
20 733
2514 3978
1455 2195
2733 2543
2888 1440
23 1842
2441 1525
68 3209
1216 1734
2578 828
2430 2038
3507 2499
2397 815
360 2139
802 1958
2690 924
1253 1173
3368 1556
450 2707
499 2452
293 3689
1213 873
81 3085
1171 1632
2459 1297
3686 3748
2598 888
2054 3192
1682 994
3303 2413
3336 2835
8 2345
252 588
3647 3375
2178 701
389 145
1017 2470
1906 1953
3584 1450
2746 3076
3175 2394
3633 2783
2326 1772
3117 1686
98 359
3194 2772
1468 3786
373 3201
2927 2071
3123 19
515 1456
277 3511
1815 1884
3333 2182
1258 1398
143 2430
1564 432
2556 3775
1460 3889
247 1672
795 1909
1694 3792
3344 2614
684 2419
2789 2622
77 3806
3668 3304
1539 353
2535 1482
3231 1223
4 3792
575 3373
3147 1567
1807 3130
1154 958
2867 2053
1845 2300
914 912
3330 1540
162 1597
1755 2119
1422 238
591 1422
3256 3312
534 3125
3268 2838
2211 889
2455 3842
3324 1709
3019 261
2665 829
3128 1885
2796 861
2401 41
1990 2478
596 2562
3151 3744
1517 2369
1680 3741
3217 772
3962 2565
3453 2836
3030 2172
232 2259
2871 2353
3181 3250
1486 1535
2748 2660
2701 634
3111 1500
413 1042
785 3706
2426 3563
3304 2653
3777 105
3021 2872
1708 3738
2261 2825
1083 737
3441 2844
2094 3953
1839 2621
1632 3931
916 938
2437 332
1725 26
83 2849
2412 2861
1514 2860
2964 2067
938 1290
1027 2336
1160 2997
3733 3639
2482 2242
2546 3173
2145 927
858 737
1674 3777
460 2125
2503 463
3311 2185
1045 2937
1797 2074
492 2910
199 760
3448 1782
778 1577
1215 607
3201 863
35 49
975 1746
2834 2532
2660 2184
309 508
1322 3471
1655 2811
2099 984
3410 3052
1961 3895
1007 3901
1682 2512
440 454
1060 2812
3674 1655
2055 260
2358 60
2943 3029
1565 1191
2050 1602
1073 2225
1387 3723
707 3079
2482 3485
3380 116
368 443
3306 386
839 2402
1213 3745
1751 2250
2862 1238
1297 3805
3186 1571
3113 240
2193 750
3326 1515
1237 3617
2696 712
196 2295
2762 1177
1971 3927
312 3130
1531 1276
1021 1502
104 2743
332 3123
2928 3317
887 1628
2219 2113
3214 351
1865 764
380 2539
3602 3454
1748 3427
604 149
76 510
3639 2926
554 739
2593 1521
615 1574
696 2696
2012 946
2925 3975
2439 3250
3600 1496
2259 2004
542 1817
1270 2990
2417 495
644 3369
3878 3372
2297 719
1457 3868
1740 2850
775 401
3096 2354
3651 1823
2149 1459
1060 2576
71 588
2591 1012
2828 2681
1670 3485
3979 97
3465 438
3809 974
1692 3695
3914 2458
1659 3501
3901 1654
7 2786
960 3349
1159 10
2585 3108
3695 2219
3230 3007
2039 2638
2122 2057
2505 60
498 2452
3426 2321
2367 658
3467 1469
1321 2281
3934 1126
263 1574
1274 292
301 1222
329 2432
1002 3237
2595 376
3013 231
2639 633
693 1486
289 1495
168 1542
2199 66
1887 2534
814 1666
3143 3207
1132 1099
1391 3405
626 2405
1189 2043
1280 1306
1681 2190
2773 3874
859 1045
2882 1411
3258 1551
3092 3171
3588 3425
2310 1642
3307 1474
1033 3124
222 2801
2205 2164
569 1964
359 3182
488 2109
298 1638
1863 2520
3565 3070
833 3073
623 2446
1968 90
3866 66
1708 1908
3381 2175
1650 1366
167 413
2929 2224
187 2723
1905 3849
1957 545
2534 2744
1263 2254
1676 749
3821 1179
3977 2508
2949 796
1213 1944
3851 3166
1340 3272
638 3584
348 3342
1565 1156
230 3276
3124 2103
3000 2134
877 1080
3686 1533
2633 2492
3670 1361
3868 2806
3953 3646
1942 3168
2333 1165
437 2144
1727 3672
3013 1426
2933 2075
1350 929
3032 3162
1648 826
1905 2031
3915 2876
1367 1590
2950 2548
1705 1037
1034 3169
2336 1657
3173 2975
1119 668
692 3961
1738 3197
1271 56
985 670
184 2973
150 16
2398 1831
706 2054
3996 2312
1211 2073
3461 3297
2818 2915
571 494
3469 1153
2173 96
56 939
135 2864
3271 1794
2815 1758
1082 255
622 2998
828 1231
3636 3019
1683 1886
3958 3983
3280 2893
1808 3770
263 2097
3601 2730
2825 83
1373 1773
988 3233
1378 1508
3617 259
865 192
3190 698
1928 1487
857 369
2254 1915
1898 2539
1784 2563
2332 1177
3625 3591
2672 2947
3029 3225
998 1849
1081 754
2261 1985
2595 2458
2649 1877
2926 3460
1298 2190
2911 1205
3119 2154
1045 1164
79 1016
2544 2828
2770 2410
1356 2520
1745 1441
3289 737
1490 3094
1430 721
3178 102
2330 25
3836 2179
720 1607
2811 1133
3638 3630
794 2281
3649 682
3861 1224
3633 2192
1064 2630
423 1341
2429 3160
2253 3711
432 270
723 34
410 3961
2139 3404
1010 245
1377 3211
2840 3820
2100 1367
2048 3985
1208 1748
292 2261
890 1193
2533 1707
866 1312
1375 1313
1934 3118
3503 2158
2118 2656
2059 3913
157 609
3819 3068
3239 1886
3252 3010
2995 1690
3790 1651
3911 554
1746 81
2139 1153
2816 630
1942 3004
2121 190
2347 227
2882 1975
1887 817
1777 1292
711 2396
281 1947
956 3949
1639 3884
1534 302
856 1428
1860 1797
2949 2601
3231 3998
3001 1764
2306 1524
1751 1473
3447 652
1820 984
2276 1686
81 3948
1894 2986
3287 713
596 2850
3151 925
2704 2481
277 358
2959 915
912 3225
1341 2541
64 264
2088 3646
649 1814
2798 1886
3571 2469
2416 1425
410 3
715 662
3863 3696
972 1310
3791 3013
3371 27
941 419
3644 2681
1221 1852
2467 1336
981 1284
3450 906
2792 1629
449 2599
375 2714
2717 3217
3878 784
832 3431
1093 3740
3104 2155
2182 1235
1653 2826
1506 3122
1326 1648
2983 3078
714 144
1050 3963
1944 163
3113 3841
2906 2392
1608 3487
622 1622
1405 1837
1576 1805
3960 2497
83 1032
3857 2141
1614 2087
3735 1715
792 3291
3435 3069
3384 1505
1667 484
676 1327
70 1131
617 3581
1555 2030
3866 1239
3395 2959
1807 1794
2825 3354
1846 1889
327 2681
395 3812
3102 61
3482 1187
3043 2536
3371 2865
543 1062
2192 46
3979 612
2993 3161
751 1533
491 2859
1004 145
3499 2649
889 3828
2860 1696
1507 1215
1628 3255
793 609
3144 1109
3973 3835
896 2515
2912 515
1478 3440
2600 2890
422 471
3681 3350
3494 1264
264 684
863 3344
1040 1152
2367 3722
2976 2546
3154 3994
1102 120
307 2650
1516 1426
2292 1554
993 427
3317 121
943 3592
3293 90
1706 623
1658 2787
2130 1969
3121 2520
2594 3521
2067 1839
1832 1569
2041 1220
221 3285
710 2699
252 1736
2163 3353
3473 1597
1540 1831
1920 416
1390 833
3971 3625
1594 3400
2271 2452
1973 1066
2904 864
2785 39
1610 735
371 825
3523 1831
3566 1432
784 126
1722 2080
3910 608
1023 3262
94 1830
1806 2765
2164 416
2867 3751
816 434
1298 839
1229 3719
805 434
1258 2839
1021 1175
2606 1132
1257 586
2666 3741
349 2979
2592 2575
756 1371
487 3037
3452 2914
2664 2650
3436 2318
3157 3480
3550 1085
1518 737
3575 355
1529 3127
258 595
1533 487
227 1866
1196 550
3476 927
2650 3787
2823 232
3145 3136
2138 2274
944 2160
1639 1573
3009 452
1188 1189
1895 526
4 763
1709 3423
261 261
2478 3241
3790 840
1766 3674
3812 3266
3849 415
3551 2987
1260 3345
1504 1688
3612 2555
3006 3495
683 2972
3849 194
1308 2577
2351 3852
464 3016
2609 2964
3803 2941
2966 2750
2015 1568
2335 2778
1764 2215
1559 1885
3924 3375
2282 3415
2909 3887
2858 1287
1832 3591
2519 3058
2909 3139
2507 1221
184 3372
2664 1467
216 338
2258 1630
759 2583
797 592
2828 2874
2600 2708
2122 3103
3341 881
2168 1030
972 2198
1607 351
3490 3842
1062 515
238 2348
3814 1598
2287 2901
882 381
2963 544
1487 1992
1217 112
2819 314
3416 3817
697 1292
2321 2756
1305 3216
3567 3644
3485 2911
3777 3408
1755 898
2847 14
3267 1920
2300 1134
1677 500
2844 1263
1374 3164
3829 60
3876 544
1835 3597
2704 925
492 507
150 361
3623 58
3817 3986
883 3400
3765 1571
3842 3730
1215 3383
235 2142
3756 3243
2406 3078
3137 1481
2024 2587
2183 3365
641 210
1068 1238
1598 1132
1190 1217
1554 1221
972 1006
2929 2436
2517 1088
471 2770
1263 3731
3326 705
134 1018
2498 2083
669 3622
2986 873
1434 3203
441 3626
1110 2501
69 2390
3962 2299
3656 1622
410 1285
2373 2936
2058 2926
3009 3195
251 3672
690 2334
416 384
5 3539
764 1437
639 3343
2968 2197
698 1431
173 77
2727 766
2740 134
1771 2735
2022 3149
2426 143
3337 431
103 1786
471 3587
322 792
682 1239
2675 326
3668 1445
3994 3665
1448 2988
3416 691
1808 1620
2105 2495
1581 547
47 3875
369 3954
385 2473
258 3705
3643 487
1630 729
2319 3964
642 2663
108 993
1009 309
3648 101
1143 2456
427 3064
1910 3302
201 2884
3110 3490
3443 247
2719 3479
3535 179
665 3329
409 3178
3493 2646
1309 2727
71 486
1147 1768
1868 1079
3887 794
209 3362
2663 313
3548 2118
1959 2863
3462 2658
2136 1754
1932 2532
1860 1670
1199 2949
1946 2620
1346 1044
1529 3254
1021 1768
2847 2675
3821 3240
2601 3085
3397 29
2499 1616
830 3297
1954 809
2562 291
2823 89
2110 846
146 1034
3654 3661
1056 2091
1345 1351
3119 2584
1611 2717
1957 2317
1401 1431
1811 909
2876 1149
445 309
1118 3706
348 2398
2838 31
1228 3170
556 1300
960 1373
3464 209
1911 2367
950 1160
228 1029
3697 2912
694 2536
3797 1097
2246 2505
3165 2672
2729 3042
1792 282
665 3429
2950 629
1928 1892
3617 3505
3713 3239
1605 3432
943 1976
3004 2907
2170 1170
3706 2701
149 2864
1368 3502
2173 2746
1788 532
1166 1254
682 3579
559 2182
425 3631
3136 2839
2429 41
3824 3200
1175 386
3292 766
1936 531
3583 1813
676 1641
1142 3731
2829 2395
2927 3666
919 616
546 444
2625 1952
1583 1104
294 3049
3442 1070
269 2723
3108 3265
31 1796
2326 2751
563 2318
3958 1908
1990 1591
3985 1451
1116 818
1785 2911
3706 2387
338 2330
3786 2330
1731 2272
3341 79
3153 1172
788 3610
1757 2260
1362 818
3487 82
2341 2277
3867 3444
894 330
1148 3851
3114 2362
748 2932
1614 2819
1501 1085
3357 1751
1829 3231
754 2697
2658 1334
3593 1541
2711 414
847 1307
3583 2197
1641 3187
3517 3801
3651 2886
1247 1016
299 3116
2287 1994
3431 1912
3662 139
3369 3139
2187 1843
3176 122
2014 1197
1962 3120
778 724
2921 2809
1995 360
512 913
3798 1863
3230 163
3630 1397
3742 3529
1792 2268
2406 3524
2662 1806
4000 2126
2599 849
2397 3527
2998 613
1336 358
3166 3776
487 608
1872 1513
3727 999
1513 2022
3418 2957
2837 1142
3762 3511
3035 628
2433 2167
293 1696
2896 2784
2310 3243
3855 1292
2002 1308
1083 1543
2150 1519
3031 1569
2919 374
2395 3110
2418 431
1925 1812
1322 1254
2233 1686
204 708
2404 666
3801 496
3739 1651
3295 2111
3418 3945
1487 1296
2814 852
2420 3989
362 2197
1306 1339
2121 2756
919 75
1328 45
1730 2592
3300 3560
577 1934
2781 2055
3705 378
2488 2871
2816 2999
646 2257
3108 654
994 3460
1656 1879
3569 1355
462 3313
3387 1690
1734 1732
324 1066
625 3464
1749 3975
2029 1554
1931 881
3752 1733
1084 770
3026 2919
3924 1729
1540 2133
363 918
2272 3195
2859 3932
1621 3086
817 2597
3662 3354
3169 1492
1466 639
2192 917
1798 3494
1579 474
1243 1901
819 2662
742 620
3104 742
2011 2282
1828 3466
3397 635
3720 687
3635 1017
723 888
2380 3297
287 3891
1160 3845
3691 2478
3303 3309
1209 1269
282 545
1516 2379
3472 1023
3304 619
84 1835
2469 1132
2170 3833
849 2188
3075 1804
1452 1923
1814 1806
2003 1738
567 3325
2633 1693
2961 3869
765 193
2923 3242
616 2280
2898 2746
580 3920
1403 3334
3166 3048
1587 3572
1727 366
2289 1014
2819 3179
1268 102
3778 821
2865 2187
2055 2410
2954 1825
1418 3172
1451 1876
973 2034
2305 701
34 1905
1304 3707
3630 3199
3916 2891
256 1356
886 2204
2657 3426
599 2506
692 2434
1195 3463
1640 3098
2269 148
2375 3409
1794 72
772 3700
1604 98
156 805
355 2907
2149 3785
1493 622
2826 2404
1830 2730
1587 1834
268 2428
2242 2630
2080 1814
1962 3881
3290 348
771 688
387 1083
1533 1542
2698 2342
1249 1688
1825 3404
26 3397
2153 3669
2750 3203
1036 3982
2761 337
3318 1655
3469 1002
1235 1397
1745 1782
2469 876
1958 2867
409 3208
1549 3842
1530 3106
2510 2797
2546 3706
3374 2887
2089 698
1031 2475
2811 3124
779 3791
1144 2481
3877 247
2028 2378
3253 1973
840 848
55 1563
1404 1248
705 1604
752 3285
2990 3566
2452 3649
346 2715
1190 540
16 1376
1518 352
2832 794
1392 3014
1743 3061
1033 3771
618 1348
2910 1872
3471 1025
2980 665
302 528
93 83
3732 3291
2358 2897
3788 77
1805 3899
250 3803
948 3674
2687 3434
2494 2691
2813 430
1777 3878
1750 3783
807 1038
2054 1572
2451 3786
220 2355
1998 2544
1792 3951
380 355
253 1931
1734 2184
2209 854
287 3033
2076 896
1677 3132
3010 888
670 3805
1194 1111
3034 1828
1613 3247
1954 1485
380 1833
2135 3951
657 2171
101 2514
1049 1261
2114 2186
1571 3258
505 2753
1884 3646
885 2533
2337 1245
2355 1555
3382 3882
3480 1389
3225 1347
3531 1433
1383 3604
2126 2017
531 2391
3651 2578
764 1579
836 1765
517 2686
2683 1692
224 2752
3997 3567
1473 2912
2793 2703
443 1207
2905 2625
57 3667
3270 2787
803 1792
182 1747
325 1333
3264 3833
1949 1088
125 451
2143 2817
1568 2807
2725 2718
1630 1916
619 550
1756 774
3398 1061
1080 1012
3798 3807
1598 701
2448 952
2285 2131
2315 2772
211 1900
2350 263
3079 335
3493 492
3562 999
3266 2217
2766 1543
2316 236
1649 873
1884 2066
2224 2728
3428 2033
2985 3821
2303 1875
998 1621
3520 618
880 1208
1894 1869
2713 311
1661 1386
3955 2274
168 926
1162 3072
297 2483
900 2810
1889 2532
565 3123
3295 1316
3543 3901
1521 1950
2567 892
2452 1392
3612 3798
460 345
2083 2324
949 2120
3398 2389
1460 1116
3951 911
72 2108
640 1202
677 1960
3627 1204
1456 323
2272 3521
413 2976
367 838
988 3216
3560 3978
2654 1447
3919 1994
382 3954
1422 3668
578 2194
653 1724
2925 1001
2960 1292
2847 3601
276 2938
2459 302
3277 2547
3737 3223
2438 3995
325 724
2522 2349
695 3330
3635 2440
2459 1428
3973 1056
3131 3388
388 626
1917 2056
2008 3699
2989 764
1065 2283
830 1799
1021 694
1040 918
1641 3810
2510 1716
1397 162
2954 3204
984 1032
2439 1764
1152 956
1581 1570
3977 1891
1590 3498
613 1984
619 930
2728 2029
3074 1800
2717 3748
3909 114
2181 357
870 2770
1974 3578
961 175
1939 2957
264 3399
1320 3442
1332 1845
1694 1296
3280 3273
202 2658
686 3898
1697 2929
3028 3760
225 765
1121 3288
2058 2405
2334 2342
2517 383
3691 3294
2693 807
248 3954
2150 12
1308 1931
1204 3843
2500 939
1188 1757
1038 3538
3649 3236
4000 65
3353 3873
2629 1472
3813 1410
2144 963
256 2681
3487 1834
1787 3300
3664 86
2017 3937
131 1323
2261 3572
1680 2983
2520 3800
3035 2717
2782 2168
2392 3386
1209 2486
247 1020
1982 1021
54 2390
223 2238
1537 3892
3978 2009
2297 1552
2874 2346
2269 2428
1410 1134
1285 3948
2665 281
2800 671
56 1798
283 1191
2210 1616
2637 529
3270 192
2781 3042
2933 3492
1852 669
2221 2910
1607 149
2576 1094
2580 3875
175 337
617 3864
887 2839
636 3416
606 1294
2910 1270
1798 3167
3358 1546
587 1419
910 2490
3159 3871
2781 2761
2909 1379
2824 739
614 1836
2524 1403
1619 788
3978 3140
2907 2505
3798 965
2234 3864
3031 2707
604 383
1801 2740
1230 1542
1413 2710
1822 740
2470 545
1283 1083
3270 1293
3048 2248
3387 1794
933 666
3170 3364
680 192
55 3319
2026 2913
3295 3437
2529 2629
523 1447
156 110
849 1935
2479 2330
3412 3318
610 3761
2361 2681
474 3657
674 1747
1463 1759
2302 195
3514 2142
1407 2708
2145 1891
871 701
2148 673
1134 1393
3327 2655
984 1982
1299 2157
2270 747
3428 2260
2269 630
2728 253
2363 3294
3489 190
2684 664
3372 3002
1244 90
1142 1868
2892 2114
3507 3641
2648 25
2006 3185
1342 3983
730 3656
2267 3611
240 509
1113 887
181 3319
3509 3476
139 3669
3022 2544
2633 3862
1729 265
2378 126
3767 972
996 2236
1421 2414
2396 3353
3008 2762
2724 3477
3985 1627
2513 3315
2633 1098
925 2693
2713 2493
1036 1063
1277 1734
2350 20
498 3357
329 728
2963 264
3029 1324
1029 735
3496 1776
1253 388
2014 2571
1885 1589
2686 879
3923 518
3362 3610
1025 2636
721 398
769 2301
2009 3071
3798 1266
1881 2337
13 3112
3847 909
2685 1041
1428 3694
2265 289
1877 3794
672 149
1018 915
524 946
3581 380
1129 1900
552 302
3372 1897
3515 2561
897 3521
2984 1395
2656 1261
2301 3182
2876 1692
1980 81
226 1140
1640 3856
770 1249
2194 3010
3389 1646
3545 1775
2428 517
2765 97
3009 2151
2023 2279
26 3905
1166 1006
188 2681
372 3818
250 3415
906 2351
2558 475
1723 2897
1906 3680
1325 3917
2043 1294
2162 1221
1669 470
2620 1279
3557 677
582 994
1999 3934
2614 2099
2268 2538
2304 2985
1687 2518
2992 3209
2458 597
276 715
983 363
2009 1600
2820 3025
3846 170
1448 489
1517 2817
3810 1357
1290 2098
548 2160
1050 3904
3240 2816
1685 3353
2914 1279
1875 676
1742 1371
1733 2150
101 3076
2452 3741
263 3272
112 2297
1465 1710
3418 1629
78 1274
3786 708
963 626
3793 835
187 554
2184 1829
2504 3100
822 58
2559 598
3673 2555
2647 3011
2283 2477
773 2909
971 2394
22 2590
3863 388
1447 100
1077 3648
482 2761
3315 1221
3049 1021
472 1850
2260 1552
2501 1294
200 818
181 2526
1002 3198
2459 2463
856 2126
715 3429
168 1230
1329 930
929 1967
727 2757
3977 1411
2783 393
2243 3025
928 3254
899 502
1671 3429
2306 1450
648 1851
665 3307
1784 3106
2886 1873
3102 2499
3780 3405
1723 782
3538 708
2470 2802
3194 3514
2538 1252
858 1788
2641 3465
3245 2108
3558 664
2866 1550
856 205
3662 3531
1403 2992
1842 2899
2655 856
1637 1621
2328 378
3179 1174
1039 1150
2401 2724
864 3576
3392 3610
1718 3856
519 2637
186 1275
1831 3737
3267 1394
385 1844
742 1021
1876 2226
198 3396
125 3864
1389 2877
26 3303
2379 2427
2002 2427
2388 3242
3097 1745
381 105
1731 3968
3704 919
2312 3913
1756 3322
694 3048
1625 2849
2245 2921
2784 1822
698 2721
2024 172
2598 1076
3502 754
3995 951
2695 2241
2346 3443
3762 3428
346 428
341 3817
3490 3009
2408 2096
945 183
3455 32
2205 3541
2261 2590
2761 3254
329 636
1389 1710
3012 182
2423 1735
1530 2059
1486 768
1547 1643
1460 2183
1191 1887
3983 949
1484 3950
3981 1279
819 1290
3880 2537
1790 3431
419 2640
702 2119
2652 1807
3894 65
2123 1074
2193 1775
3417 3960
2142 3740
1626 876
2177 3684
3633 1960
3238 12
1301 3965
2501 408
3839 1180
172 643
2761 609
2767 1225
1289 1764
2838 2660
434 3764
3723 1030
1121 3851
1078 2217
2252 2747
706 3606
3617 1885
2201 296
703 1270
2801 1054
1696 893
1501 3324
548 808
2571 268
3279 2189
1952 1408
2790 65
267 2026
242 3910
3008 1696
1302 2494
730 66
361 1270
2539 3282
335 1415
2660 1692
1015 2030
3189 160
779 1915
455 1760
3519 410
826 2758
783 2308
2570 1092
2787 1377
222 1929
1994 440
1710 1303
584 2706
121 600
2291 1271
3652 2780
3291 3658
1924 2841
952 422
831 2378
1135 470
3130 1656
3099 2269
3645 1699
3979 1885
2325 218
1520 1973
678 386
985 2456
3726 1150
3929 3628
3637 3377
2569 3572
3993 1560
3937 3520
342 823
2830 1423
3691 3471
1521 1928
164 3688
3905 1499
3471 2840
3225 1425
3880 501
1650 562
541 3957
3685 1931
1502 177
2088 2254
2125 1494
2668 2376
3798 2466
1936 1849
3776 3840
3527 3456
1307 291
3131 3432
856 777
1629 2707
3620 1087
1043 3631
1561 160
688 727
3332 3062
907 2775
1502 1457
3922 3926
1774 1299
1139 2210
1665 1901
2191 665
448 3323
100 1321
28 1303
2741 2080
1710 3647
159 135
862 3270
2683 1198
325 545
2001 3941
218 1826
3125 2275
484 1991
3891 615
1631 2500
1823 2082
3754 2079
3733 2274
705 133
132 2474
2608 2415
2036 290
1839 3821
366 1071
1363 2163
3989 2718
992 1581
3571 3465
79 1827
327 3814
2247 2061
139 2501
1126 2000
2485 3872
2697 1830
244 2616
3257 1656
1477 2632
3702 1095
3258 2194
911 1416
2996 3598
3062 2255
433 2919
2732 3492
1552 759
3611 1330
3681 2043
1914 736
2918 2165
780 962
2969 3513
2144 36
1131 445
2990 2197
3613 740
337 253
2859 2608
1526 3750
3241 3291
402 609
1938 1144
3186 12
1100 1971
135 1451
2412 17
3529 915
950 1381
2177 2025
221 2432
3171 1519
1771 3833
2793 3859
3608 981
271 318
1279 2848
3992 672
1036 3568
1538 3529
980 2487
2503 1673
2939 3391
1123 2383
407 3888
2672 3652
1170 980
812 1842
1701 3292
272 3604
274 1660
508 894
1566 1904
1471 851
379 2953
1439 3361
1385 1710
1453 3941
2675 323
210 2575
2578 3434
413 3233
1075 99
3742 1576
1532 3127
1138 13
1259 2157
60 1997
3199 2824
1776 1882
1594 3578
1639 3214
3506 2978
3300 3091
2018 2532
2317 3862
3094 595
694 3081
657 520
3998 787
1152 2540
1048 1488
3484 2410
1233 1107
3340 2683
2612 3360
2925 1286
263 250
3341 2782
1665 3915
128 1358
1952 3982
3062 3573
445 2997
3784 70
2961 794
2281 935
3344 8
1466 1765
447 928
639 1158
2443 3058
3307 3915
3048 3057
3323 2999
356 712
1045 3450
3023 2660
2008 459
528 3819
612 1791
3077 3489
3848 2893
657 2772
3699 1314
2471 1455
864 689
955 913
321 522
3521 2
1066 3644
3445 228
2887 2110
2568 2819
2637 895
3037 3448
3288 3249
2141 2114
885 3135
448 3149
603 936
1976 3270
534 1466
2339 2931
2932 855
850 1859
2087 3997
2459 294
3113 973
2219 1026
825 1749
1349 1256
3721 112
3599 3841
2989 605
1892 398
3668 3943
1760 3868
2798 201
1407 99
1957 2081
2430 2256
2902 395
1720 888
2265 2014
114 3938
1545 3090
3553 1815
1655 1265
1870 3503
3901 996
938 113
3980 3920
472 3050
3148 3129
1562 1879
486 1456
1851 3991
1230 3387
1752 3570
3859 3494
2935 2218
384 1404
2668 2840
2342 2038
3033 889
1002 2594
2513 323
3372 981
462 2985
863 2519
326 2023
2365 1700
1439 2176
2097 3594
3439 3542
2111 2308
3711 2726
1917 2494
532 2378
3619 258
2852 3916
590 620
1952 1716
700 3961
2831 2413
787 1914
3614 3157
1684 3151
3096 1404
945 133
2440 2535
1612 3056
1901 2150
879 3528
137 2784
2700 497
1468 3340
1056 3641
3602 3420
1832 1755
3669 2784
1940 2971
2121 3634
1037 3976
108 1217
103 2333
1388 2899
1400 1714
1593 3641
2424 2278
3127 1729
1069 1475
1116 594
13 2124
230 717
3852 2197
1167 3898
3883 1792
2119 3639
1207 919
3604 2578
1476 1309
3374 991
983 2875
1504 966
3047 3407
881 630
1576 115
2590 1996
3064 1588
136 2819
3069 2916
1059 1302
1293 2951
222 3529
2106 2499
160 3825
1167 3581
2807 3533
851 2150
1556 310
1292 249
363 2788
1136 2867
806 3304
2122 551
3818 942
2595 1190
493 1228
756 3887
2386 714
538 3213
2793 2545
2429 1704
205 1951
2261 3631
231 2112
1252 3552
2770 945
248 2387
3289 3575
516 2370
3911 3107
334 3111
3349 403
1116 1442
654 2086
630 2005
61 3799
1749 3411
3393 265
2377 361
264 3624
568 3628
2366 3033
2960 816
3537 1654
1112 3475
2937 3447
3850 1446
3239 2638
723 1317
3322 3892
3690 1705
1115 3382
3998 1791
2151 859
834 2374
2353 2767
2151 1402
2569 1070
3076 1110
937 2457
2255 187
1984 3873
2862 2104
3773 1222
1114 3585
1289 3094
2827 1155
2945 2755
3613 2824
1550 1448
566 799
2552 254
1324 2716
3826 1472
3928 399
585 762
986 2182
638 2569
142 3848
3432 410
3855 1255
2762 1072
3826 2681
1504 2058
3505 3790
588 3053
3307 70
3138 3491
962 982
1380 2963
76 889
3071 2316
1236 1061
1260 60
469 1378
2984 1043
2114 323
3003 1745
3803 2291
2433 858
3911 3659
81 3020
2511 3569
550 3218
2532 3824
713 2281
948 2959
19 135
194 2536
265 1631
2673 1014
1336 3248
1345 1139
3781 690
1547 1499
1509 2213
1585 1809
1377 1589
1158 95
270 2278
910 41
2999 982
1468 1858
393 3370
1352 1661
3026 657
256 24
1514 361
1402 1600
3450 1295
3507 3301
1109 959
2899 1091
1537 2838
1467 409
801 1807
3140 2377
234 152
3521 608
2620 978
1986 872
1247 1646
2358 2241
193 3113
759 3760
3060 3994
1304 265
1708 520
3709 203
963 3596
1402 1176
3552 1763
1914 894
1501 137
1114 1786
3009 472
2117 3451
2043 608
3720 475
586 2587
2581 478
1094 3997
868 3884
438 2801
2749 577
1752 1400
3515 502
1395 1655
1791 1780
3918 3247
3719 3256
2706 2926
3533 2187
3013 748
3687 3604
433 3598
3946 2267
2502 1527
679 814
1742 2940
691 3427
3929 3493
1147 557
2337 1675
922 3289
2544 2254
1531 992
3178 1601
2348 1416
1019 2191
2140 2034
652 1804
3682 2438
3603 3154
2445 712
491 1344
1188 3135
3692 771
2445 2334
1974 2028
633 3718
709 517
2117 2515
3930 239
2781 816
3202 1301
3104 920
3709 3853
3358 3137
3848 3311
1006 1802
937 338
1108 2193
878 980
3359 3553
3622 2851
3719 3991
2505 331
569 1835
2651 2787
87 3349
620 1852
2056 3542
2678 329
3991 1766
3567 2877
3215 1349
3893 855
1834 674
578 771
3973 1192
1182 200
530 3692
1526 39
3177 1450
798 528
2731 3263
3156 1417
2097 787
2552 2185
1061 2440
140 2470
3325 627
1301 32
802 1158
2350 1878
2077 1127
818 3883
273 2958
407 2695
3223 3449
3063 1204
2973 1953
3091 2570
754 1421
212 1994
816 2167
2793 351
383 140
1297 93
2323 1536
2662 3998
233 399
3709 3831
2526 505
306 115
1319 1748
52 3368
2290 643
2415 3495
1840 3043
1561 2627
3329 2655
2794 354
798 63
1599 443
440 3120
3871 612
443 672
1529 3579
3693 2968
1067 1834
1553 1363
2357 1118
964 194
3589 772
3750 2804
1458 1149
1502 3430
3493 252
694 2652
1771 1091
2054 1485
2509 1993
1923 2496
1815 389
2222 1616
3330 2881
351 126
320 2039
3162 1314
117 3908
1408 2911
2340 1927
2178 2910
1913 2184
3626 3223
1059 35
2028 1680
527 3567
3955 3950
1917 2342
1222 2528
3006 1247
3637 1924
3238 3677
3936 2798
2060 3706
1984 1343
604 751
2935 161
3735 2516
2551 2560
591 794
712 930
879 1118
3459 1019
3898 3148
746 1032
2956 3255
2931 382
3179 2545
2602 3218
561 1238
1988 586
1098 1516
384 922
3834 1185
2330 2934
215 424
1541 3041
411 1093
592 1351
2383 661
3915 1337
1718 1690
586 3198
2415 1248
2485 3187
124 2975
843 825
2098 1222
2758 1226
511 1931
2707 1087
479 725
2169 599
1950 890
1550 2761
97 684
2373 1816
1013 2167
3414 2958
2496 3428
2754 1899
3075 2620
193 3596
821 1172
3103 2950
36 1683
2407 2161
2759 514
1755 576
3688 1060
1743 3656
1472 3784
2302 467
3424 2836
2263 1716
3966 2272
891 1369
964 3040
211 1435
736 2137
3819 3665
1825 1123
1636 2578
3153 936
1995 3743
3750 2840
2975 3738
204 1221
57 1629
3344 3980
2251 2671
39 3309
2700 3493
1279 1355
3491 2910
2927 2014
3136 3661
2238 1103
2038 1123
1217 1742
933 33
122 967
2539 260
1888 677
1008 2947
1618 1231
891 3610
3454 2008
3362 3590
2851 732
3097 3204
2865 1777
2880 2584
59 1454
3196 1269
1653 1275
2593 480
739 1774
2803 1132
78 2626
208 3810
3420 2047
55 1098
1039 2873
3957 3416
2972 3890
1666 3405
1989 2188
3641 897
2518 2047
3673 3188
3668 170
2296 2266
3749 406
3384 1098
1259 3826
1873 3591
689 678
3903 2279
2046 1727
1968 211
3615 1017
3204 3986
1234 1603
1 3197
2384 3751
3921 26
2291 2403
2809 2216
3313 2391
2216 2544
2134 571
1601 440
3070 3174
1253 1855
2065 1116
2132 3220
3205 1679
3634 1688
884 439
189 3634
11 3619
2022 109
2676 2301
1043 1182
3725 2340
2911 3259
50 1858
1384 863
2717 3120
587 2636
1855 781
2811 2718
757 1412
1850 2444
2430 1992
1611 2390
2851 2440
1093 3984
1517 1878
218 2135
1745 1241
3450 3128
342 2147
1266 833
3468 3058
190 1852
921 1675
3086 3000
1796 2030
21 1287
28 577
3016 1983
1966 3230
1108 460
2595 3482
1074 1325
804 691
2837 876
1708 1145
554 454
2305 1528
3554 743
94 3578
1607 2991
277 2241
2817 1979
3962 656
3886 2185
2644 1927
1761 993
2317 1590
2281 3186
61 3472
616 1469
1923 2121
4000 1521
2263 579
156 3553
2543 2708
1301 2114
93 3171
3826 469
2653 54
2332 63
1055 1649
3238 444
3630 3723
3546 1870
3339 42
2162 161
1681 1261
1839 2513
2417 295
3355 2347
460 959
481 1007
1475 552
957 659
721 128
1776 3641
84 2128
2202 1013
3235 65
107 1748
2260 2573
3833 2620
1485 3941
587 1671
17 3901
1212 293
1299 829
1732 1692
2350 2774
2901 2689
2681 3423
1550 1028
2392 2764
3181 103
1850 1626
198 3639
2258 110
402 30
2053 94
3995 1340
1633 2421
3249 1206
3249 2931
2056 1333
21 1951
1373 956
2335 3053
1816 3274
3728 727
2352 1348
986 1578
2039 2550
2931 3596
3689 2792
483 1335
3756 35
1592 2115
1398 3356
688 841
2791 3453
761 1060
112 515
140 3447
173 2280
3627 3867
1796 2877
1426 613
560 186
3329 708
2395 248
283 3812
2278 2150
1857 1874
3066 3675
3480 2897
3956 2208
3074 592
38 420
2699 3213
3432 563
3439 2677
3641 1579
2117 1216
1923 200
448 1445
1608 317
2818 1082
2955 3886
3912 1027
3923 2373
580 3743
686 230
649 3654
3218 724
1286 3699
2376 3001
580 1076
2291 2016
2216 3048
492 213
882 3015
96 2452
2689 51
1429 3402
1774 2600
2695 1351
1933 2354
2359 3380
103 2581
2280 1576
577 1740
2815 1007
3022 1508
555 1105
1670 1237
251 1398
201 2903
3305 698
100 2889
1489 734
2436 1873
578 183
3914 368
3301 3288
1216 17
2108 1580
2586 2144
3651 1275
2731 1959
3548 557
2306 400
3654 3798
848 2507
1395 3311
396 947
3171 3235
3769 2831
3551 101
3388 3683
51 2851
782 603
2746 2510
3784 3719
1677 2748
3656 2515
3266 1576
1726 1962
820 2920
2582 2573
3519 2566
1801 2977
2159 3041
3141 1921
1955 1709
911 2529
3483 2005
515 2044
1762 2581
1328 650
3164 3791
1366 1336
3297 2782
2053 3091
2015 468
3033 634
3610 1533
574 1185
3106 1768
3829 66
2946 1412
3417 1091
3135 2429
1361 283
1284 1248
1038 3040
375 448
3581 2756
2198 23
490 1633
2266 213
2097 3523
1059 2227
346 3022
3088 516
1928 174
1617 2033
813 1696
2330 751
1998 2173
1213 3613
412 3388
2143 1587
1962 3992
1624 692
904 2451
2325 241
2467 3353
2374 3384
3899 2813
3338 1461
3846 1826
3873 954
1704 658
3183 2202
1815 54
3441 395
2333 2226
2570 1583
2274 294
3097 193
434 3530
2882 1421
1156 3252
2416 1255
3068 1407
3232 1754
3059 3265
3922 3457
1658 1115
1168 3456
202 3472
2050 608
2542 2535
3180 619
811 1167
1048 2276
49 1596
848 3929
1536 1204
2610 3263
1368 955
219 2194
1650 427
1893 492
3948 3307
3131 3060
19 149
3035 1180
1798 2912
430 2215
842 2960
908 1478
1758 890
2094 2107
1369 3645
599 1055
3248 3089
3867 817
1661 897
556 1759
1170 1960
2108 3686
1217 1540
803 1143
3709 3014
2325 1232
3061 550
1440 3232
1338 819
463 3885
939 3059
2147 1414
2582 539
1787 2365
475 242
2201 2342
2379 1644
3535 661
2155 3595
2960 337
1920 1863
2764 1637
868 981
2151 555
791 2558
1616 2965
378 1730
2268 114
2830 3312
3905 54
2748 3304
947 2106
3118 1126
1073 833
1169 1272
3486 32
1668 3440
772 2601
3156 2888
1445 2922
2239 3946
2027 3412
3877 2968
2279 646
700 2706
2009 2184
641 3799
924 3307
139 3758
1381 2348
2732 1659
1450 1218
3818 751
3638 2222
1495 3325
3623 1434
1197 3733
2701 1649
2295 1073
130 1331
3514 3346
3144 2490
1796 506
615 419
2767 2286
296 1995
3564 1498
2248 2098
319 3382
3058 2238
23 1813
1546 2680
681 1220
2644 598
1928 3327
2672 3126
1615 1442
2299 2167
2937 3763
2400 2914
1260 2055
3552 2696
793 824
557 2152
741 1463
3275 3966
2646 763
2334 1172
1769 3678
3004 978
103 3697
1490 2027
193 1717
1831 140
3053 3481
1536 231
2926 665
1840 1087
3590 70
1884 2748
2713 330
1445 1158
2682 1710
1387 3778
755 802
850 390
2416 1209
3278 2691
2831 2960
2441 1108
1338 2235
3251 3976
1414 615
1036 1090
3837 1356
1685 2919
429 2902
611 3481
3259 3110
3911 2350
2739 365
1574 1113
3803 1507
466 851
1958 2633
1220 3258
3233 3648
262 470
1560 999
