2000 2000
944 15492
1975 55701
1696 38101
205 13179
1273 30293
1815 87672
1468 12633
1283 67554
1100 9102
665 27714
884 84725
771 33573
1656 16255
723 25225
419 92149
1847 70712
513 66508
1540 67757
908 82139
837 3515
903 53482
1051 87134
9 98737
1663 48034
279 98140
1723 28832
1708 76804
1997 59846
1141 33468
1208 9402
1129 32787
1924 65311
1289 65102
75 70887
1685 94841
1722 95394
955 74911
187 7473
739 79300
714 84012
1040 51538
668 80376
1472 17584
1788 67792
239 5601
295 26084
1434 54855
1101 88460
255 93840
704 36993
1137 91975
132 63674
277 40478
1581 90711
1828 11707
1151 54969
693 35894
1257 4862
117 14814
1068 69361
988 14263
1764 47600
953 51024
169 79364
1664 34839
1294 45864
1471 91110
1303 9749
1500 53337
1968 86761
1033 10112
399 21226
1736 67136
791 44047
278 89018
933 72736
1480 70130
120 60224
470 77548
659 80322
885 13569
1730 69522
1797 43995
705 54046
41 76584
1955 72053
60 9015
532 12477
1692 76915
1339 40180
1628 98189
1883 91177
707 87780
1865 49212
724 86893
476 38970
81 11428
203 94354
1810 48718
1640 81116
1620 81114
1438 75181
1359 2341
1184 64601
910 35579
1483 7710
252 37337
400 22060
1615 67934
432 31236
1550 2381
1135 81502
1236 757
1630 62727
266 51899
323 77340
839 34780
1879 60913
590 6168
725 28046
1531 1093
877 4356
505 35574
1401 5224
1016 69920
1321 38818
843 44193
1593 81347
433 33171
1164 9262
711 62462
1169 30636
366 794
1154 81154
1216 95237
202 36372
934 88864
1432 48925
1271 74783
197 73149
1673 80160
1272 93516
1792 71002
1022 80916
244 56242
1785 22900
980 74607
10 7373
1279 165
1091 97126
138 51770
436 17609
1512 1481
167 87344
455 39184
712 87752
456 26161
1662 83376
503 69098
592 75684
1985 8989
1175 47911
1869 6319
194 9782
813 45417
623 1555
73 62505
426 34280
1178 50479
763 53639
1776 23780
1570 30638
1118 47154
256 94781
713 11553
1226 3396
229 34032
1682 2511
594 27120
1699 50548
1150 99636
649 78890
1502 68156
1713 17469
667 82585
1830 23691
1641 5220
59 8745
1291 23418
1648 90670
206 780
1954 32406
1569 54932
311 7099
1371 58539
12 348
1784 8653
761 37395
407 34627
342 75484
1288 91034
1574 74758
1430 6121
96 54539
989 85890
569 34026
1904 57934
1562 19922
1256 52888
824 1406
1725 86821
681 52524
926 80295
1365 71329
1693 69992
1209 62879
617 95019
1181 91563
800 87975
2000 18437
1676 82232
1482 88755
1774 67194
733 37164
1454 12205
1819 42085
283 37511
1993 37209
1709 79479
1460 88490
581 12692
789 86864
245 79599
981 18813
25 41403
1745 65489
1223 69190
153 15688
217 1762
717 22077
1215 17093
1145 88582
930 74600
1782 13739
491 59910
1897 60943
250 92969
1079 71281
1130 68858
184 97296
430 89717
1240 67441
1598 2402
1377 73262
1575 4604
1192 14606
1176 15346
1106 58467
204 51814
582 11177
760 63308
1577 64506
1313 14392
917 59258
310 99670
788 55794
566 24746
1720 68859
1733 87834
1887 26507
1227 90935
1402 4926
611 31441
1948 81887
396 35017
1179 7702
49 59181
1423 27985
1983 78982
1914 28038
957 41632
218 85050
1108 95479
1867 44033
895 74664
696 16434
1347 58638
1332 90009
133 91252
740 26804
149 17537
1961 54559
1260 7661
1555 31929
610 13817
155 7330
1282 4074
224 54914
1775 92540
91 91907
1509 97773
523 83474
481 13185
1348 29213
648 81712
548 48201
970 53266
1635 40893
1806 92537
1406 48600
849 68930
574 34169
168 50001
97 64408
1770 78201
15 24664
1542 97194
384 53191
1138 31025
394 88445
862 96346
646 48561
382 43004
997 4006
1667 80489
1075 73172
1045 27687
227 84563
1391 28085
1427 20226
1296 76469
898 42209
1896 20051
1246 6005
459 87773
1318 1763
946 54205
1060 41039
1798 42655
1547 63094
2 89638
66 27936
688 13614
1329 55990
1461 8696
335 91814
1052 80654
475 5889
1152 61356
1325 11678
975 94333
1340 57701
1800 60238
375 53688
1013 78058
1659 57079
1220 26859
351 5744
855 41641
62 71296
1986 25969
573 34461
1751 13504
1695 46020
1853 40466
689 17629
1056 64134
1969 11022
422 58667
1654 6788
1548 90467
328 64656
1314 51075
817 4080
936 20645
856 59770
1508 12246
1959 17650
437 82010
745 73601
716 29327
1057 76343
588 47654
457 5917
353 30030
1787 25711
612 62995
799 73241
212 31455
160 20987
1087 60888
887 73775
1878 55447
1779 90743
85 19794
482 12264
1297 8371
1838 279
1323 39638
355 67037
1556 23418
747 30104
1369 48044
1343 74493
840 34184
499 85041
851 50614
734 46429
290 2690
701 32624
1690 36381
841 48369
1274 8966
1417 84034
100 54285
811 55347
1494 26097
1567 17279
79 44939
619 73903
1558 38265
812 5826
356 47677
1335 10063
136 96569
6 83823
1071 38679
1109 4939
1771 84101
398 78316
1714 88328
1987 7519
1389 24771
1445 52723
1812 82011
1199 58954
1937 54115
1563 48976
983 21734
718 56805
830 81599
890 74467
219 21525
545 6916
1451 58500
1162 75809
1623 78615
1821 948
848 9439
1760 23553
33 74850
756 64055
627 29379
189 22527
1645 90469
372 42299
550 22701
1899 29147
1950 47237
1159 6801
621 23814
638 51916
111 14319
907 48585
1631 4639
1054 12681
1204 23890
1734 75105
1372 61657
1603 45624
1557 31909
1769 59607
208 20090
344 69785
1857 66523
1844 94941
114 61945
814 61489
1336 95889
1088 71383
889 85041
1247 87090
675 51789
322 14419
1092 25968
642 42258
1511 73069
912 48668
552 87756
1729 20306
1524 71821
1802 11570
1205 88573
1591 2491
604 60154
1299 9563
1876 15172
1307 84043
640 84668
1234 93180
719 46018
1435 32928
1267 69138
1861 82459
1005 2713
40 52012
13 77400
847 64657
380 13500
271 89640
425 52392
462 98541
1074 93081
1360 4180
193 29311
608 19049
1185 62789
1096 2380
838 84068
107 50545
291 39037
859 55888
1989 78466
270 43961
1302 58379
641 38619
1177 53524
1251 89902
1564 39013
94 38191
1301 99433
453 85031
1836 87470
511 68570
1424 83841
397 6534
1218 20582
1977 61240
1583 71191
1938 50433
1803 67231
677 39934
329 48973
562 60312
113 60465
207 94636
316 95712
1841 23254
1063 97015
558 79779
50 90150
1062 52403
947 35667
1394 68615
1429 96363
1773 10397
579 23585
1104 49886
844 16650
230 62597
1082 4428
1501 16082
274 63979
1064 8250
543 1003
1515 47820
339 14783
531 37936
1069 25411
461 85973
601 88369
596 92642
1280 42258
950 53693
1651 69305
746 2723
1153 48328
1856 65016
1624 42328
1094 61694
1614 61146
878 48829
1704 14096
226 13164
1525 17443
1453 26811
1281 39912
1455 57379
616 76696
1139 56561
827 36327
1495 97476
1578 88994
1706 16658
526 5725
938 89997
949 64477
445 36859
1680 44284
1799 6239
577 39184
1902 32652
1238 15232
1639 81441
637 86345
7 84536
1625 84163
1198 51024
593 65903
904 42842
1420 12718
962 43401
1927 91670
964 43165
39 56564
386 25464
1061 69975
1780 96476
583 82842
1582 63023
388 69388
1890 35521
528 76850
1832 58382
1035 52178
1658 82574
1446 48378
1655 16654
1180 35784
257 92661
297 39244
1351 74967
1067 41665
438 54476
479 56408
1014 44361
474 55363
1396 56922
231 95384
1197 37618
736 99764
1747 24453
942 81018
1397 7785
260 83970
603 53933
708 33249
1219 53944
473 66760
1805 32442
1058 16966
1777 36148
1643 67962
1183 93815
454 94529
600 20139
1029 92740
527 59258
1447 53144
698 28524
1681 68270
1399 8740
1270 3490
1368 9934
1786 63215
961 76249
1268 70646
728 18577
48 33171
1926 82382
1804 72546
1315 49286
1510 6834
1039 53563
767 57070
1408 90803
424 23848
1864 90318
1085 61099
409 90607
1949 39112
341 94416
881 26754
1576 23425
1070 88231
1824 37634
1827 59916
793 97322
1128 13243
803 29411
442 42197
1370 81513
772 38150
1748 62039
408 7798
1244 1364
1560 38287
346 78444
68 36293
1746 71457
1498 60825
963 8838
993 20742
899 84010
541 78753
477 94164
873 91165
26 2600
349 833
1378 52263
969 9558
1669 39944
1337 46678
1496 36312
1254 79721
98 51260
105 90297
1117 39636
1210 48582
299 3540
1889 69046
762 7130
76 85052
1697 7196
1513 69168
253 9201
236 24911
672 7455
269 87644
1597 77555
669 95263
38 48468
1484 2745
737 32357
405 48830
143 97849
941 26520
710 39994
1503 448
420 27352
471 92256
1344 10005
170 83648
1116 38933
754 62668
1980 63368
1126 6545
1960 52965
1885 3003
37 71478
694 72856
1146 72048
1552 78607
1711 74259
1287 95595
1308 47775
465 83459
1737 36858
56 55229
434 71103
1349 14412
1840 66843
1131 35922
258 33508
345 99199
1694 84751
1940 31356
1522 25718
537 24744
158 31803
1353 53070
1470 33351
860 58160
735 36717
1458 88636
159 37179
435 84
1585 95180
1241 6495
597 19438
792 66657
820 79350
584 7837
1604 45263
449 53608
1917 3432
653 9389
875 53419
489 56641
287 64617
1213 24521
1262 87404
1963 47812
1121 76794
370 20912
1309 47010
246 61545
1642 52267
347 72728
766 2640
1463 422
778 42149
423 35991
36 74933
443 95217
1376 24626
1523 12111
1037 95300
1221 36157
1266 18606
1367 14737
586 2813
1003 14307
507 38925
992 64427
1342 84267
954 42356
1536 73816
599 37685
464 15348
1826 54784
1504 78557
1579 2752
703 2595
806 55350
1621 23663
1674 49605
251 33246
186 92281
836 38684
1440 35886
1252 92702
1964 80832
1322 88228
1599 83986
1000 76048
1925 29205
1018 96097
1571 87699
8 65361
14 31054
1920 18787
790 84525
1908 61712
1516 57711
576 48951
1901 45978
1793 16419
352 39118
1444 83662
1363 31766
34 93902
530 78570
1910 50869
137 96496
1845 33920
1119 74531
1195 62452
1529 67165
1361 83164
1478 1135
556 19402
1233 92217
1007 98318
1426 23981
1813 76203
1097 90717
221 53185
774 88651
553 78415
1970 34897
1112 19704
1705 13553
995 19421
162 97767
990 87616
695 84724
1545 43745
561 4034
1607 23841
318 43758
1212 52151
1025 17742
924 22328
1923 3020
1473 30590
1160 56247
110 93902
896 93041
1942 39763
687 93417
183 10528
1534 59165
996 85634
1520 25197
1107 83145
307 61836
1293 15914
570 52682
241 66838
951 10680
633 87578
500 86541
1573 40585
199 23351
683 84307
625 28200
1649 8074
1001 44403
118 48585
1898 48266
1457 88161
70 17087
1006 66008
4 10488
1053 20106
1546 12949
233 83086
1493 30360
773 22341
557 39200
1530 40128
1646 32868
387 14716
391 25761
1831 58065
46 97861
496 3948
1486 90330
492 66894
175 70785
483 17361
1386 70823
325 73677
709 57945
779 94173
1433 74336
1823 86144
1019 18598
429 18738
123 51080
93 66864
1038 23250
1077 68167
248 49223
1487 50089
1490 4624
1644 62171
273 33174
782 51335
1465 84511
979 88726
1072 91463
796 33731
1410 3441
587 17223
124 8147
284 17653
1217 21171
392 98476
1957 84546
770 8307
1553 32188
99 55369
1739 81984
166 90133
385 49541
652 56319
804 92628
1489 84491
1741 91408
888 43708
135 51354
23 14658
620 28226
521 576
1790 64746
1174 32849
697 79098
1166 14272
883 84184
614 63608
324 2997
421 75646
1235 13690
1320 6437
254 9220
1459 21836
615 24090
127 46742
286 36663
630 24987
932 55049
45 68851
1409 80355
1742 53384
923 75335
1895 46248
1795 9702
211 67962
415 30738
1753 17461
502 28021
966 98443
783 32118
805 72598
1778 15370
1749 13216
350 5447
1750 94467
1772 27487
1354 5982
702 74426
919 46835
148 81627
536 4468
1122 69623
1675 7198
51 26303
119 10064
1032 53940
52 62966
1316 35051
1888 25340
80 48168
1467 31757
1456 78723
939 23502
1387 78004
1791 4776
163 7815
506 25093
1743 22236
567 52188
232 39887
1211 54354
330 24785
1759 55256
959 67569
1258 30231
1277 66074
53 11407
1716 52564
842 56852
209 74593
1912 34190
395 61319
539 44215
285 57740
1358 87621
332 54279
180 11679
1905 66938
1231 5681
1833 53370
741 15105
1661 37437
1588 32092
121 54958
103 31793
818 36867
1148 62773
602 56885
1188 59102
1477 31312
564 13124
381 29807
1829 56096
722 68379
373 13727
916 2679
1044 34453
1393 25133
1388 55242
1891 7656
879 99725
991 5784
1379 68974
1334 60292
201 63523
834 72946
460 30922
1589 91553
546 39884
639 36602
609 44922
289 71340
622 74038
1290 77013
1566 42650
288 22182
559 30231
1027 21774
1020 95419
1182 5684
1341 53085
1892 8542
77 35491
360 9180
872 76920
1668 49217
1464 28210
1449 27724
634 90702
63 83452
784 35379
542 90426
1839 5587
769 20704
139 67069
1028 69109
1996 93650
1886 97990
1350 77013
1636 49885
1842 34591
928 21934
931 37576
1852 24981
376 15298
850 80225
130 63514
606 61880
1825 1998
1835 58932
495 67563
247 55082
892 67473
674 3053
1931 80614
428 60745
647 68622
1124 8823
1981 4820
732 59323
1744 8626
1149 56551
215 66100
1561 14212
1618 77254
238 33169
1098 83320
298 87255
572 31158
764 76684
47 37139
125 82101
1526 98617
1300 74715
768 23433
223 30266
18 54939
1755 86946
826 92145
327 73289
533 45878
775 76060
1008 28370
340 29702
147 95464
1543 8983
242 90446
115 64085
776 34158
1173 11618
71 23407
1726 42783
721 68168
1928 5859
869 56995
1875 61773
1059 39027
1171 56666
1073 49028
447 86536
306 33350
1935 2518
261 68636
913 48318
1328 77232
293 92068
1031 78584
1089 48523
1660 79014
757 87080
1155 21811
331 41243
690 79491
1245 66532
42 70944
968 74955
927 91867
1201 61390
517 39039
1295 26024
1610 73007
267 78798
1 68806
1317 57526
1120 1008
525 25800
905 19298
1862 40034
181 82466
662 84677
264 42921
403 15815
116 87195
1475 11557
1147 64132
1499 80778
61 19976
720 59067
1851 45652
1665 15341
1285 62499
358 83814
1249 56583
192 41989
1090 50346
1967 27527
486 16943
1142 42212
1479 5268
1632 72334
1036 84587
1936 94626
1590 67483
1418 53392
1918 68503
1763 68490
551 79192
191 87800
749 24875
1913 61657
635 88829
304 67795
682 93823
628 76023
680 95703
1084 57954
1481 56800
1846 15679
1600 33373
1605 18804
575 47371
758 95871
57 2617
1024 3954
314 37859
1330 69314
1893 47832
965 71154
866 27877
334 69451
1647 59839
1127 12463
1476 80428
858 27321
781 65855
1346 48930
171 12162
67 45046
1078 53081
1202 53388
151 23054
1356 41909
984 21182
1956 16876
684 34283
894 33237
809 91181
1946 7435
176 65267
1404 24553
65 26238
654 12637
362 20423
357 28854
466 32942
1903 58282
1679 14520
1860 97125
1419 45787
1275 42396
607 66575
1916 5625
196 54859
109 63354
64 49297
994 20713
450 12283
154 61458
501 82110
262 81716
914 14845
808 5163
524 39976
661 52378
729 22038
692 74259
1310 85614
1611 29570
1009 81693
1403 67232
1872 54123
177 24282
1442 79869
1250 74545
1304 69487
1686 12810
1761 49178
164 84006
1156 9935
1015 94964
1105 26402
671 92861
1191 16940
1966 81260
585 56215
1114 66236
275 18324
1757 84849
1873 27693
313 433
952 66564
1972 58889
440 5595
645 6540
1858 27619
1047 43984
1443 97150
1115 29584
1818 73553
1671 95194
1549 96816
1850 27675
1081 19475
686 76684
368 18572
1230 88961
595 5845
785 84101
1436 72967
1672 32131
1990 79065
1594 15720
901 24992
650 12356
336 96979
128 97558
1187 78592
220 15302
829 82406
1026 22636
554 15734
945 65322
1592 81525
106 37680
1907 88213
282 9143
1030 81663
1951 85362
1264 38726
1619 71567
1767 80555
976 51893
1586 15594
1421 16381
943 28576
108 34165
1167 5341
494 50773
978 18265
565 94659
1113 82903
1702 13681
1095 10378
1738 24246
909 26037
1384 23708
660 21803
1383 20980
431 39009
632 20561
1817 43615
1971 71094
676 2234
801 25139
636 8773
538 90446
1186 50633
1991 6787
835 92159
1170 5711
1728 94706
1572 72713
1345 57603
974 10299
730 5445
1781 2531
1871 44463
935 10785
1617 53303
831 79079
1653 5444
985 52557
1715 9112
1050 32173
544 93155
1168 51500
1132 55881
515 31309
24 72479
1228 94889
798 51869
1521 16093
626 82335
1488 54102
1373 57584
1222 7459
1261 60899
1922 8216
1701 30598
1952 53057
1140 13926
225 25303
367 42121
446 87881
629 35601
1868 47565
131 90411
259 96415
854 74702
1863 60065
28 75493
214 80145
1331 12621
281 956
822 28669
185 22127
1292 52455
973 84549
1278 53436
1462 24933
753 95790
411 21656
643 41026
1731 78124
228 92110
1239 98609
1382 1934
1165 53008
1413 23176
1837 32531
1305 22417
1881 37102
1814 74185
1111 64537
1541 41334
1163 9785
787 12102
1551 31744
918 6199
317 86803
309 91808
165 98044
1048 83299
1538 20780
416 98999
1466 11967
29 42907
1740 51454
1727 12868
971 12694
338 92738
748 8657
1752 34349
1855 50115
1080 3132
1874 26458
17 48723
348 5065
493 95818
213 88251
1532 53948
1364 18234
1193 25352
925 28132
315 82770
235 66685
1998 54269
243 11223
1194 14780
1976 76819
1811 14377
1355 22939
54 91214
364 14027
1894 43718
685 90213
755 42346
1133 2976
1934 58018
1338 55213
678 15669
777 50755
1066 80221
156 50018
383 870
691 83352
1422 92827
1428 65944
1698 4768
301 4996
140 54194
1143 75067
1801 23229
43 95897
1999 3199
145 22351
172 78933
365 73819
1807 49925
1854 10064
480 50637
1017 64302
568 33002
374 41851
1269 94680
5 76720
146 48415
102 37025
393 79695
1011 22784
1565 8589
589 95364
3 89890
1263 88809
487 61733
1010 7111
379 88512
1939 54559
1002 73055
1506 93280
371 59555
865 43600
1448 68346
418 99135
1629 55849
797 87896
605 21485
1995 34781
744 61714
1514 71410
412 44845
870 28703
1794 52063
547 77846
1915 86905
1822 46742
1906 70917
84 51671
83 119
1584 50612
1518 74454
1707 8707
32 62327
404 64343
101 13868
1046 24059
488 71454
21 2379
1049 94969
1076 60860
240 12010
876 70875
986 20811
1762 80356
1324 86362
1437 76659
173 84603
414 24198
157 27792
1732 62669
1719 95607
1848 88988
666 7723
1953 64021
1712 66833
1381 94627
534 10763
1276 54102
591 46297
937 27233
1441 21065
74 37102
1134 35939
1638 83391
484 17796
1190 66158
1884 23801
1497 5601
369 84889
1439 35121
178 66460
1110 96898
1870 22348
1380 3623
174 93605
1994 8709
1200 80281
578 78208
19 32906
1203 8072
751 57228
982 44865
726 13411
1189 64950
815 25237
1327 80244
55 59576
1945 52351
302 50697
354 22224
1943 79583
359 71761
1172 75677
658 31874
210 55151
618 93472
519 98031
104 95303
1207 99073
1157 82919
1400 46775
326 81884
451 96169
1144 69122
1652 85506
516 89773
560 94182
478 82139
1352 84332
1613 43440
1689 6562
441 41559
644 4656
886 19973
1765 22860
563 29892
305 16568
845 82435
857 82243
1232 67264
1242 21010
1941 61825
1431 39024
141 96686
390 10050
673 10526
998 6510
864 8081
237 22180
825 5582
1243 7351
402 68954
522 3817
35 3519
44 38076
706 89323
529 9644
337 48609
200 71461
1319 93975
1136 92048
512 78022
1859 51886
765 96703
1374 14346
598 74745
940 42947
977 30913
439 73532
731 25189
1710 98176
508 10893
129 3365
1958 53551
700 23931
413 13415
794 64076
1683 30440
401 37847
958 2607
1392 52373
727 45197
1962 71561
828 56189
296 65068
1306 25988
1717 45511
134 91063
467 74596
1796 33323
1229 85037
1539 82996
1849 27697
1718 53274
540 96050
613 42042
1390 44371
1093 38996
1528 72955
1312 34254
1055 80536
1703 71130
1866 45146
960 253
1809 41033
1596 85428
89 13667
1519 5108
750 15867
378 67865
816 7715
1225 68239
161 29413
1700 95627
670 24428
580 94480
900 21614
882 86290
452 85542
321 12561
1587 19613
16 86931
1161 95556
956 63661
1517 56556
1507 7958
624 5702
1601 17278
1982 46953
142 95008
651 51531
1021 43841
198 82490
1678 13029
743 44093
1602 23522
490 98456
27 74111
874 44981
1505 30675
1789 41975
468 69047
1932 98913
1754 71387
1375 64673
1362 39692
1820 82219
1259 2638
1595 42334
1125 84112
188 15199
1366 78298
485 71042
823 27106
95 41958
853 43950
1286 35063
1083 64011
469 61227
263 98368
861 59019
1248 12758
987 42208
1533 41508
90 42138
86 86300
1398 65029
1042 40593
663 76762
1554 26361
1909 71267
268 18736
1877 95408
1485 86532
920 6474
1929 60080
1395 42575
312 88692
509 79070
1012 84908
999 72804
1407 94268
1911 63205
182 60197
893 21373
1411 5162
802 20498
510 72788
1735 69173
1627 81725
679 71155
1756 44543
1385 10834
1944 13362
504 86050
1608 69323
222 16013
1622 67430
1721 9915
715 9126
1099 93790
833 97534
555 27861
1357 5549
1808 417
303 34334
150 65629
152 42991
1626 39378
1255 44698
1414 27899
1086 28533
514 55317
821 7455
448 88729
343 93041
11 12617
410 9227
92 65828
867 98141
333 7303
1612 36982
922 42683
1670 34488
1609 66695
292 45084
921 3810
1415 99059
1691 12513
520 30076
1768 8184
929 22654
1405 27609
1657 52396
427 28203
1224 44377
915 3082
657 10183
1783 3720
1158 42459
819 71232
22 31618
871 70991
655 26548
126 55424
1992 76071
868 35940
664 68040
1450 1649
1537 1768
300 82532
786 8951
190 55101
742 41566
463 59790
1816 21796
320 86649
948 63599
1425 37206
1978 15513
571 93675
1004 45390
389 54519
1688 37635
1930 14137
1947 99073
699 98364
69 17218
406 9255
179 2083
1634 59676
1452 96838
265 50052
1616 47018
1965 39737
1023 5475
1758 23089
1103 75676
122 89867
72 24737
1474 93795
832 88750
377 50040
444 48896
30 30316
87 9829
361 87043
759 33316
780 89780
82 24248
272 65181
906 99806
891 85989
319 19699
852 53792
549 126
972 35123
1492 68507
144 17343
1843 60729
308 70589
1041 93371
1491 57566
1606 20640
911 40388
249 13654
967 42467
280 63476
810 5681
1284 32333
497 4565
1650 99476
1416 37434
1633 54604
1237 48371
1298 67749
1580 80784
1919 35413
1900 17417
1123 86915
1311 59660
1326 82597
20 3072
1469 62001
795 18647
498 56864
1265 62126
234 53769
1102 25370
1973 95820
738 14497
1043 12311
752 89190
880 88414
518 49302
1544 29578
1984 2067
1253 91768
195 9405
1196 24099
1724 40452
902 13969
807 23574
1034 77886
1677 84924
1880 71944
1684 61986
535 82060
1568 23708
417 79402
863 68974
1527 99720
458 78350
88 72046
1933 61720
58 96996
897 45261
216 23845
1921 67116
1559 86982
1214 19664
112 81612
656 15644
294 8854
1333 86377
472 64946
1535 54783
1065 4795
1412 73065
1834 64187
1882 28894
363 29869
1206 78156
846 52467
1766 7754
631 79431
276 40763
1687 86091
1637 61490
31 64470
1979 81845
1974 30464
78 64189
1666 60194
1988 18861
1190 260
104 473
1806 305
269 120
1325 1450
747 997
144 107
645 1811
1679 1037
1855 800
583 1784
227 617
1439 72
887 71
264 1979
239 99
571 1805
462 694
813 729
530 1082
78 489
595 1276
1438 221
1609 1240
391 1469
1604 1464
432 973
1397 1830
1900 222
201 283
382 516
320 791
1484 1304
384 781
1862 649
1137 913
540 292
512 84
1323 1978
1798 473
1936 65
1390 1401
1231 367
941 786
1420 1482
349 1141
283 153
1457 669
1801 1766
766 1840
1105 15
306 1903
1986 1644
1621 1169
1641 1660
76 1770
1171 1928
647 1465
602 753
234 1587
1079 374
526 583
1603 1361
1478 334
526 1755
1769 244
498 1630
1273 426
1595 835
494 1246
1015 1587
1867 921
738 537
1289 513
99 1339
64 1875
809 1529
889 590
923 763
517 366
961 1448
1429 286
711 1458
292 702
299 657
596 1137
58 1665
202 462
1326 795
485 1842
1716 1424
952 549
1138 524
1638 192
557 412
212 155
792 1870
1327 1640
341 1502
511 1971
1107 991
1008 1458
271 1164
310 1209
1050 1596
1371 795
1695 1118
1993 674
865 1184
1595 1631
1785 1773
1642 1806
1446 576
429 969
1291 138
1481 1291
1100 397
1913 488
1696 1370
965 574
1720 1097
214 687
1360 1414
597 559
189 224
1997 192
349 325
1252 1990
958 1794
284 1680
1323 600
997 1764
251 422
144 1261
1834 298
1394 1108
1795 1554
967 1960
870 1506
1730 1916
459 1410
1734 78
67 807
953 985
1016 1377
1976 1236
999 338
1112 972
584 1601
1898 1255
714 418
1971 1643
1954 860
366 1289
1204 1175
584 447
524 1662
469 317
1653 590
318 1773
1008 669
1358 294
1617 358
310 469
75 201
618 207
201 789
1648 940
228 507
1681 365
811 1784
1797 265
933 1334
276 617
389 586
1606 593
1238 1748
105 963
1784 855
1055 414
972 1858
646 24
1315 1525
383 646
1010 1894
1677 63
679 173
1858 1826
442 1612
549 133
1078 831
578 154
1116 315
1169 1035
1448 899
1109 575
950 772
648 1754
751 264
510 1030
1444 113
285 538
363 123
86 142
275 805
1635 986
1139 1704
18 564
1598 606
1857 1539
465 1398
521 965
1070 1415
30 1168
549 1821
1933 539
1077 1992
466 569
710 1791
595 551
1888 1336
1039 581
1145 1378
1984 1409
947 1094
843 192
1508 1411
1177 1363
882 929
749 1559
97 1430
1422 1033
1601 1525
1316 1887
790 663
1998 262
843 677
55 1389
797 339
1784 390
933 95
1857 627
341 792
1720 1034
944 1223
652 821
1853 1040
917 73
312 1806
820 584
1197 1101
129 1169
557 391
1081 535
1276 1705
151 865
1843 208
999 8
1393 183
1405 719
1539 336
1727 57
481 1743
1900 995
1578 792
244 1071
240 775
1165 373
907 1148
1205 246
1462 535
742 1355
1362 1304
1486 93
1163 1106
1441 891
1299 1053
1147 1168
162 1779
923 1399
469 92
1218 1166
1538 1060
208 382
979 797
1331 1412
766 792
95 424
868 480
1585 1933
1175 30
1082 1026
545 473
603 581
1979 1058
1149 1525
1043 447
1507 366
1100 932
80 66
1829 430
1222 1410
186 946
1425 1668
1600 1053
1083 1362
387 774
1598 516
1096 1283
692 553
429 1074
1873 1841
558 1471
403 1731
148 9
791 482
244 1976
921 364
31 781
1833 698
59 1983
1108 1267
135 797
431 706
1258 1582
1008 1122
962 1686
1509 880
962 1872
232 1911
744 1461
1436 1022
1385 1339
119 708
1757 1416
1750 304
1922 1815
611 857
1562 56
1638 1393
515 1171
1209 645
1876 1828
1699 717
979 1189
649 1931
952 1722
1413 436
1495 689
456 1531
186 1252
1066 205
1061 108
163 29
1421 975
145 152
1148 287
115 1353
421 1375
563 1813
95 1399
1473 1563
350 1399
87 885
767 1845
1096 542
746 953
1060 513
893 158
1132 1574
1726 666
952 1277
981 873
248 1066
1231 1402
1152 1162
1077 1325
1075 624
1860 1426
1270 1161
54 979
1931 717
1582 1151
1309 1342
915 474
1139 440
68 640
1865 91
1508 1401
1154 464
1625 738
63 305
1281 1053
479 1137
650 1492
470 100
1169 703
206 752
93 750
1575 1514
305 1008
1999 714
1156 725
125 215
678 663
1401 1630
1934 655
1707 1815
1303 1214
1058 537
637 304
1359 1527
279 157
906 1564
1429 371
1730 480
1545 85
809 81
647 700
1715 1285
914 1325
331 1467
1633 1200
765 37
926 935
1591 1822
1349 1562
70 949
512 1979
701 975
1806 292
376 783
1215 1351
402 1537
1173 1861
1185 468
1934 87
1638 1867
256 1566
853 402
576 1181
1094 443
1391 1924
254 1163
489 254
545 954
88 294
1996 1272
808 1302
1163 750
1217 1981
419 699
566 1503
1068 56
809 821
353 272
714 1384
1659 1446
608 456
1061 1912
1218 1096
1741 1605
877 1305
607 1737
486 36
16 121
819 54
1556 786
841 1736
908 976
1247 1650
1033 1260
705 313
1120 692
955 1664
1111 181
137 172
1477 852
588 1365
1401 435
555 1425
1478 1768
554 1725
1461 1386
361 1746
1395 720
1980 1959
271 780
1823 1036
700 1391
1923 777
1301 1810
661 59
1424 1129
1563 1600
1376 1176
943 469
545 1206
591 1496
1594 357
1077 951
909 988
119 1056
91 1532
1274 293
1070 1142
952 1196
1254 370
1850 1964
1564 677
1852 1412
232 939
496 1147
994 1128
1485 1086
388 587
1927 561
1968 1297
1180 45
338 410
1552 453
1648 1759
480 855
818 901
1930 329
92 733
24 1781
1279 675
1802 519
1957 273
859 1638
550 344
1992 785
1182 517
1279 1171
1623 1871
1629 1182
388 1622
523 460
1140 1557
290 804
936 1231
1905 665
1535 215
487 58
1696 1491
1835 1697
482 245
1114 1826
1349 15
237 744
1925 1323
945 1865
676 664
220 1819
622 1815
1397 509
1525 1557
1771 1301
1710 1060
550 609
306 1757
2 736
914 1139
1153 1467
562 262
1584 1389
1605 486
1149 880
698 632
446 1720
229 1671
1228 1842
1494 1753
1164 1350
1959 1555
1312 66
801 264
1402 1665
1131 1714
327 906
646 44
529 1911
1142 602
1233 29
1748 1840
1510 30
1871 328
433 1089
439 1716
1270 1948
13 397
1012 933
597 814
879 765
1670 79
122 1206
1116 667
1268 1002
1382 609
448 852
881 1482
1809 310
1398 1103
818 593
541 188
584 439
1372 553
1718 1947
711 1968
399 597
1802 732
1750 520
1522 1269
1877 1017
220 903
384 677
1338 1100
554 545
1489 1087
1275 1371
162 29
934 210
157 1533
1852 651
1599 1219
1951 250
1122 1752
1020 1700
1069 643
1897 1249
277 1288
740 633
1177 1614
700 1293
1016 665
1046 1974
536 1177
1061 331
1333 692
1910 1264
1514 932
683 212
1912 635
1629 55
1655 1332
971 1525
509 1931
1896 1710
1355 37
702 947
1273 370
1898 99
429 1808
499 958
221 1761
1044 760
972 86
1072 79
485 1235
566 1052
929 139
421 1888
1598 1437
1474 316
1262 952
1673 527
625 534
341 1570
879 1405
1517 1191
1951 1099
1537 913
991 1274
508 960
12 1475
1965 1425
1312 940
376 385
1052 1261
212 1849
727 665
1551 236
1805 1703
1107 243
1434 683
134 976
1888 1736
1361 22
981 1230
704 1868
1644 992
1931 1020
1404 955
216 659
859 807
1471 779
1015 1586
1288 1021
1264 1171
206 395
1722 1049
1136 691
712 1609
1190 496
715 1692
1036 1893
912 358
1312 966
1624 667
1473 1879
658 483
420 1295
668 24
1546 1707
453 283
1331 1751
441 174
134 818
1665 1504
1196 1323
1567 379
736 231
1548 830
1496 399
278 1524
358 1320
967 1287
1310 777
483 1634
1916 855
958 936
1461 1598
415 1398
1254 1595
917 79
809 449
1031 484
1665 1544
1942 930
805 1161
832 571
1857 1162
290 1798
1783 1166
373 1125
412 1698
1647 1330
1079 1872
1818 413
843 332
1132 735
1570 1651
1546 514
1796 1234
746 1840
410 600
114 1930
79 267
1784 403
1879 1862
1911 508
189 290
514 1558
1970 1268
1951 331
1417 1165
815 1435
300 1338
924 361
200 95
695 1669
1950 961
1579 1160
1914 381
242 1363
222 1793
434 504
413 411
30 947
1630 735
1899 332
1766 1046
384 713
1425 418
512 1307
1327 1624
937 1558
717 1629
9 515
1877 983
775 602
1105 451
1213 1560
507 1870
604 1242
1573 488
1533 854
1566 1691
108 268
1574 1343
1318 971
881 1253
881 254
769 1949
931 889
1490 997
1447 57
1617 946
815 659
252 475
962 1770
623 177
1867 846
1114 541
1883 326
1648 687
1939 1200
1454 528
477 1171
59 222
1218 1759
1816 1548
494 1017
1675 1784
610 1660
1430 1927
103 1571
416 52
592 321
998 1529
568 474
26 645
1525 858
29 1479
52 353
463 439
339 1269
285 278
413 1184
843 312
238 1022
944 624
676 692
1012 1360
1240 1619
445 361
1357 159
1369 470
300 881
1585 1749
187 351
1619 48
677 525
60 256
567 1090
111 903
1526 1156
1847 1407
766 553
172 1210
1922 357
868 968
1789 1278
159 588
336 88
438 1743
1790 874
1751 408
1015 467
1908 1810
1064 1581
1088 370
1776 590
1494 1286
495 893
1602 17
984 768
46 469
1056 772
1211 556
298 1743
616 1648
408 440
1258 366
528 1422
1355 1517
1886 1591
180 442
1728 1662
906 26
42 574
1342 507
1327 1378
149 1387
1942 734
476 1712
1359 591
1382 1092
1809 118
1540 991
507 336
1927 894
1687 393
406 458
483 1414
1988 1311
170 525
1902 1681
1067 1496
230 402
113 1360
302 1057
500 1824
1941 1684
674 309
644 1832
1077 1181
1925 922
1380 764
177 330
1992 214
738 516
548 513
9 991
1745 1966
1325 590
1646 209
32 1979
1662 146
806 325
508 687
219 1801
723 1937
700 143
824 454
667 1228
96 816
1328 1757
1099 643
609 1688
629 843
1052 285
263 627
1124 1435
111 1924
963 1929
81 971
907 1181
1324 803
1608 1606
1185 147
1314 275
383 1280
1923 994
1033 1481
324 883
1167 1662
288 1727
1513 1430
1705 1763
1691 1976
946 667
200 123
926 1852
1809 1523
21 885
1159 1345
625 1687
680 1541
1022 899
133 1712
1725 1697
1775 1299
1080 364
126 1287
1262 785
1803 168
291 559
762 2
1876 1568
452 922
267 249
1935 1963
1855 1243
493 966
1029 1228
924 625
275 754
1117 1050
337 1355
491 1595
1762 1950
861 293
647 404
1971 1622
896 522
770 775
1089 1162
756 1056
21 943
171 1248
224 1050
155 1446
496 498
204 1623
1217 1184
1133 694
1339 1331
1734 1993
1967 1985
858 57
1183 862
375 1980
1387 271
1213 1130
729 1408
809 1735
1181 952
1449 963
585 1676
859 5
698 154
1484 343
688 388
724 1569
1977 1006
219 1934
1913 1159
1781 593
74 1299
1058 994
1080 802
1753 1866
1180 260
287 1553
1557 117
270 1497
192 607
994 1753
1673 1231
236 1718
1651 1650
808 454
1398 1915
1565 941
1934 1471
272 623
840 1365
1977 24
1928 20
136 263
112 1485
91 405
509 655
1885 1084
1153 533
182 472
1277 803
717 1342
282 674
496 634
1256 567
1931 767
1142 95
466 1907
522 1421
905 601
1357 985
1639 1347
783 217
750 1523
1994 1935
1090 1283
624 1622
295 158
791 905
1823 790
1908 46
493 106
12 1401
821 958
1911 885
1869 78
1424 1619
188 1507
1381 206
141 937
219 1726
1347 1230
1739 1195
451 1993
1134 530
575 274
379 1393
793 1419
377 742
1627 1966
43 639
609 1847
1354 1818
24 796
1732 1086
1164 516
97 303
1497 510
855 1835
364 299
572 1988
1381 1291
709 1302
44 525
490 1437
427 22
1868 884
702 1036
1831 1573
1011 1077
1592 1915
569 174
683 40
226 417
715 1889
1877 942
232 1287
940 1609
133 1292
1081 1335
1356 975
1858 1507
542 1576
1500 911
1987 725
639 510
683 1930
1969 1559
1975 1718
1606 195
1136 689
327 1482
1442 1719
1010 1267
601 1575
549 442
1949 309
1884 758
1669 842
1918 1383
245 1655
1585 556
114 927
996 1905
451 440
1129 602
435 1938
1656 1455
1073 1877
1803 1018
1459 26
334 351
1108 1759
953 569
303 1128
783 870
1778 547
1826 719
623 243
683 821
1774 1426
1363 1811
1617 209
437 1371
740 690
715 239
941 198
309 1400
1968 400
1528 1261
130 622
1169 662
1380 259
502 1346
518 354
1779 1184
1346 292
852 1494
864 962
1651 1288
1878 1603
152 365
1764 1170
1569 460
72 83
705 1448
109 554
812 225
1922 1840
194 1313
848 439
730 324
1817 193
1155 1933
1572 1032
634 805
1522 1449
618 1138
1949 1637
72 539
1986 21
926 1128
1352 447
286 1737
1402 1273
63 831
1155 601
794 793
725 1323
355 1948
1104 297
97 1340
477 977
966 1067
1957 426
798 1389
516 294
740 1723
1811 1867
1491 1026
208 1564
165 1553
697 1362
1037 958
1257 1774
422 1743
1434 712
41 870
1936 1911
688 1006
394 244
538 1485
1559 909
1127 1277
654 1721
1285 969
873 862
575 1449
758 1922
1695 1611
1705 366
1077 468
1337 1139
1401 1117
474 1625
1868 88
1924 1219
479 405
34 1834
1554 1957
925 1039
1900 1190
990 150
71 475
437 1747
464 1765
584 142
1632 1541
1009 1920
1544 1032
1471 1835
1053 1764
520 1394
1579 1884
1840 553
1592 1132
322 1117
1266 1843
669 1311
1410 1336
1452 1106
1599 1873
1765 35
306 1230
261 1126
1312 1850
1965 1731
1476 716
599 484
1389 1054
537 439
1907 1332
1174 1210
873 1172
859 1843
1300 634
858 662
1048 898
127 623
100 1353
1554 739
821 1411
126 1518
2 296
1701 1077
1867 1742
1073 589
1799 1773
944 246
440 671
1656 154
815 1739
988 513
1135 1862
1214 1466
204 1586
996 768
637 1376
23 1474
550 638
379 1723
664 416
188 1803
401 462
1484 1483
1636 840
931 1139
1651 802
1015 1918
1384 1138
723 580
1347 1939
1315 71
1544 1984
973 1689
1764 445
860 1704
1506 427
888 1399
881 1906
1098 723
1861 868
21 380
649 1511
1000 1035
1614 384
323 1723
145 1313
1648 1989
29 1688
132 972
675 1792
218 1343
741 533
790 1105
1827 1973
1192 239
618 39
1902 1564
598 1267
1650 901
975 563
1875 324
664 1119
1158 1874
846 693
484 1289
983 1872
756 702
158 75
47 1546
136 337
375 1590
1153 754
372 276
1529 102
665 373
697 503
1974 891
765 1712
404 1131
772 1962
1833 1240
293 1754
1829 589
486 802
1138 227
1817 621
1726 1865
492 1321
1423 97
470 20
875 87
977 1518
1229 1200
330 93
54 1985
1576 1453
1559 239
1179 1868
1021 1739
1965 16
636 159
375 133
1454 714
810 866
1238 1228
1314 1631
1148 464
15 642
1087 729
1065 344
149 1492
1730 640
859 1707
1445 1260
1275 1879
389 1761
1894 263
976 763
1981 1699
1278 1785
1768 1570
385 591
1584 915
1995 399
1094 1022
514 1059
1698 1242
1300 595
1855 908
787 1096
857 1129
1391 1527
642 1102
1152 718
855 974
543 429
1371 622
1888 1279
1677 954
328 1883
941 1122
716 841
1435 991
1898 367
1463 1289
770 1036
563 319
1420 512
1230 1204
177 923
1351 84
705 1071
349 721
26 592
474 377
1850 353
1193 1767
1109 565
932 980
268 1006
394 746
1064 1389
1901 956
511 835
1757 1130
1213 687
109 1459
179 1917
860 457
1185 204
909 1686
1804 1034
1951 453
1432 912
269 1234
1979 1700
1088 662
1617 1042
228 1340
469 127
1165 336
1794 1681
1949 1273
81 1972
527 1161
846 1265
651 1787
240 649
1560 601
1834 1671
1722 1828
490 1812
853 1162
501 458
585 1432
1767 970
1002 101
1374 1560
1883 951
111 1454
1071 761
548 1308
1956 1721
321 787
457 1867
1694 154
1965 179
1340 535
993 1169
952 1840
1161 1929
29 718
629 163
1465 1754
1208 511
1271 1927
1234 630
350 170
956 1541
1407 670
1175 1765
295 1452
339 1491
1011 1986
177 1331
1611 1962
1031 1338
1852 1991
1745 1659
521 1316
1594 1304
1933 143
313 1179
719 282
1303 1620
1384 477
280 477
319 1678
1663 618
300 1329
1290 192
1529 262
253 320
330 1380
1047 1997
1652 850
992 992
170 1584
217 1304
924 1240
68 1519
347 659
689 347
1317 665
1993 703
894 1968
230 1634
305 422
153 482
830 634
1835 1551
542 481
416 826
482 1063
654 984
502 1757
415 721
1420 1200
216 1455
158 1088
1055 208
193 1051
1825 1284
1765 849
1834 329
1880 946
1426 1668
493 773
1836 193
1176 1326
1082 489
1562 29
1228 1849
1303 1333
420 1443
2 1460
863 1474
758 546
1394 1039
1367 874
1820 1227
894 1598
371 1597
1790 1739
1416 558
1398 1317
1346 498
698 959
643 925
720 2000
1812 1062
536 721
1267 1026
64 1293
518 1012
239 1430
1028 337
286 1484
1574 1750
307 75
1743 1342
1839 1704
1015 1088
13 888
1239 1657
719 732
1804 1050
427 1606
1250 1422
786 490
1920 1767
456 1376
859 1299
1048 741
1167 785
126 1354
1409 909
349 316
1555 775
432 361
1444 793
195 1502
1107 1599
1373 621
1111 356
474 158
1533 1382
680 929
1669 743
1527 79
1784 835
96 4
671 1192
1967 444
1156 225
1018 750
251 951
549 1212
184 1709
416 273
430 1294
1027 889
170 1962
705 58
136 1838
1025 583
939 1919
1463 1120
1915 1609
186 1781
530 1070
20 1555
1118 1132
1192 920
1193 1301
947 1607
847 1622
1936 1973
31 1016
1206 640
1574 518
789 582
53 512
473 251
383 1967
1036 658
564 1264
747 1407
678 1681
981 1938
1896 1870
1844 1927
252 742
110 1779
770 634
1151 1315
1896 695
1559 1939
541 1948
266 31
1040 1275
538 1653
1059 1603
1283 1284
1221 1736
1958 615
894 1468
210 1801
1931 1145
1778 671
1985 1052
1746 1280
1571 232
531 1304
1686 111
1738 1148
800 1077
679 275
1911 1858
1945 313
1280 1131
951 254
406 173
1669 1160
1830 336
1739 1798
1077 166
749 1485
1140 647
1110 1631
778 1178
254 847
1473 1577
1786 933
1597 1383
866 82
336 1228
1400 1816
975 741
1429 1420
1217 1156
1673 1167
1003 294
1292 773
403 143
1320 401
1599 1180
1108 1573
857 1072
454 893
1326 806
33 1319
1134 1661
754 1785
1204 460
1967 182
1700 773
1066 1639
763 703
1197 357
1110 1165
696 868
792 708
1779 1803
1047 1
806 233
1903 373
33 1190
1326 1037
1848 1138
1319 530
1654 1815
1805 1019
73 719
1427 568
1732 1269
136 888
1596 780
582 1279
1279 1726
310 1629
1 84
1626 213
1601 385
1523 951
1832 1448
1262 1193
563 1485
203 1067
1634 635
255 1982
869 1717
496 742
21 816
542 1430
1058 1299
1735 1203
1415 1410
146 1360
310 1367
815 20
1213 142
1626 428
1494 1775
762 181
514 1479
1548 1368
110 1734
902 43
1824 482
132 1795
997 881
642 1866
1577 764
130 788
807 239
380 1296
1724 371
498 357
889 1569
1400 1259
626 1754
1488 947
1341 1087
1568 389
183 1165
397 1700
1917 1531
294 1039
178 1494
1732 776
71 1336
1707 463
1171 146
67 204
1814 412
165 1466
764 791
1878 4
744 104
1620 1797
1848 1278
809 17
1407 117
1610 1454
229 1936
1271 1693
155 652
1149 1329
1884 1677
88 1215
680 1697
488 253
256 1443
1899 717
865 1000
277 1518
1886 1065
1181 1437
891 1644
1579 1142
834 1471
122 1202
530 1340
1016 1623
837 414
462 1104
1708 1517
1311 1301
17 1963
1314 1209
1079 1234
650 1943
1379 964
608 1830
971 621
92 538
1739 156
1495 565
187 269
1034 510
1965 1024
892 1495
796 1672
1987 202
1763 1164
397 1300
1594 841
156 1046
1227 1325
1945 1115
1653 549
704 388
1305 1391
1659 198
708 1843
1218 1044
539 1024
696 109
663 1334
497 682
333 425
1617 1246
643 1927
1603 124
1239 1870
418 1899
287 891
633 1474
1671 1943
1785 644
1687 730
1754 1003
1463 225
1558 449
1482 125
901 407
4 1814
92 869
993 646
867 46
1945 231
1473 1637
1110 583
525 457
1100 1132
1862 661
1663 787
1363 1615
415 1126
1602 1273
1679 1896
61 503
1723 34
1031 505
550 715
1297 1898
1886 494
1076 1121
1578 1347
478 1952
613 677
1815 339
305 627
104 1178
450 1071
1318 1706
560 480
865 1379
1883 282
1349 1895
1792 784
1278 645
1766 29
1375 705
657 1343
371 205
895 1621
247 186
1363 1200
622 351
408 164
995 1940
1670 967
1600 1859
1753 1904
687 948
1593 1897
277 1964
1021 1710
1404 1652
208 1677
1297 1774
1959 1102
653 1895
245 1673
188 1275
1566 652
1970 1182
1392 1235
1138 1570
869 1145
1393 176
140 813
522 1669
1672 1160
1188 277
51 1879
981 836
730 361
386 1633
1259 1327
330 573
107 824
410 300
221 1850
994 1899
75 1089
1902 738
759 566
77 775
1052 430
661 1264
451 1454
1814 1641
1625 1180
858 551
1124 1236
411 1188
1839 1582
