5
8 1535
3253 3944 879 515 483 663 2258 2085
323 323 323 323 323 323 323 323
40 55 71 51 16 19 72 46
2 1
3 2
4 3
5 3
6 3
7 1
8 2
400 3861
3485 1200 3541 362 2578 705 3500 250 3955 626 2303 1772 3061 1370 749 136 3082 2780 3030 1314 2945 667 3899 1163 285 253 186 3348 3956 2814 2345 293 524 2072 2225 3679 3953 625 1677 878 2618 645 1411 1714 1757 853 866 1903 3056 1808 2365 2195 546 2783 2311 1575 2202 1494 3313 1081 111 2074 2144 904 1831 749 1746 2545 436 1377 2931 1945 3531 2587 2010 2747 2151 230 3850 1427 3199 3356 550 1484 4 2640 1909 3174 94 3327 151 459 3334 2999 3079 244 1223 3623 753 823 210 1256 2774 307 3199 3788 1278 2398 1483 2566 2877 3053 2510 281 1866 2949 1725 644 1180 225 1728 2702 966 996 1012 78 756 1378 2116 477 999 3113 3139 2944 206 2708 2958 3279 1798 2931 2976 235 3219 2708 3286 1599 2303 790 3333 2677 3635 3183 1240 3196 1429 3708 3439 3575 3041 1096 3989 2793 1642 1056 608 127 3251 1013 207 2718 2794 114 3839 3693 101 1441 2191 1254 959 248 2901 1465 2580 1321 1600 2080 316 2345 432 1833 2821 2240 3922 3745 2484 3955 2913 3037 1725 206 2714 1455 1665 2452 191 1638 3305 651 1488 2885 2337 3298 484 584 3574 3334 1070 2324 2578 165 1486 2974 2008 770 3829 670 732 1690 1565 1524 933 2389 2313 2074 2917 3184 3673 3148 3640 3626 1969 1525 348 3885 587 1084 1201 734 1818 2286 2577 1160 1313 1964 306 2533 1684 599 3001 1805 2829 443 1505 2020 433 1017 461 287 69 3545 939 2774 1099 3439 1546 2991 162 2859 3837 2153 541 2791 80 2056 3843 1548 1675 1729 2599 1958 549 3653 3881 425 2795 2674 2573 1187 3153 2007 2682 995 3288 2856 1334 2281 1890 3266 2144 3119 114 2880 303 1591 1192 319 1450 1782 3099 2446 2983 2401 503 1786 3112 2487 1945 1815 594 3183 2954 562 3729 2211 569 983 265 635 1980 702 1150 2846 3688 1786 231 3830 495 3684 3726 3266 1818 1125 75 2977 1703 1026 1666 2653 1893 492 1659 3766 462 136 2177 1680 2916 2459 1853 3551 3056 3417 3315 1873 1239 3632 1054 1883 2142 3088 2248 3912 1632 3325 2253 2430 1325 1399 368 1491 1830 872 62 3856 3222 719 1442 740 2259 1101
1088 1088 1088 1088 1088 1088 1088 1088 1088 1088 1088 1088 1088 1088 1088 1088 1088 1088 1088 1088 1088 1088 1088 1088 1088 1088 1088 1088 1088 1088 1088 1088 1088 1088 1088 1088 1088 1088 1088 1088 1088 1088 1088 1088 1088 1088 1088 1088 1088 1088 1088 1088 1088 1088 1088 1088 1088 1088 1088 1088 1088 1088 1088 1088 1088 1088 1088 1088 1088 1088 1088 1088 1088 1088 1088 1088 1088 1088 1088 1088 1088 1088 1088 1088 1088 1088 1088 1088 1088 1088 1088 1088 1088 1088 1088 1088 1088 1088 1088 1088 1088 1088 1088 1088 1088 1088 1088 1088 1088 1088 1088 1088 1088 1088 1088 1088 1088 1088 1088 1088 1088 1088 1088 1088 1088 1088 1088 1088 1088 1088 1088 1088 1088 1088 1088 1088 1088 1088 1088 1088 1088 1088 1088 1088 1088 1088 1088 1088 1088 1088 1088 1088 1088 1088 1088 1088 1088 1088 1088 1088 1088 1088 1088 1088 1088 1088 1088 1088 1088 1088 1088 1088 1088 1088 1088 1088 1088 1088 1088 1088 1088 1088 1088 1088 1088 1088 1088 1088 1088 1088 1088 1088 1088 1088 1088 1088 1088 1088 1088 1088 1088 1088 1088 1088 1088 1088 1088 1088 1088 1088 1088 1088 1088 1088 1088 1088 1088 1088 1088 1088 1088 1088 1088 1088 1088 1088 1088 1088 1088 1088 1088 1088 1088 1088 1088 1088 1088 1088 1088 1088 1088 1088 1088 1088 1088 1088 1088 1088 1088 1088 1088 1088 1088 1088 1088 1088 1088 1088 1088 1088 1088 1088 1088 1088 1088 1088 1088 1088 1088 1088 1088 1088 1088 1088 1088 1088 1088 1088 1088 1088 1088 1088 1088 1088 1088 1088 1088 1088 1088 1088 1088 1088 1088 1088 1088 1088 1088 1088 1088 1088 1088 1088 1088 1088 1088 1088 1088 1088 1088 1088 1088 1088 1088 1088 1088 1088 1088 1088 1088 1088 1088 1088 1088 1088 1088 1088 1088 1088 1088 1088 1088 1088 1088 1088 1088 1088 1088 1088 1088 1088 1088 1088 1088 1088 1088 1088 1088 1088 1088 1088 1088 1088 1088 1088 1088 1088 1088 1088 1088 1088 1088 1088 1088 1088 1088 1088 1088 1088 1088 1088 1088 1088 1088 1088 1088 1088 1088 1088 1088 1088 1088 1088 1088 1088 1088 1088 1088 1088 1088 1088 1088 1088 1088 1088 1088 1088 1088 1088 1088 1088
33 90 54 32 95 68 54 15 53 77 1 92 30 3 25 90 19 13 23 1 35 65 6 46 93 88 56 51 96 51 63 19 2 73 43 48 20 86 82 54 77 31 72 91 82 45 65 54 98 63 72 69 17 6 66 79 50 12 42 25 28 89 6 23 92 60 74 70 38 98 80 100 85 30 44 55 84 93 85 18 37 76 56 4 36 14 23 87 65 1 89 36 78 91 29 16 64 82 40 99 51 16 83 55 51 7 88 52 28 40 36 5 10 93 66 82 78 85 26 56 16 51 52 48 6 58 43 96 36 92 64 27 4 52 80 64 84 81 73 9 14 24 27 52 48 77 58 10 76 81 34 59 2 7 17 53 16 25 12 72 17 92 3 38 14 91 10 19 77 24 2 83 82 16 41 43 39 8 90 89 3 40 28 7 11 100 1 39 20 100 13 32 76 76 81 47 39 20 58 23 80 28 44 90 49 24 83 70 27 55 83 47 34 33 36 94 59 50 90 53 35 60 6 8 35 23 53 100 13 27 91 58 71 6 99 78 65 61 37 37 84 73 28 76 56 1 65 22 50 61 100 40 51 83 2 43 76 94 3 99 7 73 94 14 16 89 66 55 96 74 70 27 66 34 7 60 31 55 40 72 44 94 14 37 70 88 90 59 70 76 89 9 100 53 66 96 5 30 77 52 76 79 30 33 61 35 8 78 90 43 4 4 30 92 45 41 62 56 45 90 80 5 92 94 82 67 24 52 53 100 97 71 83 33 50 64 74 54 48 39 40 81 78 22 14 20 9 51 77 81 24 45 60 6 31 6 12 16 64 10 64 55 22 66 67 91 78 65 71 94 79 79 99 58 1 10 65 28 49 86 33 18 31 16 21 53 88 64 94 75 65 5 33 7 79 26 86 13 41 3
2 1
3 2
4 3
5 4
6 5
7 6
8 7
9 8
10 9
11 10
12 11
13 12
14 13
15 14
16 15
17 16
18 17
19 18
20 19
21 20
22 21
23 22
24 23
25 24
26 25
27 26
28 27
29 28
30 29
31 30
32 31
33 32
34 33
35 34
36 35
37 36
38 37
39 38
40 39
41 40
42 41
43 42
44 43
45 44
46 45
47 46
48 47
49 48
50 49
51 50
52 51
53 52
54 53
55 54
56 55
57 56
58 57
59 58
60 59
61 60
62 61
63 62
64 63
65 64
66 65
67 66
68 67
69 68
70 69
71 70
72 71
73 72
74 73
75 74
76 75
77 76
78 77
79 78
80 79
81 80
82 81
83 82
84 83
85 84
86 85
87 86
88 87
89 88
90 89
91 90
92 91
93 92
94 93
95 94
96 95
97 96
98 97
99 98
100 99
101 100
102 101
103 102
104 103
105 104
106 105
107 106
108 107
109 108
110 109
111 110
112 111
113 112
114 113
115 114
116 115
117 116
118 117
119 118
120 119
121 120
122 121
123 122
124 123
125 124
126 125
127 126
128 127
129 128
130 129
131 130
132 131
133 132
134 133
135 134
136 135
137 136
138 137
139 138
140 139
141 140
142 141
143 142
144 143
145 144
146 145
147 146
148 147
149 148
150 149
151 150
152 151
153 152
154 153
155 154
156 155
157 156
158 157
159 158
160 159
161 160
162 161
163 162
164 163
165 164
166 165
167 166
168 167
169 168
170 169
171 170
172 171
173 172
174 173
175 174
176 175
177 176
178 177
179 178
180 179
181 180
182 181
183 182
184 183
185 184
186 185
187 186
188 187
189 188
190 189
191 190
192 191
193 192
194 193
195 194
196 195
197 196
198 197
199 198
200 199
201 18
202 161
203 125
204 84
205 138
206 17
207 89
208 109
209 20
210 71
211 164
212 4
213 173
214 63
215 44
216 35
217 141
218 37
219 198
220 29
221 14
222 142
223 151
224 169
225 76
226 164
227 171
228 172
229 65
230 151
231 24
232 65
233 169
234 50
235 197
236 117
237 236
238 68
239 228
240 76
241 211
242 34
243 206
244 151
245 9
246 94
247 51
248 107
249 91
250 95
251 245
252 118
253 162
254 174
255 242
256 141
257 23
258 203
259 217
260 227
261 71
262 47
263 118
264 203
265 264
266 38
267 140
268 157
269 112
270 35
271 165
272 234
273 196
274 127
275 228
276 238
277 68
278 203
279 215
280 203
281 197
282 76
283 186
284 75
285 19
286 44
287 69
288 272
289 8
290 64
291 230
292 57
293 100
294 254
295 115
296 164
297 215
298 100
299 119
300 152
301 136
302 95
303 113
304 179
305 16
306 127
307 189
308 117
309 46
310 190
311 281
312 253
313 27
314 231
315 110
316 288
317 125
318 127
319 197
320 282
321 72
322 198
323 265
324 161
325 153
326 183
327 84
328 279
329 134
330 1
331 102
332 46
333 277
334 24
335 85
336 107
337 333
338 326
339 106
340 141
341 299
342 75
343 325
344 91
345 165
346 99
347 118
348 234
349 240
350 29
351 66
352 202
353 125
354 117
355 37
356 24
357 340
358 171
359 306
360 65
361 22
362 120
363 337
364 347
365 52
366 171
367 114
368 310
369 117
370 314
371 226
372 326
373 167
374 74
375 146
376 114
377 356
378 235
379 17
380 311
381 328
382 343
383 65
384 237
385 209
386 296
387 207
388 205
389 159
390 381
391 328
392 367
393 357
394 50
395 389
396 364
397 68
398 308
399 153
400 344
362 2655
2257 16 1451 1220 489 2629 524 2824 2695 1315 557 3612 2795 3410 3443 559 0 1699 854 1464 918 2879 2839 2596 1633 3601 290 321 3922 1685 2532 2507 2164 834 2958 2838 3882 277 3819 3357 3687 3360 2783 2058 1583 370 2978 3621 12 3912 1915 418 1523 1812 704 37 3737 492 2765 3224 3504 245 3043 945 1095 272 739 156 2594 933 3179 2864 1365 1199 625 2320 1670 616 3166 1728 3460 2549 1517 2250 2819 916 3140 880 603 580 2931 3157 3296 533 3403 3878 2946 3730 1312 2350 2344 2539 2435 3001 296 3847 2489 680 427 3689 3328 854 1696 3746 2532 618 862 215 765 1534 2942 1075 2092 2190 1847 1327 1173 2884 2524 1151 63 1250 756 3201 2826 2929 1497 2561 2577 233 3284 3600 1729 2017 3287 486 1784 761 3771 660 674 3142 378 3119 3344 3517 1008 3097 1786 2114 3854 3025 3863 274 447 1181 1466 3311 736 981 879 268 506 52 503 2201 481 2298 193 1808 3730 3365 1066 352 521 241 1271 3449 3457 1708 80 921 944 382 3839 1493 3937 2743 2410 11 1460 1755 109 1352 1492 2604 1660 3124 2744 2486 632 3238 60 3904 783 548 3424 1744 1785 1882 2242 1023 2769 3391 248 3103 913 3332 1042 9 1586 2398 333 75 1538 1013 2170 1585 2918 780 3057 434 1299 1651 3377 2014 72 3851 2362 2246 1519 1369 2476 2764 3507 3886 1441 76 260 566 712 2794 2793 2879 5 1213 3462 2059 70 1947 335 2361 3015 838 651 2767 1128 2359 1357 652 3053 906 2895 1581 3639 3881 3824 3966 641 2268 2384 1091 2430 145 777 294 1265 3752 1201 2723 3086 1570 142 2097 1263 938 633 2195 3130 2531 2934 3776 1201 2195 2130 2543 2970 719 2655 998 3185 1193 1741 2691 810 2199 2154 524 1196 1285 3099 2356 1642 1565 1979 654 3364 1749 3283 3126 30 1817 3739 1853 959 3898 3697 3861 2381 86 2808 2014 392 1673 3347 271 1764 628 2946 648 555 3788
693 693 693 693 693 693 693 693 693 693 693 693 693 693 693 693 693 693 693 693 693 693 693 693 693 693 693 693 693 693 693 693 693 693 693 693 693 693 693 693 693 693 693 693 693 693 693 693 693 693 693 693 693 693 693 693 693 693 693 693 693 693 693 693 693 693 693 693 693 693 693 693 693 693 693 693 693 693 693 693 693 693 693 693 693 693 693 693 693 693 693 693 693 693 693 693 693 693 693 693 693 693 693 693 693 693 693 693 693 693 693 693 693 693 693 693 693 693 693 693 693 693 693 693 693 693 693 693 693 693 693 693 693 693 693 693 693 693 693 693 693 693 693 693 693 693 693 693 693 693 693 693 693 693 693 693 693 693 693 693 693 693 693 693 693 693 693 693 693 693 693 693 693 693 693 693 693 693 693 693 693 693 693 693 693 693 693 693 693 693 693 693 693 693 693 693 693 693 693 693 693 693 693 693 693 693 693 693 693 693 693 693 693 693 693 693 693 693 693 693 693 693 693 693 693 693 693 693 693 693 693 693 693 693 693 693 693 693 693 693 693 693 693 693 693 693 693 693 693 693 693 693 693 693 693 693 693 693 693 693 693 693 693 693 693 693 693 693 693 693 693 693 693 693 693 693 693 693 693 693 693 693 693 693 693 693 693 693 693 693 693 693 693 693 693 693 693 693 693 693 693 693 693 693 693 693 693 693 693 693 693 693 693 693 693 693 693 693 693 693 693 693 693 693 693 693 693 693 693 693 693 693 693 693 693 693 693 693 693 693 693 693 693 693 693 693 693 693 693 693 693 693 693 693 693 693 693 693 693 693 693 693
12 70 21 11 13 15 76 26 48 15 36 51 42 17 54 32 8 30 74 83 13 88 19 78 74 22 81 47 75 44 67 8 63 100 6 58 45 21 62 84 96 58 85 73 71 54 29 70 26 2 1 45 87 2 74 90 25 37 98 72 41 11 30 38 7 85 69 59 72 92 5 2 3 20 53 27 57 86 22 58 48 56 22 78 25 65 22 86 10 65 99 45 85 14 28 55 34 95 74 29 69 1 45 38 32 15 9 41 56 10 11 18 87 49 13 84 97 73 19 54 65 53 76 97 6 61 73 59 77 76 69 34 6 2 20 10 88 23 64 50 45 41 2 96 93 8 93 84 36 43 88 48 30 50 100 6 28 74 4 9 77 4 52 44 74 6 1 67 49 26 51 35 26 47 39 33 95 66 70 74 27 10 14 42 57 39 92 22 99 67 98 98 80 29 2 48 89 6 58 49 36 14 14 89 92 17 63 33 62 85 30 62 16 30 16 46 35 44 55 46 54 72 58 7 76 1 45 73 59 88 92 95 77 6 48 82 28 58 77 27 100 39 42 68 36 80 47 58 62 21 10 86 91 39 25 50 91 43 61 97 44 19 38 3 72 67 30 30 4 66 55 9 59 100 25 55 16 54 23 6 43 35 57 30 98 38 70 99 63 48 76 38 36 88 97 31 98 88 19 27 22 54 66 33 94 43 13 65 71 67 95 52 23 13 47 45 81 96 30 92 34 7 63 29 11 2 32 36 69 5 56 11 1 57 80 48 36 16 54 20 40 88 75 11 88 59 44 8 41 90 72 56 22 52 80 78 5 25 44 34 75 54
2 1
3 2
4 3
5 4
6 5
7 6
8 7
9 8
10 9
11 10
12 11
13 12
14 13
15 14
16 15
17 16
18 17
19 18
20 19
21 20
22 21
23 22
24 23
25 24
26 25
27 26
28 27
29 28
30 29
31 30
32 31
33 32
34 33
35 34
36 35
37 36
38 37
39 38
40 39
41 40
42 41
43 42
44 43
45 44
46 45
47 46
48 47
49 48
50 49
51 50
52 51
53 52
54 53
55 54
56 55
57 56
58 57
59 58
60 59
61 60
62 61
63 62
64 63
65 64
66 65
67 66
68 67
69 68
70 69
71 70
72 71
73 72
74 73
75 74
76 75
77 76
78 77
79 78
80 79
81 80
82 81
83 82
84 83
85 84
86 85
87 86
88 87
89 88
90 89
91 90
92 91
93 92
94 93
95 94
96 95
97 96
98 97
99 98
100 99
101 100
102 101
103 102
104 103
105 104
106 105
107 106
108 107
109 108
110 109
111 110
112 111
113 112
114 113
115 114
116 115
117 116
118 117
119 118
120 119
121 120
122 121
123 122
124 123
125 124
126 125
127 126
128 127
129 128
130 129
131 130
132 131
133 132
134 133
135 134
136 135
137 136
138 137
139 138
140 139
141 140
142 141
143 142
144 143
145 144
146 145
147 146
148 147
149 148
150 149
151 150
152 151
153 152
154 153
155 154
156 155
157 156
158 157
159 158
160 159
161 160
162 161
163 162
164 163
165 164
166 165
167 166
168 167
169 168
170 169
171 170
172 171
173 172
174 173
175 174
176 175
177 176
178 177
179 178
180 179
181 180
182 73
183 165
184 151
185 79
186 118
187 97
188 157
189 137
190 33
191 152
192 21
193 99
194 177
195 79
196 23
197 36
198 100
199 98
200 193
201 98
202 45
203 191
204 122
205 191
206 91
207 7
208 156
209 178
210 111
211 77
212 59
213 20
214 120
215 105
216 61
217 59
218 94
219 214
220 68
221 190
222 9
223 82
224 143
225 91
226 132
227 72
228 221
229 170
230 171
231 173
232 170
233 162
234 155
235 31
236 38
237 217
238 39
239 53
240 8
241 135
242 58
243 87
244 208
245 139
246 176
247 156
248 170
249 49
250 178
251 96
252 200
253 7
254 196
255 108
256 165
257 223
258 139
259 161
260 202
261 45
262 181
263 19
264 133
265 105
266 209
267 15
268 109
269 263
270 123
271 191
272 23
273 157
274 268
275 78
276 178
277 160
278 205
279 275
280 222
281 219
282 137
283 121
284 270
285 108
286 203
287 248
288 216
289 25
290 117
291 262
292 241
293 106
294 26
295 234
296 100
297 231
298 277
299 144
300 196
301 112
302 196
303 233
304 192
305 76
306 206
307 65
308 265
309 195
310 298
311 72
312 171
313 223
314 217
315 72
316 152
317 105
318 164
319 178
320 18
321 47
322 275
323 258
324 31
325 41
326 21
327 41
328 309
329 244
330 180
331 80
332 188
333 190
334 146
335 146
336 332
337 171
338 50
339 44
340 304
341 300
342 216
343 129
344 38
345 110
346 205
347 162
348 4
349 145
350 300
351 251
352 92
353 10
354 209
355 258
356 148
357 265
358 105
359 243
360 127
361 103
362 316
500 4000
2243 687 3101 3306 738 222 2992 3921 3953 2812 3911 1431 1991 1067 3075 3979 346 1664 387 714 1996 1987 3182 3474 2934 1093 928 2025 3411 385 1913 2158 1296 343 3556 2366 1682 3749 2693 2122 1287 2695 422 1431 721 113 738 2262 2512 810 339 2117 3855 2443 1752 519 880 2329 2859 3584 1851 1760 1410 2228 3653 2033 2850 3648 1277 1405 2540 857 3580 1778 1538 1732 1037 501 1114 2550 2138 2082 3110 2061 153 2273 706 142 1238 1641 575 1729 2337 2457 2351 3115 2971 948 3633 1322 3964 126 2591 3958 3816 3701 725 247 2227 3986 2756 3714 1650 608 1719 2936 2371 3387 3044 2208 3838 1293 3830 676 2813 358 2618 1642 2602 2458 1897 3540 1959 32 1717 1019 675 1512 182 1799 1659 3037 3638 1298 2094 1691 1755 1118 2533 3187 1813 1877 673 1117 808 160 2535 2365 1211 3466 3593 3034 2528 2901 3862 571 3142 2301 2532 899 1918 1965 476 1455 3786 1375 2215 813 780 2200 2743 1632 3181 1444 2199 657 3499 2062 1302 408 3016 1378 850 2860 2224 3686 513 1447 747 599 3621 1727 836 1 1904 3296 2647 385 917 3022 3553 3454 112 2169 3204 1733 3032 2562 1561 3781 1764 1134 3739 3467 2811 456 881 1695 832 157 1531 2302 2940 2962 3648 1146 2477 2408 2486 2063 2799 2612 1875 135 2602 3576 2291 3473 3484 3654 458 1630 1575 55 1739 1884 3005 1286 1433 3639 2282 915 78 3405 2882 2517 1802 2320 3276 128 1758 1282 2927 3448 280 3948 1947 2580 3505 1152 26 631 1620 1904 472 2635 497 3919 2192 2687 482 2214 3640 34 93 730 1231 641 1947 3197 1157 2814 199 209 1451 3570 3274 3812 3196 5 726 393 2059 1131 3217 884 3502 897 612 921 1291 3401 3972 3334 994 1315 3935 3933 3770 2060 1770 3126 3824 3388 1738 3381 60 3194 865 2632 1477 2627 1723 3653 679 668 920 1762 3491 3891 1500 1844 2920 2813 2741 1356 2976 44 1548 3503 3677 1840 2927 2678 2756 3024 1118 3398 3066 1641 1331 2224 2925 550 3383 2219 678 2624 2370 1713 2573 153 2002 2936 1085 1716 3439 3090 2761 3607 3997 2760 2286 1220 3811 2867 282 3924 2971 2459 2940 405 155 3155 526 134 3714 3444 1472 561 1478 3898 198 777 1308 2812 259 2308 3913 1328 2839 2107 3465 1855 166 2079 1853 229 202 542 1049 2828 2620 1624 1550 2442 3806 763 308 280 1708 1446 892 3156 1891 1116 3732 921 1842 2663 284 2078 544 3439 1256 77 509 2939 149 1445 3468 360 1457 370 2736 840 1541 2316 1302 2077 2950 46 195 119 3996 2776 191 1546 1170 2311 162 2259 1406 3795 2685 525 3794 2473 1738 3727 2372 3179 504 2185 3418 549 2545 1471 1817 1457
1785 1785 1785 1785 1785 1785 1785 1785 1785 1785 1785 1785 1785 1785 1785 1785 1785 1785 1785 1785 1785 1785 1785 1785 1785 1785 1785 1785 1785 1785 1785 1785 1785 1785 1785 1785 1785 1785 1785 1785 1785 1785 1785 1785 1785 1785 1785 1785 1785 1785 1785 1785 1785 1785 1785 1785 1785 1785 1785 1785 1785 1785 1785 1785 1785 1785 1785 1785 1785 1785 1785 1785 1785 1785 1785 1785 1785 1785 1785 1785 1785 1785 1785 1785 1785 1785 1785 1785 1785 1785 1785 1785 1785 1785 1785 1785 1785 1785 1785 1785 1785 1785 1785 1785 1785 1785 1785 1785 1785 1785 1785 1785 1785 1785 1785 1785 1785 1785 1785 1785 1785 1785 1785 1785 1785 1785 1785 1785 1785 1785 1785 1785 1785 1785 1785 1785 1785 1785 1785 1785 1785 1785 1785 1785 1785 1785 1785 1785 1785 1785 1785 1785 1785 1785 1785 1785 1785 1785 1785 1785 1785 1785 1785 1785 1785 1785 1785 1785 1785 1785 1785 1785 1785 1785 1785 1785 1785 1785 1785 1785 1785 1785 1785 1785 1785 1785 1785 1785 1785 1785 1785 1785 1785 1785 1785 1785 1785 1785 1785 1785 1785 1785 1785 1785 1785 1785 1785 1785 1785 1785 1785 1785 1785 1785 1785 1785 1785 1785 1785 1785 1785 1785 1785 1785 1785 1785 1785 1785 1785 1785 1785 1785 1785 1785 1785 1785 1785 1785 1785 1785 1785 1785 1785 1785 1785 1785 1785 1785 1785 1785 1785 1785 1785 1785 1785 1785 1785 1785 1785 1785 1785 1785 1785 1785 1785 1785 1785 1785 1785 1785 1785 1785 1785 1785 1785 1785 1785 1785 1785 1785 1785 1785 1785 1785 1785 1785 1785 1785 1785 1785 1785 1785 1785 1785 1785 1785 1785 1785 1785 1785 1785 1785 1785 1785 1785 1785 1785 1785 1785 1785 1785 1785 1785 1785 1785 1785 1785 1785 1785 1785 1785 1785 1785 1785 1785 1785 1785 1785 1785 1785 1785 1785 1785 1785 1785 1785 1785 1785 1785 1785 1785 1785 1785 1785 1785 1785 1785 1785 1785 1785 1785 1785 1785 1785 1785 1785 1785 1785 1785 1785 1785 1785 1785 1785 1785 1785 1785 1785 1785 1785 1785 1785 1785 1785 1785 1785 1785 1785 1785 1785 1785 1785 1785 1785 1785 1785 1785 1785 1785 1785 1785 1785 1785 1785 1785 1785 1785 1785 1785 1785 1785 1785 1785 1785 1785 1785 1785 1785 1785 1785 1785 1785 1785 1785 1785 1785 1785 1785 1785 1785 1785 1785 1785 1785 1785 1785 1785 1785 1785 1785 1785 1785 1785 1785 1785 1785 1785 1785 1785 1785 1785 1785 1785 1785 1785 1785 1785 1785 1785 1785 1785 1785 1785 1785 1785 1785 1785 1785 1785 1785 1785 1785 1785 1785 1785 1785 1785 1785 1785 1785 1785 1785 1785 1785 1785 1785 1785 1785 1785 1785 1785 1785 1785 1785 1785 1785 1785 1785 1785 1785 1785 1785 1785 1785 1785 1785 1785 1785 1785 1785
63 77 39 41 65 35 37 64 41 27 12 53 95 20 66 39 82 28 21 22 69 4 59 42 52 17 87 77 2 93 21 66 89 93 83 12 13 60 37 71 5 61 87 85 26 88 81 76 53 75 52 88 55 79 75 47 51 4 75 56 23 50 87 64 23 72 99 30 51 99 51 21 2 75 39 100 91 68 53 54 94 48 78 50 79 91 41 4 20 80 53 64 92 86 45 95 55 34 65 97 59 95 71 34 8 50 32 36 75 100 80 4 12 100 27 63 73 57 73 24 61 40 83 47 62 67 67 68 3 94 91 88 21 37 69 19 23 33 61 75 68 7 7 80 96 46 87 25 74 73 30 46 68 81 90 88 24 6 69 13 66 4 79 51 26 28 60 10 64 69 16 72 61 93 90 57 24 71 9 67 53 86 18 100 85 98 62 10 70 34 15 55 97 14 26 74 29 93 38 96 2 6 47 18 50 79 96 39 91 91 3 1 18 25 51 5 75 52 79 47 33 28 8 71 2 69 59 53 91 32 41 62 61 83 99 19 100 69 39 14 14 85 11 75 82 33 26 37 54 70 16 38 44 83 70 99 76 20 64 60 74 64 54 10 86 13 80 18 46 14 41 34 63 33 66 81 92 39 15 32 62 77 79 95 7 41 95 1 96 77 91 71 80 25 37 38 72 35 90 95 25 47 39 3 60 16 31 83 100 82 34 46 88 65 66 6 26 94 92 27 64 52 49 38 45 65 30 33 3 58 25 78 79 87 45 53 17 10 64 54 26 23 79 64 7 89 38 99 14 84 45 87 63 22 10 53 71 81 52 70 84 53 44 63 18 31 50 4 25 58 51 36 63 34 57 88 51 6 15 74 14 100 85 80 65 99 74 49 4 56 64 87 2 61 100 54 90 94 60 1 36 37 5 86 2 70 53 83 100 3 16 43 11 16 90 30 99 90 68 32 56 20 75 7 33 18 5 67 45 73 53 46 18 23 34 29 76 72 31 37 27 1 19 86 20 84 10 16 40 67 82 15 41 85 34 46 42 27 3 86 37 80 22 32 24 19 10 99 83 23 63 95 20 19 94 27 65 76 78 44 88 40 66 55 77 48 76 12 76 56 98 40 89 42 39 8 65 33 97 38
2 1
3 2
4 3
5 4
6 5
7 6
8 7
9 8
10 9
11 10
12 11
13 12
14 13
15 14
16 15
17 16
18 17
19 18
20 19
21 20
22 21
23 22
24 23
25 24
26 25
27 26
28 27
29 28
30 29
31 30
32 31
33 32
34 33
35 34
36 35
37 36
38 37
39 38
40 39
41 40
42 41
43 42
44 43
45 44
46 45
47 46
48 47
49 48
50 49
51 50
52 51
53 52
54 53
55 54
56 55
57 56
58 57
59 58
60 59
61 60
62 61
63 62
64 63
65 64
66 65
67 66
68 67
69 68
70 69
71 70
72 71
73 72
74 73
75 74
76 75
77 76
78 77
79 78
80 79
81 80
82 81
83 82
84 83
85 84
86 85
87 86
88 87
89 88
90 89
91 90
92 91
93 92
94 93
95 94
96 95
97 96
98 97
99 98
100 99
101 100
102 101
103 102
104 103
105 104
106 105
107 106
108 107
109 108
110 109
111 110
112 111
113 112
114 113
115 114
116 115
117 116
118 117
119 118
120 119
121 120
122 121
123 122
124 123
125 124
126 125
127 126
128 127
129 128
130 129
131 130
132 131
133 132
134 133
135 134
136 135
137 136
138 137
139 138
140 139
141 140
142 141
143 142
144 143
145 144
146 145
147 146
148 147
149 148
150 149
151 150
152 151
153 152
154 153
155 154
156 155
157 156
158 157
159 158
160 159
161 160
162 161
163 162
164 163
165 164
166 165
167 166
168 167
169 168
170 169
171 170
172 171
173 172
174 173
175 174
176 175
177 176
178 177
179 178
180 179
181 180
182 181
183 182
184 183
185 184
186 185
187 186
188 187
189 188
190 189
191 190
192 191
193 192
194 193
195 194
196 195
197 196
198 197
199 198
200 199
201 200
202 201
203 202
204 203
205 204
206 205
207 206
208 207
209 208
210 209
211 210
212 211
213 212
214 213
215 214
216 215
217 216
218 217
219 218
220 219
221 220
222 221
223 222
224 223
225 224
226 225
227 226
228 227
229 228
230 229
231 230
232 231
233 232
234 233
235 234
236 235
237 236
238 237
239 238
240 239
241 240
242 241
243 242
244 243
245 244
246 245
247 246
248 247
249 248
250 249
251 185
252 40
253 245
254 14
255 225
256 236
257 112
258 196
259 63
260 179
261 113
262 71
263 94
264 32
265 145
266 131
267 42
268 38
269 188
270 76
271 176
272 81
273 243
274 241
275 14
276 270
277 94
278 170
279 14
280 15
281 254
282 35
283 140
284 115
285 42
286 12
287 81
288 69
289 272
290 121
291 276
292 219
293 203
294 237
295 15
296 274
297 106
298 66
299 18
300 153
301 187
302 45
303 178
304 4
305 129
306 56
307 30
308 28
309 131
310 219
311 282
312 123
313 127
314 77
315 308
316 142
317 262
318 88
319 115
320 196
321 192
322 17
323 172
324 122
325 70
326 128
327 240
328 288
329 86
330 26
331 142
332 153
333 314
334 168
335 162
336 249
337 261
338 308
339 195
340 286
341 299
342 319
343 116
344 324
345 135
346 201
347 61
348 30
349 190
350 16
351 94
352 108
353 201
354 161
355 44
356 199
357 323
358 290
359 339
360 255
361 68
362 296
363 103
364 270
365 257
366 154
367 205
368 289
369 85
370 353
371 143
372 153
373 92
374 7
375 152
376 346
377 142
378 66
379 169
380 284
381 194
382 103
383 364
384 248
385 371
386 33
387 63
388 355
389 238
390 63
391 59
392 272
393 381
394 374
395 251
396 318
397 284
398 94
399 96
400 392
401 42
402 8
403 269
404 373
405 271
406 3
407 151
408 276
409 147
410 29
411 151
412 178
413 149
414 242
415 39
416 282
417 37
418 357
419 60
420 147
421 235
422 408
423 273
424 367
425 233
426 258
427 211
428 276
429 266
430 198
431 267
432 24
433 316
434 359
435 390
436 315
437 379
438 304
439 120
440 54
441 216
442 325
443 204
444 268
445 25
446 291
447 207
448 296
449 201
450 15
451 31
452 81
453 73
454 278
455 237
456 143
457 320
458 66
459 413
460 31
461 81
462 316
463 236
464 277
465 179
466 41
467 233
468 119
469 174
470 26
471 130
472 400
473 203
474 201
475 265
476 200
477 264
478 272
479 109
480 446
481 421
482 85
483 36
484 279
485 418
486 439
487 437
488 417
489 178
490 485
491 290
492 159
493 479
494 65
495 236
496 284
497 471
498 287
499 168
500 7
500 4000
684 2376 2446 3519 2451 3745 2352 707 3598 1663 3456 2129 2465 862 3543 2450 1949 1673 2414 1576 3443 2324 3463 3810 3198 3833 3710 2685 587 1303 1520 701 1707 2855 555 460 572 289 3160 2259 85 1488 2662 2039 1520 657 408 3831 3163 1810 1937 419 1602 1097 3646 991 3542 1106 2660 2744 2434 749 2187 2566 2064 2584 2602 548 1718 297 2708 1612 774 3279 1859 1302 1909 2986 483 2483 2060 360 929 1925 2125 1441 3541 1377 1799 3222 2509 72 2844 1190 3324 67 690 3057 2690 285 2328 3057 2268 3558 2363 2069 3246 1637 2121 2112 1424 2622 133 2 1494 997 2124 406 3460 577 3302 316 305 2244 2288 1496 474 3242 3337 2602 1386 2353 2651 1072 424 217 3595 2489 1185 1404 2148 1516 662 2415 2464 3481 1128 1786 2680 1950 258 1685 45 285 2024 1636 3511 3451 1726 693 3949 381 187 535 1365 3294 1071 1661 2639 2004 498 2067 3484 357 1710 2592 3252 2372 558 2014 839 785 105 823 2067 2160 2569 2336 1991 1128 1248 3738 1751 1151 749 2023 3424 1429 1418 2058 2013 3678 3705 34 3595 3012 3856 2600 2585 1084 3138 2344 692 3304 3247 3133 3600 270 1006 1072 1946 1975 984 3027 3390 2506 2424 953 2516 2090 2449 2296 3823 1870 3184 1122 680 608 468 1984 904 3161 3450 848 2292 1115 173 2785 2461 2542 2861 3213 1096 1727 190 694 634 2102 723 1797 1064 1880 3228 2591 1597 2845 3310 2249 3980 2418 1457 3774 3768 1138 2703 1934 3201 577 986 2969 49 3273 1823 3533 1127 3033 3433 3901 68 3963 856 3203 2996 2613 3363 1111 446 3394 618 2512 1166 466 2049 3259 1089 992 2105 2490 178 2194 336 671 1189 3287 507 681 2001 1756 595 1599 3699 3408 1725 1995 208 2553 3773 3352 1834 2678 3805 2415 2950 3991 2010 1519 668 2458 2255 1740 1024 1992 1413 1130 2287 2543 3227 3482 414 3745 2098 3764 1887 2893 1627 2101 3636 1181 1924 3067 1881 3152 31 2335 12 2681 1653 659 3424 3641 3147 1084 3041 3672 3187 2610 873 1066 1685 630 1028 2527 2911 3859 576 171 554 857 2649 3193 590 3798 292 2409 3848 822 3769 3442 138 573 2629 3476 771 2562 1967 157 240 3631 363 3711 3586 535 2781 2383 81 1910 367 3362 193 1775 1655 1732 3092 3811 3425 2105 3504 3534 3908 855 2864 646 675 1732 1744 1623 3810 1581 2165 1273 523 935 2490 403 576 2505 2434 2964 2980 3881 2394 240 1028 3926 2829 1464 3691 3959 1710 3837 1317 1027 3617 2055 1075 3008 3146 1585 849 2528 3865 872 1475 3257 2421 1924 2822 836 1640 325 949 281 1931 274 2650 585 979 1071 1687 828 3035 2205 3925 972 2419 2999 460 1505 2985 1482
1496 1496 1496 1496 1496 1496 1496 1496 1496 1496 1496 1496 1496 1496 1496 1496 1496 1496 1496 1496 1496 1496 1496 1496 1496 1496 1496 1496 1496 1496 1496 1496 1496 1496 1496 1496 1496 1496 1496 1496 1496 1496 1496 1496 1496 1496 1496 1496 1496 1496 1496 1496 1496 1496 1496 1496 1496 1496 1496 1496 1496 1496 1496 1496 1496 1496 1496 1496 1496 1496 1496 1496 1496 1496 1496 1496 1496 1496 1496 1496 1496 1496 1496 1496 1496 1496 1496 1496 1496 1496 1496 1496 1496 1496 1496 1496 1496 1496 1496 1496 1496 1496 1496 1496 1496 1496 1496 1496 1496 1496 1496 1496 1496 1496 1496 1496 1496 1496 1496 1496 1496 1496 1496 1496 1496 1496 1496 1496 1496 1496 1496 1496 1496 1496 1496 1496 1496 1496 1496 1496 1496 1496 1496 1496 1496 1496 1496 1496 1496 1496 1496 1496 1496 1496 1496 1496 1496 1496 1496 1496 1496 1496 1496 1496 1496 1496 1496 1496 1496 1496 1496 1496 1496 1496 1496 1496 1496 1496 1496 1496 1496 1496 1496 1496 1496 1496 1496 1496 1496 1496 1496 1496 1496 1496 1496 1496 1496 1496 1496 1496 1496 1496 1496 1496 1496 1496 1496 1496 1496 1496 1496 1496 1496 1496 1496 1496 1496 1496 1496 1496 1496 1496 1496 1496 1496 1496 1496 1496 1496 1496 1496 1496 1496 1496 1496 1496 1496 1496 1496 1496 1496 1496 1496 1496 1496 1496 1496 1496 1496 1496 1496 1496 1496 1496 1496 1496 1496 1496 1496 1496 1496 1496 1496 1496 1496 1496 1496 1496 1496 1496 1496 1496 1496 1496 1496 1496 1496 1496 1496 1496 1496 1496 1496 1496 1496 1496 1496 1496 1496 1496 1496 1496 1496 1496 1496 1496 1496 1496 1496 1496 1496 1496 1496 1496 1496 1496 1496 1496 1496 1496 1496 1496 1496 1496 1496 1496 1496 1496 1496 1496 1496 1496 1496 1496 1496 1496 1496 1496 1496 1496 1496 1496 1496 1496 1496 1496 1496 1496 1496 1496 1496 1496 1496 1496 1496 1496 1496 1496 1496 1496 1496 1496 1496 1496 1496 1496 1496 1496 1496 1496 1496 1496 1496 1496 1496 1496 1496 1496 1496 1496 1496 1496 1496 1496 1496 1496 1496 1496 1496 1496 1496 1496 1496 1496 1496 1496 1496 1496 1496 1496 1496 1496 1496 1496 1496 1496 1496 1496 1496 1496 1496 1496 1496 1496 1496 1496 1496 1496 1496 1496 1496 1496 1496 1496 1496 1496 1496 1496 1496 1496 1496 1496 1496 1496 1496 1496 1496 1496 1496 1496 1496 1496 1496 1496 1496 1496 1496 1496 1496 1496 1496 1496 1496 1496 1496 1496 1496 1496 1496 1496 1496 1496 1496 1496 1496 1496 1496 1496 1496 1496 1496 1496 1496 1496 1496 1496 1496 1496 1496 1496 1496 1496 1496 1496 1496 1496 1496 1496 1496 1496 1496 1496 1496 1496 1496 1496 1496 1496 1496 1496 1496 1496 1496 1496 1496 1496 1496 1496 1496 1496
77 78 62 45 8 17 65 52 33 42 6 58 81 35 16 75 28 32 9 64 66 91 8 98 17 90 40 78 74 87 98 55 48 100 58 58 5 27 65 77 68 92 26 10 34 25 43 80 52 69 1 66 44 93 71 28 12 71 75 56 12 67 54 10 79 19 25 97 52 58 36 91 97 45 7 2 99 37 86 90 76 28 33 28 22 70 64 12 5 6 64 65 15 6 34 59 94 47 100 51 10 56 13 86 79 49 69 20 26 87 54 26 31 31 52 36 6 92 11 53 43 9 49 8 31 22 15 25 64 20 34 7 3 7 41 39 20 72 84 77 89 36 25 35 95 96 87 11 70 93 69 32 20 42 65 83 67 48 80 6 7 66 71 54 50 38 95 10 98 78 77 92 29 46 86 6 54 25 89 72 12 91 37 53 38 31 61 55 25 53 45 19 49 33 72 7 33 80 23 38 6 51 59 11 10 27 18 82 46 48 62 72 24 5 11 27 78 91 43 55 67 43 99 27 63 65 48 88 22 11 9 80 84 4 95 46 60 57 79 17 77 20 31 26 32 63 96 18 35 57 34 11 86 8 97 78 65 59 67 10 58 10 74 76 11 67 35 14 2 58 28 15 71 49 71 19 51 33 63 43 47 95 14 89 2 35 35 70 51 5 49 59 1 1 9 76 85 65 86 23 86 25 93 33 98 3 46 66 92 91 52 94 64 56 80 47 63 55 42 13 28 81 35 15 47 80 39 87 8 47 1 16 90 26 39 39 68 42 40 48 28 21 12 50 79 84 47 77 45 78 17 67 46 25 52 57 15 15 62 59 97 19 94 5 23 4 1 84 7 46 54 45 95 47 54 4 32 47 87 8 51 15 32 77 3 31 77 66 86 86 76 29 16 43 28 64 16 77 84 37 81 23 79 68 89 33 98 100 7 1 25 27 14 86 23 67 4 17 44 54 72 77 53 12 68 5 19 98 3 68 94 81 39 69 91 62 33 83 96 92 31 30 68 28 94 19 3 12 4 61 71 64 77 81 95 73 75 83 4 18 38 9 77 81 36 72 51 38 80 45 9 91 82 7 80 64 47 50 83 68 33 26 66 72 1 28 48 95 95 80 38 58 11 4 81 84 46 44 42 5
2 1
3 2
4 3
5 4
6 5
7 6
8 7
9 8
10 9
11 10
12 11
13 12
14 13
15 14
16 15
17 16
18 17
19 18
20 19
21 20
22 21
23 22
24 23
25 24
26 25
27 26
28 27
29 28
30 29
31 30
32 31
33 32
34 33
35 34
36 35
37 36
38 37
39 38
40 39
41 40
42 41
43 42
44 43
45 44
46 45
47 46
48 47
49 48
50 49
51 50
52 51
53 52
54 53
55 54
56 55
57 56
58 57
59 58
60 59
61 60
62 61
63 62
64 63
65 64
66 65
67 66
68 67
69 68
70 69
71 70
72 71
73 72
74 73
75 74
76 75
77 76
78 77
79 78
80 79
81 80
82 81
83 82
84 83
85 84
86 85
87 86
88 87
89 88
90 89
91 90
92 91
93 92
94 93
95 94
96 95
97 96
98 97
99 98
100 99
101 100
102 101
103 102
104 103
105 104
106 105
107 106
108 107
109 108
110 109
111 110
112 111
113 112
114 113
115 114
116 115
117 116
118 117
119 118
120 119
121 120
122 121
123 122
124 123
125 124
126 125
127 126
128 127
129 128
130 129
131 130
132 131
133 132
134 133
135 134
136 135
137 136
138 137
139 138
140 139
141 140
142 141
143 142
144 143
145 144
146 145
147 146
148 147
149 148
150 149
151 150
152 151
153 152
154 153
155 154
156 155
157 156
158 157
159 158
160 159
161 160
162 161
163 162
164 163
165 164
166 165
167 166
168 167
169 168
170 169
171 170
172 171
173 172
174 173
175 174
176 175
177 176
178 177
179 178
180 179
181 180
182 181
183 182
184 183
185 184
186 185
187 186
188 187
189 188
190 189
191 190
192 191
193 192
194 193
195 194
196 195
197 196
198 197
199 198
200 199
201 200
202 201
203 202
204 203
205 204
206 205
207 206
208 207
209 208
210 209
211 210
212 211
213 212
214 213
215 214
216 215
217 216
218 217
219 218
220 219
221 220
222 221
223 222
224 223
225 224
226 225
227 226
228 227
229 228
230 229
231 230
232 231
233 232
234 233
235 234
236 235
237 236
238 237
239 238
240 239
241 240
242 241
243 242
244 243
245 244
246 245
247 246
248 247
249 248
250 249
251 65
252 136
253 151
254 87
255 216
256 224
257 55
258 214
259 258
260 21
261 159
262 127
263 197
264 142
265 222
266 174
267 78
268 213
269 232
270 186
271 248
272 198
273 121
274 136
275 197
276 273
277 164
278 232
279 21
280 190
281 173
282 181
283 16
284 192
285 93
286 89
287 223
288 134
289 53
290 7
291 176
292 256
293 122
294 176
295 123
296 68
297 247
298 198
299 105
300 63
301 240
302 293
303 95
304 152
305 173
306 64
307 80
308 14
309 238
310 277
311 212
312 7
313 285
314 202
315 25
316 42
317 120
318 9
319 43
320 299
321 34
322 139
323 258
324 195
325 24
326 316
327 126
328 99
329 80
330 180
331 270
332 307
333 84
334 265
335 250
336 9
337 195
338 212
339 294
340 218
341 309
342 208
343 313
344 304
345 305
346 37
347 100
348 328
349 4
350 61
351 48
352 236
353 259
354 200
355 94
356 30
357 103
358 91
359 290
360 348
361 304
362 195
363 119
364 213
365 256
366 226
367 97
368 330
369 354
370 327
371 189
372 78
373 115
374 115
375 234
376 346
377 87
378 7
379 289
380 32
381 191
382 109
383 211
384 35
385 354
386 11
387 301
388 289
389 321
390 135
391 210
392 103
393 31
394 88
395 200
396 41
397 49
398 261
399 353
400 1
401 114
402 382
403 219
404 56
405 215
406 238
407 9
408 106
409 273
410 12
411 37
412 184
413 163
414 73
415 151
416 111
417 326
418 166
419 404
420 119
421 305
422 210
423 260
424 1
425 374
426 62
427 32
428 234
429 366
430 420
431 236
432 24
433 28
434 297
435 75
436 289
437 237
438 28
439 410
440 423
441 166
442 433
443 22
444 94
445 295
446 315
447 225
448 299
449 375
450 439
451 63
452 121
453 72
454 295
455 286
456 61
457 52
458 113
459 322
460 18
461 388
462 33
463 461
464 69
465 279
466 302
467 127
468 20
469 102
470 294
471 406
472 454
473 207
474 94
475 384
476 363
477 296
478 104
479 474
480 423
481 382
482 383
483 348
484 469
485 445
486 376
487 425
488 79
489 25
490 246
491 94
492 329
493 445
494 163
495 362
496 320
497 235
498 295
499 401
500 339
