5
375 2363
3077 2597 2215 3204 132 3482 2350 292 3817 3892 2977 1675 1523 965 118 200 3942 2358 2585 3999 2710 1849 1525 3050 2710 109 189 3188 2755 1432 3649 212 2124 2048 1551 2695 1188 43 2438 626 490 2648 98 2614 3736 637 2308 661 1707 3587 1377 133 529 3103 2222 3474 2553 3954 458 1625 3414 196 715 2594 2165 1309 1804 62 1121 1732 631 706 1524 1148 3951 2370 1536 1179 3105 1586 1118 2477 3723 122 758 2345 1260 3224 3855 3923 942 3226 633 3090 2384 2108 152 3347 3000 2207 3699 1438 440 236 573 2455 64 2856 1379 856 1348 1431 343 3373 3535 1302 188 3184 2151 1012 2642 71 2209 3953 3811 3643 1576 1530 2542 3579 1706 292 275 3184 611 3400 3103 1154 813 542 1146 3691 2343 2524 2127 762 36 2961 1499 2060 3799 3422 1977 743 2141 21 2540 983 3211 277 1294 1100 3801 2500 3320 3827 1742 1486 242 2740 3117 925 3836 1613 2784 1370 2877 3118 995 1411 1260 1940 2035 3214 125 2122 1464 670 3693 765 1296 3171 336 2527 2942 3575 730 287 2898 3190 2156 230 3673 221 34 1077 1064 2343 2810 1662 3492 3525 2854 2465 3925 1788 2388 2217 3916 931 2333 550 1073 3677 1101 1387 3633 1749 1682 3851 1607 2616 2983 784 2794 2743 1442 3676 3735 765 572 996 1151 3661 3553 1802 3155 416 504 1947 1775 3326 340 425 708 3900 2524 425 618 3510 3543 335 1253 1740 3131 1545 3029 3521 2422 3066 580 1522 1853 2776 1676 2741 3286 3720 3110 2547 2017 1913 1401 934 2251 3615 2530 2582 2741 369 1024 2674 2497 2692 451 3947 3742 2410 1781 3381 149 966 9 1984 3541 3570 3778 1171 27 819 870 1035 901 2234 3236 1555 953 3871 2563 1413 3696 3162 2220 3777 616 706 3514 3563 1162 2186 225 169 3224 1465 892 1853 2331 3624 1786 1153 3947 66 1675 609 2174 2711 1958 1086 918 2082 2526 1184 1766 2428 423 2683 1861 225 610 485 2006 1666 1616 759 3062 1482 1494 547 583 3477 1804 1909 2491 2957 460
239 1525 1905 536 1258 1594 2291 61 1375 2342 1527 401 1531 434 1608 807 102 1343 2014 1098 482 2165 1870 1830 1424 1857 399 325 1060 527 1899 1701 2088 2035 2146 1536 412 2035 1686 1158 1245 1376 1344 76 550 1949 1158 422 878 1274 421 15 264 1982 1627 2018 1968 1296 724 285 1533 442 309 374 1614 1938 498 179 2231 1447 1847 1656 1797 1067 1068 760 1904 1278 859 1231 521 1081 393 2015 2351 745 237 198 1362 1254 520 957 960 522 630 1601 507 804 823 1380 1211 1220 1883 333 252 374 1348 142 344 2039 1965 299 1863 690 1424 1496 1276 203 1730 2118 486 575 954 1482 1372 1115 1791 122 64 961 128 1462 428 2040 1921 772 1941 1331 2128 1183 1251 681 766 916 1357 1840 1821 1913 945 921 1075 220 2037 1488 1063 610 2051 444 121 683 1974 719 2118 1560 1466 1361 1226 1753 1094 1951 1539 781 2052 1611 1349 463 1520 1460 1859 1286 616 1339 2145 1510 1227 1577 432 790 304 1693 1795 1020 1865 518 965 992 2047 1598 1503 1028 679 1750 1730 1899 727 19 1896 1437 1167 2079 1111 1337 1832 760 2114 2 1064 1809 1725 1402 135 1196 622 48 1426 1819 2265 1837 1389 364 1857 1001 1383 2205 44 18 1160 1410 980 117 2187 1412 2057 1032 229 461 2334 658 857 870 1693 801 2321 1504 1988 1173 1008 1749 32 1995 1311 864 1472 1789 1450 2201 1464 1411 1017 1450 1980 1367 715 729 2061 676 340 847 1556 798 1252 2250 1105 1676 2042 52 1910 2208 1671 196 18 2126 404 2126 1032 279 1252 697 184 765 1505 1707 634 46 1002 267 455 179 2214 1305 974 1291 1243 1324 338 1277 2120 1287 890 1520 1090 1851 2226 763 1114 739 1926 1947 451 356 1029 260 286 1939 1898 1965 920 662 1219 477 2352 980 1859 401 845 8 319 874 1521 2012 1560 860 324 928 749 2187 1715 1875 580 212 47 1241 398 1677 618 1511 1666 1192 2039 264 1795 61 800 676 2254
30 52 15 2 20 44 3 66 50 65 3 62 52 7 22 11 30 41 76 6 50 38 56 35 58 1 93 75 7 55 85 5 21 47 74 9 80 9 41 50 94 34 37 88 54 82 26 56 13 36 54 139 19 51 95 61 89 1 13 63 89 45 5 99 41 83 66 75 8 63 87 28 97 87 82 68 30 1 92 30 57 16 89 40 76 53 45 93 15 57 11 25 77 58 26 78 46 78 14 49 56 38 76 16 64 4 93 73 28 98 3 44 17 71 72 40 9 87 83 16 51 5 96 76 6 57 93 69 24 91 46 94 16 55 61 67 88 72 26 24 75 62 63 10 47 64 99 73 22 87 72 77 78 53 40 9 29 64 100 1 55 85 91 55 63 28 13 25 100 93 73 25 44 78 96 37 89 26 35 8 90 48 61 93 68 85 89 71 39 54 1 1 83 34 84 91 82 27 28 73 51 67 99 59 19 88 47 37 52 71 15 63 6 82 85 493 57 25 57 19 41 95 32 26 11 85 25 15 70 78 50 56 24 4 71 21 60 6 11 17 35 14 44 74 7 29 36 1 5 69 63 96 54 11 15 68 72 58 90 83 33 3 12 86 28 89 89 20 75 67 40 50 36 79 28 24 2 22 22 85 72 25 28 95 5 19 96 50 26 13 34 70 23 41 1 74 35 82 62 94 79 10 3 43 13 98 13 10 18 79 72 35 9 38 75 56 69 89 71 29 29 86 94 33 6 59 89 28 45 83 97 35 38 37 23 1 52 43 79 16 26 45 1 60 97 41 32 66 63 86 54 24 97 53 29 43 56 47 33 57 53 97 6 72 58 7 76 96 99 58 76 1 5 24 45
2 1
3 2
4 3
5 4
6 5
7 6
8 7
9 8
10 9
11 10
12 11
13 12
14 13
15 14
16 15
17 16
18 17
19 18
20 19
21 20
22 21
23 22
24 23
25 24
26 25
27 26
28 27
29 28
30 29
31 30
32 31
33 32
34 33
35 34
36 35
37 36
38 37
39 38
40 39
41 40
42 41
43 42
44 43
45 44
46 45
47 46
48 47
49 48
50 49
51 50
52 51
53 52
54 53
55 54
56 55
57 56
58 57
59 58
60 59
61 60
62 61
63 62
64 63
65 64
66 65
67 66
68 67
69 68
70 69
71 70
72 71
73 72
74 73
75 74
76 75
77 76
78 77
79 78
80 79
81 80
82 81
83 82
84 83
85 84
86 85
87 86
88 87
89 88
90 89
91 90
92 91
93 92
94 93
95 94
96 95
97 96
98 97
99 98
100 99
101 100
102 101
103 102
104 103
105 104
106 105
107 106
108 107
109 108
110 109
111 110
112 111
113 112
114 113
115 114
116 115
117 116
118 117
119 118
120 119
121 120
122 121
123 122
124 123
125 124
126 125
127 126
128 127
129 128
130 129
131 130
132 131
133 132
134 133
135 134
136 135
137 136
138 137
139 138
140 139
141 140
142 141
143 142
144 143
145 144
146 145
147 146
148 147
149 148
150 149
151 150
152 151
153 152
154 153
155 154
156 155
157 156
158 157
159 158
160 159
161 160
162 161
163 162
164 163
165 164
166 165
167 166
168 167
169 168
170 169
171 170
172 171
173 172
174 173
175 174
176 175
177 176
178 177
179 178
180 179
181 180
182 181
183 182
184 183
185 184
186 185
187 186
188 167
189 31
190 118
191 11
192 122
193 88
194 130
195 73
196 81
197 142
198 158
199 87
200 53
201 88
202 116
203 26
204 192
205 71
206 40
207 67
208 104
209 62
210 21
211 175
212 69
213 22
214 47
215 141
216 159
217 37
218 84
219 26
220 206
221 144
222 210
223 130
224 80
225 62
226 139
227 148
228 3
229 50
230 208
231 173
232 65
233 44
234 60
235 124
236 3
237 197
238 34
239 216
240 54
241 121
242 62
243 123
244 3
245 4
246 77
247 112
248 203
249 151
250 175
251 218
252 196
253 68
254 158
255 206
256 86
257 144
258 160
259 157
260 211
261 192
262 141
263 48
264 79
265 238
266 30
267 171
268 175
269 101
270 127
271 118
272 254
273 244
274 17
275 14
276 163
277 132
278 33
279 114
280 142
281 11
282 8
283 123
284 37
285 83
286 79
287 256
288 32
289 118
290 80
291 22
292 246
293 224
294 115
295 113
296 220
297 255
298 47
299 278
300 220
301 209
302 152
303 70
304 263
305 167
306 108
307 239
308 129
309 169
310 71
311 90
312 252
313 154
314 9
315 140
316 105
317 89
318 42
319 41
320 308
321 216
322 98
323 168
324 286
325 24
326 193
327 140
328 58
329 310
330 78
331 166
332 88
333 72
334 38
335 12
336 183
337 315
338 90
339 86
340 38
341 331
342 48
343 108
344 342
345 83
346 304
347 107
348 257
349 23
350 283
351 257
352 275
353 63
354 342
355 166
356 5
357 234
358 68
359 216
360 324
361 3
362 14
363 172
364 91
365 335
366 321
367 192
368 27
369 103
370 334
371 177
372 314
373 219
374 179
375 33
178 3591
3177 2611 3012 2061 2714 346 3658 66 3176 822 3854 1080 252 3851 3983 1807 3297 269 39 2661 646 1796 2021 3837 3509 256 1772 2349 1358 804 2444 1678 2696 1710 3359 2430 2121 3844 1831 761 1251 1957 3111 345 594 238 2623 3851 1620 138 1357 820 872 159 1184 642 1707 1718 382 2167 3631 2538 3481 1234 220 2548 2798 3840 2828 374 2111 3299 3042 2342 433 929 971 1437 1097 207 921 160 738 2974 1083 237 1714 550 2337 1001 2655 818 623 2153 2108 3372 2623 3327 3656 841 3805 3431 1609 3735 2717 1842 1509 3846 3392 3826 1314 916 1543 902 2431 412 3831 3399 2291 2465 2191 723 1348 1207 934 121 3115 3826 2184 2982 3942 1298 114 560 3806 751 1388 1056 2939 193 583 1668 2948 946 3704 436 3740 3270 1620 900 1658 683 1165 3467 1672 318 492 499 894 29 591 1954 416 851 773 2727 245 257 808 3784 1770 73 3066 2347 2343 960 1795 803
2712 689 657 2638 2561 3167 3439 3357 643 2659 1168 683 460 1915 3150 307 1251 286 2554 1476 2331 3221 2589 2023 1361 3519 3571 2666 2861 3345 1837 2935 2333 1235 1926 1056 916 980 1425 3161 220 3435 1500 2543 3084 2216 1179 1197 445 2697 565 702 1011 3118 2931 2826 1344 2113 15 2999 189 1981 2737 448 3111 645 1117 1846 996 3568 1336 2754 883 1877 396 3184 3363 2299 521 252 1432 2620 514 785 2286 1866 239 435 1092 1329 1668 1802 2474 1225 2259 1056 2573 1635 919 744 2314 854 204 2515 2870 3368 1208 193 98 536 2181 1444 1210 1711 1365 604 92 785 3420 959 1888 777 1651 2730 2718 2539 1836 3464 2580 1658 3306 677 413 2862 852 3509 1326 2196 2531 3293 3382 1482 1284 1801 1114 406 2714 3098 2352 1996 3381 1317 3513 2440 2692 1374 2970 2802 2857 1228 1696 3232 111 549 2577 1563 676 1652 2015 2648 2248 2020 2281 1967 996 2631 2326 1508
66 26 88 81 57 21 96 17 45 76 47 94 51 70 29 92 4 28 97 52 99 93 51 92 19 89 72 7 17 90 45 46 97 86 88 79 6 50 46 62 2 99 90 86 87 72 13 13 67 100 11 10 72 92 89 34 43 75 118 30 8 96 4 96 98 52 41 4 52 42 99 60 100 59 48 62 67 57 10 81 33 30 49 19 93 61 54 54 9 94 65 17 99 19 45 33 11 77 74 35 43 47 94 47 55 7 39 90 23 3 20 41 38 16 58 74 21 76 18 11 47 98 85 36 46 41 47 45 97 69 90 20 80 65 29 44 14 25 25 75 2 64 4 56 81 48 100 76 93 25 37 22 53 62 34 60 56 55 46 72 63 36 3 80 43 42 95 58 90 19 72 24 37 41 40 42 98 79
2 1
3 2
4 3
5 4
6 5
7 6
8 7
9 8
10 9
11 10
12 11
13 12
14 13
15 14
16 15
17 16
18 17
19 18
20 19
21 20
22 21
23 22
24 23
25 24
26 25
27 26
28 27
29 28
30 29
31 30
32 31
33 32
34 33
35 34
36 35
37 36
38 37
39 38
40 39
41 40
42 41
43 42
44 43
45 44
46 45
47 46
48 47
49 48
50 49
51 50
52 51
53 52
54 53
55 54
56 55
57 56
58 57
59 58
60 59
61 60
62 61
63 62
64 63
65 64
66 65
67 66
68 67
69 68
70 69
71 70
72 71
73 72
74 73
75 74
76 75
77 76
78 77
79 78
80 79
81 80
82 81
83 82
84 83
85 84
86 85
87 86
88 87
89 88
90 84
91 49
92 18
93 45
94 34
95 10
96 6
97 33
98 26
99 95
100 8
101 40
102 81
103 72
104 90
105 28
106 23
107 89
108 83
109 22
110 50
111 43
112 19
113 88
114 15
115 68
116 54
117 39
118 35
119 68
120 15
121 93
122 29
123 97
124 32
125 21
126 28
127 102
128 94
129 70
130 92
131 105
132 17
133 49
134 57
135 113
136 57
137 133
138 65
139 40
140 115
141 101
142 98
143 12
144 42
145 109
146 120
147 37
148 45
149 37
150 95
151 97
152 92
153 151
154 124
155 108
156 30
157 21
158 34
159 126
160 41
161 14
162 131
163 124
164 116
165 125
166 18
167 107
168 39
169 58
170 53
171 109
172 44
173 41
174 34
175 57
176 44
177 137
178 99
103 1313
3082 980 2046 3602 3848 348 2315 3705 3879 1959 1201 1125 3842 1427 3586 2359 3286 2438 3901 1697 3205 332 117 3330 2952 2357 1092 3873 1050 431 400 3463 2017 1760 2491 994 3871 2087 2961 1336 3930 1651 1197 873 520 1892 3212 1064 2974 1282 469 187 2746 3995 168 1906 1743 289 998 3588 1905 1667 1793 3025 161 779 1413 2291 2457 824 3910 518 539 733 2667 603 3799 3482 3130 1303 635 1370 3813 2706 3487 1005 3029 1709 1361 3814 1814 1683 3261 2680 803 20 33 3885 434 3422 2927 3464 2562
320 424 1244 844 525 662 542 489 866 1070 636 534 340 1203 1011 839 772 458 1312 813 181 398 607 213 1065 1295 587 117 1141 1115 1231 276 1300 1255 798 726 247 730 1097 1183 709 41 415 1263 967 673 170 1298 823 213 730 90 191 535 563 488 665 690 87 1138 526 42 531 501 936 179 422 543 49 391 383 356 719 179 1065 558 1040 946 720 1255 842 1017 4 838 154 824 844 807 668 1230 1010 513 42 301 1194 935 853 193 93 287 1091 1061 810
57 76 74 48 96 73 94 88 26 51 97 98 2 2 65 21 17 65 10 81 93 83 38 71 13 22 87 37 34 88 96 13 26 62 86 85 86 62 17 4 21 83 1 55 80 84 79 78 84 6 69 28 79 70 52 64 38 63 32 42 10 83 32 7 53 16 13 84 6 17 48 32 69 73 66 87 45 83 100 38 62 95 122 81 11 80 80 50 87 7 3 79 50 32 72 30 39 66 38 29 4 88 37
2 1
3 2
4 3
5 4
6 5
7 6
8 7
9 8
10 9
11 10
12 11
13 12
14 13
15 14
16 15
17 16
18 17
19 18
20 19
21 20
22 21
23 22
24 23
25 24
26 25
27 26
28 27
29 28
30 29
31 30
32 31
33 32
34 33
35 34
36 35
37 36
38 37
39 38
40 39
41 40
42 41
43 42
44 43
45 44
46 45
47 46
48 47
49 48
50 49
51 50
52 32
53 52
54 41
55 24
56 5
57 22
58 55
59 26
60 16
61 12
62 18
63 6
64 37
65 57
66 37
67 52
68 46
69 62
70 67
71 32
72 63
73 22
74 61
75 60
76 9
77 5
78 17
79 21
80 21
81 15
82 45
83 41
84 67
85 2
86 34
87 83
88 43
89 31
90 50
91 1
92 67
93 41
94 51
95 66
96 56
97 22
98 9
99 48
100 32
101 70
102 87
103 6
500 4000
2892 584 1359 3413 1000 3329 3244 3643 811 344 3218 1967 2808 115 3658 1123 3702 3493 3833 454 12 2842 1848 2158 2813 3269 786 2019 2085 2121 3491 2383 3796 871 271 1669 619 3879 1345 655 1398 1226 2470 1532 2441 3470 1737 3785 830 3874 2096 1070 2958 3469 3319 2988 494 2937 2572 1301 1004 3045 2827 347 3402 2794 923 3965 1467 2573 2024 3758 3772 2406 1379 712 2005 2575 120 3440 3728 3185 1998 3083 3257 2379 1669 2913 1623 2275 459 1264 2986 1393 2111 468 3238 3850 2570 1492 1552 1354 475 3728 3990 580 2562 1161 1940 3022 1263 688 1092 359 3788 723 1125 460 889 1861 113 1500 3367 2989 3672 2855 984 3505 3937 1341 149 1987 3905 1750 719 2572 285 413 3546 2616 1245 289 3687 2753 1490 766 3394 767 875 3881 1036 1616 978 2490 2970 1636 652 3934 77 683 305 3773 115 3266 2280 2409 3614 1691 3527 1608 3844 2892 3178 2210 1976 3323 1203 1582 1959 2535 769 3769 534 3961 180 3703 2617 2604 2848 559 1463 3386 1487 1154 3069 3689 2524 3099 384 3413 3694 3069 3416 2047 786 2504 313 3477 2845 2413 3380 3427 3169 1300 1870 1306 781 2795 3647 2143 2666 2705 205 694 1875 995 362 1392 1205 709 781 3762 1705 436 205 2983 3374 2476 1251 3529 3209 373 1696 619 385 3539 3596 521 23 2157 3842 1811 3076 3772 3272 1079 2198 3544 563 590 3916 1247 1692 458 3887 3622 3836 381 1268 549 1869 2413 3728 3613 1700 598 59 3436 3401 639 3785 2453 666 2945 2532 1513 928 244 3822 1785 688 349 3575 3071 69 2612 3674 3274 1148 537 1821 2571 2384 2298 8 2718 1399 3165 2086 2298 3037 2388 3354 3547 3104 1729 1284 1262 1036 1287 2293 2206 1432 1203 3055 2431 1697 265 673 2777 966 3219 2945 438 3076 743 2763 2542 3250 1432 3385 1778 320 1888 1892 343 3052 587 603 3781 1061 998 1793 3264 3780 2537 556 3926 1960 3457 3900 2250 1329 3811 504 3935 1056 1006 1648 680 2157 1055 366 2190 2664 3258 1502 2946 3157 790 1249 1414 2530 330 3916 1687 2091 1046 1767 509 1073 2548 1475 3317 3190 704 1691 733 2268 2501 1422 225 3007 1001 1532 2661 3856 475 3392 3732 980 1692 78 2856 3804 2699 2125 2169 1478 1204 2934 3787 85 666 1998 3570 1484 3907 2720 2088 3025 3109 1023 1011 3136 16 2107 976 206 2747 2178 3043 1600 115 666 227 1610 3680 60 2912 1037 2329 3027 1720 1643 1099 2869 3642 1901 1668 3297 1913 3703 870 26 2069 1866 3690 2339 3269 3930 2674 1884 3497 1010 2036 2845 2927 741 3010 2001 3619 2775 2750 340 2620 3692 2526 1200 3364 1038 1083 1684 1703 3973 2752 3415 3007 1426 1392
2669 1030 1336 3207 3502 3274 1658 3841 1564 3802 2489 816 317 2548 1674 362 301 1550 1138 916 2598 2417 2163 1245 2030 2008 1816 89 2785 3753 3716 607 2304 1523 695 3813 2586 553 1026 2618 3513 639 237 2981 2735 1187 6 828 3649 93 1101 1896 2611 3594 316 1751 2934 3670 59 3906 2799 1657 1764 3777 2474 1619 564 1900 1982 1803 403 179 609 2628 2853 1664 2767 3425 1585 1292 2070 2044 3473 1504 3845 3842 1946 1709 373 1425 45 3022 3096 116 31 2813 2241 30 2214 3699 1779 70 1252 932 493 1795 2904 2171 1366 1992 1154 1138 1285 706 2390 3924 83 2447 1957 3287 261 737 2055 2773 1171 948 12 1706 2750 3725 3877 275 2993 1044 846 3269 1046 883 1310 331 2108 559 3729 3429 3558 710 341 3870 2807 2571 1683 3564 284 3166 416 1326 986 3376 1476 129 1688 694 297 291 3568 2123 3656 3725 530 1963 880 651 2264 2670 3063 1213 2001 3714 165 3187 423 780 3966 1605 211 1761 1648 2449 1891 32 926 505 521 2258 3179 476 3143 3045 2122 3892 217 1829 4 1393 36 1277 3179 3988 733 3629 2590 3022 3804 748 1149 921 353 2592 1552 1207 935 188 370 3403 3559 922 3042 694 751 953 3724 2739 2693 3832 501 3957 3318 3508 3301 2463 1955 3391 697 2116 2445 1858 3081 3777 800 1525 886 3800 3325 1756 1016 911 2892 2052 3527 2568 1889 3934 3911 2754 3084 2812 1464 1808 3399 2827 3390 3801 411 2192 2221 1584 308 2598 2809 3349 1254 1910 1693 3723 735 1592 3113 1564 3918 970 1392 3627 1747 2414 3634 2104 3368 937 2951 1242 2799 3642 2445 2679 925 2552 2483 1064 2279 399 421 3563 3660 1661 1434 73 227 3656 2108 2346 1350 3554 55 694 2141 1760 3813 174 527 3095 3833 2154 198 3001 3434 2388 3329 1711 1153 2564 1408 3031 3206 2494 810 2944 1927 778 2562 548 489 691 3211 710 980 962 3353 3212 3641 1563 858 734 102 1272 899 3360 2061 38 2303 2701 3793 925 436 1205 1490 3268 2040 1721 2107 3365 2964 3044 3945 780 535 364 1821 2150 2589 2186 3045 3320 736 791 1639 158 2976 2280 2767 1349 1070 1578 1851 587 2270 2273 36 2390 1230 1439 2030 2194 2513 2561 435 3248 3200 1166 1516 2651 1986 1202 1921 476 1083 1528 1139 433 3891 1031 263 330 2631 191 1589 2821 1045 2228 2641 3115 1571 3337 1337 3690 1520 3921 1887 404 3167 2627 3960 1849 609 1724 2438 512 3361 3162 3490 3628 501 3990 462 1901 66 3106 697 196 752 1700 1843 1916 3568 1681 3091 3877 1995 590 2502 2547 1868 2979 3098 3799 3215 1857 2731 3356 1579 470 397 1029 893 174 3546 1733 535 2989 446 3647
53 24 94 97 66 85 100 12 85 19 94 63 45 68 44 9 62 31 55 97 72 74 11 18 88 72 13 39 79 99 63 22 28 40 86 86 77 23 68 58 20 25 27 35 70 19 531 61 1 4 76 78 11 34 71 6 11 37 74 58 59 48 55 35 33 64 42 38 74 78 47 58 72 83 90 76 63 99 98 45 43 11 45 9 100 7 87 80 38 15 21 74 26 28 101 43 53 78 46 31 32 11 49 63 68 39 54 49 83 58 29 52 67 74 30 91 58 42 65 82 82 46 30 54 34 96 261 83 100 51 23 15 80 94 74 77 33 27 1 26 75 93 36 63 86 75 11 55 54 35 67 10 14 30 17 3 80 56 1 78 17 10 3 73 25 47 14 57 91 80 50 79 63 44 37 9 11 23 4 69 3 26 80 16 43 66 42 95 51 45 73 37 84 5 23 94 60 62 17 78 33 26 397 85 105 99 74 10 87 58 70 74 5 98 79 66 76 76 33 40 76 12 67 54 11 86 63 1 25 46 56 36 47 21 74 55 41 54 81 38 90 12 39 13 10 48 70 86 50 14 98 54 38 3 57 47 8 34 12 54 7 20 93 84 55 13 93 6 59 16 81 18 63 13 52 62 12 16 76 52 36 61 81 19 67 7 16 16 47 25 92 85 79 12 17 89 10 13 71 89 65 74 54 29 11 84 58 6 91 90 45 58 71 25 70 89 39 50 69 83 37 27 8 27 96 98 73 39 67 30 94 60 94 92 4 35 9 74 75 28 76 98 85 54 91 41 25 55 20 69 98 90 49 8 33 15 91 62 27 78 40 97 95 75 67 46 63 59 94 31 69 16 43 16 92 75 63 79 15 42 51 79 13 65 25 23 18 25 51 35 41 35 49 75 15 31 52 60 79 62 73 27 38 30 19 63 93 10 20 61 14 81 91 42 8 54 30 97 82 98 77 94 29 57 43 23 28 59 64 29 32 42 47 98 28 63 12 4 51 2 61 44 3 4 81 60 9 27 70 46 91 13 16 59 33 81 70 60 23 91 3 66 22 9 19 7 90 46 48 15 83 43 83 44 75 79 80 87 59 3 81 78 16 54 69 62 16 26 77 65 93 68 86 28 73 60 90 11 12 80
2 1
3 2
4 3
5 4
6 5
7 6
8 7
9 8
10 9
11 10
12 11
13 12
14 13
15 14
16 15
17 16
18 17
19 18
20 19
21 20
22 21
23 22
24 23
25 24
26 25
27 26
28 27
29 28
30 29
31 30
32 31
33 32
34 33
35 34
36 35
37 36
38 37
39 38
40 39
41 40
42 41
43 42
44 43
45 44
46 45
47 46
48 47
49 48
50 49
51 50
52 51
53 52
54 53
55 54
56 55
57 56
58 57
59 58
60 59
61 60
62 61
63 62
64 63
65 64
66 65
67 66
68 67
69 68
70 69
71 70
72 71
73 72
74 73
75 74
76 75
77 76
78 77
79 78
80 79
81 80
82 81
83 82
84 83
85 84
86 85
87 86
88 87
89 88
90 89
91 90
92 91
93 92
94 93
95 94
96 95
97 96
98 97
99 98
100 99
101 100
102 101
103 102
104 103
105 104
106 105
107 106
108 107
109 108
110 109
111 110
112 111
113 112
114 113
115 114
116 115
117 116
118 117
119 118
120 119
121 120
122 121
123 122
124 123
125 124
126 125
127 126
128 127
129 128
130 129
131 130
132 131
133 132
134 133
135 134
136 135
137 136
138 137
139 138
140 139
141 140
142 141
143 142
144 143
145 144
146 145
147 146
148 147
149 148
150 149
151 150
152 151
153 152
154 153
155 154
156 155
157 156
158 157
159 158
160 159
161 160
162 161
163 162
164 163
165 164
166 165
167 166
168 167
169 168
170 169
171 170
172 171
173 172
174 173
175 174
176 175
177 176
178 177
179 178
180 179
181 180
182 181
183 182
184 183
185 184
186 185
187 186
188 187
189 188
190 189
191 190
192 191
193 192
194 193
195 194
196 195
197 196
198 197
199 198
200 199
201 200
202 201
203 202
204 203
205 204
206 205
207 206
208 207
209 208
210 209
211 210
212 211
213 212
214 213
215 214
216 215
217 216
218 217
219 218
220 219
221 220
222 221
223 222
224 223
225 224
226 225
227 226
228 227
229 228
230 229
231 230
232 231
233 232
234 233
235 234
236 235
237 236
238 237
239 238
240 239
241 240
242 241
243 242
244 243
245 244
246 245
247 246
248 247
249 248
250 249
251 37
252 66
253 28
254 54
255 136
256 252
257 207
258 76
259 196
260 126
261 52
262 1
263 153
264 116
265 198
266 68
267 34
268 56
269 74
270 100
271 185
272 269
273 26
274 223
275 132
276 218
277 38
278 233
279 260
280 186
281 174
282 167
283 215
284 175
285 147
286 33
287 100
288 64
289 70
290 161
291 10
292 121
293 269
294 13
295 117
296 44
297 141
298 255
299 224
300 221
301 184
302 269
303 89
304 140
305 160
306 228
307 34
308 161
309 135
310 274
311 84
312 292
313 233
314 41
315 28
316 19
317 182
318 258
319 225
320 68
321 180
322 9
323 316
324 196
325 273
326 50
327 291
328 34
329 309
330 227
331 116
332 157
333 135
334 106
335 191
336 78
337 224
338 337
339 314
340 199
341 284
342 41
343 305
344 252
345 335
346 76
347 317
348 208
349 31
350 329
351 238
352 185
353 320
354 141
355 189
356 327
357 260
358 113
359 340
360 341
361 221
362 237
363 220
364 117
365 183
366 324
367 28
368 53
369 242
370 124
371 223
372 302
373 103
374 203
375 159
376 200
377 138
378 258
379 237
380 204
381 284
382 364
383 109
384 379
385 274
386 115
387 266
388 298
389 230
390 91
391 217
392 259
393 212
394 298
395 313
396 272
397 140
398 176
399 393
400 87
401 78
402 206
403 118
404 130
405 350
406 214
407 191
408 114
409 41
410 159
411 238
412 346
413 75
414 76
415 206
416 236
417 402
418 185
419 276
420 103
421 195
422 198
423 141
424 29
425 300
426 352
427 241
428 19
429 78
430 85
431 376
432 342
433 332
434 324
435 69
436 318
437 244
438 293
439 399
440 134
441 276
442 84
443 167
444 214
445 347
446 168
447 297
448 22
449 297
450 67
451 32
452 174
453 108
454 403
455 436
456 127
457 76
458 226
459 185
460 190
461 194
462 69
463 70
464 32
465 148
466 115
467 51
468 105
469 416
470 216
471 145
472 194
473 347
474 185
475 216
476 431
477 356
478 88
479 351
480 323
481 253
482 123
483 27
484 109
485 19
486 464
487 72
488 234
489 484
490 84
491 462
492 251
493 150
494 482
495 244
496 467
497 159
498 470
499 110
500 137
500 4000
3205 3545 2025 2843 636 1113 1961 848 898 136 1168 1341 2523 1388 1261 635 3979 379 1489 1807 3376 3524 1611 1144 2685 2913 202 26 3032 123 2836 3945 1686 1021 3107 3128 1750 1053 3712 1668 1659 1735 1027 1148 1038 2028 1449 3411 1076 2187 2966 3497 3052 3966 2670 2005 268 1511 1520 407 1309 827 2322 380 1268 622 3907 691 115 1633 541 1487 3743 3242 3113 3357 99 1570 824 2856 3653 2931 1118 2954 1672 355 3858 2709 3843 3547 229 1538 3519 2301 2976 249 1495 3397 193 353 3339 3645 1846 2122 614 2183 2491 152 3441 2502 1521 434 2135 3661 416 1068 1371 2988 2319 3249 2903 3863 2786 659 2935 2456 1364 343 2902 88 213 2908 247 2889 3589 2508 3495 1015 3473 2758 945 2159 3470 2570 3777 47 276 3302 3198 2704 62 3967 2242 3761 287 2979 1117 3750 1543 3342 3465 3135 1783 2651 2415 3548 1217 1933 3514 1585 707 2366 2010 1654 3622 199 668 2995 3986 1552 1417 425 3509 633 1788 706 3701 905 1000 2717 3057 1047 2922 3604 1663 3383 2794 3280 737 2342 632 207 3018 3672 2949 180 2416 449 2496 3567 243 1986 3507 3149 717 3831 765 3554 2938 2654 1809 438 1547 2377 3374 557 1253 3334 2625 2587 415 494 1337 1351 3868 3341 2057 3934 2854 1265 548 987 3149 2741 2164 117 927 2031 3228 1161 3783 408 911 2537 3371 3836 3760 452 1825 2082 2059 2518 306 3805 3252 3955 1363 308 3615 1967 959 14 3873 1713 2681 2689 2533 3417 705 59 2833 239 661 1554 3195 717 682 585 3078 1903 3595 99 1 2201 2418 3276 1602 1577 2245 1477 2815 3870 1011 880 2958 3592 2991 508 3742 1681 877 627 2837 267 1403 1281 460 1692 2657 134 3464 1991 1884 896 3035 540 2391 562 2138 2241 204 24 832 546 314 2703 2820 631 872 3776 598 1620 3289 2797 1792 1814 16 1983 3259 3020 3495 3118 2351 1955 2186 721 2960 982 1817 903 1749 3669 799 1094 827 1908 1965 3140 538 2071 1754 644 1894 188 2047 3523 2153 680 846 3555 2591 2038 1651 3286 2771 1501 2639 558 1560 1056 3313 3428 619 2971 693 2566 1639 2252 546 38 1097 544 3711 1697 1637 2719 1814 2572 3369 2361 716 3397 369 2930 1375 1976 587 2955 2785 2896 3532 3602 53 3616 2067 2957 1032 593 3325 2114 1970 526 8 1609 3757 3789 748 790 2741 3137 1559 2209 2018 2110 3561 888 706 3947 3728 3878 2042 2957 324 4 702 2067 709 129 2063 3294 3156 3342 2869 3155 2384 1292 1246 1283 435 1593 2774 761 3372 3575 2088 100 510 1183 3636 775 3257 1222 2769 704 599 654 3717 501 762 2384 674 3525 2853 2631 1668 365 2937 3007 3241 504
3009 1325 3604 2962 466 724 1491 1643 2721 1947 2490 767 1391 383 147 150 2369 2162 3931 2512 911 2544 365 1506 3788 2371 626 2990 2712 1658 3752 1766 1124 3205 1010 1730 549 2837 2400 1824 3549 2226 1920 828 1285 2301 1188 273 2462 1799 821 239 249 1906 1623 61 869 903 2206 3025 1401 3319 1874 1549 2 1047 3550 1149 1646 2902 958 3983 3193 3809 2825 3379 3959 3449 1116 1811 3618 2482 648 3732 3590 1424 2815 654 1130 734 3834 1417 1217 2128 1006 1977 2194 1978 3119 91 3972 1423 5 3248 909 991 910 3066 2620 1099 562 342 3140 3179 3502 1529 2475 2947 2171 2349 2964 3617 3486 1326 777 3386 629 2944 2988 2342 927 3220 863 2202 236 156 689 3748 422 1867 2828 2124 1088 3312 3068 842 3709 1652 34 994 1924 851 1497 1288 450 1240 2120 2768 383 988 1640 3700 260 992 2007 3404 812 2345 1566 42 459 476 1567 2228 3644 3579 1411 869 3983 3455 514 1382 2161 2038 1363 1162 3325 2367 2870 776 1603 1284 1215 3292 183 2583 2213 1728 2589 3633 235 2278 3123 2919 1870 1946 1183 3406 2448 1879 506 1009 1284 1991 2204 432 3162 639 488 475 1004 1978 1787 3184 3208 1109 1072 3730 2176 2540 2583 10 1969 83 3063 3939 657 2647 1281 1696 3195 470 1847 2945 1598 3068 2299 1655 996 1568 2395 3588 384 543 3357 375 3388 1592 615 1959 1409 200 1970 1038 3239 2759 2543 839 1502 66 1210 2763 2173 923 3581 1385 1067 1694 1319 3813 1707 3013 46 1523 2765 3471 2434 2259 2258 860 1044 1519 383 1741 389 1523 485 3130 2835 3181 2799 468 3937 2790 1101 733 1830 3008 2880 3780 2136 2576 3174 485 2521 350 1480 3361 66 2875 1058 2554 1902 2754 3314 723 2410 1075 1955 1701 1755 2316 827 485 591 137 739 2612 2792 3518 1655 3303 3014 562 174 249 2676 3166 2219 110 2228 135 1764 1226 46 3193 914 1073 759 549 2330 3424 734 1084 987 2348 2460 1036 1048 2490 2748 2107 359 1374 3912 1026 826 2713 2678 2092 2093 1517 3058 591 3857 1411 109 458 408 2015 1093 1601 1793 2466 2678 1653 1797 1121 64 2663 1027 1508 218 3759 1544 2402 952 632 2914 3036 1240 3807 1798 1911 2386 1739 320 3326 800 431 3675 1911 2764 2367 3568 2980 2105 143 2131 3165 3315 1298 2876 1261 3802 3250 1651 395 3180 3916 3263 2362 3154 942 2383 1987 2509 948 105 2706 2146 1247 3251 3182 2051 87 1312 797 2079 770 1981 1976 3821 2630 3067 3787 948 2844 3007 1424 2109 822 2664 1516 1756 1459 2783 1738 3579 224 1669 2199 3946 2065 1721 1087 3396 641 2184 2502 1442 2471 3994 3113 1349 1753 2041 1878 2111 3365
94 97 63 61 1 71 63 84 66 94 13 6 97 53 75 51 71 60 85 12 72 15 76 38 45 33 69 3 94 22 74 14 6 5 74 49 76 1 54 25 69 60 78 90 48 72 65 79 45 30 89 53 93 57 34 16 8 22 1 94 9 96 7 75 1999 56 96 76 8 81 26 90 3 60 21 34 36 64 19 92 83 100 39 52 57 18 82 84 95 95 15 45 5 35 84 40 24 74 44 29 24 16 507 78 71 17 99 63 11 20 85 71 54 1 87 46 14 17 92 89 36 38 89 14 4 30 77 65 27 4 3 94 60 8 46 24 7 44 11 97 63 100 90 15 47 90 51 99 92 78 83 61 92 86 67 15 100 41 5 17 75 41 21 13 24 68 39 11 26 35 82 84 94 1 15 27 72 38 40 3 4 61 27 2 76 99 63 61 31 37 72 42 60 70 45 95 68 73 29 68 40 12 75 99 75 22 20 26 34 37 41 77 69 99 9 65 26 54 14 28 4 17 64 62 98 26 87 8 80 5 9 99 49 43 12 48 18 67 80 9 30 35 96 6 26 87 29 10 40 14 66 80 3 86 46 82 61 65 96 80 92 15 23 24 45 82 53 61 43 76 87 16 75 65 17 67 60 97 6 76 4 27 91 17 52 18 5 14 13 63 48 2 44 92 94 2 44 11 87 99 14 90 50 67 44 78 49 30 97 2 37 17 28 34 97 94 83 91 3 82 75 49 18 60 81 59 94 75 19 90 38 18 63 56 93 25 7 47 67 59 2 77 37 59 15 86 55 32 68 53 88 89 57 38 51 68 53 76 16 61 64 1 25 1 2 23 19 68 51 30 49 20 48 66 71 11 89 63 33 11 87 18 25 84 96 98 55 35 57 39 96 57 100 14 69 26 11 10 85 46 24 5 64 99 17 54 82 25 66 94 4 7 24 44 26 60 85 86 69 96 62 85 53 71 8 20 57 99 14 37 58 92 30 71 91 49 63 56 35 65 86 58 36 56 76 18 18 18 6 9 65 17 38 81 60 54 54 60 6 89 12 96 95 82 33 81 99 14 48 96 38 6 45 27 64 57 41 1 45 77 1 95 16 92 71 35 64 72 64 29 68 56 71 16 60 72 17 70 59 34
2 1
3 2
4 3
5 4
6 5
7 6
8 7
9 8
10 9
11 10
12 11
13 12
14 13
15 14
16 15
17 16
18 17
19 18
20 19
21 20
22 21
23 22
24 23
25 24
26 25
27 26
28 27
29 28
30 29
31 30
32 31
33 32
34 33
35 34
36 35
37 36
38 37
39 38
40 39
41 40
42 41
43 42
44 43
45 44
46 45
47 46
48 47
49 48
50 49
51 50
52 51
53 52
54 53
55 54
56 55
57 56
58 57
59 58
60 59
61 60
62 61
63 62
64 63
65 64
66 65
67 66
68 67
69 68
70 69
71 70
72 71
73 72
74 73
75 74
76 75
77 76
78 77
79 78
80 79
81 80
82 81
83 82
84 83
85 84
86 85
87 86
88 87
89 88
90 89
91 90
92 91
93 92
94 93
95 94
96 95
97 96
98 97
99 98
100 99
101 100
102 101
103 102
104 103
105 104
106 105
107 106
108 107
109 108
110 109
111 110
112 111
113 112
114 113
115 114
116 115
117 116
118 117
119 118
120 119
121 120
122 121
123 122
124 123
125 124
126 125
127 126
128 127
129 128
130 129
131 130
132 131
133 132
134 133
135 134
136 135
137 136
138 137
139 138
140 139
141 140
142 141
143 142
144 143
145 144
146 145
147 146
148 147
149 148
150 149
151 150
152 151
153 152
154 153
155 154
156 155
157 156
158 157
159 158
160 159
161 160
162 161
163 162
164 163
165 164
166 165
167 166
168 167
169 168
170 169
171 170
172 171
173 172
174 173
175 174
176 175
177 176
178 177
179 178
180 179
181 180
182 181
183 182
184 183
185 184
186 185
187 186
188 187
189 188
190 189
191 190
192 191
193 192
194 193
195 194
196 195
197 196
198 197
199 198
200 199
201 200
202 201
203 202
204 203
205 204
206 205
207 206
208 207
209 208
210 209
211 210
212 211
213 212
214 213
215 214
216 215
217 216
218 217
219 218
220 219
221 220
222 221
223 222
224 223
225 224
226 225
227 226
228 227
229 228
230 229
231 230
232 231
233 232
234 233
235 234
236 235
237 236
238 237
239 238
240 239
241 240
242 241
243 242
244 243
245 244
246 245
247 246
248 247
249 248
250 249
251 68
252 213
253 234
254 130
255 24
256 95
257 145
258 192
259 10
260 233
261 230
262 82
263 61
264 257
265 31
266 144
267 224
268 55
269 46
270 60
271 13
272 211
273 149
274 11
275 230
276 205
277 152
278 248
279 126
280 218
281 22
282 186
283 251
284 147
285 192
286 261
287 78
288 167
289 232
290 99
291 211
292 9
293 62
294 244
295 148
296 241
297 143
298 94
299 61
300 122
301 216
302 28
303 72
304 11
305 65
306 211
307 106
308 126
309 217
310 195
311 275
312 195
313 8
314 156
315 171
316 180
317 302
318 162
319 212
320 138
321 20
322 121
323 263
324 220
325 20
326 180
327 317
328 210
329 150
330 100
331 62
332 222
333 128
334 205
335 209
336 66
337 54
338 73
339 311
340 139
341 22
342 213
343 341
344 60
345 182
346 38
347 278
348 82
349 259
350 314
351 134
352 166
353 188
354 209
355 70
356 69
357 320
358 5
359 75
360 78
361 260
362 153
363 253
364 342
365 205
366 290
367 56
368 207
369 251
370 63
371 102
372 96
373 362
374 39
375 230
376 290
377 286
378 110
379 200
380 326
381 172
382 354
383 24
384 63
385 265
386 308
387 270
388 142
389 349
390 312
391 330
392 50
393 160
394 92
395 324
396 291
397 208
398 140
399 25
400 64
401 185
402 1
403 307
404 151
405 127
406 359
407 140
408 101
409 352
410 21
411 171
412 253
413 97
414 137
415 134
416 256
417 34
418 394
419 195
420 345
421 20
422 10
423 142
424 348
425 403
426 151
427 183
428 237
429 16
430 72
431 291
432 376
433 104
434 165
435 192
436 393
437 5
438 174
439 337
440 27
441 117
442 18
443 317
444 266
445 197
446 315
447 251
448 279
449 240
450 26
451 227
452 45
453 204
454 151
455 101
456 76
457 236
458 356
459 296
460 196
461 419
462 450
463 330
464 77
465 335
466 218
467 282
468 413
469 173
470 324
471 115
472 358
473 101
474 427
475 312
476 10
477 329
478 451
479 379
480 352
481 411
482 276
483 288
484 372
485 446
486 2
487 381
488 98
489 276
490 36
491 352
492 352
493 357
494 484
495 53
496 370
497 119
498 37
499 111
500 288
