5
9 1488
192 3276 2500 114 1201 3960 1082 2429 2489
369 1453 367 264 1088 181 1020 1185 1216
58 17 41 55 41 88 49 31 30
2 1
3 2
4 3
5 2
6 4
7 5
8 7
9 2
145 125
1547 1726 2164 2480 1016 3191 3123 3208 1816 746 1775 2369 1724 662 680 1951 3890 2869 649 236 345 3484 1372 2161 2663 281 16 660 1752 168 584 1553 2490 1431 71 539 1942 2844 2682 1141 257 1811 614 1389 1283 1789 2035 1656 1094 3765 472 180 995 820 840 3290 2569 3464 28 1058 590 625 3427 3069 3354 2749 2535 2541 3473 2501 3809 1095 2849 2919 2975 492 877 805 3251 2277 2040 3070 1727 2590 117 3340 2176 1060 846 2078 88 3809 1490 311 223 120 868 2823 428 925 1953 1673 2047 1143 2161 669 1139 1720 1745 2119 1570 3388 1247 3880 3448 3841 3655 2779 731 3591 1006 3987 3322 3272 444 1171 1941 2106 878 398 14 1538 3228 1089 558 1147 2952 3726 1081 2216 2631 3514 1846 55 3892
125 79 121 73 17 70 91 121 116 89 32 97 69 46 56 67 14 110 9 67 89 87 2 29 13 16 52 51 104 7 120 23 121 86 109 81 35 122 85 27 33 118 80 72 4 117 62 57 87 19 83 33 7 97 66 5 95 115 13 51 87 53 36 83 60 16 48 69 94 39 16 124 26 88 84 115 103 25 116 70 57 46 19 61 26 103 62 37 113 56 74 76 64 52 118 69 120 103 6 95 115 91 6 77 109 9 48 111 97 14 18 27 45 50 100 115 104 80 46 38 35 110 52 15 116 51 91 106 47 11 87 13 40 11 44 47 97 90 49 77 45 60 63 116 29
79 82 47 45 83 99 13 9 57 48 58 83 79 99 26 46 71 6 97 75 38 99 50 4 28 58 12 31 23 89 71 72 87 75 84 20 42 49 20 79 48 5 58 41 18 87 19 57 62 37 96 18 25 18 1 74 64 11 77 36 85 17 55 85 83 38 68 85 88 22 97 35 61 32 14 95 13 50 75 95 61 93 75 8 79 53 98 89 79 95 95 29 31 100 2 25 99 93 11 93 64 52 32 44 75 39 76 13 76 38 40 80 72 42 52 64 60 87 18 95 39 14 39 27 71 60 26 2 15 90 10 100 75 45 86 59 83 92 39 60 49 84 93 77 10
2 1
3 2
4 3
5 4
6 5
7 6
8 7
9 8
10 9
11 10
12 11
13 12
14 13
15 14
16 15
17 16
18 17
19 18
20 19
21 20
22 21
23 22
24 23
25 24
26 25
27 26
28 27
29 28
30 29
31 30
32 31
33 32
34 33
35 34
36 35
37 36
38 37
39 38
40 39
41 40
42 41
43 42
44 43
45 44
46 45
47 46
48 47
49 48
50 49
51 50
52 51
53 52
54 53
55 54
56 55
57 56
58 57
59 58
60 59
61 60
62 61
63 62
64 63
65 64
66 65
67 66
68 67
69 68
70 69
71 70
72 71
73 43
74 36
75 14
76 37
77 8
78 51
79 44
80 18
81 35
82 52
83 67
84 68
85 58
86 39
87 12
88 63
89 21
90 87
91 74
92 39
93 33
94 10
95 69
96 94
97 31
98 16
99 98
100 24
101 28
102 57
103 52
104 75
105 25
106 79
107 21
108 19
109 17
110 89
111 50
112 5
113 34
114 33
115 56
116 22
117 85
118 117
119 48
120 82
121 10
122 56
123 58
124 57
125 76
126 73
127 39
128 89
129 105
130 93
131 65
132 13
133 45
134 55
135 95
136 85
137 23
138 35
139 120
140 139
141 84
142 72
143 58
144 15
145 114
327 449
3423 2603 566 1488 3885 1137 972 350 2161 1724 3729 3304 603 456 3269 2928 2489 1235 1043 1218 874 2544 868 1285 2596 3052 1193 2048 1571 3813 3940 3856 2932 3239 24 1894 1507 1257 594 3335 833 1864 1175 894 1433 2210 1134 1253 372 2806 3504 3605 3307 507 3119 2633 3180 3198 1317 2874 336 3200 3198 1687 2492 1264 583 1955 1813 453 3128 2196 3688 2878 1055 2569 1050 1982 3342 3404 1933 3906 1447 3209 2100 1765 1158 2286 1976 3415 975 1860 491 3449 2233 236 3212 2205 2427 1726 1531 2620 501 2622 447 983 33 1216 3541 1491 283 3038 2843 2479 3054 2328 349 3207 417 3980 2879 3950 2144 982 108 424 2863 1289 1790 1959 1740 207 1357 3335 1955 862 1181 459 3703 3899 34 441 431 3604 2359 2068 1438 3129 351 1401 1943 2939 3674 2653 2801 3624 299 2436 214 2725 1577 3717 561 269 260 2461 2040 650 2618 3953 2584 1554 2394 2217 1568 2340 1623 3050 2639 1187 209 3666 1025 3411 2496 1433 2775 1042 3681 710 2727 376 2277 1040 932 2194 3640 1239 3853 2748 1070 2946 1659 2525 1684 955 2790 3976 3669 3400 1625 2256 1227 1771 567 204 2601 572 1133 3436 837 1222 1850 634 3179 2784 3515 3669 1471 1197 3034 3242 1970 982 537 565 8 3238 2203 3799 2345 391 3060 3191 2214 3931 3249 382 1133 3646 1866 3342 3088 3163 646 2148 2994 172 3439 1486 2163 2006 1303 3406 1405 3204 2058 2064 207 2563 1526 1352 2921 1662 3767 2256 1945 2811 295 2497 1285 1366 357 241 25 2941 2724 1356 3250 1260 3991 149 3627 2858 924 607 1511 356 454 2823 1088 713 1486 437 719 454 2267 3891 2236 1827 240 3662 3976 509 1687 1483 1976 3877 1933 2955 900 2170 1389 3266 1279 1859 704
346 207 99 118 153 325 137 231 8 349 267 216 292 122 189 85 280 213 386 146 77 271 68 66 429 298 340 63 164 139 22 38 406 395 441 142 142 150 27 170 348 364 276 113 302 446 316 12 188 300 414 112 368 352 123 71 167 163 103 269 40 314 163 53 80 25 331 331 67 114 107 143 356 230 376 308 211 441 277 237 93 449 36 141 11 352 185 439 29 359 323 56 407 346 263 410 226 207 20 343 143 294 108 408 36 218 13 449 231 404 325 327 366 390 42 239 418 243 440 379 201 447 346 112 183 177 364 265 269 205 406 78 277 54 248 418 178 94 245 29 225 380 291 338 376 279 119 266 415 140 208 26 290 398 223 86 193 371 65 173 421 143 416 224 27 302 296 124 122 26 86 175 188 111 442 445 279 217 210 345 329 352 174 58 276 145 209 351 56 333 321 323 357 125 100 385 2 302 38 17 39 141 150 90 244 446 192 390 161 273 43 28 125 37 121 312 37 20 379 250 398 90 323 64 84 178 204 25 20 428 173 185 401 88 406 129 194 168 281 30 422 20 15 47 374 314 317 252 243 308 123 297 184 318 160 175 418 318 344 245 29 307 77 371 285 367 144 85 402 20 144 167 36 330 326 68 413 245 128 314 135 367 443 426 301 67 384 140 307 38 398 213 106 243 15 362 440 63 257 24 42 65 114 332 146 250 67 87 158 421 294 105 180 403 306 394 424 374 218 429 353 163 33 255 9 216 284
38 92 14 66 11 38 29 55 63 57 11 49 58 64 13 5 49 90 3 13 29 11 22 100 1 68 16 70 82 52 17 76 77 56 30 84 48 2 87 73 61 20 81 1 68 75 44 79 79 63 49 91 87 41 68 89 37 28 88 6 27 23 51 4 24 86 100 64 29 67 39 75 69 7 21 10 26 89 35 4 77 34 91 64 76 34 60 67 15 11 1 66 20 52 54 56 27 24 19 11 76 79 93 84 18 40 25 28 61 8 47 44 31 86 64 4 36 28 59 27 86 73 76 51 90 80 57 55 13 100 68 97 46 96 58 62 49 73 44 70 96 14 79 20 40 64 28 78 3 98 91 77 15 58 20 60 93 89 24 46 87 69 81 57 56 13 81 29 86 77 11 16 85 21 31 96 82 2 27 22 4 27 23 8 14 3 97 90 77 69 60 84 66 78 45 60 115 1 10 14 57 83 48 52 6 95 8 87 79 89 90 5 100 9 52 25 35 66 19 4 86 82 35 42 12 97 69 73 58 6 98 1 42 13 30 51 68 98 17 58 64 9 68 63 43 39 52 19 78 32 23 67 59 2 27 44 61 85 44 29 91 79 32 17 93 14 17 64 75 76 66 20 48 35 66 23 13 93 94 59 18 74 28 71 98 71 12 57 35 94 50 59 8 80 40 42 45 54 90 32 59 76 72 70 57 93 71 22 54 47 22 33 80 58 42 11 29 11 41 2 60 32 87 96 63 41 15
2 1
3 2
4 3
5 4
6 5
7 6
8 7
9 8
10 9
11 10
12 11
13 12
14 13
15 14
16 15
17 16
18 17
19 18
20 19
21 20
22 21
23 22
24 23
25 24
26 25
27 26
28 27
29 28
30 29
31 30
32 31
33 32
34 33
35 34
36 35
37 36
38 37
39 38
40 39
41 40
42 41
43 42
44 43
45 44
46 45
47 46
48 47
49 48
50 49
51 50
52 51
53 52
54 53
55 54
56 55
57 56
58 57
59 58
60 59
61 60
62 61
63 62
64 63
65 64
66 65
67 66
68 67
69 68
70 69
71 70
72 71
73 72
74 73
75 74
76 75
77 76
78 77
79 78
80 79
81 80
82 81
83 82
84 83
85 84
86 85
87 86
88 87
89 88
90 89
91 90
92 91
93 92
94 93
95 94
96 95
97 96
98 97
99 98
100 99
101 100
102 101
103 102
104 103
105 104
106 105
107 106
108 107
109 108
110 109
111 110
112 111
113 112
114 113
115 114
116 115
117 116
118 117
119 118
120 119
121 120
122 121
123 122
124 123
125 124
126 125
127 126
128 127
129 128
130 129
131 130
132 131
133 132
134 133
135 134
136 135
137 136
138 137
139 138
140 139
141 140
142 141
143 142
144 143
145 144
146 145
147 146
148 147
149 148
150 149
151 150
152 151
153 152
154 153
155 154
156 155
157 156
158 157
159 158
160 159
161 160
162 161
163 162
164 54
165 12
166 100
167 80
168 5
169 39
170 152
171 144
172 107
173 41
174 85
175 120
176 66
177 161
178 90
179 106
180 40
181 135
182 33
183 109
184 44
185 77
186 65
187 148
188 132
189 150
190 82
191 71
192 188
193 157
194 92
195 133
196 136
197 89
198 71
199 75
200 32
201 168
202 178
203 27
204 96
205 57
206 90
207 40
208 199
209 119
210 138
211 19
212 113
213 139
214 148
215 27
216 88
217 48
218 168
219 128
220 107
221 53
222 167
223 156
224 209
225 111
226 5
227 118
228 170
229 89
230 3
231 227
232 202
233 168
234 209
235 170
236 112
237 202
238 66
239 96
240 45
241 86
242 131
243 188
244 75
245 169
246 234
247 34
248 94
249 215
250 141
251 41
252 237
253 241
254 33
255 196
256 160
257 61
258 167
259 218
260 199
261 143
262 184
263 253
264 78
265 39
266 248
267 186
268 223
269 67
270 208
271 3
272 192
273 134
274 178
275 252
276 188
277 1
278 10
279 236
280 87
281 129
282 223
283 86
284 86
285 265
286 116
287 244
288 216
289 113
290 84
291 79
292 48
293 283
294 133
295 40
296 42
297 190
298 3
299 269
300 135
301 256
302 233
303 214
304 42
305 112
306 292
307 242
308 101
309 247
310 60
311 251
312 205
313 278
314 267
315 298
316 283
317 49
318 32
319 9
320 55
321 115
322 297
323 266
324 192
325 10
326 238
327 148
500 4000
303 3803 3770 3295 335 3261 638 72 3183 3218 2405 1578 1957 1697 3461 3226 526 945 849 3197 3145 3384 1494 2516 3161 2117 3641 2343 2522 3627 1967 3376 3331 1488 1629 1643 542 2871 3473 3068 2404 3434 1984 801 3325 3627 1570 793 1431 2428 3083 3252 2724 2349 940 2588 2585 5 106 3300 3589 2100 2109 560 2543 3895 1484 1284 3411 460 1799 1040 3486 1945 2693 1819 393 3000 2144 1550 2835 1445 2446 2084 2210 2921 3393 81 3675 169 1890 3952 3808 1034 2857 2705 1289 3271 1920 609 2823 1430 1337 2587 3638 1911 2733 1967 1568 574 3960 1330 1914 1570 2705 3781 2649 103 2030 2633 2454 1480 760 2019 1442 711 2827 300 1643 1753 49 2172 528 2381 1951 86 3394 2077 208 2743 1436 2616 1473 3739 3172 3502 1389 591 35 2396 1706 894 1665 3322 3621 309 3397 2915 1850 3609 236 1060 1654 3915 456 2183 2256 1530 2011 770 1285 105 3220 123 3124 2465 3369 3518 698 3994 694 1506 494 358 3382 503 3904 862 1984 628 974 1743 1956 800 2280 551 2405 2142 1317 380 1305 510 965 638 320 3137 2568 510 3522 3788 1359 862 1900 3408 3986 2297 3628 184 2178 1109 1387 340 1696 2824 715 2469 3838 3880 3585 906 1877 1719 3349 2633 3079 1390 1240 3361 1910 648 1669 3599 1700 2226 796 2814 2381 1297 3291 2644 1538 1715 734 2810 2728 282 3448 2380 1841 1702 1843 1249 2201 3170 5 1596 1059 337 660 3539 469 505 2412 2591 114 1583 1469 3941 2168 2020 443 1284 1753 1968 1489 3999 3997 2398 2885 268 632 1208 435 3293 232 2132 2627 974 1171 382 2668 3920 2015 3943 1837 2293 2897 2125 1577 2204 1514 140 1252 2622 3583 3620 828 2906 1112 460 9 1917 3084 2520 24 821 2363 1318 1125 2232 2509 1358 2456 3951 297 1674 1826 3816 2104 1668 3255 60 572 1407 2606 1533 3691 1351 3031 1731 1969 3068 61 1304 741 220 1148 2658 970 2288 2437 2416 233 26 2160 2120 1517 2492 513 3696 160 491 511 3931 3173 886 3185 2774 2038 2001 1786 946 3070 134 2839 3988 442 3517 2518 1595 876 1610 217 464 640 2839 3788 3348 323 2196 1060 518 320 3804 2457 979 2366 2952 229 3459 183 2105 190 992 1978 3649 400 3881 1091 1619 3486 3928 122 1931 219 432 1322 3648 3525 362 2114 1129 1186 3521 209 1741 1149 1403 1950 2991 162 1051 2055 2360 2745 3044 2395 1382 1056 16 3962 1589 3277 689 1963 1677 2914 2726 1470 2764 1425 322 2435 20 1331 3833 3211 2135 2819 1068 638 3233 3041 3670 2109 1926 2596 87 2010 877 3680 2080 3924 2493 57 415 1336 1350 3334 1644 1108 658 2954 1429 1118 301 494 3399 1381 3442
2921 2195 1238 3263 3735 494 3201 3657 882 1479 3947 3961 879 2680 1765 3419 2118 954 740 2992 357 2747 3599 646 824 1504 3916 246 3415 2302 1288 3902 271 2868 2181 1248 1588 1260 808 1051 2631 2865 130 1705 452 3955 3646 1850 1103 3033 3917 143 1535 2151 14 3097 2538 2673 2624 339 3954 2110 684 189 1776 3745 2734 155 1440 3796 1636 1390 2444 2806 3546 625 1085 1831 3316 1111 1342 97 2908 3588 2418 730 3309 1449 2201 1976 2369 1892 3262 1908 888 3511 3332 3122 1257 2920 3761 2783 1709 3449 666 3469 2025 2057 753 300 92 3819 2508 3529 3593 102 2135 1292 3303 2125 924 2285 1350 2464 3121 2966 1091 3747 2690 1471 847 2462 32 2694 1404 1141 873 1966 137 552 1049 378 2576 3886 1969 1354 3053 2446 358 1205 465 222 2445 3111 1735 64 2628 2814 3141 378 3300 2368 2871 149 2885 1023 520 2137 497 977 3954 3879 109 3337 2023 1591 2021 3002 639 595 2839 3629 2085 3828 962 2144 3965 3452 2959 2466 471 1716 3072 3565 665 2567 2423 292 137 2014 970 3662 3514 253 613 241 345 1279 1119 1010 440 1742 3105 2444 2873 166 2836 1711 1214 1835 3530 1500 3632 904 3311 3455 3534 3977 3600 812 1528 3643 3115 285 2363 3107 1017 3178 1503 125 1721 394 2511 1527 3230 2858 1128 2061 3355 780 165 870 141 1283 297 3918 2248 1068 3053 630 3910 2383 780 3497 685 2518 1549 3089 3392 1260 112 906 3369 2971 1948 37 900 32 3495 1632 3502 495 3463 3428 3599 2671 24 1567 581 1613 1070 2755 1394 3364 1405 2880 360 2673 2854 3294 52 3088 3140 3997 840 3035 279 112 44 1988 48 600 423 337 3262 2366 1257 2775 3191 2259 3164 2171 1098 3499 172 837 196 3927 3284 3238 800 802 3691 588 3444 1839 1070 1987 2073 2738 2670 3471 2907 1516 1724 3496 449 1451 83 2805 1598 2465 3783 460 3224 2756 908 3977 3672 2374 1993 1805 2642 1142 478 410 2231 2936 1458 3404 633 1184 97 3482 2846 1301 1638 1037 2184 3204 517 1920 2627 1794 380 1146 1968 102 41 680 2865 2791 1950 2911 1141 2290 3428 528 1061 2927 2798 1965 1232 3637 3423 3579 3763 170 861 665 2828 2592 2615 1072 2784 1613 1363 3995 1355 1867 93 634 999 1807 3853 2962 2560 205 2103 2408 3383 1516 3576 61 3412 263 2590 2348 2673 3940 1784 258 2244 568 2208 3774 1228 3195 70 2185 3679 2056 1662 1783 115 2425 2252 3775 1131 3296 141 536 2532 2473 3209 2422 1919 1678 3319 1860 177 27 2961 2337 2568 228 441 256 3168 3876 1995 2299 2439 3127 357 3864 908 3707 2931 3807 3823 1187 191 2426 2660 699 1273 3951 3305 2947
46 75 47 24 74 25 47 31 25 33 64 32 30 95 95 2 61 29 35 1 65 9 89 5 51 50 66 9 35 59 11 9 61 12 96 20 3 53 29 76 85 76 36 86 9 54 11 93 57 61 42 35 70 17 42 75 34 43 43 29 1 14 95 19 44 64 46 78 86 59 10 100 14 22 88 61 17 2 1 20 48 5 89 56 18 96 34 63 52 7 78 58 56 93 53 93 58 53 94 64 80 45 95 46 54 73 66 90 89 2 57 16 28 52 54 9 4 89 76 61 83 64 81 88 88 29 13 100 16 41 22 30 69 96 25 63 90 42 7 24 98 52 80 47 63 7 32 53 16 38 15 38 23 83 83 100 48 46 79 74 82 73 43 78 35 39 86 66 60 21 40 3 79 38 8 56 9 18 11 36 80 9 53 61 85 43 8 25 56 63 96 90 99 1 90 70 41 85 36 75 52 77 83 20 33 81 22 48 35 77 3 95 50 63 4 2 29 6 36 83 29 66 46 57 96 57 17 50 85 77 73 46 65 60 46 18 96 25 78 1 92 24 44 17 46 59 19 2 98 38 71 78 19 93 54 57 12 52 10 12 88 88 71 40 84 28 59 97 31 77 5 98 81 38 94 42 57 65 25 3 48 56 77 3 5 53 31 69 8 76 3 78 33 82 77 20 9 18 16 9 70 75 37 87 50 84 37 63 66 10 24 24 57 20 70 1 4 10 21 82 23 59 62 83 8 87 42 82 87 78 64 91 47 13 20 93 98 99 81 63 26 87 55 78 10 66 95 5 64 24 32 83 14 82 6 52 31 59 32 99 50 4 6 2 55 16 37 3 6 32 91 42 53 47 34 23 18 78 18 66 60 86 9 32 52 65 43 60 16 13 78 74 12 63 72 86 57 40 79 77 69 14 89 84 30 22 49 78 31 47 64 20 72 13 79 89 59 11 77 71 11 63 92 83 66 8 49 40 46 29 44 15 68 16 21 66 6 71 64 7 85 14 14 59 77 50 80 55 68 98 32 69 1 15 90 2 59 100 13 15 85 62 39 82 26 25 25 79 60 48 47 143 69 95 74 60 19 3 87 97 1 84 56 23 62 2 28 16 48 77 32 48 64 9 44 14 56 2 95 4
2 1
3 2
4 3
5 4
6 5
7 6
8 7
9 8
10 9
11 10
12 11
13 12
14 13
15 14
16 15
17 16
18 17
19 18
20 19
21 20
22 21
23 22
24 23
25 24
26 25
27 26
28 27
29 28
30 29
31 30
32 31
33 32
34 33
35 34
36 35
37 36
38 37
39 38
40 39
41 40
42 41
43 42
44 43
45 44
46 45
47 46
48 47
49 48
50 49
51 50
52 51
53 52
54 53
55 54
56 55
57 56
58 57
59 58
60 59
61 60
62 61
63 62
64 63
65 64
66 65
67 66
68 67
69 68
70 69
71 70
72 71
73 72
74 73
75 74
76 75
77 76
78 77
79 78
80 79
81 80
82 81
83 82
84 83
85 84
86 85
87 86
88 87
89 88
90 89
91 90
92 91
93 92
94 93
95 94
96 95
97 96
98 97
99 98
100 99
101 100
102 101
103 102
104 103
105 104
106 105
107 106
108 107
109 108
110 109
111 110
112 111
113 112
114 113
115 114
116 115
117 116
118 117
119 118
120 119
121 120
122 121
123 122
124 123
125 124
126 125
127 126
128 127
129 128
130 129
131 130
132 131
133 132
134 133
135 134
136 135
137 136
138 137
139 138
140 139
141 140
142 141
143 142
144 143
145 144
146 145
147 146
148 147
149 148
150 149
151 150
152 151
153 152
154 153
155 154
156 155
157 156
158 157
159 158
160 159
161 160
162 161
163 162
164 163
165 164
166 165
167 166
168 167
169 168
170 169
171 170
172 171
173 172
174 173
175 174
176 175
177 176
178 177
179 178
180 179
181 180
182 181
183 182
184 183
185 184
186 185
187 186
188 187
189 188
190 189
191 190
192 191
193 192
194 193
195 194
196 195
197 196
198 197
199 198
200 199
201 200
202 201
203 202
204 203
205 204
206 205
207 206
208 207
209 208
210 209
211 210
212 211
213 212
214 213
215 214
216 215
217 216
218 217
219 218
220 219
221 220
222 221
223 222
224 223
225 224
226 225
227 226
228 227
229 228
230 229
231 230
232 231
233 232
234 233
235 234
236 235
237 236
238 237
239 238
240 239
241 240
242 241
243 242
244 243
245 244
246 245
247 246
248 247
249 248
250 249
251 19
252 44
253 177
254 56
255 18
256 255
257 119
258 145
259 88
260 240
261 250
262 88
263 219
264 145
265 143
266 255
267 5
268 107
269 115
270 65
271 106
272 200
273 203
274 193
275 157
276 13
277 37
278 85
279 191
280 154
281 87
282 186
283 152
284 65
285 75
286 181
287 41
288 129
289 258
290 272
291 139
292 72
293 101
294 126
295 173
296 235
297 40
298 184
299 280
300 225
301 209
302 172
303 89
304 255
305 137
306 157
307 196
308 68
309 5
310 162
311 100
312 114
313 160
314 47
315 13
316 253
317 159
318 233
319 190
320 16
321 141
322 307
323 133
324 121
325 303
326 194
327 157
328 215
329 307
330 308
331 141
332 210
333 81
334 237
335 332
336 24
337 186
338 278
339 264
340 165
341 305
342 6
343 67
344 2
345 262
346 73
347 277
348 293
349 228
350 23
351 314
352 342
353 94
354 270
355 7
356 321
357 70
358 219
359 74
360 152
361 134
362 107
363 333
364 14
365 115
366 350
367 299
368 243
369 118
370 226
371 190
372 279
373 284
374 259
375 87
376 84
377 97
378 354
379 377
380 187
381 44
382 1
383 269
384 300
385 62
386 46
387 283
388 363
389 317
390 162
391 281
392 42
393 219
394 171
395 286
396 225
397 195
398 314
399 167
400 187
401 213
402 398
403 179
404 275
405 280
406 34
407 290
408 162
409 201
410 115
411 390
412 282
413 410
414 336
415 173
416 274
417 22
418 41
419 328
420 165
421 283
422 133
423 353
424 370
425 80
426 170
427 128
428 419
429 237
430 154
431 24
432 177
433 207
434 208
435 218
436 367
437 112
438 221
439 221
440 402
441 14
442 304
443 159
444 320
445 290
446 358
447 25
448 191
449 205
450 270
451 146
452 68
453 422
454 145
455 279
456 404
457 31
458 291
459 76
460 213
461 281
462 50
463 206
464 6
465 428
466 147
467 82
468 415
469 200
470 176
471 403
472 336
473 8
474 339
475 116
476 450
477 321
478 419
479 89
480 166
481 138
482 59
483 8
484 91
485 165
486 175
487 176
488 88
489 151
490 12
491 287
492 272
493 195
494 198
495 411
496 185
497 84
498 287
499 115
500 257
500 4000
1102 181 2215 924 3211 1660 3586 2844 2207 1179 2533 296 1398 361 3439 1688 1440 1533 2854 3815 2027 1565 2454 3291 2813 3118 3337 982 3893 888 3720 1342 994 3353 306 1353 484 365 2939 2828 131 3356 1254 454 1613 2404 646 2887 3060 2439 882 1574 3751 3286 2055 3843 2320 319 451 953 2478 693 543 1319 3252 2111 780 3456 2242 2628 2610 241 3811 2420 3173 883 2535 1753 1097 2833 1249 2367 3689 3675 612 1888 1106 1579 3354 2037 3797 2646 1094 2233 3101 1111 2395 2463 686 888 3804 2519 255 3970 1014 572 3193 3847 635 1729 3281 845 3136 1212 2915 796 346 2675 1967 3755 212 3974 2329 2503 1013 1372 2972 1253 2160 497 2254 2890 555 3807 2938 3640 2261 3020 1242 3034 2754 276 2324 3443 297 2488 2456 2276 2752 3110 1175 2364 3638 1610 2949 2852 338 3669 370 554 2730 2540 3046 2893 2247 2420 668 2377 2519 1052 3808 645 3027 1802 2764 3420 3059 2409 768 3336 1231 3891 1600 436 823 2043 659 3139 3541 3613 3385 1020 3042 2538 1644 377 2695 1518 251 815 1973 3267 99 608 1959 2875 1776 2302 1431 1576 3795 1250 2014 2800 2596 3438 176 3375 2713 702 2391 3852 2280 2933 944 2209 890 710 3779 2884 977 3554 1255 2810 1884 897 886 1758 2712 2356 1868 365 3273 1481 934 2390 1849 3103 3321 1023 3857 2924 3792 2266 726 2541 267 586 647 3149 1749 1999 2772 1464 2212 1369 1185 1378 1207 108 27 2579 1579 464 3194 1078 2654 604 3225 1441 1097 483 1394 1382 408 2591 1501 3130 2059 1244 2571 2533 1682 3271 670 619 3909 2712 3819 2266 3458 2813 2355 245 683 3337 2111 671 3903 1084 3994 2123 24 3027 884 2467 1573 3794 2324 2422 3817 1841 3805 3591 2261 36 3877 2131 2625 3151 3859 2434 1936 2921 3735 3825 2821 2063 2062 318 3009 2092 534 1397 2143 3239 911 3227 3922 1005 19 408 253 3807 3287 169 691 94 3779 3078 3857 3541 399 3569 2841 872 2079 63 1777 3195 2880 427 3899 2661 932 1944 3638 1014 1851 1062 149 3046 3122 1817 3294 2655 1744 1701 1319 2637 2095 510 12 2052 2329 2015 436 1105 707 1208 3622 1669 654 988 2566 3679 380 1483 2676 1561 1104 957 550 2902 2505 1648 2085 905 160 1811 2087 3016 3489 3282 3787 2162 2791 2468 1818 1918 347 1939 3804 3429 1263 3883 601 498 3478 167 178 1096 2790 87 1791 3252 3984 1333 1450 1461 1311 2633 3467 3816 1265 1915 2022 3896 3187 1977 2147 1605 1600 1512 524 3731 3610 1648 3661 1398 234 1186 3975 219 3125 908 597 2938 480 2112 964 1466 2694 3265 1836 3781 1367 2736 308 3822 3475 1013 3718 1855 776 848 2734 3910 2857 865
683 2297 567 1388 828 855 2684 1621 3840 1512 3896 2834 931 443 833 902 2981 345 851 244 3217 1693 2460 1621 2333 3918 332 3319 3906 3999 3962 2009 3007 1386 3769 3013 167 584 1980 2734 243 1428 1478 2378 453 3265 3831 17 2073 1849 2099 279 2547 567 1972 2407 1988 3720 531 3362 2558 1918 2162 1782 857 3637 1101 2562 2694 554 418 2921 1491 2361 925 1429 3519 2230 1992 558 1985 494 1266 3291 1779 1695 2366 1753 3236 3478 3855 378 1149 360 2418 2368 3251 3603 3372 2875 3790 822 1765 1791 1785 1358 3797 2697 1450 1331 429 212 1907 2099 3240 1207 3050 3277 370 930 2069 657 1560 2553 3673 470 114 432 2020 3900 2319 967 3577 1891 1407 2280 2907 3532 581 3072 605 3472 798 155 1385 3614 3372 3363 1999 1656 1256 3002 2063 784 134 1941 2857 2911 3946 1660 2885 743 3371 2496 3678 3018 3270 2045 3763 2827 231 849 81 1540 1298 2587 3546 1287 407 3735 698 3929 2071 1753 1451 3756 2993 2312 2630 28 2386 2302 1452 3181 3355 989 1685 3139 3060 532 377 2786 3089 2195 2940 103 2979 1036 2175 199 3553 1707 1795 2407 2712 1527 2816 3996 177 1769 1191 2916 1985 2092 1684 1093 2326 150 2231 2405 3327 2983 1124 553 3964 2688 1752 3250 1895 2982 174 3030 642 3767 1603 1851 2083 3692 326 3065 957 592 2244 2352 1840 3328 3122 1960 3731 1092 1147 2184 864 2124 1804 570 1055 3311 2589 445 2647 3233 33 2059 2738 115 1009 3468 1936 1872 342 2587 3534 469 2230 1560 2359 2256 3968 2093 715 29 3769 294 78 1245 3497 1643 3796 1688 3489 2208 2219 3317 2128 1630 1833 55 1798 2451 566 3483 3271 1785 732 3728 1555 2515 494 758 3541 2637 1814 890 938 532 1923 3889 3476 3412 241 851 766 433 2299 90 3954 2921 1310 3068 2329 2440 47 965 177 715 2143 569 2902 2106 2508 1129 745 800 2796 1939 3461 3149 3125 1855 1827 814 144 3704 2700 2539 190 1128 3359 706 3018 504 162 3522 529 2246 2477 3499 3983 3368 916 740 3979 992 1909 157 3588 3617 418 839 2493 1505 1297 1456 3719 3327 3073 3620 1741 2104 79 3361 965 1124 2361 538 2709 2583 1938 3854 2627 1909 3751 970 1025 3765 2640 1885 1048 3770 90 282 3379 686 979 1939 2574 1440 407 756 2112 640 2203 2559 2855 3865 3959 3239 2131 3950 984 1871 916 1848 1062 99 2311 3583 3506 1687 190 1656 1796 607 1679 3806 323 1999 1247 404 1958 1941 239 154 3706 339 1319 2765 2259 130 3810 3653 2392 932 154 3018 3241 648 2581 1910 3892 1636 1263 2865 824 2158 3368 2761 664 2203 2737 753 1252 3452 1138 2620 1380 3574 383 2042
18 67 55 89 54 60 27 49 37 22 100 94 61 20 95 15 12 97 54 33 19 63 79 33 94 22 64 55 87 10 68 95 66 100 92 50 96 10 60 8 62 1 51 4 4 42 84 2 62 15 43 65 91 71 45 85 9 29 87 23 67 70 4 71 24 13 80 80 55 7 56 42 52 82 84 40 70 17 90 77 66 77 8 9 83 55 100 59 35 90 100 49 61 59 38 48 23 94 72 61 55 55 42 95 89 33 22 33 67 18 21 39 96 7 25 57 33 66 39 48 9 57 66 21 7 77 91 5 41 36 67 89 8 82 15 74 26 26 10 65 59 72 52 50 28 98 17 77 63 36 24 8 7 51 70 74 99 9 90 52 57 66 14 10 18 1 66 17 27 2 36 58 70 23 20 14 14 13 25 16 59 57 79 23 77 99 75 21 23 18 85 55 27 80 76 75 81 75 56 86 97 36 39 14 81 8 96 30 14 17 36 68 60 70 65 100 44 97 62 86 86 64 100 15 48 79 2 79 50 24 8 74 42 45 7 11 94 9 53 28 28 77 23 35 62 70 6 17 70 10 94 37 20 23 88 88 54 34 20 67 99 85 47 1 15 76 78 9 70 69 58 30 69 33 5 98 89 73 89 4 29 5 48 22 17 76 33 30 90 17 41 106 62 85 28 46 41 85 37 10 30 9 12 21 94 93 19 53 17 12 39 26 63 54 20 33 89 74 54 20 8 4 26 91 29 32 41 55 19 92 55 29 81 79 18 13 51 70 48 67 50 42 76 71 26 34 17 5 8 54 100 71 33 44 82 34 50 95 71 98 88 26 46 57 90 74 73 46 25 75 61 26 48 3 18 26 77 19 100 87 2 75 54 51 63 52 70 46 27 21 72 40 62 82 10 31 47 47 77 55 86 28 6 88 95 91 88 37 51 60 40 39 23 49 97 96 40 13 61 93 26 14 28 77 28 92 96 67 67 69 93 5 44 50 82 94 31 19 68 10 22 38 62 65 16 40 8 98 74 82 80 52 98 66 58 28 14 93 36 92 53 32 18 89 85 64 2 28 89 54 75 18 37 43 37 12 11 33 68 80 23 87 31 15 87 54 11 47 88 56 9 44 3 12 79 56 64 30 29 18
2 1
3 2
4 3
5 4
6 5
7 6
8 7
9 8
10 9
11 10
12 11
13 12
14 13
15 14
16 15
17 16
18 17
19 18
20 19
21 20
22 21
23 22
24 23
25 24
26 25
27 26
28 27
29 28
30 29
31 30
32 31
33 32
34 33
35 34
36 35
37 36
38 37
39 38
40 39
41 40
42 41
43 42
44 43
45 44
46 45
47 46
48 47
49 48
50 49
51 50
52 51
53 52
54 53
55 54
56 55
57 56
58 57
59 58
60 59
61 60
62 61
63 62
64 63
65 64
66 65
67 66
68 67
69 68
70 69
71 70
72 71
73 72
74 73
75 74
76 75
77 76
78 77
79 78
80 79
81 80
82 81
83 82
84 83
85 84
86 85
87 86
88 87
89 88
90 89
91 90
92 91
93 92
94 93
95 94
96 95
97 96
98 97
99 98
100 99
101 100
102 101
103 102
104 103
105 104
106 105
107 106
108 107
109 108
110 109
111 110
112 111
113 112
114 113
115 114
116 115
117 116
118 117
119 118
120 119
121 120
122 121
123 122
124 123
125 124
126 125
127 126
128 127
129 128
130 129
131 130
132 131
133 132
134 133
135 134
136 135
137 136
138 137
139 138
140 139
141 140
142 141
143 142
144 143
145 144
146 145
147 146
148 147
149 148
150 149
151 150
152 151
153 152
154 153
155 154
156 155
157 156
158 157
159 158
160 159
161 160
162 161
163 162
164 163
165 164
166 165
167 166
168 167
169 168
170 169
171 170
172 171
173 172
174 173
175 174
176 175
177 176
178 177
179 178
180 179
181 180
182 181
183 182
184 183
185 184
186 185
187 186
188 187
189 188
190 189
191 190
192 191
193 192
194 193
195 194
196 195
197 196
198 197
199 198
200 199
201 200
202 201
203 202
204 203
205 204
206 205
207 206
208 207
209 208
210 209
211 210
212 211
213 212
214 213
215 214
216 215
217 216
218 217
219 218
220 219
221 220
222 221
223 222
224 223
225 224
226 225
227 226
228 227
229 228
230 229
231 230
232 231
233 232
234 233
235 234
236 235
237 236
238 237
239 238
240 239
241 240
242 241
243 242
244 243
245 244
246 245
247 246
248 247
249 248
250 249
251 20
252 209
253 127
254 36
255 152
256 102
257 113
258 44
259 162
260 145
261 134
262 181
263 113
264 104
265 120
266 258
267 249
268 80
269 102
270 207
271 184
272 249
273 65
274 246
275 174
276 31
277 273
278 25
279 24
280 127
281 208
282 262
283 225
284 13
285 174
286 150
287 138
288 71
289 174
290 62
291 21
292 103
293 20
294 27
295 99
296 15
297 167
298 267
299 7
300 229
301 61
302 223
303 284
304 90
305 108
306 251
307 151
308 105
309 155
310 307
311 197
312 244
313 154
314 76
315 184
316 284
317 82
318 46
319 17
320 111
321 48
322 48
323 210
324 208
325 240
326 16
327 130
328 51
329 269
330 55
331 53
332 322
333 168
334 246
335 171
336 109
337 80
338 5
339 328
340 297
341 248
342 140
343 188
344 337
345 103
346 190
347 331
348 37
349 70
350 2
351 132
352 257
353 1
354 73
355 117
356 256
357 323
358 243
359 41
360 25
361 147
362 108
363 289
364 207
365 179
366 73
367 122
368 189
369 70
370 93
371 139
372 83
373 315
374 277
375 278
376 70
377 159
378 279
379 48
380 314
381 259
382 371
383 143
384 354
385 166
386 332
387 331
388 253
389 96
390 322
391 132
392 20
393 88
394 135
395 139
396 380
397 176
398 175
399 217
400 239
401 134
402 205
403 77
404 73
405 276
406 329
407 66
408 316
409 396
410 238
411 5
412 235
413 261
414 309
415 358
416 356
417 202
418 282
419 164
420 140
421 276
422 290
423 90
424 264
425 238
426 171
427 279
428 168
429 208
430 52
431 271
432 383
433 343
434 432
435 216
436 368
437 64
438 246
439 308
440 109
441 115
442 417
443 151
444 291
445 259
446 181
447 1
448 33
449 83
450 407
451 346
452 328
453 343
454 288
455 201
456 229
457 114
458 22
459 318
460 395
461 46
462 409
463 244
464 61
465 66
466 325
467 272
468 400
469 455
470 255
471 106
472 397
473 455
474 160
475 158
476 302
477 182
478 310
479 88
480 397
481 201
482 190
483 247
484 45
485 24
486 292
487 296
488 51
489 230
490 121
491 66
492 202
493 40
494 361
495 265
496 249
497 110
498 361
499 283
500 210
