5
382 200
238 1333 2345 1300 989 1492 149 122 3027 1320 1222 2543 3296 934 2162 1155 2095 112 1576 554 842 1554 2197 1749 3340 1594 1876 1263 1134 1719 3163 1403 1196 2165 3427 397 3479 3128 791 1510 704 855 1217 1204 2690 2748 624 3145 849 1082 302 3835 2657 1454 1344 796 1753 953 990 1115 857 1084 1046 28 1896 2294 1435 3187 739 506 3827 2791 2882 373 1152 3941 428 863 3790 3746 702 1279 1342 2613 1143 3365 1522 3605 2535 450 921 3951 248 1195 284 2571 1436 1934 3177 3392 2168 3188 384 180 1489 2040 1692 953 1334 999 3395 2629 2830 473 3952 2450 1282 1743 1184 1269 1613 2958 700 194 866 3514 3558 736 766 407 2662 1642 3408 221 2710 262 2149 1274 2700 1193 471 1132 1063 299 2264 607 2429 1351 3675 2532 3908 2327 2308 3827 2559 2253 817 67 971 1525 3303 744 169 2089 3713 748 1709 149 181 3057 776 525 3753 262 3539 1324 2806 3496 3036 2543 3930 2236 853 305 2404 747 2234 3752 283 829 3907 607 2159 1848 714 566 579 3099 3102 1624 3067 3319 2025 2332 1634 3182 2686 3871 1342 366 774 1695 503 79 1068 635 3844 1580 198 3530 3225 640 3942 185 2606 33 2818 3817 3888 929 2496 232 3213 1858 2054 143 347 2170 256 2940 3529 1384 146 1234 2858 1846 3487 814 1502 3600 2426 875 451 3523 237 2521 2075 3482 200 3641 991 150 3852 2652 1188 3116 1207 2237 971 835 817 3901 879 1518 2392 3262 3306 3111 1864 2402 3176 3181 3631 3524 2544 1600 303 1783 1231 1787 852 1983 2087 3697 1784 3629 1559 2476 3797 2879 364 2274 3594 1879 136 984 2256 1563 1168 2940 1375 1326 3131 413 2491 2733 634 1710 1541 3436 3362 2716 2271 2002 2689 300 1726 2738 1984 2425 1174 2476 692 1837 162 677 3435 3102 3219 2210 3380 651 2778 1578 2255 2487 728 3133 3927 1253 2470 1008 1452 2677 2688 1611 2853 2174 534 1156 117 2861 3125 957 1436 1438 3218 2620 2609 3064 728 1419 3118 3662 3187 1520 3900 2003 30 1645 2176 1885
12 25 49 67 67 197 99 118 181 119 60 7 3 155 150 187 77 171 162 55 30 143 109 49 75 200 157 53 186 74 60 165 56 139 173 31 179 158 21 65 179 12 172 191 99 189 165 15 68 194 10 60 116 142 123 137 3 190 96 32 126 158 29 67 200 77 78 186 150 90 156 30 170 40 200 75 123 191 77 21 147 117 34 84 89 13 193 80 168 85 74 196 152 46 124 30 75 198 21 116 27 57 95 133 75 129 198 134 187 43 16 130 1 4 4 55 196 130 95 118 34 103 11 42 21 154 72 116 90 144 80 30 27 51 30 38 61 153 183 53 69 159 85 8 198 102 143 157 22 70 181 161 179 2 19 153 32 60 51 159 140 65 193 119 29 159 169 106 17 94 60 146 110 76 123 190 27 36 35 127 143 65 139 27 128 23 162 33 71 98 4 62 170 58 54 32 146 63 120 72 111 81 91 76 152 66 52 180 120 38 184 20 6 179 1 99 92 150 200 107 66 101 187 66 4 131 81 199 89 41 68 136 190 153 30 59 171 56 159 187 61 92 191 180 156 35 39 98 93 110 149 150 74 165 192 10 49 36 184 6 3 62 107 139 55 128 156 200 71 72 44 154 80 54 38 168 136 187 133 47 139 81 81 58 15 10 155 110 162 37 61 93 32 61 166 24 121 36 101 186 91 32 11 129 28 27 174 199 155 81 68 42 87 109 93 48 112 20 52 78 182 109 71 50 15 200 190 167 117 182 56 129 135 17 141 129 199 93 199 9 52 126 138 11 41 27 71 23 118 106 67 3 30 5 126 191 129 133 121 153 122 22 7 189 172 3 152 41 73 10 74 87 172 58 145 91 88 43 128 71 120 173
24 37 55 55 6 45 29 76 67 25 69 91 22 77 40 32 8 100 90 50 71 74 71 90 92 3 31 8 83 70 62 28 35 84 66 81 13 55 64 30 21 1 43 63 11 50 11 7 71 93 50 6 24 37 77 57 93 7 86 48 28 94 27 48 79 4 78 17 33 16 15 58 19 72 57 86 50 44 45 57 75 86 63 40 4 7 71 78 69 50 72 76 96 44 83 43 45 21 98 43 89 45 54 98 35 33 77 57 48 15 64 7 200 19 65 36 10 57 1 68 77 92 41 12 10 87 72 64 36 21 63 15 49 37 36 79 7 77 36 44 16 4 70 35 47 98 92 22 39 10 58 67 55 24 36 45 98 68 87 21 80 59 37 61 46 73 58 85 83 27 26 60 67 99 77 78 99 24 67 62 93 3 79 6 69 38 30 37 29 83 96 13 57 89 12 53 15 17 64 93 69 8 99 87 83 3 73 97 64 36 51 65 11 55 80 39 99 24 92 94 2 11 47 96 64 96 8 67 32 44 74 69 23 76 71 51 86 69 64 78 66 32 28 9 1 71 21 13 11 67 16 94 89 12 64 18 89 31 40 88 38 51 52 39 57 18 49 82 32 64 96 31 18 48 42 19 8 34 38 96 63 94 90 91 98 63 50 15 34 43 85 74 47 45 78 81 1 22 74 22 80 73 63 54 19 49 1 88 79 45 82 49 94 55 4 75 6 88 54 51 93 15 47 91 42 83 3 37 73 74 10 50 94 63 67 5 54 3 72 86 66 20 47 86 65 34 69 16 96 94 68 10 9 28 26 45 40 8 96 34 76 59 85 54 70 15 57 31 26 69 89 23 22 58 3 52 23 52 92 21 85 38
2 1
3 2
4 3
5 4
6 5
7 6
8 7
9 8
10 9
11 10
12 11
13 12
14 13
15 14
16 15
17 16
18 17
19 18
20 19
21 20
22 21
23 22
24 23
25 24
26 25
27 26
28 27
29 28
30 29
31 30
32 31
33 32
34 33
35 34
36 35
37 36
38 37
39 38
40 39
41 40
42 41
43 42
44 43
45 44
46 45
47 46
48 47
49 48
50 49
51 50
52 51
53 52
54 53
55 54
56 55
57 56
58 57
59 58
60 59
61 60
62 61
63 62
64 63
65 64
66 65
67 66
68 67
69 68
70 69
71 70
72 71
73 72
74 73
75 74
76 75
77 76
78 77
79 78
80 79
81 80
82 81
83 82
84 83
85 84
86 85
87 86
88 87
89 88
90 89
91 90
92 91
93 92
94 93
95 94
96 95
97 96
98 97
99 98
100 99
101 100
102 101
103 102
104 103
105 104
106 105
107 106
108 107
109 108
110 109
111 110
112 111
113 112
114 113
115 114
116 115
117 116
118 117
119 118
120 119
121 120
122 121
123 122
124 123
125 124
126 125
127 126
128 127
129 128
130 129
131 130
132 131
133 132
134 133
135 134
136 135
137 136
138 137
139 138
140 139
141 140
142 141
143 142
144 143
145 144
146 145
147 146
148 147
149 148
150 149
151 150
152 151
153 152
154 153
155 154
156 155
157 156
158 157
159 158
160 159
161 160
162 161
163 162
164 163
165 164
166 165
167 166
168 167
169 168
170 169
171 170
172 171
173 172
174 173
175 174
176 175
177 176
178 177
179 178
180 179
181 180
182 181
183 182
184 183
185 184
186 185
187 186
188 187
189 188
190 189
191 190
192 182
193 49
194 160
195 123
196 37
197 21
198 55
199 25
200 119
201 183
202 168
203 175
204 87
205 174
206 65
207 34
208 79
209 158
210 200
211 55
212 188
213 149
214 169
215 37
216 126
217 120
218 176
219 124
220 146
221 52
222 124
223 75
224 69
225 64
226 9
227 160
228 171
229 93
230 43
231 109
232 109
233 65
234 222
235 56
236 220
237 176
238 149
239 173
240 225
241 173
242 57
243 38
244 45
245 63
246 242
247 178
248 225
249 183
250 33
251 248
252 17
253 125
254 187
255 118
256 100
257 57
258 183
259 21
260 186
261 8
262 128
263 32
264 114
265 95
266 8
267 196
268 95
269 43
270 102
271 77
272 190
273 266
274 99
275 251
276 3
277 41
278 250
279 247
280 143
281 198
282 107
283 209
284 88
285 40
286 100
287 215
288 93
289 132
290 195
291 280
292 280
293 78
294 57
295 276
296 22
297 257
298 172
299 31
300 97
301 247
302 14
303 136
304 142
305 220
306 141
307 102
308 51
309 297
310 121
311 170
312 187
313 140
314 287
315 301
316 207
317 134
318 121
319 166
320 9
321 72
322 113
323 33
324 28
325 242
326 260
327 229
328 19
329 21
330 34
331 304
332 214
333 111
334 306
335 72
336 226
337 316
338 88
339 23
340 25
341 127
342 165
343 329
344 7
345 154
346 310
347 105
348 202
349 118
350 287
351 288
352 274
353 270
354 46
355 308
356 337
357 329
358 178
359 199
360 189
361 38
362 345
363 51
364 339
365 40
366 18
367 73
368 127
369 114
370 105
371 8
372 279
373 124
374 81
375 84
376 119
377 15
378 172
379 109
380 158
381 330
382 67
478 200
2658 1219 289 3448 903 3740 2927 1236 2198 498 701 2793 1398 3428 1566 604 1843 3461 3343 2021 2494 3215 2200 2654 2499 2631 1411 240 3017 178 3004 250 720 3992 490 130 3878 3735 1741 3264 2250 2603 3129 1865 421 891 2003 2201 3814 2087 2441 579 1341 3504 2775 1821 3450 1671 1175 2470 2759 2330 2568 955 36 636 1668 315 1026 1876 2875 22 3971 8 2036 220 3760 1706 1092 1797 3194 2435 2000 1948 373 1951 3104 2960 530 1912 1125 317 3933 1734 2094 152 3895 3239 837 2649 2485 555 687 13 3064 3170 228 3132 1102 2921 587 2040 2377 3442 2586 295 2335 1299 1677 3601 2627 274 2470 2189 450 14 2916 2664 2721 3280 2727 822 3604 1171 3331 3166 66 241 1154 2145 1816 2896 799 1930 2283 3436 2017 2524 3187 678 3541 2999 1156 2604 2896 3692 2671 1034 1860 3203 3769 2705 2400 1258 2490 1510 3981 992 2040 3533 134 3234 1253 535 3832 2356 2200 2441 2908 1043 1640 1454 2769 1691 1134 1216 1660 3476 2939 1970 4 834 823 384 330 1580 3389 826 839 1355 723 2286 2665 3415 3214 821 47 2094 3015 1409 3586 1765 2551 3844 919 3636 1944 2276 1731 3388 511 2077 222 3739 340 2582 2396 3220 2069 2760 1127 2008 2379 3435 2881 2136 3947 3748 58 3502 144 1451 1485 2569 1527 3840 2880 378 2267 3953 411 3549 2162 1156 2409 1993 3304 2027 653 1274 1979 1192 327 1053 2103 2078 3560 3421 3219 922 274 1294 1676 1376 1748 2840 3393 2746 260 1349 2383 574 1950 813 1581 3551 252 481 299 375 2263 2646 551 82 478 2484 2128 3773 1652 1727 2943 2192 2127 1605 2227 2456 3087 3465 652 3178 2459 334 3403 2629 3235 7 1672 3686 2161 3517 2739 3441 561 2977 1360 701 2340 3413 2445 1473 2751 1014 2246 1021 74 1388 476 3819 3926 1300 561 1063 670 236 807 3068 1025 992 90 2992 3871 2996 2875 2738 755 339 1807 1635 1233 535 3719 2594 3552 2744 3777 1883 1593 250 3776 593 2561 3473 519 106 2339 311 604 1468 3794 2066 2171 2519 606 703 3321 2706 2229 1378 3899 474 2269 434 1141 1175 3695 1119 1096 3328 2422 615 470 2530 1928 313 2984 2091 3172 3240 706 1405 1581 564 2469 2321 2150 2004 2757 1481 1007 2408 1165 1659 1280 2046 3504 2489 228 3074 210 3685 87 1099 2039 1845 3139 1187 3785 1346 2199 2518 1552 1079 138 2558 3213 3767 1007 2926 3161 3823 1753 316 2812 2941 658 3732 1200 737 2070 282 2647 130 1142 1599 1562 451 3178 2663 740 1511 406 3993 1183 1153 321 2089 2158 2305
11 90 117 129 162 173 150 124 27 60 185 46 3 31 141 86 194 70 200 111 4 107 70 196 64 55 125 71 112 171 124 173 73 8 76 52 148 25 119 79 30 176 144 113 125 54 114 137 51 191 12 22 63 158 181 67 177 157 172 165 141 23 146 138 164 194 100 84 174 64 50 191 163 133 93 48 140 38 88 79 101 112 77 38 61 14 187 122 112 120 61 185 188 185 70 70 154 31 43 49 103 121 137 115 163 4 55 41 32 78 39 174 183 104 89 62 39 78 23 105 190 192 136 21 124 134 38 71 85 48 74 196 151 164 130 83 165 76 128 77 34 71 6 96 105 55 120 88 155 116 91 200 66 39 116 184 45 185 187 47 100 92 168 163 55 26 46 103 177 22 190 165 1 113 190 188 179 38 124 35 92 24 53 135 164 170 138 10 32 79 12 149 80 124 119 48 5 139 124 151 175 194 163 135 6 195 88 169 190 37 27 111 15 171 198 142 181 148 10 27 84 163 43 65 72 56 125 169 12 198 38 83 40 95 13 77 143 46 154 33 185 155 39 12 110 117 46 29 180 114 188 51 58 75 198 58 132 46 67 40 137 68 186 59 187 173 53 101 126 121 108 179 20 9 142 98 184 157 173 76 129 63 8 58 24 191 127 98 181 137 137 59 30 77 193 47 104 166 170 113 123 45 96 15 88 166 1 81 61 187 122 139 100 1 14 80 144 152 139 32 145 87 103 188 26 184 83 23 112 119 102 7 116 9 124 189 148 75 191 66 22 1 63 147 166 184 29 173 130 30 109 108 123 169 13 74 181 149 104 36 170 67 191 33 83 166 97 189 96 199 66 179 98 156 90 2 38 21 190 50 148 96 100 55 176 70 90 92 72 165 167 76 174 87 198 134 15 140 80 79 69 19 88 141 73 79 164 49 197 64 41 181 152 87 175 103 42 31 7 172 58 56 146 41 157 78 123 142 57 114 94 28 2 199 34 161 188 192 36 105 193 184 174 128 13 138 192 61 192 3 12 137 123 45 7 1 86 182 14 113 8 40 30 146 103 114 192 37 34 151 92 128 44 102 93 9 124 186
78 21 78 16 73 37 38 19 90 50 16 7 1 25 29 33 98 49 83 90 13 31 58 90 53 20 62 82 4 24 31 18 2 83 81 86 88 9 57 43 23 82 64 73 93 78 59 82 48 50 95 46 53 68 38 69 20 27 90 85 85 42 37 9 36 89 81 93 81 61 33 7 69 98 55 70 42 6 63 97 5 76 92 18 92 93 6 40 79 54 29 74 78 90 29 10 78 5 21 37 68 34 31 11 36 17 68 93 42 24 80 98 93 84 34 39 49 10 54 11 16 100 58 94 35 40 26 25 47 15 42 81 9 98 70 35 84 52 47 68 66 89 71 13 60 17 8 37 88 64 89 2 5 85 54 17 13 97 92 37 54 85 15 19 68 99 79 39 6 93 70 45 62 56 8 13 15 39 38 32 41 66 68 9 48 45 61 43 46 4 77 11 1 9 13 65 17 53 9 58 8 94 11 73 47 53 46 19 84 99 46 8 52 97 62 75 100 9 86 32 71 5 43 87 79 63 7 4 100 74 22 74 27 55 78 60 83 44 58 59 56 100 17 76 38 12 28 85 9 20 38 7 73 17 70 85 72 5 34 44 73 84 30 45 24 30 80 10 3 62 95 77 44 62 38 77 53 63 1 7 79 10 56 53 38 91 51 33 52 89 62 20 96 38 63 8 81 29 88 87 16 78 30 57 46 97 95 12 30 10 34 81 6 64 13 82 60 15 34 75 83 14 90 34 2 33 94 46 72 12 8 50 5 64 46 62 24 66 36 74 42 114 95 63 42 85 44 66 9 81 6 62 85 37 55 8 1 28 86 53 95 93 9 20 57 65 44 37 60 84 46 90 63 6 67 52 31 33 22 9 63 82 47 27 38 65 20 67 74 23 44 67 40 74 29 49 38 24 39 34 96 20 73 11 50 86 82 93 73 16 14 6 37 17 79 46 78 94 50 59 46 54 95 6 18 74 68 77 51 25 64 53 95 61 96 16 96 27 57 75 60 67 89 82 55 87 7 39 29 4 77 96 80 62 9 128 64 2 93 80 40 53 35 2 77 47 96 82 100 68 56 95 73 1 15 57 84 95
2 1
3 2
4 3
5 4
6 5
7 6
8 7
9 8
10 9
11 10
12 11
13 12
14 13
15 14
16 15
17 16
18 17
19 18
20 19
21 20
22 21
23 22
24 23
25 24
26 25
27 26
28 27
29 28
30 29
31 30
32 31
33 32
34 33
35 34
36 35
37 36
38 37
39 38
40 39
41 40
42 41
43 42
44 43
45 44
46 45
47 46
48 47
49 48
50 49
51 50
52 51
53 52
54 53
55 54
56 55
57 56
58 57
59 58
60 59
61 60
62 61
63 62
64 63
65 64
66 65
67 66
68 67
69 68
70 69
71 70
72 71
73 72
74 73
75 74
76 75
77 76
78 77
79 78
80 79
81 80
82 81
83 82
84 83
85 84
86 85
87 86
88 87
89 88
90 89
91 90
92 91
93 92
94 93
95 94
96 95
97 96
98 97
99 98
100 99
101 100
102 101
103 102
104 103
105 104
106 105
107 106
108 107
109 108
110 109
111 110
112 111
113 112
114 113
115 114
116 115
117 116
118 117
119 118
120 119
121 120
122 121
123 122
124 123
125 124
126 125
127 126
128 127
129 128
130 129
131 130
132 131
133 132
134 133
135 134
136 135
137 136
138 137
139 138
140 139
141 140
142 141
143 142
144 143
145 144
146 145
147 146
148 147
149 148
150 149
151 150
152 151
153 152
154 153
155 154
156 155
157 156
158 157
159 158
160 159
161 160
162 161
163 162
164 163
165 164
166 165
167 166
168 167
169 168
170 169
171 170
172 171
173 172
174 173
175 174
176 175
177 176
178 177
179 178
180 179
181 180
182 181
183 182
184 183
185 184
186 185
187 186
188 187
189 188
190 189
191 190
192 191
193 192
194 193
195 194
196 195
197 196
198 197
199 198
200 199
201 200
202 201
203 202
204 203
205 204
206 205
207 206
208 207
209 208
210 209
211 210
212 211
213 212
214 213
215 214
216 215
217 216
218 217
219 218
220 219
221 220
222 221
223 222
224 223
225 224
226 225
227 226
228 227
229 228
230 229
231 230
232 231
233 232
234 233
235 234
236 235
237 236
238 237
239 238
240 41
241 173
242 181
243 57
244 80
245 41
246 69
247 20
248 113
249 85
250 25
251 182
252 218
253 205
254 98
255 188
256 68
257 253
258 166
259 158
260 231
261 171
262 233
263 100
264 129
265 15
266 62
267 108
268 129
269 37
270 116
271 185
272 119
273 182
274 62
275 217
276 259
277 94
278 232
279 231
280 110
281 201
282 64
283 272
284 144
285 244
286 149
287 207
288 71
289 150
290 50
291 163
292 107
293 32
294 12
295 173
296 12
297 45
298 160
299 98
300 292
301 194
302 147
303 117
304 281
305 33
306 48
307 143
308 158
309 130
310 199
311 243
312 256
313 74
314 251
315 229
316 304
317 96
318 23
319 268
320 24
321 214
322 165
323 5
324 72
325 229
326 5
327 269
328 88
329 227
330 181
331 174
332 301
333 48
334 285
335 51
336 38
337 214
338 78
339 97
340 159
341 18
342 32
343 91
344 185
345 24
346 58
347 271
348 180
349 126
350 52
351 281
352 164
353 164
354 288
355 230
356 324
357 33
358 107
359 209
360 24
361 2
362 109
363 30
364 286
365 231
366 98
367 264
368 290
369 126
370 157
371 327
372 351
373 173
374 28
375 3
376 110
377 298
378 1
379 8
380 276
381 145
382 361
383 191
384 18
385 232
386 86
387 303
388 32
389 377
390 252
391 18
392 32
393 1
394 199
395 3
396 153
397 107
398 92
399 348
400 95
401 1
402 286
403 330
404 87
405 279
406 359
407 165
408 93
409 304
410 348
411 369
412 228
413 17
414 61
415 394
416 247
417 266
418 155
419 408
420 309
421 347
422 18
423 156
424 104
425 16
426 397
427 25
428 313
429 69
430 127
431 41
432 168
433 101
434 47
435 246
436 353
437 296
438 208
439 58
440 303
441 274
442 114
443 163
444 6
445 2
446 381
447 328
448 204
449 371
450 408
451 145
452 417
453 178
454 164
455 265
456 112
457 183
458 138
459 360
460 207
461 328
462 246
463 318
464 361
465 68
466 465
467 454
468 392
469 41
470 160
471 417
472 216
473 385
474 101
475 326
476 190
477 85
478 444
6 200
1990 2852 158 2456 3554 607
1 185 89 81 73 128
43 76 97 70 77 79
2 1
3 2
4 1
5 1
6 2
500 200
1390 1387 728 659 1567 974 2932 2400 1010 2642 1295 1765 3063 880 35 1279 2507 2071 1516 906 1170 1816 2919 2036 3415 14 2473 453 225 3570 2366 1902 3510 3295 2404 240 3349 3970 1991 112 1006 3366 509 1498 5 1182 1189 850 1767 3700 412 2498 2413 2193 2625 63 3695 2125 618 2846 3594 696 294 2135 598 106 309 3160 449 1607 901 2125 1073 1270 1551 781 1528 67 2257 2632 2104 1651 3118 3343 762 456 3939 1924 1994 3476 1963 515 3125 2818 181 1296 454 3458 2020 1154 3933 1462 2729 2927 3569 314 316 2777 2857 3256 3457 3289 1173 1548 1657 139 1106 276 3109 3801 1374 1627 1859 1195 1017 1063 3811 3663 2590 962 169 1573 3584 2533 2600 398 424 1963 1917 725 1934 820 1834 1181 1270 1751 2965 588 430 1677 2145 2807 5 1179 2410 2864 2030 1984 263 141 1622 1727 763 3546 3746 2638 3709 2881 813 3648 682 1944 32 1487 3271 3595 1331 589 2427 1707 3204 268 2188 982 1462 1931 2170 3880 2412 2948 217 1634 38 3603 2867 1209 1787 1481 2846 1346 248 1841 2618 763 2680 801 3246 1212 2468 197 2179 2592 2158 616 3680 1294 1961 2724 904 844 3435 3979 3954 1670 806 1941 2153 1082 99 3884 1635 3527 417 214 485 1590 3661 1731 2071 3945 1666 375 36 2882 578 3033 2197 407 3894 828 2063 1204 931 685 3818 2704 462 3294 1812 1460 562 3025 69 3017 2112 3176 3492 1377 2550 2060 123 1096 1315 732 3031 2763 2010 1560 611 2376 2293 557 613 3416 2221 1795 984 3194 1719 2021 2252 3649 385 432 1436 2336 1837 2174 527 3155 3181 2229 145 2897 1216 75 179 3729 2253 284 2625 2490 62 2959 1666 2319 3647 2692 2229 2682 1463 3682 3562 567 3494 1823 1855 3 3968 3089 3997 1734 3945 3028 179 2046 1042 3484 3409 589 3667 1181 2311 2661 1513 280 1855 1458 114 3112 3161 3945 455 2573 3814 1679 1146 1432 583 396 3985 2840 455 1232 1186 2371 2166 3397 3407 3240 168 3927 100 3348 2574 33 1134 1346 724 762 1247 1608 987 2686 864 2495 1527 3457 86 2450 3403 2353 1848 1547 3972 2314 112 1753 1813 735 2033 1894 1585 3175 3960 3768 1614 3142 1286 3876 568 3932 3996 155 211 2771 728 1519 1206 2756 80 2886 3236 1643 3854 3138 301 3724 651 2863 1957 772 46 3502 3236 2772 3143 2241 3998 2219 2503 1399 3363 3219 35 1849 474 1758 265 149 2266 1906 1922 1867 3530 2962 2473 1206 410 750 2987 668 1505 3148 2752 856 2680 2008 3337 1223 3895 3657 3658 3410 303 182 362 1371 712 2137 1098 1930 3644 2849 194 409 2868 3933 2050 382 3714 1991 2632 2328 191 431 3325 1949 1926 3945
13 44 108 39 127 23 164 106 12 61 83 32 83 58 137 8 126 18 85 48 79 12 63 17 179 126 44 152 62 71 123 103 129 25 111 11 122 21 125 199 194 76 48 17 187 10 50 180 59 166 181 151 11 9 122 131 101 196 41 27 5 133 17 87 93 66 178 50 103 63 56 21 150 29 98 123 125 92 4 47 52 171 129 123 175 70 19 171 88 16 15 2 80 145 20 139 41 161 148 19 55 125 14 189 15 186 154 173 71 152 94 26 80 74 39 158 169 59 99 57 198 75 110 13 127 91 27 99 52 125 173 142 97 55 190 134 134 26 87 56 195 46 184 13 97 33 113 16 194 145 169 196 165 189 127 70 148 163 39 54 120 165 166 12 175 46 48 137 132 28 25 92 159 103 106 87 197 1 103 121 106 70 46 77 134 127 153 170 69 161 22 45 147 179 118 21 191 24 85 93 110 122 145 200 123 193 133 112 93 123 111 96 25 19 176 35 33 183 124 156 148 125 18 23 182 54 45 24 83 199 4 115 151 67 182 101 41 125 105 33 105 29 131 29 135 185 50 191 93 142 169 90 199 103 99 125 185 70 116 110 177 145 109 195 78 143 152 10 96 19 196 10 97 145 107 145 75 31 153 112 100 149 198 76 39 184 144 135 60 195 18 166 129 16 8 44 194 86 95 112 127 100 88 50 180 117 69 196 86 132 15 183 44 67 110 179 171 62 33 20 22 189 159 81 29 107 46 119 180 193 4 22 143 198 28 82 44 19 35 101 32 34 131 3 62 55 190 31 101 107 118 28 32 5 100 71 19 81 70 195 164 14 54 21 8 123 137 9 119 146 76 13 9 24 133 189 170 195 176 63 123 29 88 160 98 113 88 23 77 116 65 161 50 62 46 156 49 153 69 88 86 17 49 147 105 198 190 69 160 190 59 4 30 78 197 96 68 82 155 185 137 59 118 56 86 33 131 140 92 42 19 127 65 178 65 56 167 156 140 90 103 136 183 149 174 13 8 131 6 33 157 142 64 166 85 1 199 56 77 85 183 21 80 109 159 28 52 188 45 41 194 149 152 185 181 59 139 65 182 10 16 12 199 6 49 133 158 100 62 9 76 166 35 121 150 107 146 127 194 54
12 31 47 92 53 7 43 12 4 79 100 9 82 88 82 80 17 6 100 12 70 73 52 80 50 85 68 69 30 65 80 81 69 65 90 8 4 40 38 94 64 87 10 9 53 15 7 1 67 82 85 21 77 37 96 12 79 73 76 45 25 74 30 95 98 4 55 80 38 37 53 79 42 29 29 91 22 17 52 14 74 6 88 19 20 41 41 72 41 68 7 7 37 74 15 90 1 11 47 100 63 77 98 63 79 35 3 95 73 24 7 85 53 43 82 100 35 9 7 99 11 10 63 79 91 47 27 54 43 47 36 65 9 26 35 26 11 55 58 98 40 46 58 61 89 48 45 30 69 36 70 81 55 2 23 22 31 94 74 64 59 100 76 42 45 50 54 37 41 74 57 79 6 69 44 11 98 43 63 77 22 35 30 99 77 74 35 35 12 91 61 47 11 86 85 32 34 2 2 16 38 68 35 54 69 58 60 21 91 38 62 43 11 62 79 79 78 16 22 83 75 90 14 52 63 49 65 74 46 10 46 69 1 45 6 8 10 24 100 34 17 42 12 2 32 17 66 76 94 81 86 5 7 27 14 46 12 28 82 76 69 46 16 90 31 68 21 96 92 89 71 11 51 27 83 65 64 12 29 23 20 85 98 73 49 9 5 49 18 57 86 86 40 62 95 94 28 34 72 78 27 83 13 98 74 89 29 81 4 3 65 46 57 35 70 31 17 25 84 69 8 98 92 17 15 17 91 78 87 67 27 47 45 87 50 30 61 55 1 97 28 57 27 20 68 37 90 92 50 12 73 67 42 8 96 20 25 57 36 96 4 51 58 70 19 89 34 27 89 79 99 33 95 23 94 41 82 21 18 7 29 11 86 22 46 39 62 51 91 28 54 22 44 66 81 47 44 57 73 98 30 75 59 46 13 57 65 26 94 48 23 28 89 13 58 34 41 2 98 67 76 30 25 48 67 52 17 14 58 35 99 66 59 88 57 95 43 95 34 10 65 6 11 44 46 21 16 92 86 7 20 95 33 5 54 185 32 44 28 48 21 46 68 79 81 90 13 76 89 16 52 82 55 79 35 14 98 78 14 67 35 88 16 67 90 4 67 33 100 39 51 92 38 27 61 70 35 48 87 53
2 1
3 2
4 3
5 4
6 5
7 6
8 7
9 8
10 9
11 10
12 11
13 12
14 13
15 14
16 15
17 16
18 17
19 18
20 19
21 20
22 21
23 22
24 23
25 24
26 25
27 26
28 27
29 28
30 29
31 30
32 31
33 32
34 33
35 34
36 35
37 36
38 37
39 38
40 39
41 40
42 41
43 42
44 43
45 44
46 45
47 46
48 47
49 48
50 49
51 50
52 51
53 52
54 53
55 54
56 55
57 56
58 57
59 58
60 59
61 60
62 61
63 62
64 63
65 64
66 65
67 66
68 67
69 68
70 69
71 70
72 71
73 72
74 73
75 74
76 75
77 76
78 77
79 78
80 79
81 80
82 81
83 82
84 83
85 84
86 85
87 86
88 87
89 88
90 89
91 90
92 91
93 92
94 93
95 94
96 95
97 96
98 97
99 98
100 99
101 100
102 101
103 102
104 103
105 104
106 105
107 106
108 107
109 108
110 109
111 110
112 111
113 112
114 113
115 114
116 115
117 116
118 117
119 118
120 119
121 120
122 121
123 122
124 123
125 124
126 125
127 126
128 127
129 128
130 129
131 130
132 131
133 132
134 133
135 134
136 135
137 136
138 137
139 138
140 139
141 140
142 141
143 142
144 143
145 144
146 145
147 146
148 147
149 148
150 149
151 150
152 151
153 152
154 153
155 154
156 155
157 156
158 157
159 158
160 159
161 160
162 161
163 162
164 163
165 164
166 165
167 166
168 167
169 168
170 169
171 170
172 171
173 172
174 173
175 174
176 175
177 176
178 177
179 178
180 179
181 180
182 181
183 182
184 183
185 184
186 185
187 186
188 187
189 188
190 189
191 190
192 191
193 192
194 193
195 194
196 195
197 196
198 197
199 198
200 199
201 200
202 201
203 202
204 203
205 204
206 205
207 206
208 207
209 208
210 209
211 210
212 211
213 212
214 213
215 214
216 215
217 216
218 217
219 218
220 219
221 220
222 221
223 222
224 223
225 224
226 225
227 226
228 227
229 228
230 229
231 230
232 231
233 232
234 233
235 234
236 235
237 236
238 237
239 238
240 239
241 240
242 241
243 242
244 243
245 244
246 245
247 246
248 247
249 248
250 249
251 5
252 22
253 150
254 248
255 214
256 87
257 113
258 181
259 230
260 25
261 209
262 260
263 193
264 173
265 139
266 192
267 165
268 157
269 195
270 31
271 215
272 67
273 213
274 67
275 14
276 239
277 71
278 239
279 138
280 67
281 29
282 172
283 249
284 248
285 37
286 104
287 131
288 182
289 84
290 252
291 28
292 15
293 216
294 282
295 278
296 37
297 41
298 284
299 283
300 238
301 194
302 102
303 244
304 300
305 91
306 160
307 67
308 257
309 136
310 137
311 263
312 57
313 99
314 157
315 182
316 227
317 258
318 273
319 181
320 22
321 280
322 156
323 283
324 290
325 245
326 146
327 162
328 48
329 64
330 70
331 262
332 293
333 108
334 206
335 196
336 24
337 150
338 128
339 171
340 247
341 126
342 70
343 253
344 270
345 142
346 46
347 293
348 5
349 207
350 183
351 252
352 62
353 99
354 164
355 160
356 231
357 11
358 80
359 282
360 93
361 250
362 184
363 174
364 284
365 265
366 120
367 258
368 77
369 236
370 271
371 268
372 277
373 165
374 168
375 301
376 250
377 120
378 184
379 231
380 56
381 243
382 30
383 130
384 195
385 222
386 159
387 284
388 221
389 334
390 193
391 326
392 248
393 293
394 302
395 234
396 364
397 249
398 171
399 231
400 321
401 39
402 73
403 191
404 56
405 309
406 87
407 232
408 288
409 383
410 178
411 201
412 84
413 253
414 188
415 124
416 141
417 338
418 227
419 186
420 287
421 301
422 63
423 407
424 199
425 195
426 212
427 176
428 194
429 12
430 228
431 170
432 110
433 285
434 405
435 12
436 214
437 59
438 97
439 191
440 108
441 309
442 30
443 220
444 77
445 79
446 111
447 214
448 335
449 197
450 219
451 139
452 266
453 90
454 389
455 328
456 442
457 19
458 329
459 312
460 260
461 55
462 358
463 206
464 396
465 248
466 193
467 144
468 66
469 65
470 246
471 126
472 293
473 25
474 407
475 188
476 149
477 316
478 167
479 101
480 230
481 161
482 470
483 55
484 279
485 76
486 141
487 200
488 161
489 117
490 104
491 368
492 156
493 96
494 146
495 262
496 91
497 270
498 35
499 495
500 361
500 200
3290 2608 729 1502 1670 1573 2499 100 3112 608 3373 1106 686 3496 3984 3347 3086 3257 1748 2856 1726 692 2151 3891 2835 2184 2332 3043 158 2911 6 161 1668 1387 2708 219 3005 1009 2095 1360 1648 2550 1683 957 1294 1416 3051 1383 3692 2832 273 2857 2501 790 548 3072 1295 373 3082 501 2332 3296 2504 3401 1429 276 1024 647 3058 3295 3307 2693 157 2768 279 1148 1321 513 899 2922 3885 610 281 1733 2821 1223 428 1891 3467 979 2258 2951 1554 2534 1828 493 2724 3076 2324 2681 829 1767 1358 316 1671 200 3602 1127 247 1545 145 2325 1384 2470 3206 1363 3992 1213 1143 659 1568 634 2701 2513 599 2119 337 1508 3306 2515 359 2185 2997 609 495 1868 1285 2708 890 151 305 3353 1963 3839 1975 3221 2191 1132 371 3600 3069 41 3110 1666 3122 3276 388 700 486 103 1758 2712 3059 2064 2994 2245 1992 2573 3696 1549 1097 675 175 553 3018 64 1039 3367 3948 2695 3697 2234 3607 1819 1204 2562 1176 3599 2129 3165 1917 3821 729 2253 527 420 1934 714 3376 2775 3967 3979 1814 2659 1289 1073 1766 721 3562 3572 2901 1372 456 273 1947 1667 3330 275 2393 1811 1173 481 1901 558 2770 1416 1971 1632 3678 1066 3967 3939 3691 3878 3737 336 3221 2920 1688 1416 288 660 1346 1059 2352 2959 1539 2841 265 3918 940 974 3625 162 2126 3330 3426 3874 2775 2809 3005 3195 3341 1416 3595 821 41 3137 302 3112 2518 575 168 2686 2987 853 1538 3306 2853 3251 385 3529 1160 2426 36 3030 376 3810 2913 3763 1427 1801 672 2006 2866 1374 472 3314 1472 1998 74 2279 2554 3278 379 1100 3400 1353 3382 410 2619 395 1665 1308 3271 239 639 2454 1923 485 3974 1843 895 423 3426 19 934 1406 3946 787 1717 1359 1761 62 3579 3724 1233 276 337 3127 931 377 891 1657 610 1921 1664 3683 3185 1882 2599 964 2954 2105 1716 300 921 1993 193 1919 472 3601 3104 2397 2572 1413 400 1233 641 2287 958 1784 3522 158 3679 2003 3163 2958 1835 1840 1107 3769 1725 2741 2564 2239 3368 719 1565 2770 1084 2745 2875 580 3833 3023 931 595 1619 1941 3811 2133 296 3363 1098 2016 318 3827 3493 1404 224 2222 284 2189 3643 1202 813 1787 1972 776 2215 3268 1069 3301 3274 3171 1816 3422 3709 1186 1627 177 2320 509 2021 944 660 3992 1168 337 440 1476 1144 3379 1349 2220 2490 2547 1308 3526 2289 2767 3407 3416 333 3354 3390 1288 533 2209 2227 3304 1536 1084 576 3968 750 344 119 1438 3309 3395 3371 2011 2313 3833 3078 2255 659 3630 490 3160 1717 3261 1196 1990 3925 560 3310 1769 3177 1040 1788 382 250 2926 3818 599 1436 3346
89 144 3 111 74 1 33 192 59 97 88 121 143 160 148 174 137 136 71 12 75 89 31 158 61 148 1 92 184 187 37 190 106 150 60 168 123 89 126 46 185 181 177 26 160 12 78 11 110 65 189 153 173 23 195 63 113 66 146 136 84 19 113 101 168 72 100 174 44 84 191 192 169 10 95 38 135 152 121 27 114 122 150 39 35 68 134 120 172 165 12 147 19 73 41 99 57 54 125 186 148 49 99 118 124 121 11 14 91 141 165 45 168 74 131 102 12 152 200 137 69 22 88 173 74 19 79 111 128 23 181 146 164 49 81 184 169 130 37 32 12 138 162 33 125 74 116 198 176 170 137 26 4 196 141 190 91 1 105 9 2 51 93 56 106 75 130 158 120 4 60 30 130 32 159 199 11 121 169 143 87 19 152 43 17 96 117 31 197 60 64 169 105 67 29 43 113 24 102 16 170 192 18 135 198 46 30 191 121 96 98 106 58 122 183 53 181 178 6 118 136 100 196 111 100 175 36 187 38 88 181 175 174 125 21 131 22 69 45 97 183 199 22 181 88 176 92 22 7 81 178 164 108 160 132 27 20 30 108 63 91 26 142 89 196 84 126 25 197 189 133 13 165 141 7 89 193 68 72 95 8 94 143 105 34 9 2 117 199 105 147 1 199 95 59 24 37 133 5 19 32 125 22 75 140 18 27 71 14 191 74 57 134 120 93 6 154 118 28 54 175 119 2 24 178 118 34 50 128 47 2 136 129 61 63 195 12 175 171 93 142 1 84 66 140 144 166 49 90 120 195 52 92 9 65 76 29 184 28 81 109 154 76 88 39 118 106 158 123 108 103 149 153 185 108 20 79 69 40 44 156 183 47 32 93 159 7 93 6 180 97 99 20 31 165 115 35 144 93 154 155 88 166 149 80 32 52 126 81 112 45 190 183 74 128 59 58 168 14 3 152 195 128 34 142 38 83 177 140 155 97 17 123 44 185 135 74 125 114 95 41 72 147 78 92 121 69 131 107 52 76 55 192 44 35 85 186 46 55 27 66 197 150 17 148 48 57 1 71 185 54 185 23 198 163 190 17 94 71 130 193 13 66 23 8 16 56 60 105 80 153 7 45 153 180 172 148 122 28 69
64 66 53 41 32 17 85 96 18 81 67 78 66 78 75 76 55 33 100 26 9 4 57 56 76 27 143 20 78 11 33 49 70 83 64 24 29 72 49 10 38 5 67 17 16 47 30 54 23 45 80 55 16 28 50 32 97 62 35 40 77 68 92 73 6 69 16 16 4 75 44 83 22 64 26 31 71 34 90 74 82 31 70 12 17 96 86 29 95 91 70 30 64 59 83 88 66 68 44 33 69 79 99 64 75 59 19 28 53 71 23 100 21 58 87 47 64 61 86 33 82 28 20 16 24 33 89 75 33 76 53 83 77 67 94 45 22 44 19 12 68 91 55 72 82 82 86 62 13 10 21 41 98 5 60 12 43 173 68 1 11 42 79 70 22 31 56 98 13 61 98 47 54 65 83 10 35 80 85 26 29 36 44 65 39 36 95 99 15 3 32 73 100 1 53 25 73 63 30 39 22 73 95 60 61 97 30 77 70 47 100 35 14 65 23 92 21 63 28 49 10 79 74 78 52 10 12 42 71 28 39 92 79 61 15 4 79 64 26 50 73 63 16 44 50 95 73 88 24 42 64 97 6 98 70 13 47 8 19 75 30 57 28 64 74 56 57 63 70 81 23 50 50 32 13 43 55 30 26 63 12 83 39 9 86 55 75 90 53 59 39 173 76 19 84 72 86 82 94 81 41 60 86 6 99 7 38 42 55 4 36 74 13 84 52 7 6 19 30 61 31 75 4 15 71 89 48 76 18 12 57 62 100 90 63 97 7 63 4 18 52 159 60 21 40 96 4 12 98 93 91 26 63 93 41 39 53 39 75 16 64 36 47 41 67 58 81 78 22 29 58 39 20 39 81 48 99 88 62 4 70 17 60 28 58 32 78 79 100 49 71 76 75 73 95 80 2 56 21 80 44 83 9 37 42 90 60 78 19 82 90 59 66 35 92 56 13 1 76 64 98 100 85 51 91 52 66 1 37 13 78 16 1 95 100 72 37 62 76 49 89 25 18 48 6 60 89 78 50 58 95 18 74 79 55 50 80 95 24 89 80 92 93 74 45 17 76 63 39 74 19 71 83 42 44 69 86 43 36 70 83 53 26 57 92 38 65 57 98 73 96 55 11 29 93 22 16 23 9 27
2 1
3 2
4 3
5 4
6 5
7 6
8 7
9 8
10 9
11 10
12 11
13 12
14 13
15 14
16 15
17 16
18 17
19 18
20 19
21 20
22 21
23 22
24 23
25 24
26 25
27 26
28 27
29 28
30 29
31 30
32 31
33 32
34 33
35 34
36 35
37 36
38 37
39 38
40 39
41 40
42 41
43 42
44 43
45 44
46 45
47 46
48 47
49 48
50 49
51 50
52 51
53 52
54 53
55 54
56 55
57 56
58 57
59 58
60 59
61 60
62 61
63 62
64 63
65 64
66 65
67 66
68 67
69 68
70 69
71 70
72 71
73 72
74 73
75 74
76 75
77 76
78 77
79 78
80 79
81 80
82 81
83 82
84 83
85 84
86 85
87 86
88 87
89 88
90 89
91 90
92 91
93 92
94 93
95 94
96 95
97 96
98 97
99 98
100 99
101 100
102 101
103 102
104 103
105 104
106 105
107 106
108 107
109 108
110 109
111 110
112 111
113 112
114 113
115 114
116 115
117 116
118 117
119 118
120 119
121 120
122 121
123 122
124 123
125 124
126 125
127 126
128 127
129 128
130 129
131 130
132 131
133 132
134 133
135 134
136 135
137 136
138 137
139 138
140 139
141 140
142 141
143 142
144 143
145 144
146 145
147 146
148 147
149 148
150 149
151 150
152 151
153 152
154 153
155 154
156 155
157 156
158 157
159 158
160 159
161 160
162 161
163 162
164 163
165 164
166 165
167 166
168 167
169 168
170 169
171 170
172 171
173 172
174 173
175 174
176 175
177 176
178 177
179 178
180 179
181 180
182 181
183 182
184 183
185 184
186 185
187 186
188 187
189 188
190 189
191 190
192 191
193 192
194 193
195 194
196 195
197 196
198 197
199 198
200 199
201 200
202 201
203 202
204 203
205 204
206 205
207 206
208 207
209 208
210 209
211 210
212 211
213 212
214 213
215 214
216 215
217 216
218 217
219 218
220 219
221 220
222 221
223 222
224 223
225 224
226 225
227 226
228 227
229 228
230 229
231 230
232 231
233 232
234 233
235 234
236 235
237 236
238 237
239 238
240 239
241 240
242 241
243 242
244 243
245 244
246 245
247 246
248 247
249 248
250 249
251 105
252 236
253 171
254 153
255 115
256 166
257 173
258 87
259 21
260 259
261 255
262 8
263 41
264 44
265 95
266 123
267 130
268 216
269 181
270 155
271 240
272 45
273 125
274 220
275 39
276 252
277 242
278 86
279 170
280 240
281 93
282 133
283 230
284 83
285 166
286 234
287 110
288 234
289 27
290 132
291 250
292 13
293 59
294 134
295 32
296 31
297 68
298 158
299 248
300 297
301 196
302 44
303 241
304 24
305 156
306 226
307 298
308 16
309 146
310 251
311 264
312 18
313 273
314 210
315 87
316 46
317 171
318 71
319 229
320 133
321 86
322 175
323 170
324 54
325 290
326 179
327 57
328 311
329 18
330 276
331 9
332 33
333 52
334 153
335 326
336 174
337 94
338 125
339 107
340 200
341 271
342 93
343 24
344 282
345 258
346 248
347 12
348 244
349 157
350 98
351 154
352 154
353 168
354 62
355 135
356 325
357 5
358 83
359 286
360 29
361 72
362 63
363 101
364 29
365 358
366 61
367 179
368 206
369 43
370 168
371 127
372 361
373 142
374 336
375 188
376 99
377 208
378 365
379 330
380 296
381 261
382 56
383 223
384 218
385 345
386 258
387 226
388 211
389 335
390 99
391 48
392 62
393 254
394 244
395 90
396 101
397 78
398 131
399 358
400 266
401 250
402 10
403 337
404 67
405 353
406 287
407 255
408 135
409 297
410 251
411 72
412 360
413 194
414 366
415 246
416 328
417 113
418 169
419 131
420 386
421 413
422 364
423 91
424 387
425 414
426 18
427 287
428 230
429 215
430 420
431 77
432 65
433 339
434 225
435 139
436 91
437 228
438 282
439 299
440 216
441 272
442 80
443 144
444 423
445 357
446 376
447 321
448 71
449 55
450 279
451 271
452 23
453 423
454 441
455 254
456 418
457 85
458 245
459 2
460 162
461 362
462 193
463 303
464 368
465 127
466 429
467 420
468 464
469 115
470 17
471 109
472 454
473 315
474 57
475 461
476 69
477 282
478 22
479 224
480 452
481 307
482 3
483 408
484 57
485 228
486 412
487 419
488 31
489 150
490 48
491 162
492 198
493 254
494 190
495 306
496 147
497 262
498 324
499 56
500 215
