5
212 200
3442 2078 1675 2251 1524 977 2591 3047 3599 942 3845 299 2518 937 2021 1665 2287 2720 2224 2533 1130 3205 181 1819 1695 557 2532 1427 2731 2554 3527 2939 2380 2821 2941 1893 667 1488 665 122 106 3082 763 2207 1983 3459 2318 1606 1551 3186 2 2647 638 3492 619 576 567 3431 2394 1690 359 3447 2042 3901 3455 2760 3918 3302 3115 1140 1353 1063 1740 2503 1263 719 1085 873 1962 1083 1476 1387 2832 2076 2103 1365 3443 714 3282 238 329 3306 886 780 2397 1723 932 254 1494 1190 3290 2392 7 3269 654 1598 1111 756 2505 2419 3858 2456 3910 324 399 3148 1803 496 3077 3059 2120 3930 2056 122 462 466 3720 1036 1169 479 3692 2268 1794 2129 2731 526 1254 646 1675 1094 2331 3610 2590 628 3885 1652 762 2655 660 2061 2232 2513 1617 580 3056 3683 2344 2848 50 554 480 3268 296 3873 3097 3513 1771 88 3278 2743 388 1277 2060 693 1957 585 1297 3379 39 1549 1929 1669 2533 2525 869 1378 2712 2461 1501 2542 180 1995 2504 804 1764 1805 1081 3207 898 828 413 3177 282 3472 3826 2652 2975 3085 3530 3097 2414 941
83 40 168 7 24 39 154 41 35 198 166 126 65 184 52 142 116 51 85 141 163 112 79 61 60 33 60 42 96 10 63 134 79 67 192 158 117 5 185 70 45 140 25 105 44 196 49 76 200 127 164 27 9 85 107 11 136 94 105 67 183 37 132 21 160 181 117 138 98 160 176 69 1 53 159 86 12 99 83 58 60 92 92 81 91 140 187 137 82 26 85 105 15 126 106 137 166 180 182 144 103 153 174 102 120 107 39 156 171 109 59 17 2 52 12 23 145 4 110 37 68 183 55 21 50 23 145 129 1 42 99 123 76 22 84 139 186 37 137 52 95 35 96 17 160 118 69 92 123 93 92 7 188 188 7 127 118 199 162 174 129 14 13 200 72 64 161 41 38 123 197 62 10 139 34 49 63 73 110 72 88 183 165 80 131 9 70 14 132 46 60 47 78 152 43 58 197 200 149 107 150 53 100 121 178 47 2 105 167 47 55 68
63 17 90 75 15 58 32 57 1 15 99 97 17 74 37 43 14 72 91 54 84 57 85 30 5 33 26 93 98 13 39 42 39 90 71 8 68 31 47 55 66 22 79 31 14 73 87 37 44 21 38 66 27 91 9 21 23 86 68 53 39 52 3 100 56 49 22 46 86 40 60 89 51 88 52 72 33 71 1 49 27 48 65 8 86 90 72 73 100 75 43 53 86 15 58 68 100 34 65 42 77 83 27 100 3 62 46 100 19 27 83 32 52 17 18 55 22 14 33 61 9 88 94 80 84 35 93 87 32 28 10 62 45 82 80 67 23 67 17 8 79 94 46 45 95 67 38 3 55 83 28 65 42 52 87 38 9 15 76 64 71 28 27 64 29 59 59 34 26 41 78 47 26 85 8 12 43 83 21 69 40 17 33 33 2 44 45 88 36 50 48 11 11 74 7 59 33 24 8 22 73 30 27 49 99 42 98 65 1 29 56 55
2 1
3 2
4 3
5 4
6 5
7 6
8 7
9 8
10 9
11 10
12 11
13 12
14 13
15 14
16 15
17 16
18 17
19 18
20 19
21 20
22 21
23 22
24 23
25 24
26 25
27 26
28 27
29 28
30 29
31 30
32 31
33 32
34 33
35 34
36 35
37 36
38 37
39 38
40 39
41 40
42 41
43 42
44 43
45 44
46 45
47 46
48 47
49 48
50 49
51 50
52 51
53 52
54 53
55 54
56 55
57 56
58 57
59 58
60 59
61 60
62 61
63 62
64 63
65 64
66 65
67 66
68 67
69 68
70 69
71 70
72 71
73 72
74 73
75 74
76 75
77 76
78 77
79 78
80 79
81 80
82 81
83 82
84 83
85 84
86 85
87 86
88 87
89 88
90 89
91 90
92 91
93 92
94 93
95 94
96 95
97 96
98 97
99 98
100 99
101 100
102 101
103 102
104 103
105 104
106 105
107 44
108 46
109 70
110 59
111 66
112 101
113 100
114 47
115 65
116 113
117 92
118 33
119 7
120 94
121 26
122 13
123 60
124 98
125 110
126 82
127 104
128 64
129 83
130 15
131 84
132 108
133 130
134 118
135 102
136 102
137 95
138 65
139 19
140 138
141 45
142 88
143 37
144 125
145 144
146 97
147 35
148 76
149 26
150 136
151 130
152 19
153 63
154 63
155 84
156 115
157 38
158 31
159 102
160 102
161 71
162 58
163 107
164 83
165 154
166 57
167 155
168 153
169 96
170 19
171 45
172 143
173 113
174 23
175 19
176 9
177 149
178 168
179 26
180 129
181 139
182 103
183 165
184 60
185 151
186 171
187 107
188 177
189 127
190 11
191 138
192 88
193 152
194 102
195 41
196 73
197 117
198 183
199 181
200 100
201 96
202 5
203 57
204 85
205 180
206 36
207 58
208 13
209 188
210 182
211 142
212 117
254 200
3209 904 1471 856 1989 1298 2850 2216 362 3259 1671 3625 1515 423 2671 337 501 2103 892 655 2285 2259 1802 470 712 1686 2545 364 234 3481 2168 1492 1443 548 3772 2328 1928 2609 897 346 879 3939 3096 1916 2829 359 3315 2381 1555 2408 164 3095 742 1080 509 1862 1086 413 3428 27 1186 3930 3446 2801 3586 1567 2238 1455 1493 1267 1333 2895 3509 2208 2556 1101 536 2623 2552 1778 496 3300 942 3939 3013 3149 1056 229 1714 38 1383 2483 446 1312 721 2467 1052 2099 381 629 421 1840 565 2621 2260 1899 3531 754 1635 2536 2967 1527 2501 3653 1713 2985 2403 648 2474 1546 3675 1513 1552 3405 2198 482 2978 322 2474 1750 3665 2595 3280 2591 1944 1791 3590 3388 1757 37 423 1114 1481 597 425 3649 2756 2692 3512 1921 3669 365 338 3870 2265 512 1156 3386 2146 4 3235 2977 882 3215 1005 1945 3928 170 3936 1131 1227 1534 3099 300 3493 3459 1877 3249 609 1097 1308 242 184 1671 3215 3453 409 1412 2397 3198 2792 355 863 2316 2616 3476 3828 22 684 1496 1725 3823 491 1876 1624 504 738 857 609 493 831 594 357 2578 203 3951 3337 1149 200 2065 3836 2023 1355 951 3640 2543 1404 711 350 1102 3948 3776 1523 546 54 351 3094 3988 3130 1967 2660 1964 2774 2230 526 2520 2854 3965 2649 3160 2270 1088 214 1356
25 51 157 133 52 88 99 99 55 87 187 114 55 49 115 64 59 132 47 122 121 112 118 45 190 70 152 200 20 61 126 133 120 93 57 144 147 24 191 198 168 110 75 26 16 16 92 148 10 79 104 91 13 38 130 181 82 149 169 37 13 40 177 69 196 176 7 28 51 16 112 138 30 195 35 178 103 156 144 79 65 23 31 50 150 103 109 179 174 159 20 198 152 92 66 161 109 11 117 59 194 200 36 143 190 55 73 154 124 15 29 65 146 123 35 103 99 67 41 109 25 147 59 51 134 34 73 15 172 7 196 44 146 95 157 61 18 106 190 10 64 183 156 42 21 140 19 130 196 107 156 165 83 26 100 140 126 170 62 193 80 139 44 167 11 134 41 100 137 91 81 178 106 36 172 66 80 162 152 18 145 14 95 33 13 43 88 185 96 147 73 149 17 48 124 84 163 68 169 156 187 122 172 130 139 167 111 89 101 148 26 129 59 198 41 155 166 39 127 179 85 198 121 29 152 173 62 195 180 162 100 149 1 177 181 10 18 15 75 47 180 186 129 31 81 112 196 130 183 126 17 184 68 138
68 86 98 98 81 60 16 9 17 27 27 17 18 95 81 5 62 100 71 71 43 29 28 82 89 10 88 95 35 58 11 25 9 47 58 30 9 30 59 52 93 98 40 8 29 5 10 29 84 74 79 21 64 77 7 44 45 4 94 92 57 88 18 92 38 95 35 99 57 13 27 68 99 13 95 12 52 62 81 76 2 74 100 8 79 94 38 83 63 6 45 24 17 6 100 53 91 9 2 6 67 42 91 21 60 41 50 55 65 43 19 22 41 28 83 89 2 72 41 63 71 48 55 93 29 96 48 33 13 2 47 67 48 4 88 6 74 48 77 39 95 7 48 74 31 69 56 100 28 56 5 8 42 35 84 37 38 28 19 88 54 57 5 38 25 35 53 80 50 40 28 14 98 38 91 65 78 100 30 21 17 81 46 6 82 75 46 45 45 96 4 97 72 62 65 55 84 64 23 95 100 25 37 4 54 69 5 59 24 57 65 43 13 31 83 4 80 74 98 16 72 12 57 70 33 5 94 33 67 33 29 95 49 82 59 15 63 23 42 12 91 49 38 72 56 10 33 47 25 46 87 28 69 70
2 1
3 2
4 3
5 4
6 5
7 6
8 7
9 8
10 9
11 10
12 11
13 12
14 13
15 14
16 15
17 16
18 17
19 18
20 19
21 20
22 21
23 22
24 23
25 24
26 25
27 26
28 27
29 28
30 29
31 30
32 31
33 32
34 33
35 34
36 35
37 36
38 37
39 38
40 39
41 40
42 41
43 42
44 43
45 44
46 45
47 46
48 47
49 48
50 49
51 50
52 51
53 52
54 53
55 54
56 55
57 56
58 57
59 58
60 59
61 60
62 61
63 62
64 63
65 64
66 65
67 66
68 67
69 68
70 69
71 70
72 71
73 72
74 73
75 74
76 75
77 76
78 77
79 78
80 79
81 80
82 81
83 82
84 83
85 84
86 85
87 86
88 87
89 88
90 89
91 90
92 91
93 92
94 93
95 94
96 95
97 96
98 97
99 98
100 99
101 100
102 101
103 102
104 103
105 104
106 105
107 106
108 107
109 108
110 109
111 110
112 111
113 112
114 113
115 114
116 115
117 116
118 117
119 118
120 119
121 120
122 121
123 122
124 123
125 124
126 125
127 126
128 3
129 112
130 47
131 11
132 103
133 21
134 47
135 114
136 28
137 106
138 69
139 109
140 23
141 108
142 41
143 43
144 104
145 21
146 19
147 34
148 18
149 98
150 94
151 127
152 19
153 36
154 94
155 45
156 142
157 152
158 40
159 72
160 133
161 27
162 30
163 63
164 62
165 77
166 92
167 40
168 124
169 134
170 43
171 101
172 122
173 162
174 69
175 28
176 46
177 49
178 37
179 111
180 153
181 8
182 132
183 89
184 160
185 33
186 98
187 154
188 43
189 37
190 179
191 19
192 112
193 74
194 88
195 24
196 161
197 50
198 29
199 61
200 74
201 198
202 53
203 21
204 13
205 63
206 106
207 140
208 102
209 197
210 162
211 120
212 44
213 109
214 122
215 11
216 9
217 215
218 38
219 41
220 94
221 180
222 48
223 38
224 37
225 164
226 137
227 155
228 180
229 75
230 153
231 77
232 151
233 220
234 155
235 203
236 112
237 115
238 150
239 71
240 212
241 104
242 86
243 53
244 237
245 192
246 71
247 181
248 2
249 119
250 71
251 144
252 165
253 101
254 57
194 200
3767 3620 3343 1607 444 865 2561 895 2718 248 1113 2351 1612 1829 1379 2527 1414 2013 3369 3544 608 2219 1595 3170 1944 943 1306 280 410 563 3691 429 337 272 1593 836 1488 1089 714 2410 2560 2182 2023 631 3212 604 2629 3173 2251 3516 1944 1040 2349 1169 3450 303 3369 2942 2264 2931 197 2704 254 2558 2887 2399 1763 901 2203 3244 3734 1161 101 3382 2666 82 1129 348 2944 1806 3512 1946 3315 3337 2557 2014 809 749 1096 3819 1624 3644 3481 1201 3222 2700 145 3595 549 259 3541 313 1821 2036 196 2334 2204 3129 731 3005 3275 1488 2757 2192 1682 635 360 234 3646 3251 1965 2670 2737 973 1263 3951 2474 3089 1575 1738 3190 2391 1111 577 567 867 1973 1209 339 450 2810 886 3199 1157 3819 822 2092 158 2310 1676 402 3193 3088 3806 3196 3261 3358 2913 820 1828 610 3156 3471 3799 2872 1915 1723 3822 529 1693 2856 1286 511 832 1524 2852 801 387 3835 3690 1008 1020 445 3063 3082 2452 209 3876 1471 1344 298 733 953 2626
39 54 172 48 168 62 146 152 112 137 140 154 125 46 2 43 152 26 35 119 180 123 55 111 45 71 85 64 93 159 95 197 92 121 163 31 6 149 99 195 162 135 112 109 64 143 10 139 187 69 59 51 176 96 197 73 21 71 106 131 29 88 59 103 83 169 35 79 78 29 45 50 109 89 18 198 179 6 80 92 189 1 56 132 106 113 120 154 106 95 105 161 178 20 89 94 6 119 75 167 128 197 61 125 25 46 156 62 31 44 36 63 78 102 34 34 90 102 29 68 83 31 42 170 90 146 184 51 180 10 172 64 148 13 150 75 71 70 147 62 122 64 13 21 134 5 128 125 184 63 14 109 26 21 142 5 86 162 57 166 45 2 14 2 99 182 54 29 133 113 186 156 198 115 3 108 30 29 179 164 156 197 11 79 198 59 165 36 167 133 3 39 1 40
4 79 62 69 37 17 28 37 85 83 19 76 37 23 25 3 21 35 65 24 18 62 12 24 47 76 77 93 26 91 98 27 98 96 60 34 39 61 22 22 90 74 74 50 43 93 96 73 43 16 15 9 61 82 36 88 51 19 91 61 77 57 45 19 67 96 64 33 11 3 58 39 92 67 85 70 24 88 81 94 96 14 59 99 39 37 5 84 57 89 6 17 60 91 27 2 70 65 50 17 48 73 63 36 55 71 49 7 70 92 54 37 20 64 22 51 70 47 39 45 23 92 49 20 34 91 29 80 96 89 95 55 28 17 53 66 3 28 61 43 48 49 38 39 50 77 98 9 51 93 83 2 38 14 52 79 41 80 82 88 61 34 10 95 37 45 97 41 87 92 89 11 33 27 46 3 84 3 86 96 26 41 96 88 18 41 87 49 59 1 74 31 109 3
2 1
3 2
4 3
5 4
6 5
7 6
8 7
9 8
10 9
11 10
12 11
13 12
14 13
15 14
16 15
17 16
18 17
19 18
20 19
21 20
22 21
23 22
24 23
25 24
26 25
27 26
28 27
29 28
30 29
31 30
32 31
33 32
34 33
35 34
36 35
37 36
38 37
39 38
40 39
41 40
42 41
43 42
44 43
45 44
46 45
47 46
48 47
49 48
50 49
51 50
52 51
53 52
54 53
55 54
56 55
57 56
58 57
59 58
60 59
61 60
62 61
63 62
64 63
65 64
66 65
67 66
68 67
69 68
70 69
71 70
72 71
73 72
74 73
75 74
76 75
77 76
78 77
79 78
80 79
81 80
82 81
83 82
84 83
85 84
86 85
87 86
88 87
89 88
90 89
91 90
92 91
93 92
94 93
95 94
96 95
97 96
98 15
99 68
100 74
101 14
102 51
103 102
104 23
105 51
106 15
107 63
108 21
109 52
110 63
111 105
112 111
113 78
114 93
115 84
116 16
117 72
118 88
119 80
120 15
121 89
122 54
123 57
124 103
125 43
126 21
127 94
128 33
129 1
130 124
131 65
132 58
133 78
134 52
135 28
136 78
137 118
138 101
139 6
140 20
141 104
142 15
143 53
144 81
145 61
146 106
147 58
148 131
149 80
150 136
151 103
152 22
153 70
154 57
155 69
156 110
157 84
158 150
159 124
160 63
161 135
162 140
163 97
164 27
165 59
166 95
167 26
168 159
169 151
170 59
171 90
172 69
173 19
174 24
175 59
176 100
177 99
178 136
179 23
180 34
181 160
182 71
183 43
184 138
185 125
186 10
187 180
188 34
189 180
190 142
191 151
192 151
193 88
194 9
500 200
3293 2179 3292 3414 51 2382 2820 3482 719 1194 897 2802 3283 2054 1430 866 1598 2453 2409 3309 2897 1911 2345 2342 3236 426 2915 1655 3079 336 832 48 3262 2114 3649 3858 1943 3637 2493 3931 1902 683 2779 2771 2467 2524 2636 1304 1274 2181 1355 2567 1076 3697 2039 1483 3245 2599 752 2921 1686 2676 1137 3532 755 3706 2189 2927 1400 184 2125 1865 3872 1371 1289 3004 1678 2565 1030 640 3464 1755 719 237 3600 661 3703 1096 3749 3201 14 2639 155 3192 1922 1831 2167 3236 3640 2053 461 3217 203 3867 3037 659 549 3076 2411 1080 3164 3891 1471 3343 591 1081 925 3993 833 1365 1222 1902 3797 96 1550 2097 2827 1176 3871 3224 218 1324 303 2390 1391 1257 2558 2028 1701 452 531 1902 2534 1736 279 889 3617 3746 3410 2741 1261 746 1509 1991 2525 2932 1000 2074 900 2999 998 1806 2699 1181 3702 2753 2225 2091 3579 1499 3683 179 734 1792 3740 3895 2858 1649 3935 3232 1480 3491 2995 1664 1981 996 3646 3139 3233 1962 2597 540 3586 125 2115 3951 729 2279 1417 3930 1387 1179 918 425 3011 2436 790 1593 3085 2958 3936 3660 1622 1145 3915 3278 452 61 2096 1062 2576 2296 2246 2240 3659 2175 2523 2010 3824 643 3087 3533 2790 2947 1621 2014 1722 2450 2637 2021 1595 1162 2107 1501 1461 3376 845 2252 2418 1801 3372 468 3886 1309 3584 2042 1690 2186 233 694 1493 3980 1691 1469 3046 1226 570 2123 60 2148 567 1107 233 3451 2122 3115 1149 3712 1713 755 3360 1985 456 3941 691 625 521 2627 3367 3543 2118 156 3837 3513 2629 736 1856 1289 2492 743 2817 2000 45 284 530 794 516 3982 3973 3681 623 921 742 1853 893 3186 278 2796 1307 178 3593 1566 2539 2436 1027 4 1477 145 143 3416 3443 2058 2080 175 3944 1719 1996 2238 3009 3167 1286 203 3551 3161 3707 2261 484 562 303 1606 2668 3615 1721 1495 2414 388 1597 3299 148 165 41 2735 2967 1837 306 3769 3775 1852 1359 609 2649 2389 503 2357 2650 3080 2615 2305 3283 2013 791 1462 3670 2594 3086 2041 2153 3062 2147 3246 3496 310 902 1382 3936 198 782 38 2921 324 3029 3577 1508 3721 177 2457 2710 3328 1044 1465 3908 1836 294 469 1551 276 1473 3997 3954 2321 878 1087 3482 1595 1759 340 3174 3920 397 1166 480 3045 2163 1056 1914 1586 1387 3437 1932 1752 3015 2228 462 1750 2963 3195 1425 3788 2346 2235 3043 3918 54 2989 547 236 396 371 65 2592 2567 2568 1115 3898 1603 2572 3987 296 350 2698 1621 1705 3307 2859 1608 2291 3319 832 3347 3298 3456 3403 2899 2723 306 815 3161 2722 3044 313 3786 464 2611 2286 1969 2264 637 661 3336 1283
137 136 166 25 144 107 28 146 185 190 113 137 175 149 3 62 63 34 40 125 186 65 9 9 28 117 6 58 126 106 11 16 192 106 131 16 11 52 107 31 110 81 129 14 118 25 101 85 122 23 168 99 7 128 164 181 112 170 51 141 42 178 164 181 143 63 170 52 8 70 15 128 96 197 121 29 117 100 75 54 73 89 102 137 122 164 176 88 126 83 125 182 42 31 52 167 45 182 181 139 79 58 129 92 119 178 170 62 189 7 172 167 52 43 51 168 59 14 110 187 5 113 107 61 47 150 196 22 178 103 18 127 73 95 65 107 75 159 84 33 21 90 185 153 177 123 119 22 187 61 38 84 173 43 102 138 176 42 60 81 6 100 99 134 109 110 55 13 13 108 166 71 69 108 186 61 194 169 137 45 41 178 47 52 71 26 79 142 190 89 156 10 81 178 102 90 107 47 106 106 69 195 50 174 125 142 55 97 62 86 99 83 29 180 3 116 162 45 131 111 47 195 4 129 76 108 67 97 60 97 140 74 129 17 94 119 22 15 87 95 62 146 59 194 160 4 112 91 126 85 53 158 13 177 3 76 47 128 164 165 94 4 187 197 171 41 187 155 24 136 20 142 129 148 98 73 113 97 63 184 67 58 28 4 24 67 131 156 136 70 55 13 76 58 56 75 122 33 145 72 33 96 4 149 15 197 128 192 104 60 88 61 138 147 135 39 14 112 42 25 177 7 166 129 171 97 3 36 30 153 144 32 123 200 200 190 129 92 188 94 118 173 195 9 114 97 151 65 193 145 105 131 185 35 15 112 149 145 59 65 96 66 191 42 101 104 48 88 30 2 112 133 178 163 175 108 124 187 12 25 105 77 63 115 65 89 83 68 153 139 2 32 175 68 88 77 79 111 163 163 166 23 26 100 108 47 125 126 46 162 182 198 28 37 110 39 72 98 113 12 23 198 86 139 140 182 161 59 106 141 179 55 169 186 155 163 5 48 158 191 50 29 20 42 12 136 76 89 182 29 11 160 176 59 112 40 85 136 35 179 101 164 198 164 192 155 83 194 132 79 96 87 88 133 47 20 112 167 10 111 59 75 39 177 59 106 192 81 124 124 93 5 184 161 109 146 42 91 58 178
49 56 49 69 29 66 30 68 77 47 81 19 38 48 50 9 70 73 76 8 73 29 62 21 36 53 81 27 2 39 65 49 9 46 75 39 22 11 12 46 36 4 57 60 78 16 75 79 81 4 63 33 24 49 48 28 88 15 48 37 31 24 73 83 24 52 30 21 45 47 29 68 28 12 54 66 78 13 92 58 73 79 38 49 68 96 41 69 53 22 97 29 23 3 46 65 60 58 67 2 69 27 100 64 63 98 36 74 29 92 65 49 52 18 49 18 53 99 61 94 30 61 99 63 26 55 66 95 23 16 33 47 25 87 78 98 31 30 20 100 78 24 60 82 92 42 95 42 24 69 91 41 27 77 79 43 20 45 48 35 59 83 46 4 31 49 46 24 59 77 38 35 31 65 70 15 79 6 57 42 75 74 47 15 92 28 76 84 70 55 70 72 58 50 78 93 66 59 53 93 15 10 33 53 83 95 62 1 36 6 98 77 99 3 83 12 81 1 43 48 34 59 76 25 47 46 18 50 62 12 83 16 75 37 70 36 86 43 25 88 62 71 95 89 73 58 8 59 90 92 84 5 93 13 44 71 93 69 2 18 47 93 15 66 23 70 92 45 84 28 90 51 63 68 75 28 35 69 73 10 23 62 50 40 88 27 83 18 42 21 81 90 33 36 29 11 83 26 92 20 45 86 79 63 54 33 83 23 47 16 88 47 56 46 9 81 46 99 67 34 9 74 56 2 96 31 38 15 51 20 13 77 93 74 84 89 19 39 11 50 91 62 33 79 41 12 46 68 86 13 72 14 86 66 10 98 32 22 54 33 68 41 80 12 12 35 62 55 54 60 66 29 45 27 85 78 38 1 25 84 22 35 70 52 69 11 44 38 61 3 52 86 76 80 33 32 38 65 37 49 27 78 4 88 76 51 87 12 79 20 29 26 21 59 100 98 66 89 70 57 28 25 41 55 32 97 27 54 4 49 28 57 14 9 31 2 4 91 49 41 5 81 87 35 6 93 30 1 21 14 51 5 3 53 65 46 61 88 66 10 28 54 56 21 31 36 68 28 13 94 8 52 94 1 79 96 95 31 33 69 55 44 67 72 11 77 27 31 97 22 40 40 23 36 40 15 2 15 86 94
2 1
3 2
4 3
5 4
6 5
7 6
8 7
9 8
10 9
11 10
12 11
13 12
14 13
15 14
16 15
17 16
18 17
19 18
20 19
21 20
22 21
23 22
24 23
25 24
26 25
27 26
28 27
29 28
30 29
31 30
32 31
33 32
34 33
35 34
36 35
37 36
38 37
39 38
40 39
41 40
42 41
43 42
44 43
45 44
46 45
47 46
48 47
49 48
50 49
51 50
52 51
53 52
54 53
55 54
56 55
57 56
58 57
59 58
60 59
61 60
62 61
63 62
64 63
65 64
66 65
67 66
68 67
69 68
70 69
71 70
72 71
73 72
74 73
75 74
76 75
77 76
78 77
79 78
80 79
81 80
82 81
83 82
84 83
85 84
86 85
87 86
88 87
89 88
90 89
91 90
92 91
93 92
94 93
95 94
96 95
97 96
98 97
99 98
100 99
101 100
102 101
103 102
104 103
105 104
106 105
107 106
108 107
109 108
110 109
111 110
112 111
113 112
114 113
115 114
116 115
117 116
118 117
119 118
120 119
121 120
122 121
123 122
124 123
125 124
126 125
127 126
128 127
129 128
130 129
131 130
132 131
133 132
134 133
135 134
136 135
137 136
138 137
139 138
140 139
141 140
142 141
143 142
144 143
145 144
146 145
147 146
148 147
149 148
150 149
151 150
152 151
153 152
154 153
155 154
156 155
157 156
158 157
159 158
160 159
161 160
162 161
163 162
164 163
165 164
166 165
167 166
168 167
169 168
170 169
171 170
172 171
173 172
174 173
175 174
176 175
177 176
178 177
179 178
180 179
181 180
182 181
183 182
184 183
185 184
186 185
187 186
188 187
189 188
190 189
191 190
192 191
193 192
194 193
195 194
196 195
197 196
198 197
199 198
200 199
201 200
202 201
203 202
204 203
205 204
206 205
207 206
208 207
209 208
210 209
211 210
212 211
213 212
214 213
215 214
216 215
217 216
218 217
219 218
220 219
221 220
222 221
223 222
224 223
225 224
226 225
227 226
228 227
229 228
230 229
231 230
232 231
233 232
234 233
235 234
236 235
237 236
238 237
239 238
240 239
241 240
242 241
243 242
244 243
245 244
246 245
247 246
248 247
249 248
250 249
251 96
252 28
253 66
254 108
255 155
256 149
257 233
258 63
259 24
260 82
261 2
262 245
263 185
264 130
265 244
266 229
267 186
268 54
269 225
270 169
271 242
272 204
273 140
274 139
275 272
276 174
277 51
278 227
279 42
280 117
281 238
282 84
283 251
284 88
285 271
286 268
287 206
288 37
289 250
290 198
291 149
292 221
293 131
294 220
295 251
296 181
297 237
298 108
299 28
300 294
301 269
302 182
303 170
304 15
305 135
306 276
307 209
308 277
309 116
310 130
311 147
312 265
313 198
314 211
315 277
316 302
317 156
318 5
319 190
320 297
321 9
322 21
323 284
324 278
325 294
326 255
327 287
328 302
329 117
330 94
331 95
332 33
333 101
334 126
335 38
336 228
337 180
338 219
339 304
340 272
341 20
342 179
343 89
344 38
345 73
346 197
347 262
348 204
349 245
350 252
351 27
352 262
353 29
354 239
355 101
356 128
357 96
358 333
359 331
360 336
361 165
362 192
363 107
364 306
365 66
366 174
367 106
368 294
369 218
370 165
371 21
372 342
373 226
374 65
375 184
376 215
377 16
378 135
379 177
380 308
381 112
382 100
383 85
384 64
385 191
386 350
387 184
388 137
389 384
390 262
391 179
392 98
393 253
394 122
395 37
396 54
397 315
398 58
399 34
400 173
401 162
402 220
403 88
404 238
405 171
406 73
407 280
408 69
409 202
410 207
411 250
412 368
413 210
414 348
415 29
416 197
417 183
418 360
419 85
420 95
421 291
422 45
423 378
424 114
425 164
426 166
427 273
428 89
429 161
430 329
431 283
432 316
433 387
434 390
435 257
436 250
437 94
438 117
439 269
440 56
441 80
442 238
443 295
444 418
445 165
446 169
447 299
448 215
449 140
450 199
451 225
452 54
453 421
454 39
455 401
456 1
457 139
458 101
459 357
460 356
461 240
462 108
463 34
464 36
465 198
466 440
467 360
468 402
469 300
470 435
471 271
472 151
473 186
474 469
475 38
476 366
477 209
478 277
479 220
480 154
481 7
482 377
483 90
484 195
485 153
486 408
487 144
488 302
489 473
490 285
491 75
492 360
493 491
494 106
495 455
496 462
497 243
498 260
499 454
500 254
500 200
1270 224 328 2891 2571 2670 3272 194 448 3625 1654 1630 2162 2418 3852 2513 1964 1277 3811 1037 2944 2850 118 1015 3559 3042 376 1325 2967 3227 147 758 1059 2223 1283 1192 3639 849 18 3935 1715 3025 1174 2908 1352 3433 2216 1370 273 3561 3238 3576 597 447 1356 1091 3739 1034 3598 2884 236 1983 3546 1545 1935 2012 108 247 193 3982 2770 1456 1397 734 2625 1057 75 3296 2903 1070 1651 958 2003 321 516 3873 1362 976 536 449 1324 2190 299 3247 2703 2004 3444 1344 1851 2096 1123 3676 3069 3470 60 2823 1072 3846 147 3758 913 2501 1961 3510 993 1504 2022 65 865 309 3224 1729 1610 2051 3947 3714 2955 333 3305 2706 3239 1163 3572 3891 3598 2545 2146 2404 794 2050 409 1388 845 1943 11 2920 3081 3436 2388 2774 2961 2124 177 1122 191 1053 3300 2128 3397 430 3110 2090 3752 3647 2476 3244 3098 945 2270 558 2520 1295 3187 177 2596 1372 177 2700 2819 1438 1444 408 2809 3147 2717 539 2788 2322 1966 657 2262 2349 1859 993 3320 3525 3331 3166 1148 3397 455 3100 961 515 1371 3701 1197 3691 83 1563 3974 1678 48 2496 402 3339 2035 1700 336 3836 3809 1822 2614 3075 3192 878 2317 853 1585 3745 2922 1255 3063 1350 1742 2423 3335 3888 3745 734 2921 492 1067 2100 78 2917 1331 3748 267 2293 3452 1809 3253 494 3580 1287 925 3945 2335 231 782 1422 2428 1101 933 3364 2007 3043 785 3323 2167 1259 2059 439 3529 3496 3672 671 789 2189 1117 743 735 74 3746 666 1889 595 3979 3434 2951 1106 2418 1756 1739 912 3241 2703 2579 3711 912 173 1992 3723 274 629 2776 129 1989 3111 1263 2336 769 209 2770 2238 3456 3448 3100 765 3448 3018 3420 1168 86 3427 2063 360 2107 894 730 3075 2395 2494 44 1206 980 2717 2674 3417 748 244 2842 3091 2511 2123 2284 455 648 3842 1606 31 3069 1408 3448 951 1328 1468 3135 44 755 1738 486 3558 12 3463 1050 3555 234 935 1069 3014 3623 1662 3982 3519 2271 3118 294 955 1072 432 1398 3246 755 1285 2256 1536 1017 798 3060 1494 586 233 781 2433 26 607 266 2476 269 3948 257 2657 3149 2078 1666 3612 2921 3632 728 1747 2737 2456 2533 3269 1520 2832 1982 547 3050 2689 773 3932 406 3190 71 3980 1725 574 2550 135 3187 1923 2983 2625 1814 2091 14 289 2438 1004 1497 3687 1444 2740 3435 2811 558 2201 2746 151 1273 2302 811 2743 2128 3846 2957 2559 653 3133 2356 2861 3734 1764 1207 512 3898 2653 3979 3400 204 1911 194 1871 2783 2460 2591 583 1699 1816 1115 2134 3168 1612 3006 1471 3376 947 790 1842 2146 1171 3740 3445 2829 1416 1640 1684
35 122 45 183 63 63 138 77 31 56 183 48 198 101 175 37 47 39 2 169 161 76 35 168 174 129 185 49 57 73 100 153 72 46 82 181 16 14 66 101 192 16 119 22 175 143 105 70 57 23 200 61 183 166 193 98 151 12 197 4 12 190 96 75 21 64 150 94 179 65 108 103 54 92 85 12 121 12 179 127 111 144 129 128 5 80 109 82 90 118 195 164 163 73 191 193 122 126 50 34 129 169 168 66 91 139 33 27 132 131 6 87 121 98 69 114 50 90 72 47 86 96 122 152 71 82 131 146 95 42 101 176 106 180 151 55 54 132 161 74 31 196 193 119 111 141 13 130 37 77 169 129 12 120 74 56 23 121 59 190 68 179 7 32 6 35 168 53 38 41 31 90 139 15 156 103 184 50 112 17 15 191 96 121 21 151 36 166 5 30 159 135 152 193 129 75 60 39 195 189 84 57 82 146 104 101 80 102 190 127 198 118 24 161 117 95 7 45 175 167 128 25 184 130 100 163 10 49 190 6 17 142 144 196 179 179 134 4 84 60 119 165 96 138 168 188 33 34 146 179 147 14 63 67 53 50 176 163 114 57 146 57 49 41 50 98 169 157 165 53 56 42 76 149 45 85 111 78 11 11 192 55 128 89 179 114 127 77 124 120 130 108 73 89 115 198 41 27 188 15 196 16 93 88 76 149 173 62 148 49 28 9 8 99 47 144 172 143 164 147 32 154 57 169 147 69 40 36 38 71 93 186 20 102 89 93 81 167 97 174 64 188 122 29 169 125 119 28 65 163 166 45 99 42 23 113 199 140 182 132 42 174 122 69 125 93 111 98 161 90 48 124 43 94 111 55 196 111 113 125 44 28 165 35 102 150 5 108 31 88 176 109 91 72 142 129 63 111 92 126 134 29 82 113 197 137 107 150 121 152 116 178 155 164 63 100 98 103 66 89 97 136 19 8 41 125 62 62 74 154 42 82 126 90 71 108 30 28 164 130 87 104 136 4 175 105 38 137 52 117 22 89 86 148 17 116 126 118 52 163 134 128 200 158 9 64 144 110 141 87 36 124 16 79 133 178 72 93 66 57 111 97 145 107 110 164 177 106 56 89 167 128 74 8 46 121 105 71 12 182
9 87 23 56 20 41 55 4 51 67 11 14 70 9 65 18 19 21 16 28 83 77 100 82 8 88 18 66 16 45 6 82 50 65 49 1 8 95 37 15 61 45 19 41 9 8 49 26 66 92 96 6 47 42 80 60 7 71 70 57 38 34 78 51 100 7 25 54 96 37 68 46 2 22 90 86 97 21 3 39 13 69 43 84 32 91 1 97 76 100 7 74 46 21 68 46 11 3 59 55 91 23 45 88 62 9 86 1 23 84 17 18 29 34 35 34 36 20 39 62 72 72 75 57 36 61 95 50 98 32 72 81 89 17 94 53 96 20 38 10 18 44 61 74 13 68 29 37 79 97 66 74 14 79 92 15 83 28 24 4 78 37 86 79 68 31 29 38 93 57 49 74 3 27 73 3 34 10 86 72 94 73 74 9 91 68 85 90 12 100 88 63 2 91 35 29 82 16 21 94 68 53 37 88 9 3 7 25 88 98 76 91 65 42 47 28 86 25 53 65 30 6 3 7 83 58 25 19 39 41 65 25 78 68 21 84 85 21 45 13 38 26 9 47 55 42 26 41 52 20 74 89 94 82 13 100 100 1 70 38 96 86 51 56 70 25 29 31 95 40 26 90 17 87 35 99 13 58 77 55 73 90 59 84 43 43 87 27 2 42 56 77 92 71 54 61 29 74 28 68 18 66 46 1 84 1 80 39 66 17 53 51 96 35 32 5 30 19 79 59 65 31 81 33 80 64 74 7 2 93 64 3 51 81 21 8 68 16 7 32 95 61 71 71 38 79 57 80 59 80 38 20 100 13 12 68 96 44 71 39 38 55 84 48 37 14 99 98 28 7 24 77 59 40 65 42 78 41 2 6 49 75 73 87 48 28 25 20 59 68 93 99 17 96 13 52 37 69 44 4 89 12 10 10 3 51 65 8 97 7 11 82 100 68 42 55 20 12 36 93 38 72 80 38 50 44 49 66 26 66 16 88 79 97 51 72 51 34 53 38 71 51 72 44 98 30 35 44 21 61 5 25 80 4 28 68 50 90 29 43 29 64 63 88 17 55 78 69 10 41 7 15 79 78 74 65 72 15 95 55 90 98 28 98 18 52 93 50 92 88 33 74 86 5 25 71 60 74 55 84
2 1
3 2
4 3
5 4
6 5
7 6
8 7
9 8
10 9
11 10
12 11
13 12
14 13
15 14
16 15
17 16
18 17
19 18
20 19
21 20
22 21
23 22
24 23
25 24
26 25
27 26
28 27
29 28
30 29
31 30
32 31
33 32
34 33
35 34
36 35
37 36
38 37
39 38
40 39
41 40
42 41
43 42
44 43
45 44
46 45
47 46
48 47
49 48
50 49
51 50
52 51
53 52
54 53
55 54
56 55
57 56
58 57
59 58
60 59
61 60
62 61
63 62
64 63
65 64
66 65
67 66
68 67
69 68
70 69
71 70
72 71
73 72
74 73
75 74
76 75
77 76
78 77
79 78
80 79
81 80
82 81
83 82
84 83
85 84
86 85
87 86
88 87
89 88
90 89
91 90
92 91
93 92
94 93
95 94
96 95
97 96
98 97
99 98
100 99
101 100
102 101
103 102
104 103
105 104
106 105
107 106
108 107
109 108
110 109
111 110
112 111
113 112
114 113
115 114
116 115
117 116
118 117
119 118
120 119
121 120
122 121
123 122
124 123
125 124
126 125
127 126
128 127
129 128
130 129
131 130
132 131
133 132
134 133
135 134
136 135
137 136
138 137
139 138
140 139
141 140
142 141
143 142
144 143
145 144
146 145
147 146
148 147
149 148
150 149
151 150
152 151
153 152
154 153
155 154
156 155
157 156
158 157
159 158
160 159
161 160
162 161
163 162
164 163
165 164
166 165
167 166
168 167
169 168
170 169
171 170
172 171
173 172
174 173
175 174
176 175
177 176
178 177
179 178
180 179
181 180
182 181
183 182
184 183
185 184
186 185
187 186
188 187
189 188
190 189
191 190
192 191
193 192
194 193
195 194
196 195
197 196
198 197
199 198
200 199
201 200
202 201
203 202
204 203
205 204
206 205
207 206
208 207
209 208
210 209
211 210
212 211
213 212
214 213
215 214
216 215
217 216
218 217
219 218
220 219
221 220
222 221
223 222
224 223
225 224
226 225
227 226
228 227
229 228
230 229
231 230
232 231
233 232
234 233
235 234
236 235
237 236
238 237
239 238
240 239
241 240
242 241
243 242
244 243
245 244
246 245
247 246
248 247
249 248
250 249
251 242
252 190
253 49
254 118
255 14
256 167
257 178
258 38
259 50
260 200
261 32
262 189
263 87
264 127
265 193
266 50
267 234
268 267
269 51
270 239
271 231
272 61
273 93
274 240
275 163
276 178
277 257
278 236
279 17
280 12
281 203
282 240
283 158
284 144
285 85
286 219
287 184
288 269
289 244
290 228
291 195
292 275
293 91
294 106
295 1
296 146
297 103
298 101
299 68
300 203
301 268
302 166
303 290
304 117
305 70
306 227
307 157
308 165
309 253
310 108
311 110
312 301
313 133
314 103
315 244
316 156
317 208
318 227
319 32
320 51
321 158
322 223
323 81
324 177
325 40
326 129
327 83
328 125
329 96
330 174
331 311
332 284
333 136
334 325
335 12
336 107
337 43
338 155
339 263
340 107
341 31
342 99
343 8
344 40
345 21
346 35
347 32
348 290
349 319
350 170
351 131
352 69
353 344
354 116
355 250
356 334
357 181
358 259
359 256
360 140
361 26
362 225
363 249
364 145
365 55
366 270
367 274
368 10
369 260
370 69
371 304
372 274
373 42
374 324
375 213
376 198
377 92
378 168
379 199
380 165
381 288
382 251
383 76
384 326
385 75
386 215
387 331
388 329
389 148
390 78
391 220
392 309
393 287
394 236
395 1
396 112
397 105
398 93
399 108
400 35
401 297
402 147
403 199
404 188
405 67
406 372
407 290
408 216
409 8
410 65
411 373
412 58
413 65
414 34
415 384
416 34
417 157
418 119
419 288
420 217
421 211
422 147
423 273
424 269
425 125
426 414
427 153
428 16
429 270
430 254
431 61
432 374
433 275
434 236
435 366
436 319
437 4
438 428
439 308
440 2
441 27
442 248
443 289
444 98
445 193
446 179
447 2
448 286
449 183
450 86
451 106
452 284
453 140
454 53
455 32
456 27
457 6
458 50
459 253
460 52
461 74
462 256
463 314
464 409
465 56
466 120
467 71
468 434
469 346
470 457
471 272
472 365
473 459
474 399
475 42
476 234
477 419
478 49
479 305
480 16
481 418
482 468
483 365
484 282
485 2
486 71
487 435
488 106
489 73
490 474
491 15
492 343
493 381
494 20
495 386
496 224
497 450
498 351
499 79
500 434
