5
152 42
1429 3175 933 3941 688 1940 3256 1784 527 585 1800 2086 1713 3236 337 627 3213 2779 3636 2365 354 502 998 3804 384 1708 3803 2013 2354 3389 2132 2428 3342 1808 2086 3649 191 3791 1644 1053 50 960 2191 3268 576 389 3892 1037 1851 3543 38 3272 2107 3902 3141 3071 1610 3892 1615 2193 3886 3836 270 1964 2327 3549 2689 1609 3209 1763 878 1356 75 2136 391 1596 3600 3807 3419 3776 964 498 1120 3835 1627 1500 2271 2634 3510 1306 3552 187 663 3534 2519 304 1319 1924 431 3829 196 41 757 1855 3184 3368 839 2950 2712 2536 2526 3012 897 3971 184 1614 121 2088 842 2547 3996 2387 1286 3347 3748 1291 3529 2434 374 1757 2696 958 3114 3256 2394 3501 3387 2281 2440 154 1040 2840 2900 1009 649 3587 1160 1114 3533 2905 3392 3891
30 17 34 7 5 33 15 5 26 8 22 37 13 23 38 34 20 22 3 3 38 10 1 16 20 6 25 10 6 34 21 32 15 9 24 38 29 32 41 3 14 35 34 21 18 17 10 33 21 3 1 1 24 8 19 32 21 42 22 15 18 32 32 10 14 5 12 15 7 27 16 10 37 34 2 29 17 32 13 29 24 19 12 38 5 18 10 15 7 34 8 23 3 31 36 8 15 19 40 2 9 28 9 9 11 36 19 24 14 31 24 14 11 36 28 36 19 9 41 13 10 1 12 32 29 26 5 34 19 16 17 26 17 5 36 21 20 35 23 2 7 29 2 16 9 16 36 37 2 39 27 9
27 51 52 42 2 6 79 60 38 84 9 78 65 85 100 47 98 13 64 36 45 90 78 53 20 81 22 32 71 63 46 45 95 34 77 66 57 65 85 36 24 40 13 74 82 60 74 8 63 10 83 68 7 61 35 80 27 37 66 83 46 13 71 92 21 81 8 75 4 25 7 24 90 30 40 57 42 83 15 8 55 5 36 24 10 33 16 74 90 90 94 16 65 55 66 21 9 55 57 28 64 48 37 19 63 44 75 74 45 45 46 65 32 59 26 48 37 68 17 88 9 8 69 11 38 1 3 64 42 40 19 90 52 29 40 34 53 27 93 42 15 8 92 83 68 53 45 17 69 69 71 58
2 1
3 2
4 3
5 4
6 5
7 6
8 7
9 8
10 9
11 10
12 11
13 12
14 13
15 14
16 15
17 16
18 17
19 18
20 19
21 20
22 21
23 22
24 23
25 24
26 25
27 26
28 27
29 28
30 29
31 30
32 31
33 32
34 33
35 34
36 35
37 36
38 37
39 38
40 39
41 40
42 41
43 42
44 43
45 44
46 45
47 46
48 47
49 48
50 49
51 50
52 51
53 52
54 53
55 54
56 55
57 56
58 57
59 58
60 59
61 60
62 61
63 62
64 63
65 64
66 65
67 66
68 67
69 68
70 69
71 70
72 71
73 72
74 73
75 74
76 75
77 55
78 17
79 23
80 71
81 32
82 56
83 78
84 63
85 76
86 26
87 21
88 2
89 23
90 14
91 74
92 72
93 62
94 72
95 83
96 41
97 63
98 50
99 59
100 50
101 34
102 6
103 79
104 3
105 7
106 91
107 66
108 37
109 74
110 72
111 101
112 95
113 4
114 7
115 104
116 29
117 26
118 48
119 14
120 58
121 83
122 84
123 12
124 81
125 56
126 91
127 54
128 104
129 104
130 123
131 51
132 43
133 78
134 133
135 119
136 75
137 89
138 80
139 113
140 88
141 11
142 69
143 33
144 74
145 51
146 108
147 4
148 34
149 1
150 1
151 145
152 26
81 3857
3801 1174 509 2611 3508 2102 2740 3726 812 317 472 1472 1760 1809 2333 3746 1405 2571 3639 2431 433 3913 358 2709 2097 948 1634 1962 2088 596 1891 2736 1795 1328 2195 3644 2939 2091 2646 483 674 1052 698 886 2512 717 2748 2592 1391 374 2778 1886 3332 1147 1279 319 1697 1411 3276 381 9 3707 3779 3642 3074 3019 889 1727 33 1303 60 81 466 3769 706 3380 3974 606 1588 69 2946
479 1776 2642 3429 772 3633 174 2010 2543 1868 1619 2372 3278 2429 99 1864 2465 2226 3394 1399 1144 1312 984 1608 2608 3826 653 318 785 1319 1869 3126 3491 998 90 2003 1654 65 1061 2785 3214 3478 294 2811 454 3601 1288 1549 2698 1643 2748 3101 3397 2970 1357 2799 1760 2489 3714 1849 138 2102 1817 1630 1002 1208 1855 2053 3439 521 1015 522 217 2192 2133 3774 380 584 1144 1125 884
39 15 30 64 91 84 27 73 70 10 47 38 99 92 23 96 13 41 98 15 80 12 97 77 12 37 72 14 62 4 17 89 8 82 1 79 99 90 76 74 99 86 13 89 84 65 99 94 23 76 90 41 51 16 53 32 4 59 34 74 56 51 82 60 33 6 59 44 30 11 8 36 34 72 17 16 25 61 87 72 73
2 1
3 2
4 3
5 4
6 5
7 6
8 7
9 8
10 9
11 10
12 11
13 12
14 13
15 14
16 15
17 16
18 17
19 18
20 19
21 20
22 21
23 22
24 23
25 24
26 25
27 26
28 27
29 28
30 29
31 30
32 31
33 32
34 33
35 34
36 35
37 36
38 37
39 38
40 39
41 39
42 1
43 14
44 27
45 10
46 20
47 46
48 36
49 32
50 3
51 33
52 39
53 49
54 11
55 15
56 37
57 20
58 37
59 48
60 16
61 16
62 58
63 52
64 60
65 46
66 50
67 2
68 3
69 51
70 62
71 53
72 39
73 66
74 49
75 18
76 19
77 9
78 3
79 1
80 50
81 37
420 2889
143 1118 1417 3124 3104 2707 2974 3376 1686 110 650 3667 1435 2652 927 3082 3598 891 1743 2646 3784 3472 1753 3660 2222 2410 16 263 1752 2870 2734 273 1089 1634 1529 3507 1200 951 3156 1944 2181 2385 3144 329 2758 2944 915 1861 3532 3780 2609 1760 2665 1861 3145 2845 2844 1265 1275 1199 3000 634 3336 2157 1424 335 674 2420 2567 2362 2453 2690 2455 2202 2197 432 1472 3554 3785 1359 2514 1874 791 3527 350 3188 3953 2796 1881 1243 2368 3714 369 151 1488 3156 3477 124 2460 3119 3263 788 26 4 1061 3234 3977 3838 2143 3001 2009 1857 2971 1724 2362 2372 1727 760 73 2416 2365 1119 1849 1530 1949 1318 1854 1374 2695 738 190 3964 2543 990 3579 1304 742 3520 1883 2893 542 1022 2906 2353 2908 3483 3858 3823 1188 3559 3785 3169 3681 2966 2428 2541 2259 3711 873 3011 1182 1976 98 3956 400 944 1360 3028 3058 1165 709 1043 242 2568 2342 409 1455 3367 1207 1121 2630 89 841 2007 2332 919 3745 3285 2092 2425 1067 987 3858 2007 1342 269 3097 609 3696 178 3458 1409 3709 3146 3253 272 2259 1839 395 3191 801 144 1148 999 3840 138 1478 3483 2370 169 2207 1165 3034 2014 3068 2294 11 2721 1634 1162 693 3240 2508 3251 764 3465 1854 3054 2842 1485 329 2371 423 1110 2110 3689 2696 2099 2328 3993 565 1312 1636 1458 2383 1060 1203 1902 1121 998 2979 3459 533 3728 363 60 986 135 293 441 659 3978 3744 388 3555 1481 3621 2774 2327 680 1512 3850 756 404 147 2209 802 2885 848 3030 2616 502 3605 1570 3945 2177 596 339 2414 2238 1091 3017 3286 2205 2248 3090 2603 3523 1288 551 2502 3394 3249 3590 3829 2844 709 1073 522 2042 2634 871 135 199 2255 322 969 915 2369 2353 2482 1957 2734 2743 2842 2080 1337 2852 440 1978 2687 1299 3532 1849 2408 1508 529 1904 2097 155 1089 3801 2617 57 712 2771 106 2681 652 3294 425 2734 316 884 1217 3867 2296 2538 556 3955 2562 1928 899 1747 3043 2374 3911 573 3135 264 2288 3542 3357 3995 1205 1443 1841 2769 2141 3136 428 3385 2469 3713 1509 2787 2033 1548 393 307 408 1207 160 2628 3274 606 2433 2623 1637 1512 249 1244 760 1468 3959 3481 1623 3326 1947 3385
2329 2704 2446 422 1666 2615 177 1865 283 62 329 1791 1503 264 2178 893 2517 753 619 1506 1503 1177 2407 1416 2463 854 2516 15 1670 2588 1131 600 1440 197 1685 2407 550 337 251 2633 456 350 160 1902 1358 1003 1565 979 2559 2537 2696 1157 70 228 616 2092 131 2256 114 898 1793 2057 2636 342 1021 1326 4 609 625 2480 493 421 839 1791 700 303 1408 2525 1946 2291 1771 2217 2421 498 937 149 116 68 2872 2679 998 706 567 1701 347 2084 1914 501 1197 2888 1474 805 844 328 1543 2529 1613 1631 2183 67 2559 1735 1071 166 1507 1500 2256 1035 76 886 268 332 658 206 22 1178 1515 1162 1158 2081 1017 1525 1723 2758 689 577 2751 8 1136 1715 1438 2574 344 2726 387 1839 1225 211 2217 350 176 1156 2117 2466 76 1843 324 474 1432 2380 1644 1059 1465 2038 112 684 992 122 842 636 942 1027 2738 1986 2405 2795 707 1425 508 1127 1023 2653 1672 272 46 2173 707 240 1674 1810 694 707 1470 1466 2204 2119 283 1701 2312 2599 28 2440 2266 809 30 2134 13 1111 2105 1163 737 840 1876 1201 551 2236 2104 2420 676 2264 1497 2869 1469 1570 1697 1770 1544 230 1045 1628 1842 819 2536 1844 201 177 2808 1321 1370 619 1840 692 952 2568 261 228 989 2199 2877 763 634 273 2042 675 2559 2460 1560 1796 246 1377 2313 2391 1164 2840 2079 2328 2858 995 375 82 745 199 2034 858 2643 2539 2339 1252 1063 907 2882 829 794 2747 1793 262 467 1672 2268 1584 529 766 153 2367 546 2096 2022 899 573 1026 2296 2173 2571 1362 1006 2875 1162 2615 854 1412 1255 2800 2554 2660 927 1599 2158 228 868 1199 2137 555 452 1137 326 2168 1680 2478 26 1621 653 856 2812 2023 315 2702 35 1480 1983 635 2116 1901 1652 1493 1569 2788 366 154 780 414 2275 1858 1535 1312 444 2118 1938 1668 152 855 2493 1173 2211 2671 1978 94 2398 2474 1466 2351 2468 985 1825 1352 2846 1059 1499 1838 970 603 2104 1979 894 1397 2805 970 1482 1295 1241 2137 2552 754 1376 1315 2096 912 1861 1054 1405 806 1862 811 2422 150 664 1619 2141 1513 1101 806 1268 2029 1944 558 1125 1258 1594 2794 1293 1809
93 91 9 60 100 21 30 100 86 9 78 47 59 91 99 33 14 13 59 87 80 86 7 69 79 72 22 147 18 29 9 84 46 70 6 91 17 31 87 18 44 62 4 76 79 71 52 62 76 7 16 72 92 11 25 93 5 27 96 68 47 63 3 9 58 61 652 68 16 29 89 57 8 53 88 28 42 64 97 30 65 54 97 4 69 4 22 18 49 5 67 82 56 87 85 62 42 10 33 20 98 44 22 70 22 28 77 29 67 68 86 86 66 10 73 14 62 46 1 100 79 50 40 9 129 4 12 19 58 84 76 75 24 74 38 56 78 27 39 3 1 58 80 97 11 87 73 26 74 23 99 16 6 94 10 84 81 60 11 3 6 6 58 60 79 96 59 31 7 34 27 74 83 82 38 12 39 25 7 38 76 100 23 89 56 57 89 84 45 7 10 55 2 30 99 35 50 26 11 61 15 78 12 61 50 96 82 94 72 84 73 7 65 45 49 93 95 56 10 12 22 35 73 62 69 95 44 93 12 21 22 24 20 97 22 52 66 28 75 92 72 85 59 24 33 71 93 13 4 93 60 37 7 45 73 65 44 97 52 90 72 11 58 84 63 23 2 68 91 83 22 2 84 66 67 79 100 92 4 55 7 61 43 62 89 77 77 47 11 24 7 49 31 2 89 86 31 80 51 61 77 35 9 99 60 65 23 96 13 70 69 71 39 49 20 24 89 11 97 81 62 56 42 27 17 4 50 90 99 48 21 14 39 5 13 12 100 4 7 28 18 99 76 97 50 95 33 54 48 4 42 14 1 61 44 43 54 71 18 71 98 31 52 44 55 18 77 16 48 97 13 99 49 57 22 47 30 37 85 21 77 50 95 51 43 67 57 18 94 62 36 89 80 57 1 2 95 4 53 36 91 50 27 24 7 87 98 92 84 94 57 21 43 19 72 4 18 22 6 72
2 1
3 2
4 3
5 4
6 5
7 6
8 7
9 8
10 9
11 10
12 11
13 12
14 13
15 14
16 15
17 16
18 17
19 18
20 19
21 20
22 21
23 22
24 23
25 24
26 25
27 26
28 27
29 28
30 29
31 30
32 31
33 32
34 33
35 34
36 35
37 36
38 37
39 38
40 39
41 40
42 41
43 42
44 43
45 44
46 45
47 46
48 47
49 48
50 49
51 50
52 51
53 52
54 53
55 54
56 55
57 56
58 57
59 58
60 59
61 60
62 61
63 62
64 63
65 64
66 65
67 66
68 67
69 68
70 69
71 70
72 71
73 72
74 73
75 74
76 75
77 76
78 77
79 78
80 79
81 80
82 81
83 82
84 83
85 84
86 85
87 86
88 87
89 88
90 89
91 90
92 91
93 92
94 93
95 94
96 95
97 96
98 97
99 98
100 99
101 100
102 101
103 102
104 103
105 104
106 105
107 106
108 107
109 108
110 109
111 110
112 111
113 112
114 113
115 114
116 115
117 116
118 117
119 118
120 119
121 120
122 121
123 122
124 123
125 124
126 125
127 126
128 127
129 128
130 129
131 130
132 131
133 132
134 133
135 134
136 135
137 136
138 137
139 138
140 139
141 140
142 141
143 142
144 143
145 144
146 145
147 146
148 147
149 148
150 149
151 150
152 151
153 152
154 153
155 154
156 155
157 156
158 157
159 158
160 159
161 160
162 161
163 162
164 163
165 164
166 165
167 166
168 167
169 168
170 169
171 170
172 171
173 172
174 173
175 174
176 175
177 176
178 177
179 178
180 179
181 180
182 181
183 182
184 183
185 184
186 185
187 186
188 187
189 188
190 189
191 190
192 191
193 192
194 193
195 194
196 195
197 196
198 197
199 198
200 199
201 200
202 201
203 202
204 203
205 204
206 205
207 206
208 207
209 208
210 209
211 7
212 135
213 92
214 105
215 102
216 111
217 104
218 184
219 2
220 146
221 26
222 220
223 78
224 13
225 140
226 194
227 19
228 163
229 142
230 41
231 199
232 146
233 118
234 225
235 53
236 219
237 204
238 135
239 136
240 94
241 228
242 104
243 127
244 33
245 63
246 94
247 218
248 177
249 46
250 129
251 18
252 199
253 224
254 35
255 200
256 8
257 100
258 2
259 118
260 240
261 140
262 82
263 122
264 191
265 208
266 99
267 6
268 8
269 258
270 37
271 17
272 88
273 96
274 191
275 2
276 49
277 198
278 103
279 45
280 253
281 70
282 243
283 118
284 188
285 101
286 109
287 9
288 171
289 168
290 25
291 124
292 133
293 14
294 96
295 53
296 280
297 184
298 97
299 199
300 117
301 182
302 119
303 148
304 230
305 204
306 43
307 84
308 15
309 257
310 37
311 108
312 296
313 263
314 6
315 312
316 7
317 192
318 299
319 312
320 199
321 158
322 197
323 54
324 182
325 221
326 30
327 111
328 121
329 28
330 45
331 204
332 327
333 277
334 79
335 191
336 242
337 143
338 158
339 308
340 333
341 249
342 83
343 211
344 118
345 57
346 162
347 216
348 263
349 221
350 240
351 199
352 32
353 304
354 329
355 324
356 333
357 356
358 353
359 16
360 155
361 286
362 43
363 339
364 171
365 262
366 185
367 324
368 292
369 242
370 167
371 312
372 327
373 73
374 98
375 160
376 63
377 325
378 214
379 230
380 148
381 268
382 34
383 138
384 230
385 197
386 277
387 20
388 108
389 87
390 345
391 225
392 384
393 382
394 134
395 212
396 81
397 326
398 118
399 201
400 224
401 92
402 374
403 348
404 236
405 310
406 321
407 294
408 208
409 146
410 87
411 347
412 46
413 254
414 160
415 46
416 69
417 134
418 106
419 142
420 122
500 4000
3601 892 3737 3766 2325 1097 3031 2914 1625 755 3154 3730 3019 1165 3063 2485 375 3754 1553 2321 1101 3962 3149 3807 52 3748 3434 3140 815 3973 3908 113 399 2184 1186 1214 3993 3239 3262 1667 2264 1665 564 2263 3717 1660 2222 1996 277 1310 3727 2219 3075 3559 1022 1773 607 1585 756 3450 2391 2794 488 3077 1828 2481 1658 1704 792 1520 511 3164 1637 3610 2380 3292 2704 102 997 2619 1143 106 1000 2531 2080 219 2069 848 708 772 3327 3437 1244 3750 441 1197 1034 2319 666 268 3753 2526 1042 2631 888 3862 529 1882 3300 2177 3893 2746 2390 2888 1524 3090 2460 1616 74 865 3387 1943 2404 116 3157 1999 1101 1088 3703 187 2073 611 3301 1480 623 508 1705 2414 3292 1160 1913 3751 1845 448 2280 3727 107 3631 1487 2525 22 2104 1756 1985 826 2567 3003 2879 2078 279 836 2667 2863 965 2788 3014 2991 1683 2320 280 835 159 2950 1326 1597 2245 549 183 3910 3187 1360 666 1167 2828 3167 2810 3322 3936 3654 2061 3716 3817 1512 3832 372 1929 3262 400 2153 3491 2276 1037 1216 439 1445 816 1861 2946 1319 2071 1980 2390 1977 1631 3504 1750 2587 122 2971 2197 2606 2160 2325 431 2589 3547 1825 168 3467 3550 86 2788 894 3750 3307 1159 2892 772 1318 1967 3716 2537 2182 3471 160 420 3758 2797 2761 1113 2741 3230 586 3202 491 832 1465 394 2797 1945 770 552 268 3343 1110 505 635 3080 1716 1154 1687 2243 950 1444 571 3958 3358 1441 163 1578 3745 2767 2720 2676 948 314 1533 2645 3157 1823 3217 3125 3773 134 3685 2140 1636 1184 3080 3025 501 1794 656 3927 2003 449 2483 516 3786 974 3686 1220 2907 628 1813 2542 1506 2800 740 3014 2153 465 2436 2867 2002 3664 3289 610 192 690 2410 187 3526 1468 3882 2850 1940 3766 1446 1873 3518 707 2032 3764 622 192 3115 1670 1773 1372 1207 1994 3789 279 1854 1932 3610 382 766 3706 2881 2950 1210 1821 0 2824 3292 829 1136 1564 2573 820 3088 505 3640 1234 1652 1515 538 497 1420 2614 2926 2394 3481 1483 2295 216 749 2473 846 2523 2048 2614 1486 3248 60 1150 318 127 2977 107 95 3750 729 102 3222 2101 995 3214 1114 2761 3513 3286 2465 3469 3652 2084 3400 3374 962 2759 3457 2910 118 3193 833 2924 2000 374 361 993 2461 3612 1364 3423 2065 3875 2690 53 3732 1855 1764 3334 2347 788 2825 3388 807 2810 232 3431 1490 2706 1261 2394 2360 2919 2728 3368 2581 3368 788 2587 829 3621 2085 3893 2416 1609 2997 1996 255 567 528 384 1145 392 2045 1374 3226 485 2671 2010 2966 3648 1964 488 2753 280 3005 3164 3490 108 3543 3588 3705 703 3849 2819
2604 3664 2644 1455 1309 1616 2014 2189 683 3658 1928 2664 1307 2997 2166 2850 91 2440 796 3674 999 3843 2626 3575 2240 3904 281 1782 3144 2139 2844 3574 3169 511 2699 1633 2055 3155 3172 1372 75 3811 898 2193 2161 1747 2075 1788 2989 3905 1461 821 3130 2681 1769 2173 2107 1854 444 1964 2934 3894 3322 2649 3054 727 3699 3114 2240 1169 474 3614 3169 2043 2652 1849 2742 194 479 335 2963 1006 3740 3828 1592 3126 1342 3874 1066 2375 2075 2027 1006 1615 82 642 172 3120 1222 4 1953 483 2939 3052 2949 2954 1679 3479 2271 1243 1978 2196 806 1480 2377 3631 3162 275 2871 1759 1827 1682 2286 3341 3496 1630 158 3816 2962 2658 251 71 194 3233 3836 2173 624 1608 945 1667 263 181 964 193 2142 296 3060 670 600 2536 910 2026 702 152 2829 1706 3451 3579 532 2787 1465 3237 2410 2889 410 3331 2998 2121 2842 461 219 3733 2372 234 853 272 2962 2276 3349 2586 1577 2093 2266 2461 2836 3857 2097 1496 672 3645 1518 2060 88 1680 1963 4 1570 1537 3745 393 2010 432 517 38 238 2544 1317 3192 2555 244 3748 826 2054 1978 3538 3504 2972 3797 2352 753 2638 3326 3683 2490 2536 508 2582 464 1554 1618 2421 2068 1673 3370 3656 141 3486 2497 3821 2674 1040 2418 3097 2807 134 1766 1584 1177 3152 3131 1571 557 350 2196 619 2821 2113 3169 1347 1283 225 1424 1931 3651 3903 1747 698 1571 1420 19 2083 1717 906 1940 3948 3144 3138 810 3051 2162 549 3485 67 1954 2183 2072 2941 613 954 1271 3978 1751 1127 113 3897 1228 3443 803 3508 1663 559 2654 2849 1977 1472 2420 3189 1029 369 542 3611 723 3637 2641 326 3498 34 386 1523 83 3563 3350 836 355 2558 1390 504 3241 29 401 431 953 640 188 2653 2999 1355 2088 3885 550 2348 3706 3192 1010 2488 3312 2246 3708 2247 2345 1796 3335 973 405 3687 3392 3259 1502 961 785 534 1335 2914 1481 2614 1251 2289 3142 3074 3177 42 2372 42 1590 3514 297 6 370 2361 145 2381 2470 680 55 3352 3597 940 2821 1656 2011 3499 541 2198 2859 3812 2024 3882 2253 3571 3422 2910 1774 2469 2358 868 1257 1785 2672 1462 3918 1849 2336 2445 3826 120 1053 932 246 3180 3178 2925 2555 1069 3844 3252 3622 1391 2093 3828 912 2109 1975 1047 1201 3223 1108 2226 620 1773 3645 3424 3454 3293 3777 1662 3555 1386 2256 775 3368 93 1895 690 1783 3489 2846 3369 3200 2554 2704 2283 1797 2534 3754 196 936 694 727 1963 2136 1039 3850 3293 1400 1917 236 3705 2577 471 712 3548 3675 313 1749 1022 1191 1758 356 3980 401 2845 2378 2759 2947 197 1902 2206 2156 3452 1590
46 83 13 2 89 73 78 1 25 23 8 43 36 75 39 14 49 41 49 33 69 90 14 85 88 43 20 9 77 55 67 9 40 50 48 59 70 99 11 41 46 45 30 69 40 32 24 86 43 60 86 83 12 27 24 18 40 79 19 6 1 83 78 8 24 47 85 19 81 73 42 19 60 98 79 48 10 36 23 90 68 65 65 27 52 40 82 8 64 23 57 5 56 74 8 4 42 30 4 254 77 68 97 71 69 55 56 8 76 43 14 87 50 84 86 99 70 82 12 28 65 71 43 80 51 83 13 11 47 34 29 57 30 19 34 1 11 35 45 5 86 8 59 83 95 60 97 54 28 5 40 54 15 66 65 32 73 66 72 55 90 80 96 14 64 27 3 26 94 7 38 51 6 88 91 56 74 57 89 72 81 28 8 70 24 69 87 86 70 12 31 34 95 3 20 3 92 92 49 64 97 90 7 74 26 70 66 93 28 16 100 93 66 100 98 69 38 55 89 57 70 9 24 90 23 52 27 86 13 81 79 12 100 85 67 22 53 7 67 17 100 29 76 77 9 36 12 17 40 17 54 80 94 8 52 34 1 94 19 89 80 58 31 75 87 72 79 59 80 157 44 66 6 3 78 77 21 85 15 52 51 94 87 21 78 94 43 53 29 46 44 27 28 88 67 59 47 18 84 33 90 25 3 79 30 95 42 35 35 27 70 88 90 43 64 67 80 86 52 77 76 36 100 4 49 67 44 18 118 4 95 41 47 5 13 4 57 76 51 52 65 41 99 15 17 36 73 26 70 33 29 41 13 79 54 15 55 90 18 75 83 57 43 73 40 12 74 65 14 35 35 53 85 3 84 92 48 60 17 65 87 51 84 53 84 36 89 82 43 18 1 61 47 90 35 42 39 58 42 22 26 8 28 52 51 94 6 55 88 83 42 78 75 19 26 29 66 18 2 12 96 79 36 18 100 98 54 85 42 58 40 47 87 14 51 55 41 86 37 47 64 58 70 80 75 17 23 29 74 86 97 41 86 96 29 57 41 90 97 96 25 57 82 52 36 86 96 56 17 90 13 86 28 21 38 12 6 26 3 81 92 15 58 62 2 61 10 66 11 58 40 61 55 35 46 85 2 75 2 77
2 1
3 2
4 3
5 4
6 5
7 6
8 7
9 8
10 9
11 10
12 11
13 12
14 13
15 14
16 15
17 16
18 17
19 18
20 19
21 20
22 21
23 22
24 23
25 24
26 25
27 26
28 27
29 28
30 29
31 30
32 31
33 32
34 33
35 34
36 35
37 36
38 37
39 38
40 39
41 40
42 41
43 42
44 43
45 44
46 45
47 46
48 47
49 48
50 49
51 50
52 51
53 52
54 53
55 54
56 55
57 56
58 57
59 58
60 59
61 60
62 61
63 62
64 63
65 64
66 65
67 66
68 67
69 68
70 69
71 70
72 71
73 72
74 73
75 74
76 75
77 76
78 77
79 78
80 79
81 80
82 81
83 82
84 83
85 84
86 85
87 86
88 87
89 88
90 89
91 90
92 91
93 92
94 93
95 94
96 95
97 96
98 97
99 98
100 99
101 100
102 101
103 102
104 103
105 104
106 105
107 106
108 107
109 108
110 109
111 110
112 111
113 112
114 113
115 114
116 115
117 116
118 117
119 118
120 119
121 120
122 121
123 122
124 123
125 124
126 125
127 126
128 127
129 128
130 129
131 130
132 131
133 132
134 133
135 134
136 135
137 136
138 137
139 138
140 139
141 140
142 141
143 142
144 143
145 144
146 145
147 146
148 147
149 148
150 149
151 150
152 151
153 152
154 153
155 154
156 155
157 156
158 157
159 158
160 159
161 160
162 161
163 162
164 163
165 164
166 165
167 166
168 167
169 168
170 169
171 170
172 171
173 172
174 173
175 174
176 175
177 176
178 177
179 178
180 179
181 180
182 181
183 182
184 183
185 184
186 185
187 186
188 187
189 188
190 189
191 190
192 191
193 192
194 193
195 194
196 195
197 196
198 197
199 198
200 199
201 200
202 201
203 202
204 203
205 204
206 205
207 206
208 207
209 208
210 209
211 210
212 211
213 212
214 213
215 214
216 215
217 216
218 217
219 218
220 219
221 220
222 221
223 222
224 223
225 224
226 225
227 226
228 227
229 228
230 229
231 230
232 231
233 232
234 233
235 234
236 235
237 236
238 237
239 238
240 239
241 240
242 241
243 242
244 243
245 244
246 245
247 246
248 247
249 248
250 249
251 31
252 68
253 115
254 216
255 102
256 209
257 167
258 187
259 114
260 28
261 102
262 2
263 16
264 115
265 21
266 132
267 45
268 207
269 213
270 61
271 128
272 49
273 58
274 80
275 113
276 29
277 105
278 186
279 94
280 204
281 54
282 218
283 137
284 162
285 118
286 264
287 36
288 144
289 220
290 204
291 148
292 225
293 3
294 33
295 102
296 164
297 91
298 153
299 267
300 17
301 187
302 235
303 5
304 283
305 198
306 227
307 36
308 115
309 293
310 155
311 25
312 195
313 29
314 260
315 222
316 177
317 288
318 120
319 127
320 119
321 114
322 116
323 50
324 139
325 232
326 23
327 206
328 74
329 76
330 280
331 311
332 266
333 128
334 302
335 134
336 120
337 247
338 293
339 323
340 233
341 289
342 158
343 27
344 277
345 145
346 111
347 209
348 239
349 137
350 75
351 283
352 72
353 14
354 10
355 207
356 190
357 2
358 149
359 279
360 142
361 334
362 75
363 257
364 151
365 115
366 322
367 38
368 61
369 178
370 273
371 333
372 235
373 246
374 301
375 214
376 109
377 147
378 369
379 301
380 364
381 369
382 313
383 285
384 225
385 91
386 106
387 77
388 262
389 28
390 340
391 13
392 203
393 122
394 284
395 119
396 107
397 277
398 387
399 181
400 363
401 50
402 110
403 375
404 277
405 53
406 260
407 397
408 101
409 267
410 256
411 340
412 335
413 148
414 397
415 85
416 415
417 224
418 402
419 313
420 18
421 416
422 290
423 294
424 215
425 152
426 379
427 138
428 237
429 2
430 379
431 323
432 121
433 429
434 306
435 245
436 420
437 144
438 156
439 33
440 332
441 113
442 297
443 48
444 30
445 285
446 283
447 206
448 321
449 228
450 67
451 327
452 216
453 40
454 316
455 275
456 36
457 71
458 140
459 252
460 179
461 42
462 246
463 391
464 181
465 221
466 138
467 121
468 13
469 179
470 170
471 263
472 271
473 252
474 254
475 239
476 313
477 10
478 471
479 141
480 128
481 208
482 188
483 284
484 474
485 222
486 270
487 255
488 482
489 401
490 206
491 225
492 234
493 201
494 105
495 288
496 209
497 136
498 45
499 350
500 195
500 4000
3036 3205 1139 3912 3879 3069 1018 892 902 1647 136 120 2926 712 207 3257 3232 1331 1404 1982 3831 2735 2529 1438 2003 1264 3846 1804 1157 756 2354 3693 1947 3143 1781 2617 1550 889 3097 3473 2409 350 586 2433 3452 3559 2179 567 2914 1951 2363 2754 2222 2473 2319 814 3517 345 3632 1183 183 1392 1615 1613 1030 2684 1031 3359 1628 1295 1035 3051 3263 1023 2738 1293 1528 2879 2528 3142 2044 92 214 1495 1497 1306 91 383 1349 1936 1963 2737 3459 3201 2849 410 3446 349 2401 2066 3498 3128 3848 288 287 3242 1495 596 3257 2471 253 3519 1382 2495 3204 3414 752 1337 2942 1127 3 2220 1169 3259 2111 3167 2752 1325 3553 2337 3643 458 3663 1291 872 2186 1506 566 1683 2030 2328 504 1747 2107 1657 355 895 1206 2665 3039 3057 3904 3024 3366 3192 564 1158 3105 3715 703 1985 1602 2124 1279 515 289 2979 2688 447 2235 828 3539 2316 2441 3099 3952 2636 2845 925 2894 3806 2947 618 2209 1923 3989 985 3027 2733 2431 3524 1062 3342 2005 2221 2761 30 3922 3664 378 2606 1011 843 1627 2381 115 2090 280 2520 2056 1943 3992 1094 2430 738 2945 1716 690 3116 978 558 3858 1657 796 2494 2164 2390 1697 2073 3893 585 2479 519 3795 2648 1055 339 2189 3899 2185 3316 1594 1445 267 570 3687 3920 2426 156 213 393 840 2240 2002 2523 1239 2283 1143 2399 3901 395 2435 2628 1625 1923 1014 474 2069 2359 2160 165 2941 2232 747 703 2814 2161 2519 1134 1603 498 2357 1703 525 507 470 994 3601 3053 2453 1024 2678 333 147 2073 3087 57 2002 1867 246 2192 1588 2687 459 1980 20 2301 2219 2147 3557 2738 2068 2734 1067 1248 2201 440 311 2566 961 1114 3591 1425 2661 3574 1693 898 777 2434 2079 2913 2651 1014 3632 194 522 2009 365 2134 2089 1928 1034 1557 2821 3592 270 1770 1828 1006 333 2430 575 3820 2501 233 2432 3230 1339 2006 3551 3764 1782 2549 2138 3586 1821 3878 3860 2502 717 1411 3056 2489 478 3343 270 1305 3575 94 1926 1525 943 2244 3874 1722 1574 1697 673 3229 2179 1996 2601 3498 2095 1951 3821 3787 978 323 2304 2683 1229 1117 3544 1005 2552 2008 1927 1304 2109 51 3735 3206 917 3054 3396 2877 1186 1841 3550 2156 141 93 3296 121 1217 374 2602 617 3528 1040 1862 3441 964 313 1466 3933 3217 1159 3785 1598 2681 323 2287 2072 2328 3605 1084 844 2930 1233 2257 2178 754 3521 1178 91 3333 3156 2411 1429 726 7 1182 1471 2507 2610 1292 1919 800 566 3402 1090 3779 132 870 2339 1616 2801 3522 1151 78 2520 241 3351 2378 2896 2896 2599 3538 3407 3431 998 661 2590 320 669 121 159 2983
2542 477 511 1009 759 3076 1646 3045 2374 282 132 688 3728 3744 3549 2157 1601 1515 3172 2355 2231 3337 1292 1957 3364 662 3313 2015 1508 3488 1009 3487 859 2231 486 2994 403 2264 1733 480 3157 3163 1148 1465 1318 3066 1575 2209 3428 2820 2676 3833 1474 3843 2456 3727 3104 1290 2450 2761 2894 2178 639 3213 2755 1558 125 596 2490 3325 2884 2863 1837 775 2914 2969 2228 3627 1175 735 831 3856 1584 1804 2482 2905 3368 3993 257 629 3324 949 2093 1607 3342 1713 863 243 541 1838 3906 618 771 3850 358 3895 2383 2247 3026 2762 3460 2238 873 964 658 1988 545 1251 691 2683 1280 1936 2921 2012 3224 166 3607 2146 3141 1189 3678 2905 1413 472 3513 2408 2455 1186 3034 349 1688 2383 294 535 1338 3610 560 1497 2662 2810 2770 1037 115 2514 1521 3541 2119 216 369 2521 3502 1189 1847 3374 2714 1949 1982 2051 3354 2433 3484 3409 830 2067 2455 3523 2570 3145 2946 674 3704 1781 3933 838 2804 3859 1771 58 946 851 2549 3086 3187 3849 3424 2818 3385 3155 1964 3601 70 235 877 3100 1244 3661 3469 2103 2705 2505 2913 793 721 2636 2954 1951 2105 747 2384 3009 818 3442 2747 2169 3691 971 851 208 2873 3858 2456 427 1875 3384 1028 3413 2826 3285 544 2030 1831 2515 548 2516 1864 279 3828 784 3804 915 440 2307 3485 3786 2778 178 3533 2403 933 2671 1108 400 3677 3977 602 3488 2746 1878 3648 3491 105 831 132 350 3845 972 1461 655 3761 1521 3476 2146 3546 3256 3340 1493 3211 528 3027 3879 2545 3798 2817 327 593 1475 2801 2044 742 1109 3191 1872 2559 2113 2048 2306 89 3449 3248 907 410 3961 952 3344 3214 856 2647 3369 2757 1485 1972 3793 3693 1342 441 3151 3084 1456 1585 1667 257 3723 1573 755 3996 493 276 568 2170 2930 2833 1220 1414 1378 2626 2838 1485 3035 3383 1729 417 1087 1191 2584 3377 3519 2290 2654 1479 1769 3090 557 2434 3728 2787 1669 3253 2203 534 3671 576 561 1233 1745 2862 3426 2377 1771 3535 1880 1858 2386 567 3455 838 885 2038 1169 2853 2894 1626 1575 2477 339 3714 60 1770 1181 2084 483 2335 503 1091 3180 1638 3370 521 2770 3109 3175 1835 712 1330 3894 3870 3716 3784 1375 1876 364 3722 1590 1052 575 3160 684 601 583 560 595 225 2653 680 1840 633 1788 3113 3719 1680 1386 1518 2435 2458 707 925 772 1134 616 1925 1390 226 1799 1433 1039 965 2252 1581 1456 734 3624 3375 1951 2628 576 2663 3579 3421 1849 594 1921 539 3329 2556 54 307 2273 413 2581 3456 3905 1717 3387 953 2172 395 1968 2863 1701 3970 1336 3049 3672 3070 3258 3459 3430 566 1967 3269 219
43 77 68 38 10 43 30 6 21 85 85 19 22 10 7 99 13 57 81 16 31 59 23 23 50 68 64 65 10 11 63 91 47 41 39 61 60 31 92 30 21 3 53 26 96 57 12 89 37 1 53 66 6 35 58 54 93 90 51 75 1 54 73 19 90 32 80 78 32 62 90 63 1 87 13 29 94 28 81 37 80 93 46 42 76 91 51 38 44 18 39 84 47 69 14 26 44 7 28 32 6 32 54 12 6 45 58 87 88 85 13 72 94 5 50 60 40 22 20 67 77 36 55 41 22 93 67 3 12 26 58 11 37 66 96 82 40 65 83 41 89 75 100 54 63 21 55 84 45 43 39 28 94 96 63 9 81 22 95 11 91 62 46 56 94 42 46 12 70 39 89 10 59 6 15 42 99 34 60 60 48 64 100 41 92 30 64 37 51 77 18 73 73 21 40 87 25 97 26 71 58 31 42 35 32 74 53 24 5 2 62 87 53 52 49 27 31 6 60 21 45 96 41 14 78 56 57 75 54 96 75 62 26 18 17 67 57 35 30 94 18 35 63 7 4 95 52 6 30 37 62 36 15 48 55 22 21 28 16 73 49 85 18 86 59 78 19 11 62 100 15 70 34 7 34 80 60 41 60 25 7 5 7 11 61 58 4 20 12 32 41 16 25 78 34 78 69 100 94 51 83 40 27 76 41 8 84 19 26 94 14 5 68 35 13 21 58 40 21 29 21 7 25 21 7 73 55 71 63 13 89 86 35 12 74 97 59 29 24 80 51 50 4 57 86 96 59 91 64 32 21 32 81 3 63 20 67 60 97 29 79 19 24 32 15 37 85 52 99 69 66 2 57 62 9 34 61 58 34 28 9 29 76 49 20 39 87 96 53 54 1 15 43 64 84 22 27 19 38 26 6 38 30 78 84 4 58 11 53 3 25 89 74 87 43 66 94 43 2 13 57 59 58 94 16 62 60 36 23 58 36 71 80 51 69 80 14 77 5 5 17 17 92 78 79 13 32 65 50 51 11 16 18 70 45 61 50 39 80 69 95 79 64 66 53 28 6 59 9 5 53 92 7 30 95 82 27 9 74 26 69 71 90 37 54 9 24 9 61 94 72 2 18 24 96 28 85 1 70 87
2 1
3 2
4 3
5 4
6 5
7 6
8 7
9 8
10 9
11 10
12 11
13 12
14 13
15 14
16 15
17 16
18 17
19 18
20 19
21 20
22 21
23 22
24 23
25 24
26 25
27 26
28 27
29 28
30 29
31 30
32 31
33 32
34 33
35 34
36 35
37 36
38 37
39 38
40 39
41 40
42 41
43 42
44 43
45 44
46 45
47 46
48 47
49 48
50 49
51 50
52 51
53 52
54 53
55 54
56 55
57 56
58 57
59 58
60 59
61 60
62 61
63 62
64 63
65 64
66 65
67 66
68 67
69 68
70 69
71 70
72 71
73 72
74 73
75 74
76 75
77 76
78 77
79 78
80 79
81 80
82 81
83 82
84 83
85 84
86 85
87 86
88 87
89 88
90 89
91 90
92 91
93 92
94 93
95 94
96 95
97 96
98 97
99 98
100 99
101 100
102 101
103 102
104 103
105 104
106 105
107 106
108 107
109 108
110 109
111 110
112 111
113 112
114 113
115 114
116 115
117 116
118 117
119 118
120 119
121 120
122 121
123 122
124 123
125 124
126 125
127 126
128 127
129 128
130 129
131 130
132 131
133 132
134 133
135 134
136 135
137 136
138 137
139 138
140 139
141 140
142 141
143 142
144 143
145 144
146 145
147 146
148 147
149 148
150 149
151 150
152 151
153 152
154 153
155 154
156 155
157 156
158 157
159 158
160 159
161 160
162 161
163 162
164 163
165 164
166 165
167 166
168 167
169 168
170 169
171 170
172 171
173 172
174 173
175 174
176 175
177 176
178 177
179 178
180 179
181 180
182 181
183 182
184 183
185 184
186 185
187 186
188 187
189 188
190 189
191 190
192 191
193 192
194 193
195 194
196 195
197 196
198 197
199 198
200 199
201 200
202 201
203 202
204 203
205 204
206 205
207 206
208 207
209 208
210 209
211 210
212 211
213 212
214 213
215 214
216 215
217 216
218 217
219 218
220 219
221 220
222 221
223 222
224 223
225 224
226 225
227 226
228 227
229 228
230 229
231 230
232 231
233 232
234 233
235 234
236 235
237 236
238 237
239 238
240 239
241 240
242 241
243 242
244 243
245 244
246 245
247 246
248 247
249 248
250 249
251 180
252 149
253 3
254 72
255 133
256 100
257 220
258 240
259 188
260 161
261 65
262 161
263 257
264 233
265 33
266 16
267 60
268 49
269 29
270 106
271 97
272 150
273 250
274 219
275 25
276 104
277 96
278 264
279 56
280 222
281 98
282 42
283 112
284 277
285 44
286 208
287 249
288 25
289 235
290 129
291 82
292 64
293 77
294 15
295 232
296 6
297 81
298 164
299 79
300 159
301 123
302 300
303 203
304 261
305 178
306 2
307 257
308 209
309 73
310 49
311 192
312 152
313 285
314 32
315 272
316 217
317 61
318 84
319 251
320 222
321 15
322 92
323 49
324 94
325 306
326 246
327 223
328 186
329 23
330 177
331 213
332 63
333 33
334 19
335 191
336 181
337 131
338 190
339 177
340 144
341 60
342 341
343 108
344 330
345 9
346 139
347 284
348 303
349 94
350 86
351 263
352 213
353 336
354 183
355 123
356 151
357 116
358 276
359 231
360 161
361 284
362 359
363 98
364 305
365 102
366 277
367 85
368 308
369 69
370 175
371 201
372 295
373 296
374 15
375 361
376 365
377 112
378 24
379 190
380 286
381 225
382 12
383 267
384 335
385 52
386 260
387 132
388 316
389 336
390 344
391 100
392 374
393 359
394 106
395 185
396 119
397 362
398 107
399 306
400 362
401 223
402 65
403 386
404 212
405 289
406 77
407 58
408 331
409 57
410 201
411 293
412 263
413 260
414 285
415 326
416 74
417 293
418 370
419 265
420 91
421 37
422 326
423 90
424 109
425 128
426 349
427 305
428 184
429 17
430 352
431 370
432 404
433 281
434 289
435 340
436 147
437 400
438 9
439 226
440 189
441 396
442 173
443 244
444 92
445 399
446 129
447 302
448 227
449 74
450 437
451 441
452 400
453 335
454 370
455 78
456 136
457 151
458 372
459 355
460 362
461 268
462 273
463 107
464 313
465 187
466 138
467 148
468 235
469 80
470 132
471 181
472 190
473 250
474 10
475 289
476 367
477 408
478 28
479 219
480 75
481 460
482 431
483 238
484 163
485 211
486 113
487 476
488 401
489 157
490 421
491 16
492 44
493 163
494 461
495 194
496 148
497 318
498 159
499 469
500 212
