5
137 123
2637 781 3521 2176 582 2768 1957 1956 1923 1426 1815 1509 3776 3495 2110 2522 3204 2236 1025 2748 2946 2236 265 2742 2925 2497 3671 2411 3996 1854 1508 104 2431 809 2968 811 1120 3694 301 3891 318 2001 1413 1834 3590 963 969 3824 1491 3752 3460 2281 1704 1064 3648 712 3244 2164 3840 2461 1766 3930 349 2524 665 2572 581 336 225 3789 2641 3999 751 2077 3366 3231 386 454 1903 3833 167 3783 1209 2171 2738 2816 1199 2020 3389 1983 1463 2858 2785 2186 3726 304 1587 429 3999 2822 1570 2117 1802 1568 2190 333 1331 2427 3531 2408 2120 1548 3030 1136 2519 3915 3383 2814 3855 1952 2264 3770 727 2604 165 2469 108 1754 550 3172 2848 1190 3385 2095 1903 814 1011
114 40 3 38 28 62 70 112 86 73 25 79 61 97 27 40 92 10 57 119 111 116 103 10 47 86 43 120 16 17 15 46 30 21 32 37 51 49 27 43 123 100 30 58 61 4 47 20 17 105 117 107 84 18 93 45 106 117 103 14 72 113 102 40 63 71 85 46 95 109 53 76 50 59 54 48 110 79 99 10 14 82 37 70 21 10 17 66 9 116 49 99 37 116 60 14 104 100 6 95 89 5 15 21 50 78 102 94 46 119 49 41 13 119 57 70 13 123 39 13 122 82 108 110 34 66 30 61 52 81 86 59 67 7 102 20 87
79 74 29 10 81 93 62 19 35 94 92 31 80 43 73 27 41 7 27 38 99 58 37 39 48 75 56 64 67 65 84 38 18 6 43 5 79 31 21 26 80 85 41 2 3 44 43 29 93 77 95 3 10 59 37 82 14 62 10 68 50 31 78 90 89 4 23 57 88 89 61 9 56 62 86 96 59 94 96 92 41 56 97 84 84 44 87 99 38 76 16 22 14 80 27 35 56 30 48 78 81 19 34 15 59 54 19 36 93 26 64 1 98 43 80 62 14 100 49 16 85 25 50 70 47 30 96 45 80 17 4 15 42 16 48 76 88
2 1
3 2
4 3
5 4
6 5
7 6
8 7
9 8
10 9
11 10
12 11
13 12
14 13
15 14
16 15
17 16
18 17
19 18
20 19
21 20
22 21
23 22
24 23
25 24
26 25
27 26
28 27
29 28
30 29
31 30
32 31
33 32
34 33
35 34
36 35
37 36
38 37
39 38
40 39
41 40
42 41
43 42
44 43
45 44
46 45
47 46
48 47
49 48
50 49
51 50
52 51
53 52
54 53
55 54
56 55
57 56
58 57
59 58
60 59
61 60
62 61
63 62
64 63
65 64
66 65
67 66
68 67
69 35
70 16
71 7
72 37
73 51
74 17
75 69
76 45
77 39
78 5
79 36
80 3
81 19
82 45
83 51
84 31
85 8
86 16
87 40
88 16
89 19
90 53
91 40
92 3
93 84
94 60
95 28
96 53
97 80
98 12
99 30
100 30
101 20
102 1
103 76
104 71
105 2
106 36
107 57
108 78
109 77
110 35
111 20
112 38
113 72
114 45
115 83
116 28
117 107
118 47
119 94
120 2
121 65
122 120
123 46
124 18
125 57
126 44
127 63
128 82
129 100
130 94
131 118
132 50
133 79
134 13
135 44
136 121
137 73
45 3862
1807 2365 2650 115 2492 1953 212 2451 1645 206 1712 1922 3754 1793 1347 1961 3997 370 1945 86 2987 1020 3088 846 2035 2156 3859 467 3686 2093 763 2193 3269 1970 2052 335 1761 1189 1964 1363 1199 271 3314 3030 1931
3523 1622 448 520 2979 1781 1889 1367 1623 359 1092 2985 2095 3067 2193 3721 1837 1982 2270 1894 433 369 567 3524 774 3120 2098 3305 2820 2466 94 3700 2012 1930 1227 3478 1054 1315 1531 1131 2060 3730 1411 221 538
30 69 24 91 2 17 99 19 4 69 16 96 69 77 86 66 94 6 95 43 70 40 2 15 38 47 78 46 31 67 76 14 97 33 98 27 80 48 8 20 35 65 8 4 82
2 1
3 2
4 3
5 4
6 5
7 6
8 7
9 8
10 9
11 10
12 11
13 12
14 13
15 14
16 15
17 16
18 17
19 18
20 19
21 20
22 21
23 15
24 2
25 1
26 11
27 1
28 9
29 11
30 2
31 22
32 8
33 15
34 18
35 8
36 23
37 16
38 32
39 4
40 7
41 25
42 40
43 3
44 19
45 33
99 1360
2761 2334 1608 57 538 3000 1232 5 469 2573 97 2080 344 1645 2042 3820 3654 2793 644 142 2268 3619 1293 1271 1397 1750 2274 2067 2208 2536 2283 3312 2368 2159 1580 3632 3109 3970 3609 1361 490 929 281 1180 1744 1478 3455 3469 3000 1900 1637 1026 518 3104 906 39 2613 3655 2798 2720 758 1136 2731 1719 1005 3675 503 3112 1933 488 1048 1162 2707 2500 998 2112 3297 1425 296 1728 3709 693 392 2179 3145 2598 2937 2510 3076 2580 459 3968 642 1494 1707 3228 1447 472 257
590 1040 827 216 1337 1213 607 248 1 84 732 1136 807 713 1311 280 1257 982 1200 1075 1257 823 406 1118 1049 39 810 616 1051 1161 865 1057 792 345 547 1319 975 677 1153 748 672 326 1270 1276 889 1204 732 398 1167 569 1138 377 416 1045 539 169 824 1074 890 946 226 1017 700 133 786 1189 1302 289 799 790 576 700 597 329 465 418 1355 1142 204 1117 689 75 539 1222 398 1304 1098 572 1065 203 1111 1090 118 268 584 1262 66 1195 540
43 83 92 8 50 35 49 98 174 80 22 3 74 80 23 76 4 18 62 65 85 96 4 100 33 8 45 16 94 28 78 26 42 4 97 77 2 11 34 3 77 9 89 6 46 11 50 29 57 35 85 24 67 43 10 34 44 57 95 69 14 65 4 18 76 8 15 82 32 23 58 72 55 39 96 55 64 35 42 99 81 41 55 8 98 1 34 31 60 47 55 92 21 34 48 75 91 30 51
2 1
3 2
4 3
5 4
6 5
7 6
8 7
9 8
10 9
11 10
12 11
13 12
14 13
15 14
16 15
17 16
18 17
19 18
20 19
21 20
22 21
23 22
24 23
25 24
26 25
27 26
28 27
29 28
30 29
31 30
32 31
33 32
34 33
35 34
36 35
37 36
38 37
39 38
40 39
41 40
42 41
43 42
44 43
45 44
46 45
47 46
48 47
49 48
50 12
51 37
52 8
53 31
54 12
55 16
56 8
57 17
58 23
59 57
60 49
61 28
62 46
63 59
64 12
65 9
66 17
67 8
68 66
69 37
70 32
71 32
72 50
73 22
74 16
75 10
76 52
77 11
78 15
79 24
80 1
81 8
82 42
83 46
84 30
85 31
86 31
87 18
88 17
89 4
90 1
91 64
92 15
93 64
94 49
95 88
96 47
97 16
98 12
99 23
500 4000
141 2194 2022 1340 3348 273 716 2236 979 771 152 1991 991 3906 475 1779 172 1239 2560 1184 2043 1376 1662 3988 1441 1254 3038 571 409 2104 2222 3257 2701 428 3879 1938 2560 1048 219 2589 1886 3820 3843 2309 2983 2610 2119 1216 2041 1192 3534 211 3518 1117 2791 2918 2869 2699 3256 3140 3300 309 1991 1526 3709 2497 2887 321 432 312 2853 2045 3441 924 3155 3128 3210 3017 3188 3274 99 3375 935 2970 2449 1551 2776 50 1596 3764 1957 2207 1812 1077 558 2668 2455 3432 1824 1919 187 2153 579 1779 2562 332 1378 3320 1278 1567 2746 3241 2402 1220 3910 3885 2635 2510 1289 2128 622 250 2716 2019 3907 3439 2010 3154 1457 2905 2506 2148 2363 451 1548 568 330 3860 2375 2974 573 2956 209 1236 1166 639 640 1059 2118 2385 3120 3962 3875 3827 2613 41 391 1757 1091 288 164 1997 1947 105 806 3039 728 2788 2753 1805 2906 930 3325 905 114 516 1534 1880 3279 3349 1784 3058 2183 1957 3442 345 1929 1416 2617 2646 898 3439 2952 1658 2669 102 1909 2611 672 110 2303 3565 308 3707 2006 3692 3349 2864 2347 3368 714 3290 2298 3432 1510 587 2644 290 3983 2809 17 1746 878 1879 2356 1017 696 3666 2144 1817 891 1806 1308 718 3116 2274 706 2319 688 433 3373 3397 2569 2635 2404 203 483 2692 2657 2792 3295 3796 262 3721 2367 2639 610 3842 786 773 991 2631 2177 285 2863 3942 1371 2350 2520 1576 797 2207 2076 3976 741 1120 1389 2323 3608 3176 657 1153 658 1168 177 723 3053 3120 872 2542 3669 153 777 983 3979 947 689 3631 1847 1336 623 817 2387 2001 2544 682 3093 2160 2319 536 1276 1774 1212 3783 1598 1702 1291 1000 2513 2321 3231 2931 1112 675 376 1663 2864 1863 2202 512 58 1847 1504 2112 363 3231 3329 33 2993 2387 3872 1843 232 590 1817 1265 382 621 746 3520 674 2539 703 235 852 1502 3970 3417 520 402 2978 3025 1788 3716 195 1327 1211 610 1446 1959 1778 418 2969 2266 3571 1025 897 1590 775 2366 3462 276 2585 1973 3232 780 2591 3936 3520 2780 2220 3531 1825 1177 19 3223 3503 885 3006 3986 536 1490 3823 85 146 390 1045 1311 3340 624 2515 3824 441 1818 1645 3816 2457 1840 308 33 298 2080 658 1515 3406 1458 1241 2631 1854 1162 9 3270 2703 1372 3936 3363 2179 751 1991 3583 658 3638 3609 3868 3993 2187 1142 700 1412 2094 712 2298 2423 3901 2581 521 387 691 2981 653 3910 1862 534 439 1443 1916 734 517 3459 3982 95 3738 363 2080 2033 281 672 1216 1484 1480 2359 2557 3253 451 257 618 2154 478 822 2644 1200 1216 1184 3713 316 3837 1483 3914 3264 1491
3624 3531 3677 2515 3479 1944 1408 2046 459 555 2164 2082 1076 1676 2202 2862 3749 3560 2237 2351 17 3386 3276 2049 1218 505 2775 2135 2491 1858 3369 1486 1263 2182 1797 1486 3009 2294 581 3618 2077 238 3471 3770 1879 3647 3512 3997 2563 3969 3838 532 2934 2584 800 3700 3643 997 322 843 280 2703 3838 527 1058 3795 2573 3587 831 233 2967 3914 1179 2553 2935 688 1709 669 531 22 2763 3127 2554 3134 3435 2198 1887 375 1116 3332 661 395 1828 2996 2956 70 2812 3081 2411 2793 2313 3305 1423 1679 349 2403 2660 2494 3085 3230 3873 114 756 3940 457 1766 3304 3470 3327 1955 1212 2224 2410 3853 1687 71 2730 44 307 2370 281 504 1656 1518 1446 1160 3386 3238 1006 2427 2128 1050 1404 2183 3703 318 2339 2850 1159 406 2554 591 724 3391 3671 939 8 961 1039 344 1311 2996 3406 1704 356 1807 402 877 3306 3352 589 2848 558 8 1787 3344 1675 3326 1088 1932 3678 1638 3174 2100 1659 2635 1110 188 80 3930 3637 834 1273 3608 2497 1266 3812 38 1069 1015 2342 50 2585 4 158 3681 630 3746 265 3964 1080 1212 3909 728 3901 105 1706 1066 2878 25 3718 330 3987 419 89 165 3596 2413 721 3465 1165 2333 3174 1484 3659 3263 3544 2269 3716 279 3208 1615 3716 1705 3733 163 853 198 537 3572 2151 3993 2339 744 1121 1202 406 1941 230 2258 3842 3345 748 23 2465 2814 1497 1577 2933 1204 3167 1030 2529 209 186 2315 3558 1662 1096 707 3039 2659 3433 3220 190 1453 3319 327 1321 3518 487 2263 1072 789 2817 3550 560 2047 1116 1787 141 2846 1278 1895 3628 216 404 3834 463 1570 3565 1465 2548 301 412 258 3888 2897 3661 1370 841 2489 3175 246 370 143 1476 2344 3787 1737 1485 3852 279 946 2521 1203 192 1885 2376 2639 2824 1927 2300 3039 1618 1324 3640 476 3345 908 2171 2948 1263 62 1662 679 1761 1909 1772 880 2921 210 130 85 3596 1258 2473 3553 821 1080 3600 993 3083 1701 3053 3501 3246 630 2389 3897 2072 3318 1049 3645 3794 453 2340 2848 2869 3521 3859 2827 1954 1875 3605 685 1636 2620 3652 2281 100 3904 1826 1512 46 787 2680 892 3651 132 3723 2130 1182 583 831 3547 2859 1957 625 1467 453 3337 3600 595 2095 3683 2717 972 3542 3873 2915 228 293 79 1368 1469 585 779 981 3523 1799 3821 2194 669 2618 1622 1766 2712 2866 2648 3422 2064 265 2181 2427 1631 1000 668 2833 3850 3290 17 830 201 3183 3099 2025 183 1941 3427 860 2906 2802 3467 450 2132 389 3516 3204 1003 670 212 193 1589 731 2735 1484 3816 2308 3636 43 2880 457 2211 1070 3280 699 2237 2157 1166
15 44 86 96 45 16 61 19 66 36 45 81 3 64 98 70 72 61 21 81 73 53 79 23 92 84 89 90 86 45 2 64 48 77 93 76 52 19 64 100 74 68 72 72 33 92 54 27 5 44 17 44 65 13 30 14 20 26 65 35 37 14 37 38 52 33 38 100 70 51 33 81 92 5 95 38 63 91 34 24 62 70 77 19 69 8 43 25 65 88 34 39 65 18 8 73 95 43 65 40 6 17 11 36 43 43 15 90 5 66 58 20 22 3 59 66 39 15 17 55 12 15 59 49 80 90 6 66 70 72 88 40 4 5 55 62 31 41 61 79 40 1 53 48 86 10 88 49 68 97 29 100 24 14 70 88 36 38 65 35 16 51 42 56 45 46 65 52 21 91 23 99 19 267 60 77 5 51 80 76 23 27 71 76 57 62 85 54 84 57 31 94 34 77 26 48 44 26 85 80 56 55 17 717 99 13 31 95 87 23 51 63 36 68 7 91 84 35 53 102 49 19 29 42 34 77 65 16 21 53 39 88 36 86 93 73 34 38 62 18 56 22 72 98 80 26 16 78 64 4 18 84 54 85 94 38 90 44 83 4 65 98 26 138 18 43 89 15 54 27 97 82 93 39 81 9 93 57 92 59 45 10 20 44 95 27 8 100 22 74 96 29 67 98 27 1 5 12 42 99 91 76 51 15 29 67 40 33 57 34 33 79 92 56 91 22 72 100 61 67 73 90 47 45 91 99 35 65 89 49 84 53 75 32 94 38 48 65 42 80 48 81 52 78 92 79 90 19 54 77 59 3 2 49 78 49 70 97 79 61 87 7 39 81 12 23 32 57 91 90 38 68 53 65 9 17 49 82 79 73 12 9 48 96 28 42 87 82 3 37 46 44 26 38 95 96 41 62 18 41 81 30 14 87 88 7 39 46 24 34 4 65 23 1 89 58 16 58 3 54 62 79 59 62 62 25 31 12 7 41 19 47 62 8 76 39 13 74 24 43 27 34 77 51 61 69 85 25 88 84 86 51 56 66 85 51 31 53 61 22 21 156 81 90 67 77 98 94 53 51 54 38 93 15 44 60 76 80 54 57 20 73 83 100 95 90 9 75 26 69 87 27 99 41 54 5 78 56 42 66
2 1
3 2
4 3
5 4
6 5
7 6
8 7
9 8
10 9
11 10
12 11
13 12
14 13
15 14
16 15
17 16
18 17
19 18
20 19
21 20
22 21
23 22
24 23
25 24
26 25
27 26
28 27
29 28
30 29
31 30
32 31
33 32
34 33
35 34
36 35
37 36
38 37
39 38
40 39
41 40
42 41
43 42
44 43
45 44
46 45
47 46
48 47
49 48
50 49
51 50
52 51
53 52
54 53
55 54
56 55
57 56
58 57
59 58
60 59
61 60
62 61
63 62
64 63
65 64
66 65
67 66
68 67
69 68
70 69
71 70
72 71
73 72
74 73
75 74
76 75
77 76
78 77
79 78
80 79
81 80
82 81
83 82
84 83
85 84
86 85
87 86
88 87
89 88
90 89
91 90
92 91
93 92
94 93
95 94
96 95
97 96
98 97
99 98
100 99
101 100
102 101
103 102
104 103
105 104
106 105
107 106
108 107
109 108
110 109
111 110
112 111
113 112
114 113
115 114
116 115
117 116
118 117
119 118
120 119
121 120
122 121
123 122
124 123
125 124
126 125
127 126
128 127
129 128
130 129
131 130
132 131
133 132
134 133
135 134
136 135
137 136
138 137
139 138
140 139
141 140
142 141
143 142
144 143
145 144
146 145
147 146
148 147
149 148
150 149
151 150
152 151
153 152
154 153
155 154
156 155
157 156
158 157
159 158
160 159
161 160
162 161
163 162
164 163
165 164
166 165
167 166
168 167
169 168
170 169
171 170
172 171
173 172
174 173
175 174
176 175
177 176
178 177
179 178
180 179
181 180
182 181
183 182
184 183
185 184
186 185
187 186
188 187
189 188
190 189
191 190
192 191
193 192
194 193
195 194
196 195
197 196
198 197
199 198
200 199
201 200
202 201
203 202
204 203
205 204
206 205
207 206
208 207
209 208
210 209
211 210
212 211
213 212
214 213
215 214
216 215
217 216
218 217
219 218
220 219
221 220
222 221
223 222
224 223
225 224
226 225
227 226
228 227
229 228
230 229
231 230
232 231
233 232
234 233
235 234
236 235
237 236
238 237
239 238
240 239
241 240
242 241
243 242
244 243
245 244
246 245
247 246
248 247
249 248
250 249
251 138
252 114
253 143
254 34
255 114
256 76
257 88
258 56
259 44
260 135
261 34
262 35
263 225
264 259
265 191
266 243
267 108
268 59
269 157
270 192
271 186
272 136
273 239
274 258
275 207
276 259
277 188
278 8
279 211
280 149
281 73
282 212
283 272
284 209
285 80
286 148
287 80
288 197
289 34
290 157
291 188
292 244
293 247
294 220
295 74
296 92
297 252
298 139
299 61
300 52
301 230
302 186
303 285
304 44
305 108
306 298
307 201
308 181
309 52
310 110
311 147
312 235
313 106
314 284
315 53
316 260
317 10
318 118
319 62
320 85
321 5
322 47
323 73
324 148
325 185
326 282
327 141
328 299
329 60
330 165
331 315
332 48
333 222
334 136
335 273
336 129
337 198
338 209
339 37
340 94
341 67
342 109
343 311
344 102
345 83
346 90
347 187
348 2
349 251
350 286
351 296
352 26
353 264
354 75
355 264
356 96
357 174
358 309
359 120
360 304
361 151
362 2
363 185
364 115
365 90
366 130
367 268
368 27
369 308
370 81
371 88
372 10
373 315
374 318
375 231
376 230
377 202
378 243
379 356
380 379
381 320
382 379
383 234
384 15
385 180
386 355
387 284
388 58
389 268
390 24
391 49
392 215
393 84
394 45
395 190
396 92
397 266
398 153
399 339
400 308
401 352
402 127
403 115
404 61
405 289
406 99
407 5
408 270
409 400
410 6
411 249
412 45
413 313
414 119
415 109
416 406
417 17
418 247
419 171
420 123
421 196
422 264
423 167
424 403
425 309
426 246
427 322
428 110
429 338
430 76
431 334
432 28
433 128
434 238
435 191
436 58
437 125
438 6
439 194
440 438
441 420
442 171
443 211
444 212
445 250
446 431
447 101
448 255
449 103
450 291
451 234
452 274
453 398
454 315
455 309
456 310
457 176
458 49
459 296
460 145
461 425
462 274
463 189
464 95
465 221
466 454
467 236
468 274
469 359
470 413
471 19
472 58
473 112
474 391
475 164
476 98
477 222
478 158
479 472
480 202
481 189
482 374
483 263
484 396
485 466
486 31
487 421
488 388
489 254
490 69
491 91
492 271
493 469
494 368
495 197
496 252
497 207
498 139
499 213
500 488
500 4000
1281 492 3745 2300 594 3483 3312 3082 2461 100 3366 3797 3858 3817 1016 1887 721 1308 510 3677 3674 3382 2905 439 2037 2425 865 2622 2877 2568 2099 110 2194 3235 3066 3748 3422 3847 2621 161 838 1829 2761 3553 1973 2050 2463 2517 293 752 3457 1416 3503 1163 3608 2000 1333 3095 9 2579 1388 632 3128 3133 3887 2994 3196 1695 2273 1443 2789 1802 707 1149 331 301 3126 1224 185 715 2866 3352 2328 705 2760 2220 2687 3255 3316 359 2971 132 3078 3346 315 1896 2738 914 1407 3716 1717 358 1410 252 970 2276 2212 3601 1166 2100 1851 2616 3376 1133 1629 3520 1917 3792 3239 2498 3530 1698 432 3625 3778 2542 756 3429 1778 2202 2203 2795 594 3593 3850 784 118 3953 1164 2117 2677 1886 1216 1077 2648 487 2790 317 3879 2639 902 2283 176 3424 3073 3579 1593 1571 91 1486 391 1667 712 556 943 2595 789 3228 2524 3293 2714 385 2977 3773 3039 280 2625 1405 940 1424 3356 3970 2164 649 573 1912 2659 1616 2593 234 2503 377 778 2948 1757 31 2308 333 221 2905 1686 1471 1480 3421 428 169 3695 3898 835 1640 134 1041 727 1441 3755 2963 393 3138 3729 769 1588 1242 1490 3136 1330 1750 3859 892 1737 2686 1913 927 3451 1264 3308 1810 3053 3163 2569 1395 1463 3615 3054 312 941 2691 2017 2083 3661 3447 674 2246 425 2828 3090 890 23 3377 2466 2683 246 751 1248 2663 3555 2279 2207 310 3452 2059 357 1724 1044 283 1147 253 2616 2273 303 3888 288 1711 3885 3128 3385 2903 3424 3487 3953 1964 418 660 356 3608 3083 3271 2087 1725 1880 1859 658 144 3835 1163 466 3731 484 2520 3407 2258 46 818 2074 3937 1611 1133 1019 1364 3155 1799 569 2015 555 415 2859 784 658 2168 1022 106 2961 495 3974 1155 2787 2714 3274 3808 834 2177 1706 1167 3987 33 3636 3430 2100 1695 615 1787 2725 2026 2438 2564 3572 1717 2977 2256 1453 563 1152 1061 3008 436 2673 2043 1844 3935 3827 3801 2125 465 642 432 2649 21 3013 629 224 3045 2966 963 1420 320 1553 1776 1398 1740 3744 3983 3795 3919 2693 3526 2975 3304 297 209 2184 3412 3909 3223 1980 1726 846 1004 630 1990 293 1735 1319 3894 1599 2437 2305 161 2417 2654 1353 2302 2623 1606 2558 3491 2214 39 3044 1829 360 2269 757 3215 120 3026 3721 482 2150 283 3076 1708 3757 1620 2880 2060 2778 664 2524 517 3262 2723 1221 1089 119 2284 1924 2793 635 733 327 3682 3878 54 2131 3978 2949 1921 2058 3891 3427 3351 441 3200 499 915 100 1534 1503 3317 2229 2149 3600 186 2946 2735 702 2554 1086 2360 3226 579 2562 407 601 2612 348 2588 771 221 2936 3755
2729 3191 764 1899 3293 1399 1785 2323 24 3664 401 2884 2587 3789 175 299 2130 1515 128 2772 1649 844 1999 956 1298 2396 3234 830 2158 2946 2485 855 2970 234 182 1884 3524 306 1409 1886 270 3219 3805 3484 2443 1874 1879 1449 1688 2887 2909 319 1149 3981 2910 644 1924 2922 129 2810 3321 3296 99 2028 3907 1812 3413 2647 3299 735 1461 2935 459 3539 3916 2643 2016 143 1833 331 3571 581 3676 4000 732 555 2294 1252 1496 641 1855 514 2534 2145 2295 784 1149 2605 146 1268 1488 373 46 3764 1989 3623 439 1635 2802 3355 3293 1415 1241 30 725 1551 3398 2814 2670 2772 583 2456 1876 719 2571 3198 1898 1211 2014 2028 1284 907 452 492 3331 2063 2133 743 2293 738 89 3694 3117 2871 1572 937 31 3716 1939 1055 2622 2894 2695 3239 1337 1975 1 46 564 325 160 1001 2948 2196 344 2716 621 2750 339 907 383 2312 2957 3393 526 3025 3306 2206 3858 2390 3099 998 3871 2697 2449 902 3366 3218 2113 2633 12 1765 185 1180 937 3686 2338 3326 3748 1370 696 3628 525 2031 3974 875 2043 2669 2597 3478 3847 2174 950 1481 2665 1724 1406 3790 2002 90 1058 2024 1098 1940 2563 2494 2572 3866 636 2185 2911 3162 698 1153 3286 110 2268 612 554 1221 1771 1896 3158 2517 3356 162 1619 448 228 54 2806 3845 1403 3938 744 2346 1941 70 1316 2376 1693 1814 374 3832 2483 1698 1682 1308 455 1732 3475 1327 3030 1644 3862 1713 133 2120 182 269 2525 3511 3017 3052 3814 3375 2395 479 839 3308 618 1864 2524 316 770 2474 1593 520 1179 3698 2943 3716 2127 2565 1213 570 3552 3530 425 19 2634 1978 3775 552 1860 1287 1978 295 2942 459 3184 1577 2678 1522 3635 915 795 3113 1446 842 1990 3432 3164 3931 3894 3133 2104 3563 3499 2586 1633 3644 2086 1601 868 3233 1471 974 303 1475 1031 2405 1546 1748 607 3389 2553 723 2744 237 3632 1856 2478 3669 3575 98 223 1232 1055 246 656 2807 3715 666 2018 2552 3331 3418 2737 313 1756 3578 910 295 2668 197 3966 515 3366 1205 210 494 2385 1027 1288 2419 2886 3056 163 2453 2666 979 2727 667 3817 2342 439 2712 1331 172 3763 3583 3099 2853 428 2567 1166 1268 2602 26 882 176 1921 1923 576 553 3215 1464 2371 3997 2361 550 1105 91 2631 1948 713 2582 3261 121 2446 2830 2332 2841 579 2203 3033 3358 296 3578 3740 3131 1237 1340 668 3334 3253 141 3801 3901 2020 1 2298 505 716 3717 1736 211 2365 2116 2155 979 427 3928 2213 223 237 884 3468 195 2259 1711 1355 510 2055 1522 2843 621 1800 3460 3038 2138 1155 501 2749 3463 3251 426 1092 3095
68 31 53 2 4 80 88 44 42 10 16 58 60 25 67 83 51 74 14 94 33 74 27 14 23 41 81 25 41 14 100 25 20 97 99 39 78 32 41 14 96 39 28 1 100 66 71 65 95 92 81 38 25 49 89 86 56 11 13 29 83 9 7 11 40 68 54 87 98 84 40 30 7 26 54 68 37 69 45 18 88 30 80 48 12 31 6 83 79 41 86 58 26 42 89 60 67 8 91 50 94 87 17 83 56 44 85 92 19 27 58 66 80 27 30 61 38 26 58 6 24 26 53 91 49 38 15 21 94 46 12 27 24 99 4 78 63 49 6 69 58 3 16 14 32 47 101 44 75 77 31 35 67 21 57 9 361 32 94 26 21 60 64 54 73 51 42 71 27 61 15 62 93 32 26 17 16 57 1 62 22 72 15 33 95 40 27 55 34 31 261 54 24 91 52 29 57 83 34 64 94 53 2 63 58 28 68 48 51 47 61 14 8 67 1 44 10 86 5 10 96 85 89 66 62 68 31 49 83 75 60 48 82 23 39 69 15 42 91 59 99 63 52 33 57 98 50 98 54 83 97 13 42 81 69 6 36 45 13 13 25 11 97 89 28 93 88 72 53 2 78 49 34 68 95 15 21 37 61 37 52 19 55 77 58 51 93 1 59 100 58 83 45 87 96 72 8 9 95 63 24 71 86 39 73 87 29 19 12 132 2 53 35 66 85 74 94 31 54 91 20 99 19 87 4 39 78 64 46 9 28 99 75 27 37 28 80 98 47 10 69 7 10 55 17 56 13 11 27 65 43 37 90 4 95 18 58 8 29 46 9 20 5 3 48 17 93 97 99 6 59 79 30 55 59 98 88 14 55 60 61 73 88 11 84 62 42 72 23 8 43 17 78 25 100 96 9 97 86 46 13 39 67 87 57 46 27 24 50 50 41 27 31 79 57 68 25 49 37 102 43 32 15 58 9 34 73 2 91 28 46 18 87 50 87 57 43 58 94 18 49 37 25 81 31 83 51 45 50 93 7 74 57 77 46 64 70 46 34 4 54 1780 47 45 65 81 25 14 8 41 43 86 41 4 47 25 83 25 41 97 75 50 100 4 66 45 67 80 77 85 85 55 81 98 60 4 67 65 39 46
2 1
3 2
4 3
5 4
6 5
7 6
8 7
9 8
10 9
11 10
12 11
13 12
14 13
15 14
16 15
17 16
18 17
19 18
20 19
21 20
22 21
23 22
24 23
25 24
26 25
27 26
28 27
29 28
30 29
31 30
32 31
33 32
34 33
35 34
36 35
37 36
38 37
39 38
40 39
41 40
42 41
43 42
44 43
45 44
46 45
47 46
48 47
49 48
50 49
51 50
52 51
53 52
54 53
55 54
56 55
57 56
58 57
59 58
60 59
61 60
62 61
63 62
64 63
65 64
66 65
67 66
68 67
69 68
70 69
71 70
72 71
73 72
74 73
75 74
76 75
77 76
78 77
79 78
80 79
81 80
82 81
83 82
84 83
85 84
86 85
87 86
88 87
89 88
90 89
91 90
92 91
93 92
94 93
95 94
96 95
97 96
98 97
99 98
100 99
101 100
102 101
103 102
104 103
105 104
106 105
107 106
108 107
109 108
110 109
111 110
112 111
113 112
114 113
115 114
116 115
117 116
118 117
119 118
120 119
121 120
122 121
123 122
124 123
125 124
126 125
127 126
128 127
129 128
130 129
131 130
132 131
133 132
134 133
135 134
136 135
137 136
138 137
139 138
140 139
141 140
142 141
143 142
144 143
145 144
146 145
147 146
148 147
149 148
150 149
151 150
152 151
153 152
154 153
155 154
156 155
157 156
158 157
159 158
160 159
161 160
162 161
163 162
164 163
165 164
166 165
167 166
168 167
169 168
170 169
171 170
172 171
173 172
174 173
175 174
176 175
177 176
178 177
179 178
180 179
181 180
182 181
183 182
184 183
185 184
186 185
187 186
188 187
189 188
190 189
191 190
192 191
193 192
194 193
195 194
196 195
197 196
198 197
199 198
200 199
201 200
202 201
203 202
204 203
205 204
206 205
207 206
208 207
209 208
210 209
211 210
212 211
213 212
214 213
215 214
216 215
217 216
218 217
219 218
220 219
221 220
222 221
223 222
224 223
225 224
226 225
227 226
228 227
229 228
230 229
231 230
232 231
233 232
234 233
235 234
236 235
237 236
238 237
239 238
240 239
241 240
242 241
243 242
244 243
245 244
246 245
247 246
248 247
249 248
250 249
251 35
252 27
253 99
254 162
255 142
256 94
257 47
258 75
259 150
260 252
261 130
262 151
263 67
264 231
265 148
266 207
267 147
268 92
269 177
270 50
271 39
272 230
273 57
274 97
275 250
276 24
277 164
278 45
279 70
280 57
281 69
282 151
283 84
284 238
285 92
286 93
287 77
288 109
289 80
290 66
291 195
292 81
293 57
294 12
295 247
296 178
297 202
298 180
299 220
300 174
301 166
302 102
303 159
304 138
305 53
306 140
307 146
308 259
309 281
310 130
311 206
312 81
313 246
314 275
315 244
316 183
317 205
318 7
319 151
320 172
321 295
322 150
323 214
324 219
325 102
326 266
327 14
328 158
329 256
330 138
331 72
332 211
333 64
334 303
335 155
336 45
337 233
338 275
339 290
340 292
341 216
342 128
343 327
344 137
345 114
346 258
347 70
348 136
349 146
350 216
351 206
352 219
353 187
354 50
355 63
356 17
357 165
358 187
359 160
360 225
361 308
362 131
363 206
364 362
365 290
366 363
367 101
368 170
369 31
370 144
371 356
372 128
373 218
374 64
375 132
376 49
377 281
378 182
379 162
380 204
381 43
382 362
383 176
384 193
385 149
386 233
387 256
388 46
389 51
390 294
391 207
392 323
393 41
394 219
395 256
396 285
397 385
398 142
399 335
400 346
401 206
402 110
403 234
404 50
405 350
406 203
407 210
408 40
409 12
410 367
411 28
412 370
413 89
414 149
415 193
416 88
417 220
418 252
419 152
420 168
421 59
422 411
423 398
424 283
425 12
426 233
427 318
428 230
429 92
430 320
431 296
432 70
433 175
434 200
435 219
436 284
437 256
438 266
439 49
440 245
441 82
442 92
443 244
444 133
445 195
446 281
447 74
448 314
449 312
450 282
451 85
452 207
453 21
454 162
455 441
456 303
457 231
458 49
459 91
460 188
461 423
462 277
463 298
464 234
465 312
466 316
467 322
468 35
469 208
470 303
471 107
472 194
473 291
474 96
475 297
476 475
477 285
478 94
479 469
480 353
481 465
482 109
483 477
484 394
485 250
486 29
487 418
488 472
489 25
490 379
491 245
492 133
493 247
494 109
495 377
496 217
497 212
498 224
499 272
500 35
