5
43 2
2784 3376 1579 3443 3339 1917 984 760 2117 1365 707 1671 2399 670 317 1789 2765 1565 2148 2878 1806 2707 2804 1677 1945 3989 1517 3819 365 2187 614 1421 1658 2732 2131 1953 1387 3832 594 2659 1238 375 187
2 2 1 2 2 2 2 1 1 2 1 2 2 1 1 1 2 1 2 2 2 1 2 2 1 1 1 1 1 2 1 1 1 1 2 2 1 2 1 1 1 2 1
1 1 1 1 1 1 1 1 1 1 1 1 1 1 1 1 1 1 1 1 1 1 1 1 1 1 1 1 1 1 1 1 1 1 1 1 1 1 1 1 1 1 1
2 1
3 2
4 3
5 4
6 5
7 6
8 7
9 8
10 9
11 10
12 11
13 12
14 13
15 14
16 15
17 16
18 17
19 18
20 19
21 20
22 4
23 7
24 15
25 24
26 2
27 24
28 9
29 14
30 4
31 23
32 15
33 2
34 17
35 5
36 27
37 17
38 3
39 20
40 10
41 13
42 2
43 18
5 345
2620 63 160 2432 3257
140 215 163 19 188
1 1 1 1 1
2 1
3 2
4 1
5 2
262 857
1198 1566 844 2302 1800 1052 749 511 1645 3679 2063 3812 2634 3607 2459 334 283 584 540 1026 3585 185 2780 178 1412 3677 2078 1581 939 1696 3932 2858 2777 1558 3586 1808 3402 2528 2730 1000 463 1472 3897 742 2343 2623 2682 3604 2175 2940 2522 1698 1356 3574 2949 3403 2630 3549 1887 168 391 1973 3237 2522 2884 1548 2437 1587 2284 766 1116 2502 991 1061 143 1263 2769 2342 1868 3845 1055 3481 1794 1727 433 3929 1534 996 3474 429 391 87 3532 3477 957 2081 2024 3480 1870 2944 292 2028 1178 1616 757 3015 2056 569 1152 3173 3208 1369 212 2138 3434 2770 2794 378 3455 3254 1408 1254 303 3569 3347 24 3547 3927 571 1266 341 1423 1995 4 253 3872 3625 3100 1341 3162 3756 179 3494 647 2644 1108 1741 1331 3438 3631 3233 2169 1768 2622 3855 1391 2610 1623 600 2612 1078 627 3985 184 58 3965 1276 3724 404 1055 2917 1323 1869 2472 3584 3848 1689 2561 225 1690 1621 754 3452 2660 3299 2480 2654 105 1890 3561 1004 3151 1970 946 155 1395 1863 304 784 1325 1772 421 153 2948 570 3357 1164 2068 1625 2168 2846 670 2391 2234 295 113 2151 3665 597 1879 1244 1318 14 3490 3078 1415 2186 1303 588 532 2608 219 586 3944 1169 1405 3662 2953 290 3331 1838 3570 3549 1176 2284 1376 1083 3766 2349 59 1259 3888 3286 2727 951 195 2409 3659 3863 701 2431 2049
357 88 257 578 80 69 291 806 242 698 403 822 490 82 707 162 507 261 732 13 136 604 37 787 484 411 692 240 604 698 579 386 135 18 757 603 397 376 652 303 850 255 664 121 191 102 145 133 482 155 424 241 584 507 322 726 779 338 740 6 118 207 220 235 369 759 223 857 362 382 167 722 308 330 367 822 534 805 617 602 114 589 672 697 592 260 303 116 162 3 225 130 108 362 86 205 114 689 647 705 743 152 733 439 532 577 401 180 347 292 839 92 72 250 536 34 801 10 833 24 756 529 427 32 187 457 320 553 145 722 320 56 747 522 42 394 672 162 526 233 273 162 263 196 175 364 361 274 246 778 727 855 249 840 491 786 118 309 334 473 634 679 132 18 797 177 352 656 132 133 731 789 258 564 585 75 92 809 472 101 79 275 796 433 416 477 798 735 23 201 229 256 294 92 698 79 156 289 622 483 82 643 329 85 600 205 557 695 806 571 111 258 703 713 12 49 715 612 649 731 379 486 434 183 9 175 697 270 159 532 292 380 842 705 323 79 441 22 320 394 531 520 819 721 100 337 451 130 5 264 836 661 507 723 598 326 61 797 749 764 583 445
1 1 1 1 1 1 1 1 1 1 1 1 1 1 1 1 1 1 1 1 1 1 1 1 1 1 1 1 1 1 1 1 1 1 1 1 1 1 1 1 1 1 1 1 1 1 1 1 1 1 1 1 1 1 1 1 1 1 1 1 1 1 1 1 1 1 1 1 1 1 1 1 1 1 1 1 1 1 1 1 1 1 1 1 1 1 1 1 1 1 1 1 1 1 1 1 1 1 1 1 1 1 1 1 1 1 1 1 1 1 1 1 1 1 1 1 1 1 1 1 1 1 1 1 1 1 1 1 1 1 1 1 1 1 1 1 1 1 1 1 1 1 1 1 1 1 1 1 1 1 1 1 1 1 1 1 1 1 1 1 1 1 1 1 1 1 1 1 1 1 1 1 1 1 1 1 1 1 1 1 1 1 1 1 1 1 1 1 1 1 1 1 1 1 1 1 1 1 1 1 1 1 1 1 1 1 1 1 1 1 1 1 1 1 1 1 1 1 1 1 1 1 1 1 1 1 1 1 1 1 1 1 1 1 1 1 1 1 1 1 1 1 1 1 1 1 1 1 1 1 1 1 1 1 1 1 1 1 1 1 1 1
2 1
3 2
4 3
5 4
6 5
7 6
8 7
9 8
10 9
11 10
12 11
13 12
14 13
15 14
16 15
17 16
18 17
19 18
20 19
21 20
22 21
23 22
24 23
25 24
26 25
27 26
28 27
29 28
30 29
31 30
32 31
33 32
34 33
35 34
36 35
37 36
38 37
39 38
40 39
41 40
42 41
43 42
44 43
45 44
46 45
47 46
48 47
49 48
50 49
51 50
52 51
53 52
54 53
55 54
56 55
57 56
58 57
59 58
60 59
61 60
62 61
63 62
64 63
65 64
66 65
67 66
68 67
69 68
70 69
71 70
72 71
73 72
74 73
75 74
76 75
77 76
78 77
79 78
80 79
81 80
82 81
83 82
84 83
85 84
86 85
87 86
88 87
89 88
90 89
91 90
92 91
93 92
94 93
95 94
96 95
97 96
98 97
99 98
100 99
101 100
102 101
103 102
104 103
105 104
106 105
107 106
108 107
109 108
110 109
111 110
112 111
113 112
114 113
115 114
116 115
117 116
118 117
119 118
120 119
121 120
122 121
123 122
124 123
125 124
126 125
127 126
128 127
129 128
130 129
131 130
132 103
133 118
134 80
135 40
136 124
137 82
138 67
139 93
140 100
141 52
142 113
143 38
144 41
145 6
146 132
147 42
148 6
149 50
150 47
151 106
152 37
153 53
154 118
155 106
156 106
157 129
158 67
159 14
160 80
161 103
162 148
163 60
164 3
165 79
166 62
167 97
168 145
169 72
170 71
171 56
172 27
173 19
174 59
175 51
176 156
177 11
178 66
179 113
180 173
181 4
182 151
183 115
184 182
185 93
186 10
187 180
188 58
189 42
190 36
191 26
192 34
193 94
194 35
195 179
196 171
197 12
198 76
199 58
200 190
201 36
202 106
203 54
204 133
205 132
206 158
207 188
208 138
209 103
210 159
211 75
212 101
213 146
214 27
215 206
216 107
217 38
218 96
219 188
220 89
221 149
222 199
223 62
224 212
225 176
226 96
227 10
228 203
229 200
230 213
231 182
232 230
233 124
234 156
235 179
236 124
237 195
238 132
239 37
240 124
241 210
242 23
243 98
244 240
245 92
246 133
247 98
248 236
249 16
250 220
251 62
252 103
253 182
254 110
255 208
256 70
257 102
258 197
259 65
260 258
261 93
262 191
500 4000
1871 1616 227 3644 2027 3456 744 2518 3879 2415 3282 3579 1138 833 3325 1834 2927 3092 471 1677 2145 26 2378 1436 2325 1365 3080 468 2928 308 3804 3700 122 14 2448 1913 3595 2685 3707 347 2004 3549 2157 1608 2224 3909 284 2239 1131 3429 240 3856 3570 1216 1902 2194 157 2924 194 1765 90 233 2095 1898 3260 2527 283 2047 2819 3899 3830 288 1421 235 138 1467 444 1337 553 3282 40 388 3955 3671 72 3269 486 3587 1949 2913 3722 3064 3103 2474 3868 3225 3211 3579 3867 2758 3885 1396 2673 3228 329 3443 3588 940 2543 629 508 3291 3008 2059 2614 1019 3067 416 2826 3496 1708 1578 2970 1414 23 559 3484 2617 449 2619 3528 3589 3135 1343 3301 1735 3010 1164 2288 1108 961 3633 2030 2577 393 17 1267 3091 131 297 3891 3481 1988 1889 2665 1926 2137 2960 3270 3459 756 117 2107 149 2610 3316 3817 3131 1518 878 3144 651 1834 2373 1430 1133 3868 2862 386 3448 3767 2423 1848 2317 1883 2140 2351 849 1663 1253 594 3887 1693 2339 2635 2413 2813 1067 757 2413 1990 2161 1411 2312 1922 2281 2060 935 2417 986 25 2946 3408 484 1138 1532 1034 117 1765 958 3743 1958 1560 2484 3667 2268 3728 1190 2106 3452 930 568 3106 2542 697 3972 1985 661 776 1174 2335 1806 2130 808 2182 807 3704 31 393 163 1922 934 1682 2700 2705 1515 2864 983 2659 2583 2847 735 647 2258 89 2107 2499 2038 1406 993 1635 1490 2464 224 997 1091 2609 1592 2690 1006 3759 573 3263 1985 2480 2509 1140 1995 10 3054 2747 3833 2022 1356 188 2899 3013 1969 1432 55 2034 2630 2196 1972 2954 3241 40 682 3208 3984 1512 3328 406 509 2578 2918 1296 2594 409 621 2682 536 2736 2244 3845 1627 570 1588 3420 3496 1232 1630 1877 3098 2292 1460 502 3041 3797 1302 3589 997 323 3086 3988 1850 1781 910 3756 36 1560 72 1464 1581 1723 3951 3924 3268 1080 3405 2007 1849 452 3204 639 3799 954 1705 1116 3905 1924 2270 2590 2288 778 815 3170 3500 3136 432 410 1321 3914 2709 1788 1061 3923 690 2797 1407 1742 341 942 1210 1835 2049 2183 307 3486 2444 115 831 1195 2203 1516 3689 502 2268 3928 2155 2793 3557 435 1579 2759 2412 93 2872 1136 262 3462 3045 2548 676 2009 1253 2941 1036 839 72 3928 1396 597 3381 740 3620 2759 905 2621 3181 1549 2767 1258 1188 239 2112 2117 2436 2901 2238 1354 67 313 1356 995 2836 2768 208 3987 3869 1557 716 1057 3194 504 2138 806 3570 1479 3046 3001 3737 635 3312 922 1830 1157 3330 3518 3094 2810 335 2618 3104 2204 1390 83 3227 2090 2101 4 3085 1290 2969 3152 3221 789 3941 3530 701
1450 103 386 2553 1107 2438 2122 2981 1851 3676 630 2746 1154 585 2949 45 2671 3268 2301 3658 2219 167 2097 2171 3934 603 20 3803 1161 1445 1276 701 2852 464 1499 280 1881 2811 379 3190 1441 2854 2360 765 2526 281 2562 2172 537 3637 2260 1817 3389 2814 1902 2105 1908 264 2362 2001 3232 769 510 3405 3229 1695 1661 1150 3541 3115 3763 1736 2852 1389 2640 3980 1646 377 853 1010 670 1721 2254 2939 3169 1436 2351 3173 2914 1023 850 1087 2727 3578 496 15 140 3566 3966 2370 2879 2572 3562 531 1756 2953 54 1151 554 1216 341 1383 2198 2600 2468 2215 654 1911 3627 1078 2273 1782 2004 1725 1909 1255 3499 1533 746 2771 151 1116 3598 952 856 144 3424 913 130 846 2505 3528 3962 2932 2776 3353 2958 341 2461 1896 3706 3716 2440 1606 3288 1316 260 1567 2503 3311 2734 2471 3361 1604 155 101 2518 3958 1961 31 1965 2066 2436 3815 3516 720 3196 454 1189 3517 2117 1127 1588 264 1936 487 2806 3531 3241 987 285 1819 465 1985 3378 2483 3453 107 2906 2013 3534 2761 1133 2082 2034 1590 2290 627 1084 3301 31 376 3135 652 3761 89 2577 3344 2535 2474 3230 1139 1411 1115 3595 1563 3396 672 1612 2212 2174 702 3912 1256 315 3670 2668 749 3830 2422 1357 3759 2230 126 1475 1295 3273 143 2082 795 2625 58 3355 1887 1939 679 1843 2379 3245 3363 1666 358 1496 304 1231 3828 368 1575 458 3427 2240 3760 74 316 705 2405 2312 1959 2196 1730 1468 3614 3869 1394 2423 1174 483 3573 3297 3307 3399 181 2933 107 3074 3915 154 485 1250 44 3203 2610 3110 1113 1353 3459 247 359 807 1325 2090 43 3350 3506 2932 1866 1995 722 3149 1983 111 2609 2505 3789 3645 329 1362 2055 3713 1394 2634 61 3151 2288 1825 2378 2146 1534 594 3867 3031 921 3075 3393 3177 1871 3420 3290 2542 1865 1064 444 2802 1014 3082 2051 19 3673 1378 829 3773 2420 2529 115 2535 2070 3561 2266 238 2115 3817 1850 1809 1283 2295 445 461 1037 815 59 3289 180 684 2149 1189 177 1060 1872 3183 562 3625 228 1030 3587 1886 3429 35 572 214 2913 3013 939 2164 1658 2412 1026 383 1750 1081 259 4 1764 3908 2091 3184 2641 3454 2684 1006 2123 1320 1806 2399 3828 2547 3383 760 1195 314 2490 3777 503 2686 2670 2827 917 2561 80 3761 2212 3749 2955 2514 1966 3750 1797 2766 1048 1845 3277 1664 2412 3223 1219 252 2630 1917 2920 2921 414 485 295 192 3413 306 900 2566 1987 1960 2147 1414 1855 3242 2235 2515 1263 920 2812 189 3922 2211 3165 1650 3084 1203 394 1528 1681 3868 3310 2472 981 2108 541 1965 2066 1752 3684 1085 731
1 1 1 1 1 1 1 1 1 1 1 1 1 1 1 1 1 1 1 1 1 1 1 1 1 1 1 1 1 1 1 1 1 1 1 1 1 1 1 1 1 1 1 1 1 1 1 1 1 1 1 1 1 1 1 1 1 1 1 1 1 1 1 1 1 1 1 1 1 1 1 1 1 1 1 1 1 1 1 1 1 1 1 1 1 1 1 1 1 1 1 1 1 1 1 1 1 1 1 1 1 1 1 1 1 1 1 1 1 1 1 1 1 1 1 1 1 1 1 1 1 1 1 1 1 1 1 1 1 1 1 1 1 1 1 1 1 1 1 1 1 1 1 1 1 1 1 1 1 1 1 1 1 1 1 1 1 1 1 1 1 1 1 1 1 1 1 1 1 1 1 1 1 1 1 1 1 1 1 1 1 1 1 1 1 1 1 1 1 1 1 1 1 1 1 1 1 1 1 1 1 1 1 1 1 1 1 1 1 1 1 1 1 1 1 1 1 1 1 1 1 1 1 1 1 1 1 1 1 1 1 1 1 1 1 1 1 1 1 1 1 1 1 1 1 1 1 1 1 1 1 1 1 1 1 1 1 1 1 1 1 1 1 1 1 1 1 1 1 1 1 1 1 1 1 1 1 1 1 1 1 1 1 1 1 1 1 1 1 1 1 1 1 1 1 1 1 1 1 1 1 1 1 1 1 1 1 1 1 1 1 1 1 1 1 1 1 1 1 1 1 1 1 1 1 1 1 1 1 1 1 1 1 1 1 1 1 1 1 1 1 1 1 1 1 1 1 1 1 1 1 1 1 1 1 1 1 1 1 1 1 1 1 1 1 1 1 1 1 1 1 1 1 1 1 1 1 1 1 1 1 1 1 1 1 1 1 1 1 1 1 1 1 1 1 1 1 1 1 1 1 1 1 1 1 1 1 1 1 1 1 1 1 1 1 1 1 1 1 1 1 1 1 1 1 1 1 1 1 1 1 1 1 1 1 1 1 1 1 1 1 1 1 1 1 1 1 1 1 1 1 1 1 1 1 1 1 1 1 1 1 1 1 1 1 1 1 1 1 1 1 1 1 1 1 1 1 1 1 1 1 1 1 1 1 1 1 1 1 1 1 1 1 1 1 1 1 1 1 1
2 1
3 2
4 3
5 4
6 5
7 6
8 7
9 8
10 9
11 10
12 11
13 12
14 13
15 14
16 15
17 16
18 17
19 18
20 19
21 20
22 21
23 22
24 23
25 24
26 25
27 26
28 27
29 28
30 29
31 30
32 31
33 32
34 33
35 34
36 35
37 36
38 37
39 38
40 39
41 40
42 41
43 42
44 43
45 44
46 45
47 46
48 47
49 48
50 49
51 50
52 51
53 52
54 53
55 54
56 55
57 56
58 57
59 58
60 59
61 60
62 61
63 62
64 63
65 64
66 65
67 66
68 67
69 68
70 69
71 70
72 71
73 72
74 73
75 74
76 75
77 76
78 77
79 78
80 79
81 80
82 81
83 82
84 83
85 84
86 85
87 86
88 87
89 88
90 89
91 90
92 91
93 92
94 93
95 94
96 95
97 96
98 97
99 98
100 99
101 100
102 101
103 102
104 103
105 104
106 105
107 106
108 107
109 108
110 109
111 110
112 111
113 112
114 113
115 114
116 115
117 116
118 117
119 118
120 119
121 120
122 121
123 122
124 123
125 124
126 125
127 126
128 127
129 128
130 129
131 130
132 131
133 132
134 133
135 134
136 135
137 136
138 137
139 138
140 139
141 140
142 141
143 142
144 143
145 144
146 145
147 146
148 147
149 148
150 149
151 150
152 151
153 152
154 153
155 154
156 155
157 156
158 157
159 158
160 159
161 160
162 161
163 162
164 163
165 164
166 165
167 166
168 167
169 168
170 169
171 170
172 171
173 172
174 173
175 174
176 175
177 176
178 177
179 178
180 179
181 180
182 181
183 182
184 183
185 184
186 185
187 186
188 187
189 188
190 189
191 190
192 191
193 192
194 193
195 194
196 195
197 196
198 197
199 198
200 199
201 200
202 201
203 202
204 203
205 204
206 205
207 206
208 207
209 208
210 209
211 210
212 211
213 212
214 213
215 214
216 215
217 216
218 217
219 218
220 219
221 220
222 221
223 222
224 223
225 224
226 225
227 226
228 227
229 228
230 229
231 230
232 231
233 232
234 233
235 234
236 235
237 236
238 237
239 238
240 239
241 240
242 241
243 242
244 243
245 244
246 245
247 246
248 247
249 248
250 249
251 210
252 210
253 156
254 55
255 64
256 255
257 99
258 9
259 9
260 194
261 96
262 150
263 59
264 211
265 141
266 237
267 170
268 265
269 123
270 140
271 75
272 121
273 193
274 226
275 248
276 44
277 75
278 216
279 208
280 12
281 258
282 229
283 85
284 283
285 172
286 140
287 256
288 168
289 6
290 138
291 200
292 284
293 292
294 274
295 141
296 14
297 146
298 215
299 273
300 61
301 92
302 49
303 3
304 113
305 203
306 145
307 21
308 278
309 218
310 109
311 25
312 208
313 173
314 250
315 250
316 148
317 61
318 160
319 55
320 250
321 168
322 149
323 307
324 206
325 268
326 110
327 12
328 313
329 94
330 135
331 304
332 43
333 51
334 232
335 219
336 20
337 214
338 50
339 297
340 117
341 199
342 86
343 258
344 280
345 85
346 193
347 265
348 184
349 279
350 307
351 139
352 139
353 175
354 260
355 154
356 201
357 110
358 327
359 146
360 112
361 178
362 299
363 160
364 187
365 226
366 175
367 190
368 50
369 252
370 82
371 50
372 68
373 152
374 356
375 42
376 193
377 56
378 101
379 373
380 235
381 145
382 32
383 106
384 288
385 5
386 221
387 116
388 292
389 319
390 73
391 184
392 11
393 310
394 39
395 137
396 172
397 374
398 250
399 318
400 355
401 227
402 398
403 85
404 363
405 67
406 55
407 123
408 403
409 246
410 24
411 123
412 117
413 340
414 188
415 107
416 194
417 144
418 252
419 22
420 169
421 330
422 337
423 399
424 420
425 74
426 160
427 12
428 191
429 102
430 259
431 140
432 6
433 356
434 361
435 296
436 361
437 69
438 87
439 172
440 98
441 225
442 404
443 24
444 242
445 53
446 196
447 58
448 85
449 312
450 389
451 6
452 231
453 305
454 122
455 383
456 228
457 13
458 412
459 124
460 146
461 20
462 441
463 226
464 415
465 294
466 64
467 11
468 424
469 6
470 166
471 272
472 94
473 231
474 45
475 44
476 341
477 474
478 45
479 79
480 269
481 135
482 355
483 364
484 435
485 110
486 407
487 297
488 367
489 280
490 472
491 461
492 30
493 306
494 92
495 329
496 125
497 19
498 203
499 85
500 418
500 4000
1985 998 1117 2680 258 124 3939 409 2880 575 3237 3112 773 1494 1875 2675 733 1943 2900 835 1801 3243 2187 1363 1157 2881 3080 1199 1589 2352 2194 2737 950 3313 1747 3673 867 2683 1732 2508 966 3393 3610 1966 1729 42 2064 227 701 3376 3574 1954 850 1788 346 3483 1976 3584 213 140 1325 692 3032 3582 3558 3701 2807 1925 2074 1212 2230 1464 1196 2939 2547 270 1881 3229 2836 3578 3043 287 2834 457 1917 2826 1541 3994 1271 2098 1297 3869 267 212 2160 3695 456 1004 2593 20 958 2389 369 887 459 1220 1385 1151 2533 807 1687 18 392 2427 3328 3055 3873 1452 870 2438 763 2192 3637 2331 3433 1926 1620 2684 3029 811 873 3103 2184 3262 941 1023 2842 1461 3698 3065 3643 127 2737 1474 3650 1692 248 3019 2710 3130 2355 3769 2907 1778 3385 2654 1886 1987 1146 28 931 2861 1799 572 2766 176 3969 1994 1169 1798 3910 2419 2453 3838 1337 514 3691 3964 2865 2647 2772 1390 485 41 431 751 469 831 2883 3842 2939 2921 1484 2408 3762 2852 3146 3843 103 559 72 3118 223 2951 3626 956 233 2346 3354 3568 1765 490 1524 3358 1907 3024 2799 992 3360 3572 494 540 3054 122 584 2388 3235 2160 2580 2574 3989 1189 1080 3526 147 3884 1715 1328 631 3122 520 818 74 1660 1549 226 1431 2053 212 61 3380 2615 3450 3496 781 3335 1326 2954 2002 2198 2211 3977 900 2694 1528 805 508 2234 2086 3634 3132 2866 1036 474 697 2757 1783 1555 327 2176 2838 733 3623 254 2524 1887 1102 1673 310 1474 3159 1232 303 494 1804 1289 3488 2724 3440 3273 3229 2620 2031 1474 2718 3744 617 637 3051 968 28 1081 3883 3000 2962 2275 1454 792 3626 118 2104 531 810 1013 240 466 3364 3366 1769 2266 3624 2834 3056 163 554 1018 3190 1819 2900 253 64 1691 2894 3560 525 71 3884 252 2023 2124 3193 1063 1549 2390 3906 1852 990 2000 2406 3189 3146 3328 283 235 1526 674 3619 979 1741 1571 1616 507 1582 3009 213 2117 1139 2370 655 2019 671 2323 1267 308 2220 66 1945 3551 178 1566 680 430 1435 2093 2723 3821 2023 3694 307 1475 1466 1393 919 2864 3790 1812 1737 1128 3445 0 81 1199 1423 1732 2543 2294 429 3024 1733 469 3780 468 2403 169 885 1658 22 496 2747 834 1394 3267 662 1821 2271 1044 3223 588 3841 73 1292 1050 2284 440 2190 3991 647 3331 1224 407 2623 3222 2890 1611 1647 3358 1551 2335 3341 3885 555 3764 1048 3756 3128 1374 2912 2560 1537 1889 1366 2912 1871 2823 694 2646 2004 3110 3825 3445 3926 880 1278 2682 958 3963 1251 1894 1921 1651 384 2170 654 3292 669 1748 2168 557 2164 2410
266 3595 3942 3747 993 2004 2778 2328 1860 589 281 2710 3945 3670 3741 800 472 1877 168 429 3 2473 3421 377 2115 3952 2716 2577 825 3667 290 411 963 1273 2529 419 30 716 2364 2796 1500 3718 166 118 389 3199 2779 460 307 3258 543 1297 3113 1678 1942 460 852 2226 2660 3472 165 556 679 2192 1165 1723 3730 3106 667 3138 1195 83 978 376 2791 1003 3087 2541 1957 3521 506 798 1192 481 1387 157 2841 2972 3327 1146 541 2192 475 3381 2675 3641 736 1000 2610 792 848 1967 3648 3778 3585 1115 565 2252 3167 2551 434 693 679 3194 1980 2579 2785 2894 3102 1090 2654 1823 1950 2089 3122 1062 3199 1742 2100 1976 1528 157 853 938 3314 1716 1790 3912 264 914 1165 2518 1818 1537 3760 1029 2067 3584 675 2073 156 373 1735 3257 1312 2675 580 792 2082 327 3938 643 1980 41 2370 3756 2234 3808 3394 22 3959 3733 561 2465 2934 2621 943 471 3748 2720 1833 919 2956 3087 500 3105 1883 1925 1032 1730 373 2236 1952 2114 760 1747 495 2860 1968 2045 453 2429 91 2381 3939 2224 2590 1056 443 1576 615 1067 908 3391 2597 646 2364 302 3750 1976 3767 1308 1872 388 871 620 1793 1204 3733 962 1451 196 2047 630 1163 690 3291 827 3273 2339 268 1521 3093 473 3490 649 160 1939 1303 1976 601 1124 3943 159 1290 249 2447 281 3538 1572 3690 3974 3908 2573 1513 311 1280 1723 17 1275 1456 671 1913 297 742 3873 1508 2893 1941 3470 317 2839 2957 129 1201 1954 2555 1361 1457 802 3585 2171 2920 849 2706 2800 2745 2747 3377 3169 157 1607 1290 1866 668 2856 1649 2972 3371 292 219 751 2661 3492 2170 3911 1517 797 348 3045 2467 3006 2822 3248 1381 3738 2734 1349 1129 2327 3223 412 3160 3063 912 285 844 199 3503 2562 2285 518 1418 909 617 118 1655 1549 275 3369 261 1164 767 1605 3738 1981 1371 3066 3791 163 2607 2565 1417 2532 344 1924 442 3599 545 445 2359 203 708 3209 1019 546 257 2790 3965 2124 2268 2013 2637 3200 3739 432 2421 1240 128 455 430 2340 613 92 160 2769 2742 1669 2143 3258 1364 1602 2338 3311 2663 2279 3110 3876 3907 3467 2947 3805 1694 3345 3501 2103 1489 2134 3790 58 1070 2107 2114 446 1601 661 2484 3290 2955 51 567 788 2683 3566 392 3301 3117 375 66 3660 2920 1693 2050 757 627 3485 3325 2442 1912 1551 830 1627 1180 3118 2596 1897 2589 2374 3484 729 525 2020 1180 2262 911 282 1536 1446 912 882 712 434 2440 2132 1553 3311 2545 2522 2099 561 1159 1107 124 1138 1154 1622 1004 2655 848 458 625 3876 3638 338 1891 3064 1480 1885 2690 2250
1 1 1 1 1 1 1 1 1 1 1 1 1 1 1 1 1 1 1 1 1 1 1 1 1 1 1 1 1 1 1 1 1 1 1 1 1 1 1 1 1 1 1 1 1 1 1 1 1 1 1 1 1 1 1 1 1 1 1 1 1 1 1 1 1 1 1 1 1 1 1 1 1 1 1 1 1 1 1 1 1 1 1 1 1 1 1 1 1 1 1 1 1 1 1 1 1 1 1 1 1 1 1 1 1 1 1 1 1 1 1 1 1 1 1 1 1 1 1 1 1 1 1 1 1 1 1 1 1 1 1 1 1 1 1 1 1 1 1 1 1 1 1 1 1 1 1 1 1 1 1 1 1 1 1 1 1 1 1 1 1 1 1 1 1 1 1 1 1 1 1 1 1 1 1 1 1 1 1 1 1 1 1 1 1 1 1 1 1 1 1 1 1 1 1 1 1 1 1 1 1 1 1 1 1 1 1 1 1 1 1 1 1 1 1 1 1 1 1 1 1 1 1 1 1 1 1 1 1 1 1 1 1 1 1 1 1 1 1 1 1 1 1 1 1 1 1 1 1 1 1 1 1 1 1 1 1 1 1 1 1 1 1 1 1 1 1 1 1 1 1 1 1 1 1 1 1 1 1 1 1 1 1 1 1 1 1 1 1 1 1 1 1 1 1 1 1 1 1 1 1 1 1 1 1 1 1 1 1 1 1 1 1 1 1 1 1 1 1 1 1 1 1 1 1 1 1 1 1 1 1 1 1 1 1 1 1 1 1 1 1 1 1 1 1 1 1 1 1 1 1 1 1 1 1 1 1 1 1 1 1 1 1 1 1 1 1 1 1 1 1 1 1 1 1 1 1 1 1 1 1 1 1 1 1 1 1 1 1 1 1 1 1 1 1 1 1 1 1 1 1 1 1 1 1 1 1 1 1 1 1 1 1 1 1 1 1 1 1 1 1 1 1 1 1 1 1 1 1 1 1 1 1 1 1 1 1 1 1 1 1 1 1 1 1 1 1 1 1 1 1 1 1 1 1 1 1 1 1 1 1 1 1 1 1 1 1 1 1 1 1 1 1 1 1 1 1 1 1 1 1 1 1 1 1 1 1 1 1 1 1 1 1 1 1 1 1 1 1 1
2 1
3 2
4 3
5 4
6 5
7 6
8 7
9 8
10 9
11 10
12 11
13 12
14 13
15 14
16 15
17 16
18 17
19 18
20 19
21 20
22 21
23 22
24 23
25 24
26 25
27 26
28 27
29 28
30 29
31 30
32 31
33 32
34 33
35 34
36 35
37 36
38 37
39 38
40 39
41 40
42 41
43 42
44 43
45 44
46 45
47 46
48 47
49 48
50 49
51 50
52 51
53 52
54 53
55 54
56 55
57 56
58 57
59 58
60 59
61 60
62 61
63 62
64 63
65 64
66 65
67 66
68 67
69 68
70 69
71 70
72 71
73 72
74 73
75 74
76 75
77 76
78 77
79 78
80 79
81 80
82 81
83 82
84 83
85 84
86 85
87 86
88 87
89 88
90 89
91 90
92 91
93 92
94 93
95 94
96 95
97 96
98 97
99 98
100 99
101 100
102 101
103 102
104 103
105 104
106 105
107 106
108 107
109 108
110 109
111 110
112 111
113 112
114 113
115 114
116 115
117 116
118 117
119 118
120 119
121 120
122 121
123 122
124 123
125 124
126 125
127 126
128 127
129 128
130 129
131 130
132 131
133 132
134 133
135 134
136 135
137 136
138 137
139 138
140 139
141 140
142 141
143 142
144 143
145 144
146 145
147 146
148 147
149 148
150 149
151 150
152 151
153 152
154 153
155 154
156 155
157 156
158 157
159 158
160 159
161 160
162 161
163 162
164 163
165 164
166 165
167 166
168 167
169 168
170 169
171 170
172 171
173 172
174 173
175 174
176 175
177 176
178 177
179 178
180 179
181 180
182 181
183 182
184 183
185 184
186 185
187 186
188 187
189 188
190 189
191 190
192 191
193 192
194 193
195 194
196 195
197 196
198 197
199 198
200 199
201 200
202 201
203 202
204 203
205 204
206 205
207 206
208 207
209 208
210 209
211 210
212 211
213 212
214 213
215 214
216 215
217 216
218 217
219 218
220 219
221 220
222 221
223 222
224 223
225 224
226 225
227 226
228 227
229 228
230 229
231 230
232 231
233 232
234 233
235 234
236 235
237 236
238 237
239 238
240 239
241 240
242 241
243 242
244 243
245 244
246 245
247 246
248 247
249 248
250 249
251 10
252 10
253 178
254 12
255 102
256 53
257 129
258 45
259 174
260 67
261 21
262 64
263 172
264 252
265 213
266 231
267 205
268 197
269 77
270 238
271 91
272 28
273 210
274 269
275 249
276 206
277 222
278 78
279 35
280 179
281 159
282 201
283 128
284 222
285 68
286 186
287 286
288 222
289 57
290 270
291 191
292 188
293 97
294 264
295 163
296 244
297 281
298 41
299 42
300 299
301 230
302 186
303 37
304 121
305 250
306 195
307 37
308 184
309 139
310 70
311 277
312 205
313 76
314 300
315 66
316 187
317 224
318 35
319 85
320 268
321 276
322 172
323 97
324 73
325 252
326 106
327 212
328 57
329 121
330 187
331 70
332 109
333 134
334 6
335 93
336 27
337 296
338 102
339 126
340 238
341 150
342 24
343 192
344 137
345 97
346 11
347 122
348 278
349 253
350 129
351 291
352 145
353 216
354 123
355 153
356 51
357 331
358 201
359 221
360 344
361 333
362 281
363 159
364 14
365 54
366 213
367 213
368 283
369 181
370 234
371 98
372 3
373 6
374 354
375 45
376 84
377 55
378 155
379 284
380 271
381 211
382 64
383 320
384 84
385 79
386 373
387 132
388 259
389 44
390 63
391 86
392 124
393 230
394 33
395 357
396 13
397 12
398 337
399 106
400 161
401 296
402 298
403 180
404 314
405 124
406 224
407 291
408 302
409 253
410 185
411 230
412 345
413 298
414 362
415 167
416 221
417 224
418 145
419 310
420 419
421 329
422 344
423 17
424 27
425 83
426 121
427 71
428 92
429 327
430 198
431 300
432 368
433 313
434 207
435 324
436 142
437 110
438 360
439 150
440 210
441 235
442 317
443 123
444 48
445 279
446 279
447 115
448 19
449 52
450 315
451 201
452 151
453 282
454 188
455 369
456 167
457 357
458 454
459 63
460 157
461 284
462 227
463 229
464 303
465 209
466 26
467 458
468 30
469 119
470 264
471 106
472 60
473 249
474 317
475 364
476 298
477 65
478 256
479 91
480 160
481 306
482 71
483 387
484 242
485 306
486 153
487 156
488 401
489 258
490 361
491 385
492 270
493 333
494 283
495 188
496 127
497 87
498 434
499 177
500 392
