5
298 242
2982 3043 1148 1757 2094 3441 2434 3778 2462 2699 3396 121 1096 2281 2698 3261 728 338 2303 1813 3094 1288 109 65 3744 279 764 296 517 2490 621 3424 3044 462 562 446 1543 347 2096 1889 3067 1310 2425 3258 3153 860 1411 3581 410 3236 1261 1325 3070 707 3347 3844 3358 1549 3792 1282 1164 73 820 3224 2407 925 2598 1172 1884 444 1500 3311 2137 2349 2713 2612 2164 93 1927 1843 1468 2694 3701 2822 1438 2369 1555 3043 955 330 1067 2979 2504 1842 1666 913 3239 3658 2832 1206 804 1549 1469 2692 1298 3982 669 353 872 1027 270 3414 3255 402 2831 1175 109 1595 67 21 2959 101 3015 1538 1426 1964 1008 3652 2075 3275 713 1789 440 486 779 3801 2238 3770 3038 152 5 1256 1488 478 2722 1439 3572 1529 1444 3784 2941 1490 2321 3576 698 151 2497 689 2325 1415 283 857 2791 2431 2607 926 1534 292 3477 1737 2739 1650 740 3682 1349 3107 885 2116 1178 1763 1018 1346 23 979 3897 89 126 443 1966 3575 1512 373 3296 2411 3332 3382 642 3855 1326 640 2670 3602 3795 2758 701 2218 485 2494 3594 1370 2618 493 3624 1535 2187 3439 608 1441 3178 3077 368 3191 3331 739 1378 1339 470 2394 2793 1263 308 3970 3233 2479 1944 2124 263 2392 712 2182 3063 1369 1197 303 1733 921 1328 2942 670 360 374 685 384 3721 2493 2155 3160 3039 1751 417 3291 759 2886 2532 487 1942 25 3132 2715 740 3175 3604 3572 3672 1930 3586 3338 3846 1597 1144 3435 965 3641 172 3446 1125 1037 3844 570 2000 2589 1445 817 191 957 925 1048 960
4 4 4 4 4 4 4 4 4 4 4 4 4 4 4 4 4 4 4 4 4 4 4 4 4 4 4 4 4 4 4 4 4 4 4 4 4 4 4 4 4 4 4 4 4 4 4 4 4 4 4 4 4 4 4 4 4 4 4 4 4 4 4 4 4 4 4 4 4 4 4 4 4 4 4 4 4 4 4 4 4 4 4 4 4 4 4 4 4 4 4 4 4 4 4 4 4 4 4 4 4 4 4 4 4 4 4 4 4 4 4 4 4 4 4 4 4 4 4 4 4 4 4 4 4 4 4 4 4 4 4 4 4 4 4 4 4 4 4 4 4 4 4 4 4 4 4 4 4 4 4 4 4 4 4 4 4 4 4 4 4 4 4 4 4 4 4 4 4 4 4 4 4 4 4 4 4 4 4 4 4 4 4 4 4 4 4 4 4 4 4 4 4 4 4 4 4 4 4 4 4 4 4 4 4 4 4 4 4 4 4 4 4 4 4 4 4 4 4 4 4 4 4 4 4 4 4 4 4 4 4 4 4 4 4 4 4 4 4 4 4 4 4 4 4 4 4 4 4 4 4 4 4 4 4 4 4 4 4 4 4 4 4 4 4 4 4 4 4 4 4 4 4 4 4 4 4 4 4 4 4 4 4 4 4 4 4 4 4 4 4 4 4 4 4 4 4 4
19 13 32 49 56 66 100 12 22 80 1 54 9 69 92 57 71 48 99 38 95 51 95 50 6 99 44 54 26 84 24 12 78 56 42 74 42 50 85 27 6 43 100 83 72 88 78 59 4 17 45 95 18 14 67 87 95 16 34 27 100 30 65 38 90 77 35 80 36 31 58 56 29 20 15 74 45 43 96 60 21 86 58 74 89 84 61 62 74 46 12 65 33 28 22 28 63 98 54 66 70 32 66 19 83 65 38 89 16 42 70 33 72 54 17 20 60 65 60 51 97 41 83 64 12 87 78 30 93 31 12 55 48 34 31 44 16 56 58 93 45 94 7 66 67 5 99 37 56 27 97 69 7 2 23 83 5 50 66 99 69 66 84 66 50 99 25 2 100 25 31 37 68 78 64 22 40 79 80 61 43 48 87 13 71 88 66 39 16 97 34 41 1 58 15 80 29 18 73 82 67 18 44 7 93 43 80 43 46 69 35 15 94 40 59 91 83 71 87 48 25 81 45 2 90 72 44 5 79 92 79 44 2 41 54 13 4 71 44 15 33 18 73 93 90 17 92 55 26 52 20 18 85 85 43 75 65 29 80 45 34 83 62 64 51 13 76 29 58 57 91 71 73 26 97 9 85 65 83 1 72 10 34 53 54 69 57 64 8 6 94 31 100 97 27 62 16 79
2 1
3 2
4 3
5 4
6 5
7 6
8 7
9 8
10 9
11 10
12 11
13 12
14 13
15 14
16 15
17 16
18 17
19 18
20 19
21 20
22 21
23 22
24 23
25 24
26 25
27 26
28 27
29 28
30 29
31 30
32 31
33 32
34 33
35 34
36 35
37 36
38 37
39 38
40 39
41 40
42 41
43 42
44 43
45 44
46 45
47 46
48 47
49 48
50 49
51 50
52 51
53 52
54 53
55 54
56 55
57 56
58 57
59 58
60 59
61 60
62 61
63 62
64 63
65 64
66 65
67 66
68 67
69 68
70 69
71 70
72 71
73 72
74 73
75 74
76 75
77 76
78 77
79 78
80 79
81 80
82 81
83 82
84 83
85 84
86 85
87 86
88 87
89 88
90 89
91 90
92 91
93 92
94 93
95 94
96 95
97 96
98 97
99 98
100 99
101 100
102 101
103 102
104 103
105 104
106 105
107 106
108 107
109 108
110 109
111 110
112 111
113 112
114 113
115 114
116 115
117 116
118 117
119 118
120 119
121 120
122 121
123 122
124 123
125 124
126 125
127 126
128 127
129 128
130 129
131 130
132 131
133 132
134 133
135 134
136 135
137 136
138 137
139 138
140 139
141 140
142 141
143 142
144 143
145 144
146 145
147 146
148 147
149 148
150 109
151 25
152 20
153 16
154 116
155 15
156 94
157 72
158 90
159 85
160 141
161 126
162 9
163 135
164 158
165 120
166 37
167 127
168 107
169 86
170 80
171 68
172 91
173 138
174 114
175 121
176 66
177 14
178 128
179 88
180 83
181 72
182 117
183 85
184 62
185 11
186 159
187 159
188 115
189 71
190 176
191 95
192 54
193 35
194 93
195 181
196 64
197 185
198 194
199 92
200 185
201 74
202 164
203 16
204 170
205 38
206 142
207 15
208 158
209 182
210 163
211 33
212 178
213 55
214 36
215 139
216 160
217 34
218 204
219 57
220 73
221 31
222 54
223 196
224 43
225 95
226 161
227 111
228 89
229 125
230 47
231 196
232 71
233 38
234 30
235 133
236 7
237 115
238 164
239 115
240 50
241 71
242 24
243 140
244 154
245 130
246 235
247 46
248 165
249 69
250 75
251 104
252 50
253 99
254 55
255 6
256 242
257 216
258 26
259 97
260 211
261 152
262 126
263 242
264 183
265 249
266 135
267 113
268 92
269 249
270 234
271 142
272 199
273 122
274 99
275 132
276 257
277 147
278 72
279 110
280 119
281 100
282 248
283 197
284 68
285 48
286 254
287 158
288 171
289 118
290 126
291 208
292 114
293 13
294 43
295 10
296 228
297 293
298 98
4 1139
1114 180 1770 1830
479 479 479 479
83 92 97 82
2 1
3 2
4 3
82 1182
1090 519 2190 2267 1206 1785 3549 916 3196 2208 618 2164 12 2624 844 2060 493 1942 371 813 1148 2103 2455 1669 158 3176 1411 442 2055 3998 2432 37 3371 2135 550 3953 1125 1657 3231 1749 3173 3562 1405 110 2175 1807 671 1921 177 2729 3296 47 948 1998 2464 985 2469 4 3702 1111 3478 3971 757 2196 2448 2891 1661 1101 2475 3460 997 2762 1361 789 262 2300 2959 1448 1131 1079 189 1692
4 4 4 4 4 4 4 4 4 4 4 4 4 4 4 4 4 4 4 4 4 4 4 4 4 4 4 4 4 4 4 4 4 4 4 4 4 4 4 4 4 4 4 4 4 4 4 4 4 4 4 4 4 4 4 4 4 4 4 4 4 4 4 4 4 4 4 4 4 4 4 4 4 4 4 4 4 4 4 4 4 4
16 99 59 271 280 195 218 295 268 18 101 87 109 101 269 115 148 54 125 171 275 124 150 117 109 149 103 133 74 36 27 20 236 34 232 185 74 207 43 196 27 193 90 42 164 119 109 14 122 244 292 229 99 26 172 127 45 260 284 56 250 281 112 153 295 151 75 30 268 198 212 195 84 146 199 289 104 226 292 203 248 219
2 1
3 2
4 3
5 4
6 5
7 6
8 7
9 8
10 9
11 10
12 11
13 12
14 13
15 14
16 15
17 16
18 17
19 18
20 19
21 20
22 21
23 22
24 23
25 24
26 25
27 26
28 27
29 28
30 29
31 30
32 31
33 32
34 33
35 34
36 35
37 36
38 37
39 38
40 39
41 40
42 22
43 39
44 14
45 39
46 10
47 24
48 21
49 42
50 42
51 18
52 32
53 44
54 45
55 7
56 13
57 39
58 37
59 38
60 16
61 55
62 24
63 44
64 37
65 27
66 29
67 16
68 22
69 56
70 29
71 54
72 61
73 4
74 47
75 60
76 15
77 37
78 41
79 34
80 34
81 50
82 14
500 4000
2779 2700 262 1921 2737 453 1707 2328 3707 2525 2484 212 1888 1352 392 106 3046 660 78 101 3654 1366 522 1816 684 281 566 774 1427 260 3972 3024 3006 618 1011 2782 1401 3672 976 144 3345 2681 1744 2439 1234 2157 3659 3471 992 2539 2492 559 2937 404 1526 1299 3369 3705 1673 1657 1421 3087 117 2842 1997 1681 3182 730 1428 1653 3602 2387 3954 1460 3111 1727 724 2835 2552 1796 642 727 1490 2820 1689 552 122 388 2507 3396 2130 1852 1012 1990 2156 3168 1087 695 398 1326 1625 2326 2791 2137 2996 900 1713 1588 894 530 616 1634 3395 1070 2441 316 289 3819 1071 2148 171 48 426 201 1920 579 3105 3387 1901 1782 2539 945 1632 2545 2857 3672 2383 1122 2630 350 649 1154 3569 1503 27 3497 3738 2672 2407 2677 2539 3145 2880 3669 3306 55 1929 3228 3853 1154 974 3140 1277 3387 227 95 2286 2314 2012 2021 2270 2230 2957 1243 3308 1430 835 2944 1563 3095 2083 221 104 685 2371 813 2536 191 2726 170 998 2093 827 1977 1308 37 1944 1688 1744 1350 1458 1575 529 564 385 2260 2833 1404 563 427 1126 3145 2190 2013 444 3272 3595 878 3678 2040 3759 101 1477 1333 2891 1583 2816 3398 3223 3732 229 805 2283 1534 3863 270 3102 3366 2553 2923 1634 737 3889 3039 1664 2539 1185 2448 3953 3506 546 3546 3613 644 3939 3505 887 3325 545 3862 3033 2027 455 2206 3260 1731 1448 926 3803 1418 282 1754 1993 3516 342 1807 1808 1216 3822 2495 2828 3183 3982 381 168 1121 1366 1209 2679 2810 2263 3406 2709 2836 237 3817 2848 3310 2556 2459 3089 1429 3246 866 1728 178 2764 1140 3991 2388 27 429 2517 2942 1849 1498 3207 1010 1688 1318 2882 3263 762 2661 420 1353 2798 1406 716 3191 2411 1917 856 578 2539 730 446 220 2922 611 2412 3326 1343 1232 1604 1590 570 3272 3506 3952 3935 2671 3793 2916 3555 2611 3934 928 772 3478 59 3606 3566 2237 2599 3272 2667 2554 1435 146 3914 1846 1640 2232 724 162 816 2321 523 2432 3747 51 2853 844 2459 3617 2248 3824 314 3378 3430 3272 1443 98 59 1170 2646 542 2309 2586 432 2539 323 1892 771 2232 3761 1979 3634 1029 2179 3288 3440 339 3521 1686 2841 685 3938 1525 3761 1142 1452 1997 188 756 2955 3125 926 1117 3249 2739 3925 65 3757 1382 3572 919 1454 1873 449 1995 3962 1578 2161 8 1195 3012 2882 1825 746 57 3002 1894 2926 1435 1599 517 1879 1628 663 189 1446 732 1313 1930 2848 3602 2803 2509 2211 3614 1174 3739 392 622 3551 3945 1307 142 3279 1750 1814 3349 2670 1464 3045 3500 1892 3786 1173 2561 216 1110 1502 1485 749 351 3252 3427
191 191 191 191 191 191 191 191 191 191 191 191 191 191 191 191 191 191 191 191 191 191 191 191 191 191 191 191 191 191 191 191 191 191 191 191 191 191 191 191 191 191 191 191 191 191 191 191 191 191 191 191 191 191 191 191 191 191 191 191 191 191 191 191 191 191 191 191 191 191 191 191 191 191 191 191 191 191 191 191 191 191 191 191 191 191 191 191 191 191 191 191 191 191 191 191 191 191 191 191 191 191 191 191 191 191 191 191 191 191 191 191 191 191 191 191 191 191 191 191 191 191 191 191 191 191 191 191 191 191 191 191 191 191 191 191 191 191 191 191 191 191 191 191 191 191 191 191 191 191 191 191 191 191 191 191 191 191 191 191 191 191 191 191 191 191 191 191 191 191 191 191 191 191 191 191 191 191 191 191 191 191 191 191 191 191 191 191 191 191 191 191 191 191 191 191 191 191 191 191 191 191 191 191 191 191 191 191 191 191 191 191 191 191 191 191 191 191 191 191 191 191 191 191 191 191 191 191 191 191 191 191 191 191 191 191 191 191 191 191 191 191 191 191 191 191 191 191 191 191 191 191 191 191 191 191 191 191 191 191 191 191 191 191 191 191 191 191 191 191 191 191 191 191 191 191 191 191 191 191 191 191 191 191 191 191 191 191 191 191 191 191 191 191 191 191 191 191 191 191 191 191 191 191 191 191 191 191 191 191 191 191 191 191 191 191 191 191 191 191 191 191 191 191 191 191 191 191 191 191 191 191 191 191 191 191 191 191 191 191 191 191 191 191 191 191 191 191 191 191 191 191 191 191 191 191 191 191 191 191 191 191 191 191 191 191 191 191 191 191 191 191 191 191 191 191 191 191 191 191 191 191 191 191 191 191 191 191 191 191 191 191 191 191 191 191 191 191 191 191 191 191 191 191 191 191 191 191 191 191 191 191 191 191 191 191 191 191 191 191 191 191 191 191 191 191 191 191 191 191 191 191 191 191 191 191 191 191 191 191 191 191 191 191 191 191 191 191 191 191 191 191 191 191 191 191 191 191 191 191 191 191 191 191 191 191 191 191 191 191 191 191 191 191 191 191 191 191 191 191 191 191 191 191 191 191 191 191 191 191 191 191 191 191 191 191 191 191 191 191
94 78 86 53 8 66 10 81 76 14 26 39 23 93 64 21 24 57 2 57 60 24 75 2 21 29 21 38 39 18 95 22 53 6 100 29 11 52 80 66 100 17 34 94 6 89 34 97 24 9 92 60 55 60 29 86 77 16 12 13 70 18 72 8 52 1 52 72 13 47 79 24 18 28 50 96 74 8 39 64 88 60 28 68 2 12 75 11 58 78 71 17 30 81 3 5 27 57 69 92 74 51 19 78 17 96 17 50 16 94 10 93 72 52 77 46 55 6 74 33 58 5 1 88 87 60 52 97 82 40 28 46 46 52 39 18 63 9 96 1 74 75 76 49 68 39 23 74 28 57 17 68 8 49 19 79 29 62 17 96 1 49 53 2 1 91 83 26 59 89 27 71 18 68 33 92 12 5 35 76 56 29 29 31 16 68 92 54 36 12 87 46 36 25 87 71 7 27 24 11 49 94 69 64 7 8 8 10 12 72 61 15 34 79 97 64 98 56 69 53 49 88 29 78 19 6 86 43 52 40 34 13 85 55 95 62 21 51 93 55 85 34 32 76 48 78 46 33 42 13 13 95 58 56 96 25 19 71 55 20 17 94 16 31 91 36 60 23 3 6 81 35 53 19 29 79 5 18 95 39 44 1 73 13 84 36 83 79 46 65 18 15 72 46 43 95 4 6 69 49 15 68 96 25 81 25 80 96 37 11 98 38 40 94 77 16 4 98 12 60 50 74 42 88 10 32 82 91 94 72 9 90 48 17 93 90 74 22 32 71 68 26 72 17 75 31 68 58 16 100 39 83 89 49 16 70 20 78 2 40 42 7 81 70 78 90 29 94 42 13 9 32 46 46 3 94 67 89 75 35 46 22 21 90 65 14 7 15 40 30 71 86 4 21 72 31 41 74 91 61 7 75 56 46 75 44 7 43 5 47 5 29 72 58 42 19 80 30 32 9 40 19 20 36 77 32 47 52 65 9 100 43 92 83 65 30 15 11 99 69 58 21 19 90 4 30 57 3 84 24 91 61 75 30 49 28 27 24 90 28 67 56 8 51 1 53 75 8 54 91 28 72 64 32 88 55 1 37 51 70 96 96 99 83 92 69 87 56 32 47 32 32 21 30 98 94 37 1 11 20
2 1
3 2
4 3
5 4
6 5
7 6
8 7
9 8
10 9
11 10
12 11
13 12
14 13
15 14
16 15
17 16
18 17
19 18
20 19
21 20
22 21
23 22
24 23
25 24
26 25
27 26
28 27
29 28
30 29
31 30
32 31
33 32
34 33
35 34
36 35
37 36
38 37
39 38
40 39
41 40
42 41
43 42
44 43
45 44
46 45
47 46
48 47
49 48
50 49
51 50
52 51
53 52
54 53
55 54
56 55
57 56
58 57
59 58
60 59
61 60
62 61
63 62
64 63
65 64
66 65
67 66
68 67
69 68
70 69
71 70
72 71
73 72
74 73
75 74
76 75
77 76
78 77
79 78
80 79
81 80
82 81
83 82
84 83
85 84
86 85
87 86
88 87
89 88
90 89
91 90
92 91
93 92
94 93
95 94
96 95
97 96
98 97
99 98
100 99
101 100
102 101
103 102
104 103
105 104
106 105
107 106
108 107
109 108
110 109
111 110
112 111
113 112
114 113
115 114
116 115
117 116
118 117
119 118
120 119
121 120
122 121
123 122
124 123
125 124
126 125
127 126
128 127
129 128
130 129
131 130
132 131
133 132
134 133
135 134
136 135
137 136
138 137
139 138
140 139
141 140
142 141
143 142
144 143
145 144
146 145
147 146
148 147
149 148
150 149
151 150
152 151
153 152
154 153
155 154
156 155
157 156
158 157
159 158
160 159
161 160
162 161
163 162
164 163
165 164
166 165
167 166
168 167
169 168
170 169
171 170
172 171
173 172
174 173
175 174
176 175
177 176
178 177
179 178
180 179
181 180
182 181
183 182
184 183
185 184
186 185
187 186
188 187
189 188
190 189
191 190
192 191
193 192
194 193
195 194
196 195
197 196
198 197
199 198
200 199
201 200
202 201
203 202
204 203
205 204
206 205
207 206
208 207
209 208
210 209
211 210
212 211
213 212
214 213
215 214
216 215
217 216
218 217
219 218
220 219
221 220
222 221
223 222
224 223
225 224
226 225
227 226
228 227
229 228
230 229
231 230
232 231
233 232
234 233
235 234
236 235
237 236
238 237
239 238
240 239
241 240
242 241
243 242
244 243
245 244
246 245
247 246
248 247
249 248
250 249
251 112
252 137
253 188
254 12
255 153
256 159
257 42
258 136
259 170
260 173
261 119
262 255
263 83
264 194
265 45
266 231
267 217
268 83
269 18
270 7
271 237
272 198
273 133
274 202
275 85
276 161
277 126
278 115
279 233
280 199
281 137
282 112
283 167
284 83
285 145
286 135
287 75
288 38
289 216
290 160
291 100
292 149
293 37
294 150
295 32
296 249
297 72
298 183
299 297
300 217
301 65
302 59
303 104
304 217
305 232
306 89
307 250
308 99
309 172
310 155
311 225
312 99
313 103
314 229
315 290
316 120
317 88
318 49
319 44
320 60
321 58
322 44
323 313
324 262
325 8
326 199
327 216
328 238
329 233
330 131
331 202
332 163
333 251
334 243
335 213
336 6
337 50
338 151
339 158
340 81
341 170
342 280
343 200
344 79
345 221
346 119
347 21
348 132
349 322
350 295
351 242
352 250
353 183
354 330
355 344
356 269
357 140
358 103
359 43
360 279
361 208
362 210
363 11
364 157
365 351
366 105
367 26
368 71
369 236
370 320
371 172
372 282
373 97
374 302
375 293
376 157
377 285
378 160
379 230
380 36
381 150
382 120
383 119
384 175
385 184
386 173
387 163
388 165
389 320
390 4
391 229
392 175
393 20
394 187
395 270
396 394
397 321
398 386
399 73
400 370
401 62
402 105
403 285
404 398
405 397
406 19
407 119
408 297
409 391
410 348
411 25
412 20
413 341
414 115
415 247
416 325
417 324
418 349
419 177
420 313
421 320
422 395
423 314
424 23
425 13
426 196
427 6
428 81
429 158
430 416
431 350
432 107
433 431
434 285
435 305
436 93
437 76
438 181
439 281
440 390
441 99
442 380
443 246
444 385
445 134
446 170
447 34
448 215
449 164
450 378
451 80
452 190
453 346
454 254
455 343
456 338
457 124
458 306
459 153
460 15
461 402
462 101
463 146
464 88
465 232
466 257
467 167
468 160
469 221
470 140
471 43
472 454
473 311
474 294
475 262
476 43
477 446
478 221
479 167
480 7
481 64
482 56
483 479
484 421
485 472
486 108
487 60
488 366
489 377
490 164
491 258
492 211
493 92
494 18
495 369
496 470
497 320
498 170
499 193
500 288
500 4000
1357 3207 735 1602 1829 874 3630 340 2047 2440 699 1165 41 1208 328 3459 242 416 2452 37 1101 2718 275 3884 3495 792 3369 2851 421 481 3085 2261 130 1836 667 3701 3015 53 1179 403 460 3373 1009 1180 527 1190 2820 722 2867 32 3124 45 2971 1266 2933 1521 3047 3452 1297 2290 3342 2251 30 3077 285 1581 3259 1160 1551 24 2449 2196 749 2453 329 2721 3529 2770 2248 2649 2870 1832 722 3297 3818 2025 3326 229 2519 3950 3126 1699 102 1727 115 1370 1974 419 2967 3155 756 3753 523 2096 2203 248 3706 1428 3565 2100 3885 370 2643 3089 2697 3705 1938 604 1798 2464 3215 2374 3281 3374 1349 84 261 2732 1061 1221 1766 2638 3437 1027 543 2943 1676 364 2173 2252 181 2914 2603 243 450 114 14 493 2955 1729 3524 1145 3847 3549 2170 618 3524 3618 1292 3219 2978 203 545 1105 2964 283 3717 2969 3737 1611 3977 1154 2712 2070 408 3254 3195 1187 2556 2197 1678 786 3281 1353 536 1802 3880 3120 89 3746 863 2278 869 3245 3711 2131 3424 2315 2390 2101 59 3533 3351 2479 3214 775 1071 849 726 93 649 3432 1009 3975 676 1096 2808 2662 2484 3576 765 1003 3159 3359 518 2500 2585 2605 3465 3498 3434 1197 488 712 1438 40 1838 3662 262 1404 1995 3350 910 3359 109 918 918 846 65 3463 501 3226 3529 1045 267 3764 2045 391 1702 2423 2759 400 856 2039 2745 3702 1367 3272 1458 2178 182 1457 1363 3753 3330 146 1627 3289 1279 3698 3113 743 2436 1390 2451 2648 3572 3262 2818 1774 351 1097 466 3637 729 3340 3495 3022 1018 1382 2737 891 2166 3239 132 3755 2653 2809 2769 2952 3862 3982 170 542 472 2699 789 941 2058 2549 1774 1778 3964 1147 3842 2482 1189 740 1737 3465 3646 1657 2596 2258 2847 2677 1175 3158 2841 2443 1769 1817 1140 2648 3322 866 10 2794 1893 939 2308 3249 23 1034 1492 3172 2095 3327 3506 342 182 2558 795 1626 513 1085 1224 2324 2309 3425 299 386 1882 1222 880 649 3603 2765 433 164 605 11 1434 3913 855 911 1567 318 2225 3378 251 2876 648 2565 2923 3201 2689 1303 362 732 3524 293 3886 52 1083 1318 1219 1561 3916 2487 806 2606 20 3876 1221 22 2660 3511 2038 2271 256 3269 2358 2764 2358 2486 3235 70 3420 3957 156 3076 3918 2233 440 3706 2214 1682 1124 2656 3805 2550 2177 931 1793 910 1213 3985 1240 2908 2737 800 2773 751 3292 895 1944 2826 1854 1697 3722 3985 2871 230 3993 3989 2017 619 2066 705 3628 2133 3454 676 2809 794 606 3841 89 2672 2570 981 3175 3448 3846 3625 1188 2317 678 2360 1650 393 1636 2370 2067 1528 895 2737 354 3841
1773 1773 1773 1773 1773 1773 1773 1773 1773 1773 1773 1773 1773 1773 1773 1773 1773 1773 1773 1773 1773 1773 1773 1773 1773 1773 1773 1773 1773 1773 1773 1773 1773 1773 1773 1773 1773 1773 1773 1773 1773 1773 1773 1773 1773 1773 1773 1773 1773 1773 1773 1773 1773 1773 1773 1773 1773 1773 1773 1773 1773 1773 1773 1773 1773 1773 1773 1773 1773 1773 1773 1773 1773 1773 1773 1773 1773 1773 1773 1773 1773 1773 1773 1773 1773 1773 1773 1773 1773 1773 1773 1773 1773 1773 1773 1773 1773 1773 1773 1773 1773 1773 1773 1773 1773 1773 1773 1773 1773 1773 1773 1773 1773 1773 1773 1773 1773 1773 1773 1773 1773 1773 1773 1773 1773 1773 1773 1773 1773 1773 1773 1773 1773 1773 1773 1773 1773 1773 1773 1773 1773 1773 1773 1773 1773 1773 1773 1773 1773 1773 1773 1773 1773 1773 1773 1773 1773 1773 1773 1773 1773 1773 1773 1773 1773 1773 1773 1773 1773 1773 1773 1773 1773 1773 1773 1773 1773 1773 1773 1773 1773 1773 1773 1773 1773 1773 1773 1773 1773 1773 1773 1773 1773 1773 1773 1773 1773 1773 1773 1773 1773 1773 1773 1773 1773 1773 1773 1773 1773 1773 1773 1773 1773 1773 1773 1773 1773 1773 1773 1773 1773 1773 1773 1773 1773 1773 1773 1773 1773 1773 1773 1773 1773 1773 1773 1773 1773 1773 1773 1773 1773 1773 1773 1773 1773 1773 1773 1773 1773 1773 1773 1773 1773 1773 1773 1773 1773 1773 1773 1773 1773 1773 1773 1773 1773 1773 1773 1773 1773 1773 1773 1773 1773 1773 1773 1773 1773 1773 1773 1773 1773 1773 1773 1773 1773 1773 1773 1773 1773 1773 1773 1773 1773 1773 1773 1773 1773 1773 1773 1773 1773 1773 1773 1773 1773 1773 1773 1773 1773 1773 1773 1773 1773 1773 1773 1773 1773 1773 1773 1773 1773 1773 1773 1773 1773 1773 1773 1773 1773 1773 1773 1773 1773 1773 1773 1773 1773 1773 1773 1773 1773 1773 1773 1773 1773 1773 1773 1773 1773 1773 1773 1773 1773 1773 1773 1773 1773 1773 1773 1773 1773 1773 1773 1773 1773 1773 1773 1773 1773 1773 1773 1773 1773 1773 1773 1773 1773 1773 1773 1773 1773 1773 1773 1773 1773 1773 1773 1773 1773 1773 1773 1773 1773 1773 1773 1773 1773 1773 1773 1773 1773 1773 1773 1773 1773 1773 1773 1773 1773 1773 1773 1773 1773 1773 1773 1773 1773 1773 1773 1773 1773 1773 1773 1773 1773 1773 1773 1773 1773 1773 1773 1773 1773 1773 1773 1773 1773 1773 1773 1773 1773 1773 1773 1773 1773 1773 1773 1773 1773 1773 1773 1773 1773 1773 1773 1773 1773 1773 1773 1773 1773 1773 1773 1773 1773 1773 1773 1773 1773 1773 1773 1773 1773 1773 1773 1773 1773 1773 1773 1773 1773 1773 1773 1773 1773 1773 1773 1773 1773 1773 1773 1773 1773 1773 1773 1773 1773 1773 1773 1773
87 86 35 42 94 19 17 8 93 68 86 75 18 29 41 79 19 34 32 39 89 72 25 11 79 16 48 83 23 88 81 40 41 21 89 11 40 22 2 57 98 18 11 77 48 41 45 57 25 85 83 28 26 61 47 98 86 54 18 52 96 32 72 50 82 59 60 51 67 51 23 44 39 29 87 44 97 40 38 42 30 99 15 95 29 48 37 50 79 96 90 50 12 92 29 79 73 4 59 80 91 18 67 44 97 77 81 15 98 27 73 86 66 32 91 81 21 64 77 36 88 16 71 52 23 40 47 20 51 91 70 20 10 10 46 17 51 66 100 34 62 13 52 25 100 96 83 89 7 55 8 75 5 12 39 39 70 95 42 20 79 50 53 99 65 93 96 80 46 92 26 13 18 24 4 84 29 35 71 100 39 7 31 75 60 81 45 57 37 51 90 12 91 67 8 75 23 13 77 64 89 83 50 5 78 58 54 70 84 84 43 56 20 21 32 29 42 79 17 24 59 50 91 83 12 63 75 14 21 23 41 89 25 58 68 62 33 64 8 48 62 77 91 43 34 9 93 52 14 58 86 64 89 9 65 37 8 49 2 51 90 26 96 32 94 66 16 38 59 66 4 33 22 40 83 13 15 94 81 76 29 98 62 31 58 92 28 66 39 67 78 91 68 100 6 16 35 19 38 27 81 32 33 61 61 94 64 88 76 78 91 22 14 38 92 55 15 74 16 19 32 51 65 73 11 35 27 89 89 21 54 92 71 10 78 52 71 90 80 62 20 71 9 29 87 15 65 68 91 9 26 27 12 34 64 9 28 32 8 84 59 72 88 97 20 23 45 19 75 38 56 95 88 66 10 89 36 61 43 32 35 27 8 6 70 72 56 79 39 7 51 20 50 67 8 47 97 12 33 53 34 12 57 53 15 99 58 83 82 68 95 89 7 37 71 97 31 21 23 100 47 48 49 69 97 95 86 77 89 21 30 38 35 78 85 6 75 82 45 42 77 88 1 10 86 27 84 91 51 61 23 91 73 27 59 24 1 8 39 64 33 14 80 7 35 66 54 89 64 6 83 18 72 4 77 72 97 29 69 64 17 67 54 76 84 55 51 96 29 86 17 18 13 59 19 83 53 32 82 47
2 1
3 2
4 3
5 4
6 5
7 6
8 7
9 8
10 9
11 10
12 11
13 12
14 13
15 14
16 15
17 16
18 17
19 18
20 19
21 20
22 21
23 22
24 23
25 24
26 25
27 26
28 27
29 28
30 29
31 30
32 31
33 32
34 33
35 34
36 35
37 36
38 37
39 38
40 39
41 40
42 41
43 42
44 43
45 44
46 45
47 46
48 47
49 48
50 49
51 50
52 51
53 52
54 53
55 54
56 55
57 56
58 57
59 58
60 59
61 60
62 61
63 62
64 63
65 64
66 65
67 66
68 67
69 68
70 69
71 70
72 71
73 72
74 73
75 74
76 75
77 76
78 77
79 78
80 79
81 80
82 81
83 82
84 83
85 84
86 85
87 86
88 87
89 88
90 89
91 90
92 91
93 92
94 93
95 94
96 95
97 96
98 97
99 98
100 99
101 100
102 101
103 102
104 103
105 104
106 105
107 106
108 107
109 108
110 109
111 110
112 111
113 112
114 113
115 114
116 115
117 116
118 117
119 118
120 119
121 120
122 121
123 122
124 123
125 124
126 125
127 126
128 127
129 128
130 129
131 130
132 131
133 132
134 133
135 134
136 135
137 136
138 137
139 138
140 139
141 140
142 141
143 142
144 143
145 144
146 145
147 146
148 147
149 148
150 149
151 150
152 151
153 152
154 153
155 154
156 155
157 156
158 157
159 158
160 159
161 160
162 161
163 162
164 163
165 164
166 165
167 166
168 167
169 168
170 169
171 170
172 171
173 172
174 173
175 174
176 175
177 176
178 177
179 178
180 179
181 180
182 181
183 182
184 183
185 184
186 185
187 186
188 187
189 188
190 189
191 190
192 191
193 192
194 193
195 194
196 195
197 196
198 197
199 198
200 199
201 200
202 201
203 202
204 203
205 204
206 205
207 206
208 207
209 208
210 209
211 210
212 211
213 212
214 213
215 214
216 215
217 216
218 217
219 218
220 219
221 220
222 221
223 222
224 223
225 224
226 225
227 226
228 227
229 228
230 229
231 230
232 231
233 232
234 233
235 234
236 235
237 236
238 237
239 238
240 239
241 240
242 241
243 242
244 243
245 244
246 245
247 246
248 247
249 248
250 249
251 224
252 110
253 208
254 247
255 235
256 57
257 243
258 169
259 82
260 14
261 256
262 183
263 36
264 90
265 264
266 111
267 56
268 254
269 72
270 5
271 218
272 39
273 63
274 116
275 159
276 98
277 247
278 119
279 174
280 113
281 227
282 249
283 158
284 153
285 257
286 24
287 188
288 158
289 98
290 271
291 57
292 203
293 254
294 257
295 146
296 290
297 20
298 51
299 177
300 105
301 97
302 231
303 17
304 67
305 280
306 94
307 37
308 129
309 190
310 39
311 1
312 149
313 182
314 246
315 303
316 158
317 32
318 193
319 97
320 168
321 158
322 32
323 39
324 257
325 180
326 82
327 210
328 131
329 32
330 53
331 67
332 284
333 256
334 143
335 250
336 155
337 322
338 5
339 155
340 293
341 272
342 115
343 165
344 132
345 221
346 65
347 264
348 79
349 56
350 83
351 218
352 238
353 112
354 297
355 306
356 303
357 96
358 356
359 345
360 144
361 252
362 16
363 252
364 84
365 359
366 248
367 206
368 133
369 54
370 183
371 44
372 88
373 285
374 236
375 59
376 320
377 257
378 325
379 358
380 14
381 69
382 34
383 366
384 291
385 33
386 42
387 373
388 120
389 240
390 194
391 34
392 312
393 40
394 352
395 321
396 272
397 200
398 395
399 90
400 193
401 285
402 234
403 112
404 309
405 221
406 114
407 231
408 179
409 336
410 310
411 124
412 187
413 255
414 391
415 176
416 12
417 87
418 291
419 383
420 75
421 258
422 386
423 192
424 55
425 157
426 345
427 130
428 304
429 369
430 279
431 308
432 379
433 301
434 368
435 6
436 229
437 248
438 229
439 384
440 373
441 411
442 87
443 251
444 69
445 358
446 350
447 309
448 239
449 316
450 281
451 57
452 191
453 32
454 182
455 362
456 224
457 9
458 297
459 431
460 21
461 336
462 30
463 415
464 254
465 64
466 220
467 328
468 285
469 358
470 5
471 153
472 228
473 91
474 15
475 90
476 179
477 419
478 381
479 176
480 266
481 343
482 272
483 266
484 4
485 445
486 210
487 455
488 158
489 21
490 333
491 95
492 448
493 308
494 82
495 175
496 438
497 13
498 425
499 337
500 347
