5
424 1015
3296 3296 3296 3296 3296 3296 3296 3296 3296 3296 3296 3296 3296 3296 3296 3296 3296 3296 3296 3296 3296 3296 3296 3296 3296 3296 3296 3296 3296 3296 3296 3296 3296 3296 3296 3296 3296 3296 3296 3296 3296 3296 3296 3296 3296 3296 3296 3296 3296 3296 3296 3296 3296 3296 3296 3296 3296 3296 3296 3296 3296 3296 3296 3296 3296 3296 3296 3296 3296 3296 3296 3296 3296 3296 3296 3296 3296 3296 3296 3296 3296 3296 3296 3296 3296 3296 3296 3296 3296 3296 3296 3296 3296 3296 3296 3296 3296 3296 3296 3296 3296 3296 3296 3296 3296 3296 3296 3296 3296 3296 3296 3296 3296 3296 3296 3296 3296 3296 3296 3296 3296 3296 3296 3296 3296 3296 3296 3296 3296 3296 3296 3296 3296 3296 3296 3296 3296 3296 3296 3296 3296 3296 3296 3296 3296 3296 3296 3296 3296 3296 3296 3296 3296 3296 3296 3296 3296 3296 3296 3296 3296 3296 3296 3296 3296 3296 3296 3296 3296 3296 3296 3296 3296 3296 3296 3296 3296 3296 3296 3296 3296 3296 3296 3296 3296 3296 3296 3296 3296 3296 3296 3296 3296 3296 3296 3296 3296 3296 3296 3296 3296 3296 3296 3296 3296 3296 3296 3296 3296 3296 3296 3296 3296 3296 3296 3296 3296 3296 3296 3296 3296 3296 3296 3296 3296 3296 3296 3296 3296 3296 3296 3296 3296 3296 3296 3296 3296 3296 3296 3296 3296 3296 3296 3296 3296 3296 3296 3296 3296 3296 3296 3296 3296 3296 3296 3296 3296 3296 3296 3296 3296 3296 3296 3296 3296 3296 3296 3296 3296 3296 3296 3296 3296 3296 3296 3296 3296 3296 3296 3296 3296 3296 3296 3296 3296 3296 3296 3296 3296 3296 3296 3296 3296 3296 3296 3296 3296 3296 3296 3296 3296 3296 3296 3296 3296 3296 3296 3296 3296 3296 3296 3296 3296 3296 3296 3296 3296 3296 3296 3296 3296 3296 3296 3296 3296 3296 3296 3296 3296 3296 3296 3296 3296 3296 3296 3296 3296 3296 3296 3296 3296 3296 3296 3296 3296 3296 3296 3296 3296 3296 3296 3296 3296 3296 3296 3296 3296 3296 3296 3296 3296 3296 3296 3296 3296 3296 3296 3296 3296 3296 3296 3296 3296 3296 3296 3296 3296 3296 3296 3296 3296 3296 3296 3296 3296 3296 3296 3296 3296 3296 3296 3296 3296 3296 3296 3296 3296 3296 3296 3296 3296 3296 3296 3296 3296 3296 3296 3296 3296 3296 3296 3296 3296 3296 3296 3296 3296 3296 3296 3296 3296 3296 3296 3296
609 778 162 615 275 485 740 85 833 48 675 141 967 432 942 702 995 163 173 636 780 697 429 604 211 18 573 784 667 545 870 38 554 752 920 378 1 635 728 831 556 150 835 772 897 45 981 487 206 698 80 733 390 435 1003 816 42 991 778 732 938 951 878 781 119 245 230 746 627 723 105 278 198 365 464 720 850 666 572 449 245 377 108 176 947 99 977 581 233 161 667 772 716 791 884 77 729 904 372 775 214 35 748 217 168 926 804 433 158 708 801 840 276 707 527 302 648 350 721 569 237 959 54 747 626 151 913 396 891 757 620 468 711 36 370 498 844 917 378 13 145 335 918 257 313 739 490 944 560 998 802 521 786 879 95 429 528 288 744 84 236 896 10 785 277 30 938 605 262 14 807 797 664 447 219 854 483 405 798 996 416 692 90 405 112 325 405 550 114 730 781 756 261 382 374 588 81 923 981 548 338 77 567 4 957 938 652 87 18 366 981 450 943 563 985 700 634 581 927 759 357 283 895 633 831 172 689 272 545 582 815 413 797 359 200 587 533 257 587 274 444 284 187 683 228 6 704 233 244 327 926 932 169 235 273 917 343 224 997 315 754 658 226 372 455 420 592 504 612 58 470 48 502 550 219 258 96 167 721 373 140 866 875 593 468 138 620 277 63 786 652 259 787 341 922 385 285 548 209 262 936 839 793 296 935 405 602 136 321 750 814 107 628 894 857 795 111 857 200 804 214 92 803 456 980 1012 21 786 66 321 25 738 928 937 61 829 871 985 183 922 69 313 77 679 97 142 707 936 828 659 804 28 992 438 29 323 918 574 50 394 716 43 189 286 278 141 158 666 559 246 320 845 652 894 846 950 101 945 598 202 269 141 788 490 248 804 432 660 18 275 973 1009 657 326 461 230 534 142 119 507 814 934 967 96 454 631 277 8 428 7 605 619 685 921 731 31 880 457 395 32 131 220 43 746
72 15 18 98 88 77 10 4 84 66 11 61 78 4 58 43 67 11 56 66 22 91 58 61 42 88 90 12 90 87 7 97 60 46 13 56 879 81 66 29 34 47 14 54 18 35 38 93 39 73 12 3 82 18 98 84 99 91 45 38 25 24 86 49 18 28 35 64 38 98 92 66 56 21 71 46 37 77 87 28 85 76 63 100 94 83 88 96 52 86 81 42 90 49 22 58 33 47 41 2 3 100 8 43 90 67 65 93 95 14 51 78 4 1 24 99 79 20 84 61 69 28 58 58 10 56 17 2 15 9 77 100 70 86 6 92 23 44 4 72 47 22 87 2 9 40 73 60 25 62 83 45 93 14 97 70 8 6 85 97 81 56 95 80 72 54 86 50 60 89 84 74 53 8 28 1 95 25 9 25 51 33 19 18 88 20 4 16 9 51 72 90 5 48 43 14 16 90 20 88 88 50 93 236 71 5 76 42 7 40 20 64 10 20 37 87 31 34 16 54 37 6 40 69 71 55 20 92 68 47 24 15 44 55 11 36 86 77 45 29 9 41 22 92 53 96 21 29 18 20 22 32 11 49 19 22 15 23 53 28 28 37 19 73 44 8 6 84 89 80 17 39 72 31 51 18 28 34 32 23 88 90 37 8 19 82 51 46 19 46 8 21 29 67 67 12 23 56 6 3 98 66 90 47 24 59 3 97 53 40 32 53 2 31 64 72 15 38 47 100 18 26 43 56 71 7 70 84 29 29 59 86 65 82 63 69 39 17 31 77 74 59 31 35 100 76 69 59 16 13 94 84 94 12 5 35 49 51 6 7 96 97 9 80 11 1 8 89 39 45 9 86 39 51 39 62 69 37 3 26 41 26 22 67 75 31 98 84 60 60 25 7 1 13 52 53 16 27 9 60 96 22 6 77 61 39 14 119 17 120 9 16 3 63 98 88 11 89 85 83 67 54 18 11
2 1
3 2
4 3
5 4
6 5
7 6
8 7
9 8
10 9
11 10
12 11
13 12
14 13
15 14
16 15
17 16
18 17
19 18
20 19
21 20
22 21
23 22
24 23
25 24
26 25
27 26
28 27
29 28
30 29
31 30
32 31
33 32
34 33
35 34
36 35
37 36
38 37
39 38
40 39
41 40
42 41
43 42
44 43
45 44
46 45
47 46
48 47
49 48
50 49
51 50
52 51
53 52
54 53
55 54
56 55
57 56
58 57
59 58
60 59
61 60
62 61
63 62
64 63
65 64
66 65
67 66
68 67
69 68
70 69
71 70
72 71
73 72
74 73
75 74
76 75
77 76
78 77
79 78
80 79
81 80
82 81
83 82
84 83
85 84
86 85
87 86
88 87
89 88
90 89
91 90
92 91
93 92
94 93
95 94
96 95
97 96
98 97
99 98
100 99
101 100
102 101
103 102
104 103
105 104
106 105
107 106
108 107
109 108
110 109
111 110
112 111
113 112
114 113
115 114
116 115
117 116
118 117
119 118
120 119
121 120
122 121
123 122
124 123
125 124
126 125
127 126
128 127
129 128
130 129
131 130
132 131
133 132
134 133
135 134
136 135
137 136
138 137
139 138
140 139
141 140
142 141
143 142
144 143
145 144
146 145
147 146
148 147
149 148
150 149
151 150
152 151
153 152
154 153
155 154
156 155
157 156
158 157
159 158
160 159
161 160
162 161
163 162
164 163
165 164
166 165
167 166
168 167
169 168
170 169
171 170
172 171
173 172
174 173
175 174
176 175
177 176
178 177
179 178
180 179
181 180
182 181
183 182
184 183
185 184
186 185
187 186
188 187
189 188
190 189
191 190
192 191
193 192
194 193
195 194
196 195
197 196
198 197
199 198
200 199
201 200
202 201
203 202
204 203
205 204
206 205
207 206
208 207
209 208
210 209
211 210
212 211
213 53
214 178
215 53
216 130
217 62
218 60
219 17
220 51
221 173
222 105
223 198
224 73
225 220
226 171
227 37
228 208
229 59
230 85
231 33
232 92
233 18
234 81
235 45
236 198
237 137
238 30
239 155
240 22
241 153
242 133
243 12
244 126
245 111
246 3
247 118
248 231
249 206
250 61
251 116
252 143
253 50
254 178
255 54
256 30
257 19
258 3
259 192
260 22
261 146
262 142
263 11
264 132
265 210
266 233
267 83
268 155
269 25
270 262
271 97
272 52
273 14
274 40
275 133
276 125
277 122
278 200
279 106
280 199
281 66
282 273
283 227
284 238
285 156
286 281
287 65
288 173
289 207
290 28
291 113
292 170
293 48
294 149
295 70
296 152
297 195
298 260
299 283
300 93
301 162
302 10
303 169
304 254
305 300
306 141
307 186
308 276
309 125
310 14
311 137
312 29
313 297
314 278
315 18
316 51
317 258
318 35
319 302
320 167
321 314
322 156
323 311
324 104
325 313
326 70
327 166
328 274
329 211
330 57
331 253
332 10
333 232
334 36
335 179
336 1
337 172
338 17
339 112
340 327
341 282
342 108
343 116
344 300
345 84
346 174
347 127
348 276
349 61
350 309
351 197
352 289
353 121
354 266
355 286
356 26
357 260
358 127
359 283
360 330
361 194
362 279
363 277
364 216
365 226
366 19
367 42
368 291
369 54
370 26
371 49
372 47
373 286
374 231
375 77
376 36
377 10
378 62
379 80
380 256
381 285
382 116
383 294
384 68
385 55
386 258
387 381
388 219
389 134
390 280
391 319
392 260
393 161
394 206
395 335
396 34
397 41
398 379
399 320
400 7
401 129
402 118
403 360
404 172
405 84
406 172
407 72
408 305
409 276
410 138
411 141
412 241
413 113
414 163
415 27
416 273
417 250
418 53
419 225
420 414
421 383
422 168
423 290
424 288
400 1827
2278 2278 2278 2278 2278 2278 2278 2278 2278 2278 2278 2278 2278 2278 2278 2278 2278 2278 2278 2278 2278 2278 2278 2278 2278 2278 2278 2278 2278 2278 2278 2278 2278 2278 2278 2278 2278 2278 2278 2278 2278 2278 2278 2278 2278 2278 2278 2278 2278 2278 2278 2278 2278 2278 2278 2278 2278 2278 2278 2278 2278 2278 2278 2278 2278 2278 2278 2278 2278 2278 2278 2278 2278 2278 2278 2278 2278 2278 2278 2278 2278 2278 2278 2278 2278 2278 2278 2278 2278 2278 2278 2278 2278 2278 2278 2278 2278 2278 2278 2278 2278 2278 2278 2278 2278 2278 2278 2278 2278 2278 2278 2278 2278 2278 2278 2278 2278 2278 2278 2278 2278 2278 2278 2278 2278 2278 2278 2278 2278 2278 2278 2278 2278 2278 2278 2278 2278 2278 2278 2278 2278 2278 2278 2278 2278 2278 2278 2278 2278 2278 2278 2278 2278 2278 2278 2278 2278 2278 2278 2278 2278 2278 2278 2278 2278 2278 2278 2278 2278 2278 2278 2278 2278 2278 2278 2278 2278 2278 2278 2278 2278 2278 2278 2278 2278 2278 2278 2278 2278 2278 2278 2278 2278 2278 2278 2278 2278 2278 2278 2278 2278 2278 2278 2278 2278 2278 2278 2278 2278 2278 2278 2278 2278 2278 2278 2278 2278 2278 2278 2278 2278 2278 2278 2278 2278 2278 2278 2278 2278 2278 2278 2278 2278 2278 2278 2278 2278 2278 2278 2278 2278 2278 2278 2278 2278 2278 2278 2278 2278 2278 2278 2278 2278 2278 2278 2278 2278 2278 2278 2278 2278 2278 2278 2278 2278 2278 2278 2278 2278 2278 2278 2278 2278 2278 2278 2278 2278 2278 2278 2278 2278 2278 2278 2278 2278 2278 2278 2278 2278 2278 2278 2278 2278 2278 2278 2278 2278 2278 2278 2278 2278 2278 2278 2278 2278 2278 2278 2278 2278 2278 2278 2278 2278 2278 2278 2278 2278 2278 2278 2278 2278 2278 2278 2278 2278 2278 2278 2278 2278 2278 2278 2278 2278 2278 2278 2278 2278 2278 2278 2278 2278 2278 2278 2278 2278 2278 2278 2278 2278 2278 2278 2278 2278 2278 2278 2278 2278 2278 2278 2278 2278 2278 2278 2278 2278 2278 2278 2278 2278 2278 2278 2278 2278 2278 2278 2278 2278 2278 2278 2278 2278 2278 2278 2278 2278 2278 2278 2278 2278 2278 2278 2278 2278 2278 2278 2278 2278 2278 2278 2278
1093 1579 1114 800 1247 365 883 78 1760 876 1464 1553 854 88 1472 595 147 1568 1378 1279 553 129 1482 1680 1776 984 1739 1497 1786 313 1690 644 1198 1283 1500 1453 1335 1396 337 728 321 1035 1240 226 1141 336 262 878 1417 1011 439 1705 475 265 623 1654 1400 184 1262 15 1163 566 669 654 569 579 1359 1699 284 900 1713 1371 544 500 1128 840 641 1298 949 488 276 624 399 408 574 1591 1734 1148 226 1283 988 1294 1069 563 625 1376 1567 556 1494 914 460 30 963 921 515 1798 1793 916 1073 1112 322 1171 966 1301 316 1309 917 174 1440 679 228 955 1018 393 861 602 1027 1091 1182 1677 1045 730 1337 609 987 1730 729 756 1536 238 1021 528 173 1630 1005 1250 656 1457 264 174 1606 1017 658 254 1507 1585 419 297 627 164 994 1719 210 803 963 472 432 1162 435 238 184 499 1540 1678 343 120 319 1350 1699 1637 1552 1767 1789 1247 763 1437 361 209 260 168 1707 808 865 1366 945 983 93 1546 1712 23 1412 66 914 1527 553 170 1783 987 1007 146 1480 769 1171 318 1186 596 842 415 312 700 1076 168 708 1723 4 441 1134 1321 1477 60 1042 1203 182 1378 1122 1521 277 1657 1784 1057 386 802 1265 1626 1396 1470 578 17 1543 1493 609 386 1132 1156 1134 41 1383 1559 66 124 1434 225 1825 305 1514 563 1435 590 1746 496 695 1184 248 21 313 1815 1488 925 386 727 438 805 1669 565 453 1244 412 105 1366 1228 501 1256 460 83 1380 499 1386 809 119 867 796 613 683 301 782 1070 997 502 1352 775 668 423 1283 1050 1549 316 61 1628 1208 1034 552 575 1125 1359 1400 528 678 1206 251 789 1088 796 1569 125 1492 1134 935 1227 259 937 1176 599 1004 602 871 408 415 1335 1382 759 580 26 125 1574 87 926 198 1651 1799 513 613 20 58 963 949 1706 561 1185 589 90 1461 854 201 1119 968 951 349 1681 964 1039 884 1766 471 252 20 211 949 413 982 794 1336 1537 316 1051 103 210 469 1511 919 1515
65 22 68 49 70 86 14 21 44 35 100 93 12 69 82 80 69 8 95 6 96 89 100 90 84 50 76 95 76 12 17 78 17 23 54 41 87 41 5 73 99 79 51 76 41 97 86 3 95 93 27 2 50 78 49 72 11 89 73 73 33 68 6 57 54 58 19 66 72 94 10 2 57 15 20 30 76 87 59 3 74 80 59 31 92 4 72 6 90 84 59 49 97 71 27 9 41 10 74 29 33 31 57 51 19 67 93 84 27 61 43 6 46 72 93 89 78 91 69 4 77 99 97 10 76 89 12 76 93 12 53 85 75 9 22 32 64 70 51 21 35 29 95 39 68 58 62 93 66 86 52 82 11 9 13 29 81 49 70 5 75 36 15 10 1 8 49 65 89 74 94 10 43 68 8 98 44 66 87 45 5 71 1 57 13 35 54 88 17 40 43 77 30 2 76 69 48 68 91 71 42 37 83 69 25 82 80 52 93 36 42 36 18 16 41 20 87 9 92 51 59 15 25 43 251 6 8 41 20 29 42 38 14 96 32 44 17 66 57 68 20 56 32 71 55 22 2 96 83 39 55 68 44 84 6 59 62 24 11 30 48 54 71 92 18 34 19 94 60 18 17 55 8 89 50 16 32 53 89 43 40 81 95 77 43 19 92 18 6 7 37 56 1 37 19 63 45 77 38 68 58 56 86 87 26 12 11 18 66 65 83 95 4 34 56 38 29 94 58 43 100 88 98 64 10 64 68 18 36 31 47 65 46 29 27 46 90 77 54 78 73 77 66 51 44 76 6 25 1 68 19 2 31 43 30 13 8 88 76 94 50 46 25 73 93 81 7 80 31 84 13 50 32 70 36 52 39 93 34 4 28 32 37 95 8 60 93 52 23 16 37 93 92 16 40 1 98 19 76 39
2 1
3 2
4 3
5 4
6 5
7 6
8 7
9 8
10 9
11 10
12 11
13 12
14 13
15 14
16 15
17 16
18 17
19 18
20 19
21 20
22 21
23 22
24 23
25 24
26 25
27 26
28 27
29 28
30 29
31 30
32 31
33 32
34 33
35 34
36 35
37 36
38 37
39 38
40 39
41 40
42 41
43 42
44 43
45 44
46 45
47 46
48 47
49 48
50 49
51 50
52 51
53 52
54 53
55 54
56 55
57 56
58 57
59 58
60 59
61 60
62 61
63 62
64 63
65 64
66 65
67 66
68 67
69 68
70 69
71 70
72 71
73 72
74 73
75 74
76 75
77 76
78 77
79 78
80 79
81 80
82 81
83 82
84 83
85 84
86 85
87 86
88 87
89 88
90 89
91 90
92 91
93 92
94 93
95 94
96 95
97 96
98 97
99 98
100 99
101 100
102 101
103 102
104 103
105 104
106 105
107 106
108 107
109 108
110 109
111 110
112 111
113 112
114 113
115 114
116 115
117 116
118 117
119 118
120 119
121 120
122 121
123 122
124 123
125 124
126 125
127 126
128 127
129 128
130 129
131 130
132 131
133 132
134 133
135 134
136 135
137 136
138 137
139 138
140 139
141 140
142 141
143 142
144 143
145 144
146 145
147 146
148 147
149 148
150 149
151 150
152 151
153 152
154 153
155 154
156 155
157 156
158 157
159 158
160 159
161 160
162 161
163 162
164 163
165 164
166 165
167 166
168 167
169 168
170 169
171 170
172 171
173 172
174 173
175 174
176 175
177 176
178 177
179 178
180 179
181 180
182 181
183 182
184 183
185 184
186 185
187 186
188 187
189 188
190 189
191 190
192 191
193 192
194 193
195 194
196 195
197 196
198 197
199 198
200 199
201 68
202 27
203 99
204 164
205 123
206 14
207 160
208 130
209 39
210 156
211 162
212 28
213 78
214 125
215 88
216 75
217 36
218 27
219 110
220 17
221 63
222 60
223 86
224 145
225 55
226 214
227 213
228 76
229 137
230 147
231 120
232 122
233 158
234 184
235 140
236 193
237 55
238 23
239 58
240 83
241 203
242 31
243 22
244 61
245 51
246 25
247 122
248 4
249 94
250 153
251 250
252 17
253 57
254 80
255 22
256 9
257 184
258 179
259 48
260 139
261 33
262 51
263 70
264 82
265 208
266 138
267 174
268 113
269 133
270 256
271 90
272 236
273 194
274 32
275 102
276 224
277 268
278 86
279 189
280 222
281 19
282 22
283 270
284 19
285 268
286 21
287 250
288 171
289 79
290 2
291 273
292 92
293 101
294 212
295 55
296 161
297 284
298 112
299 262
300 130
301 200
302 122
303 224
304 177
305 52
306 179
307 38
308 307
309 149
310 292
311 270
312 190
313 158
314 198
315 92
316 187
317 57
318 293
319 252
320 63
321 261
322 20
323 206
324 165
325 193
326 74
327 143
328 247
329 327
330 101
331 322
332 123
333 76
334 220
335 326
336 89
337 248
338 175
339 120
340 199
341 105
342 52
343 189
344 246
345 309
346 222
347 56
348 285
349 207
350 26
351 132
352 268
353 65
354 100
355 250
356 59
357 56
358 23
359 141
360 129
361 227
362 153
363 239
364 346
365 183
366 305
367 262
368 81
369 6
370 287
371 223
372 204
373 313
374 322
375 32
376 183
377 184
378 326
379 273
380 358
381 339
382 291
383 301
384 223
385 108
386 315
387 251
388 90
389 130
390 207
391 333
392 295
393 104
394 33
395 35
396 51
397 386
398 157
399 139
400 318
12 2350
2094 2094 2094 2094 2094 2094 2094 2094 2094 2094 2094 2094
1743 206 2255 221 287 1746 1986 795 1277 697 2175 768
85 55 93 28 50 39 66 24 5 9 7 29
2 1
3 2
4 3
5 4
6 5
7 1
8 3
9 4
10 1
11 2
12 6
500 4000
589 589 589 589 589 589 589 589 589 589 589 589 589 589 589 589 589 589 589 589 589 589 589 589 589 589 589 589 589 589 589 589 589 589 589 589 589 589 589 589 589 589 589 589 589 589 589 589 589 589 589 589 589 589 589 589 589 589 589 589 589 589 589 589 589 589 589 589 589 589 589 589 589 589 589 589 589 589 589 589 589 589 589 589 589 589 589 589 589 589 589 589 589 589 589 589 589 589 589 589 589 589 589 589 589 589 589 589 589 589 589 589 589 589 589 589 589 589 589 589 589 589 589 589 589 589 589 589 589 589 589 589 589 589 589 589 589 589 589 589 589 589 589 589 589 589 589 589 589 589 589 589 589 589 589 589 589 589 589 589 589 589 589 589 589 589 589 589 589 589 589 589 589 589 589 589 589 589 589 589 589 589 589 589 589 589 589 589 589 589 589 589 589 589 589 589 589 589 589 589 589 589 589 589 589 589 589 589 589 589 589 589 589 589 589 589 589 589 589 589 589 589 589 589 589 589 589 589 589 589 589 589 589 589 589 589 589 589 589 589 589 589 589 589 589 589 589 589 589 589 589 589 589 589 589 589 589 589 589 589 589 589 589 589 589 589 589 589 589 589 589 589 589 589 589 589 589 589 589 589 589 589 589 589 589 589 589 589 589 589 589 589 589 589 589 589 589 589 589 589 589 589 589 589 589 589 589 589 589 589 589 589 589 589 589 589 589 589 589 589 589 589 589 589 589 589 589 589 589 589 589 589 589 589 589 589 589 589 589 589 589 589 589 589 589 589 589 589 589 589 589 589 589 589 589 589 589 589 589 589 589 589 589 589 589 589 589 589 589 589 589 589 589 589 589 589 589 589 589 589 589 589 589 589 589 589 589 589 589 589 589 589 589 589 589 589 589 589 589 589 589 589 589 589 589 589 589 589 589 589 589 589 589 589 589 589 589 589 589 589 589 589 589 589 589 589 589 589 589 589 589 589 589 589 589 589 589 589 589 589 589 589 589 589 589 589 589 589 589 589 589 589 589 589 589 589 589 589 589 589 589 589 589 589 589 589 589 589 589 589 589 589 589 589 589 589 589 589 589 589 589 589 589 589 589 589 589 589 589 589 589 589 589 589 589 589 589 589 589 589
915 1925 2971 798 3579 1147 3340 1902 1823 66 952 1355 516 2750 2730 2619 1695 1574 3468 1878 1634 599 3283 201 137 1078 3949 1033 1860 1003 3497 85 455 858 3463 2128 3664 3076 2306 2813 2456 2429 314 828 3869 1135 1990 2021 814 3472 1049 3426 184 448 2355 2066 1456 230 2859 1979 1441 3211 603 368 120 311 3404 2308 1549 2795 1539 1069 3540 2207 3243 1021 1156 1150 1956 1726 3591 2751 3851 172 1634 5 3179 2391 199 3288 3332 313 793 166 1339 1109 3678 1941 3842 2578 3659 1675 2568 887 299 128 2114 2855 1618 2370 1307 1534 3585 3018 314 1292 2009 93 1555 1906 3301 549 3824 2044 2370 1745 3968 2238 3250 1003 448 1586 1921 1529 1768 1201 2614 983 3929 1424 157 3283 2501 733 2708 3945 2878 3674 3604 2752 1667 58 2050 837 2183 2586 1366 1351 3907 2402 3307 1586 3359 3388 231 3856 61 2740 716 3933 2918 2001 256 1130 2072 1171 1529 2038 911 2542 2220 2471 1938 2855 2391 879 257 2764 2476 3293 2045 1113 2209 2146 1175 3912 1526 902 2909 24 1957 970 1474 195 592 2367 333 185 3431 166 3172 3297 2392 490 2105 3792 1083 3164 981 3275 2365 2638 2883 3835 3437 434 352 1262 3173 596 1089 3062 2042 149 2149 1788 3815 361 3676 901 2454 500 118 3977 624 961 3984 2927 774 1315 3292 2989 3968 2128 2704 1823 1285 571 3346 2183 1580 849 1921 3652 3330 3126 1958 2742 380 1 3036 241 1758 3574 3901 31 2156 2019 1167 3803 2001 1021 750 1420 2957 1723 2331 895 3012 1204 3236 2057 1123 21 2805 3388 3765 390 2079 2119 3943 1854 1895 2611 88 1220 2833 3547 37 2248 1326 524 883 3105 2915 3487 2973 3369 1435 1587 1151 885 3567 2445 3683 2458 916 3348 1644 29 1382 1161 129 2937 2579 1445 2075 3639 2922 3254 978 2217 676 2683 3428 1384 1971 1213 2695 1455 1929 2993 3664 2232 43 12 3875 2645 2744 3174 2686 2194 2132 1747 2369 2250 889 733 1472 2631 1567 2054 2731 2942 746 2430 3996 3114 3029 2336 2467 2055 1341 466 1326 3923 2832 1596 1052 129 855 1225 2659 638 1057 3164 3295 776 1777 725 382 523 170 2725 3785 1886 2840 3406 3604 542 898 1695 3977 1993 975 2382 338 3006 726 2679 69 3828 3594 3957 756 2712 3812 1342 276 1643 3667 1156 2797 2780 1217 1450 1827 3266 3110 3043 2084 1820 850 306 1810 3309 3447 2909 2482 3826 981 916 2518 2182 617 545 519 2297 215 80 183 2732 598 1858 1061 465 3965 3052 3121 1441 1484 3030 386 3165 2781 3057 2357 2954 3916 3704 2664 1863 548 1066 2727 3312 2123 1191 1847 1944 2544 2890 2624 3907 2387 615 639 2403 2293 2533
66 86 35 1 66 11 35 15 100 17 39 7 78 4 28 53 24 7 89 38 29 8 90 32 69 91 40 15 2 99 25 71 36 91 93 23 8 14 33 73 11 73 51 39 65 57 61 78 59 97 90 86 56 41 19 37 32 19 19 24 5 16 13 58 15 75 60 86 53 78 23 76 37 10 43 39 93 45 62 10 99 17 13 67 42 27 8 76 77 19 9 65 64 61 27 61 13 41 37 12 2 44 26 56 8 20 34 83 58 53 4 29 6 87 66 59 15 2 27 80 72 84 91 89 53 30 4 70 44 30 11 63 13 7 25 77 29 62 92 59 44 84 58 7 82 68 8 12 99 54 41 72 62 9 20 90 70 69 16 75 99 16 15 49 4 83 37 63 13 36 2 66 95 62 26 80 69 19 83 92 38 60 85 45 25 62 41 38 5 12 98 22 5 45 64 24 82 72 42 29 78 74 96 49 79 99 12 11 21 72 81 8 69 47 52 79 55 43 77 18 69 82 19 23 4 69 59 85 42 99 87 65 18 49 89 96 89 92 49 57 25 27 7 15 82 96 45 17 78 61 33 90 98 84 46 52 71 38 80 75 10 35 21 69 67 99 78 75 35 1724 5 6 81 21 52 84 62 41 54 69 36 55 65 94 19 45 12 40 58 74 22 52 29 67 87 82 99 39 10 98 26 100 11 6 29 61 18 74 86 4 43 65 4 6 76 14 86 13 49 50 57 68 66 14 35 3 30 99 97 75 78 21 59 7 68 97 13 91 93 59 12 93 74 2 1 60 86 45 38 52 88 71 4 85 3 316 88 84 93 18 17 66 61 11 52 57 3 51 21 24 78 33 70 67 36 36 89 3 97 29 7 51 25 23 3 20 46 12 40 69 85 21 87 26 20 81 19 46 49 67 13 43 25 40 34 6 92 19 67 91 26 16 85 81 57 82 38 9 86 40 99 68 14 93 46 11 95 91 58 55 97 70 93 1 33 38 10 10 27 99 7 78 76 70 17 3 44 59 61 89 32 98 97 40 19 78 4 16 77 41 31 55 44 84 33 20 19 62 25 68 68 79 61 62 25 1 73 59 13 87 5 34 40 77 23 65 73 80 80 1 38 46 85 66 82 25 18 26 14 87
2 1
3 2
4 3
5 4
6 5
7 6
8 7
9 8
10 9
11 10
12 11
13 12
14 13
15 14
16 15
17 16
18 17
19 18
20 19
21 20
22 21
23 22
24 23
25 24
26 25
27 26
28 27
29 28
30 29
31 30
32 31
33 32
34 33
35 34
36 35
37 36
38 37
39 38
40 39
41 40
42 41
43 42
44 43
45 44
46 45
47 46
48 47
49 48
50 49
51 50
52 51
53 52
54 53
55 54
56 55
57 56
58 57
59 58
60 59
61 60
62 61
63 62
64 63
65 64
66 65
67 66
68 67
69 68
70 69
71 70
72 71
73 72
74 73
75 74
76 75
77 76
78 77
79 78
80 79
81 80
82 81
83 82
84 83
85 84
86 85
87 86
88 87
89 88
90 89
91 90
92 91
93 92
94 93
95 94
96 95
97 96
98 97
99 98
100 99
101 100
102 101
103 102
104 103
105 104
106 105
107 106
108 107
109 108
110 109
111 110
112 111
113 112
114 113
115 114
116 115
117 116
118 117
119 118
120 119
121 120
122 121
123 122
124 123
125 124
126 125
127 126
128 127
129 128
130 129
131 130
132 131
133 132
134 133
135 134
136 135
137 136
138 137
139 138
140 139
141 140
142 141
143 142
144 143
145 144
146 145
147 146
148 147
149 148
150 149
151 150
152 151
153 152
154 153
155 154
156 155
157 156
158 157
159 158
160 159
161 160
162 161
163 162
164 163
165 164
166 165
167 166
168 167
169 168
170 169
171 170
172 171
173 172
174 173
175 174
176 175
177 176
178 177
179 178
180 179
181 180
182 181
183 182
184 183
185 184
186 185
187 186
188 187
189 188
190 189
191 190
192 191
193 192
194 193
195 194
196 195
197 196
198 197
199 198
200 199
201 200
202 201
203 202
204 203
205 204
206 205
207 206
208 207
209 208
210 209
211 210
212 211
213 212
214 213
215 214
216 215
217 216
218 217
219 218
220 219
221 220
222 221
223 222
224 223
225 224
226 225
227 226
228 227
229 228
230 229
231 230
232 231
233 232
234 233
235 234
236 235
237 236
238 237
239 238
240 239
241 240
242 241
243 242
244 243
245 244
246 245
247 246
248 247
249 248
250 249
251 174
252 51
253 78
254 10
255 254
256 97
257 143
258 42
259 15
260 201
261 201
262 42
263 197
264 96
265 173
266 216
267 99
268 169
269 69
270 108
271 67
272 155
273 148
274 92
275 33
276 3
277 42
278 90
279 184
280 276
281 275
282 160
283 49
284 262
285 177
286 16
287 242
288 208
289 256
290 104
291 224
292 172
293 198
294 230
295 223
296 168
297 51
298 262
299 60
300 68
301 123
302 215
303 182
304 17
305 281
306 299
307 181
308 251
309 30
310 183
311 139
312 294
313 275
314 42
315 276
316 131
317 43
318 86
319 68
320 30
321 100
322 303
323 107
324 312
325 180
326 231
327 295
328 69
329 310
330 198
331 202
332 163
333 23
334 305
335 160
336 114
337 102
338 182
339 175
340 117
341 79
342 93
343 321
344 115
345 188
346 77
347 94
348 209
349 155
350 141
351 78
352 88
353 292
354 216
355 20
356 280
357 230
358 312
359 5
360 63
361 143
362 64
363 175
364 215
365 345
366 188
367 107
368 198
369 227
370 330
371 57
372 124
373 336
374 373
375 174
376 281
377 38
378 85
379 163
380 167
381 14
382 319
383 196
384 183
385 295
386 204
387 117
388 267
389 164
390 76
391 340
392 318
393 110
394 220
395 363
396 352
397 226
398 217
399 125
400 37
401 7
402 172
403 62
404 304
405 174
406 100
407 8
408 270
409 35
410 244
411 171
412 22
413 27
414 174
415 26
416 371
417 406
418 187
419 233
420 390
421 371
422 123
423 297
424 123
425 18
426 2
427 373
428 189
429 98
430 317
431 340
432 173
433 283
434 105
435 358
436 354
437 141
438 118
439 401
440 275
441 177
442 21
443 99
444 261
445 383
446 368
447 132
448 137
449 345
450 143
451 346
452 163
453 255
454 129
455 202
456 35
457 172
458 230
459 434
460 90
461 396
462 410
463 11
464 350
465 438
466 25
467 68
468 454
469 80
470 344
471 60
472 29
473 440
474 138
475 10
476 189
477 97
478 465
479 251
480 410
481 311
482 174
483 380
484 202
485 175
486 7
487 104
488 227
489 147
490 293
491 490
492 329
493 285
494 180
495 332
496 467
497 257
498 310
499 207
500 131
500 4000
1502 1502 1502 1502 1502 1502 1502 1502 1502 1502 1502 1502 1502 1502 1502 1502 1502 1502 1502 1502 1502 1502 1502 1502 1502 1502 1502 1502 1502 1502 1502 1502 1502 1502 1502 1502 1502 1502 1502 1502 1502 1502 1502 1502 1502 1502 1502 1502 1502 1502 1502 1502 1502 1502 1502 1502 1502 1502 1502 1502 1502 1502 1502 1502 1502 1502 1502 1502 1502 1502 1502 1502 1502 1502 1502 1502 1502 1502 1502 1502 1502 1502 1502 1502 1502 1502 1502 1502 1502 1502 1502 1502 1502 1502 1502 1502 1502 1502 1502 1502 1502 1502 1502 1502 1502 1502 1502 1502 1502 1502 1502 1502 1502 1502 1502 1502 1502 1502 1502 1502 1502 1502 1502 1502 1502 1502 1502 1502 1502 1502 1502 1502 1502 1502 1502 1502 1502 1502 1502 1502 1502 1502 1502 1502 1502 1502 1502 1502 1502 1502 1502 1502 1502 1502 1502 1502 1502 1502 1502 1502 1502 1502 1502 1502 1502 1502 1502 1502 1502 1502 1502 1502 1502 1502 1502 1502 1502 1502 1502 1502 1502 1502 1502 1502 1502 1502 1502 1502 1502 1502 1502 1502 1502 1502 1502 1502 1502 1502 1502 1502 1502 1502 1502 1502 1502 1502 1502 1502 1502 1502 1502 1502 1502 1502 1502 1502 1502 1502 1502 1502 1502 1502 1502 1502 1502 1502 1502 1502 1502 1502 1502 1502 1502 1502 1502 1502 1502 1502 1502 1502 1502 1502 1502 1502 1502 1502 1502 1502 1502 1502 1502 1502 1502 1502 1502 1502 1502 1502 1502 1502 1502 1502 1502 1502 1502 1502 1502 1502 1502 1502 1502 1502 1502 1502 1502 1502 1502 1502 1502 1502 1502 1502 1502 1502 1502 1502 1502 1502 1502 1502 1502 1502 1502 1502 1502 1502 1502 1502 1502 1502 1502 1502 1502 1502 1502 1502 1502 1502 1502 1502 1502 1502 1502 1502 1502 1502 1502 1502 1502 1502 1502 1502 1502 1502 1502 1502 1502 1502 1502 1502 1502 1502 1502 1502 1502 1502 1502 1502 1502 1502 1502 1502 1502 1502 1502 1502 1502 1502 1502 1502 1502 1502 1502 1502 1502 1502 1502 1502 1502 1502 1502 1502 1502 1502 1502 1502 1502 1502 1502 1502 1502 1502 1502 1502 1502 1502 1502 1502 1502 1502 1502 1502 1502 1502 1502 1502 1502 1502 1502 1502 1502 1502 1502 1502 1502 1502 1502 1502 1502 1502 1502 1502 1502 1502 1502 1502 1502 1502 1502 1502 1502 1502 1502 1502 1502 1502 1502 1502 1502 1502 1502 1502 1502 1502 1502 1502 1502 1502 1502 1502 1502 1502 1502 1502 1502 1502 1502 1502 1502 1502 1502 1502 1502 1502 1502 1502 1502 1502 1502 1502 1502 1502 1502 1502 1502 1502 1502 1502 1502 1502 1502 1502 1502 1502 1502 1502 1502 1502 1502 1502 1502 1502 1502 1502 1502 1502 1502 1502 1502 1502 1502 1502 1502 1502 1502 1502 1502 1502 1502 1502 1502 1502 1502 1502 1502 1502 1502 1502 1502 1502
603 3498 15 2255 383 2600 1692 938 3841 3635 71 1950 125 3430 1061 1131 3230 78 1790 478 3537 528 3318 2770 3661 3264 315 260 834 1823 2095 757 2593 2357 919 2822 3852 367 1957 752 2559 3675 1730 1858 1886 739 1599 2271 160 3847 1406 1750 764 1853 2459 1124 2162 1965 1440 3912 1340 329 2409 1317 3446 10 180 574 1066 3953 2253 1837 65 1820 1176 2084 678 775 3616 744 3389 6 1694 3819 579 769 3629 1226 1350 3120 2797 743 1097 1271 1781 2503 3248 3523 1439 2670 1522 677 2798 1913 2718 1678 3810 3325 3790 3309 3070 1248 2891 3749 2392 565 2176 3763 643 251 2627 2079 3193 1016 2240 3201 3692 850 936 982 1454 1871 2874 963 3775 3918 3727 649 3382 645 971 3210 2963 924 2723 59 2820 2859 3977 2731 53 1360 2239 756 93 596 602 383 357 1342 1686 3037 2875 3768 474 2946 2104 2465 844 3621 302 1939 2904 1527 2262 599 252 481 3416 2245 1495 3745 1915 161 3443 1317 2543 2642 2480 649 1497 2181 2289 3054 702 2786 1836 2332 1746 2157 1133 2042 1026 3936 428 1484 3136 3079 2160 3277 1742 1564 2242 749 3790 3013 3575 2956 2249 683 24 2775 798 3548 1779 1731 2285 1412 934 72 2628 1576 202 385 201 3427 2078 641 327 388 2133 3736 3710 2952 1890 327 741 2420 1282 2656 2499 1079 618 2177 2222 542 2034 2483 1634 503 3137 1918 3878 1450 2203 1840 3291 2805 551 2735 3014 999 709 3706 1118 1216 1039 3239 2265 1640 3758 120 3699 3021 576 3680 1697 2241 1479 54 340 1746 277 2103 3665 3564 1367 1696 2416 2829 3775 1676 2642 2600 2198 524 2888 1693 448 2885 897 1142 2737 3150 147 1765 368 746 1421 3709 618 3907 1116 3663 3578 1193 892 2310 471 1962 513 324 1534 3250 1861 862 1760 2852 3059 2550 111 537 2677 1849 3268 2265 2491 2937 2163 3481 2796 459 2195 2836 3793 835 2728 2701 3967 367 3603 2436 709 3410 2844 1879 3126 2370 1565 1308 2488 324 2642 412 1613 1895 479 2545 2497 990 3521 3395 2261 3683 1337 3584 2859 2216 3574 1243 3730 3327 1859 3944 180 3342 1648 1397 2557 1227 1859 1066 2222 3615 1121 1828 3682 3864 1273 558 1055 2447 2002 642 3457 3324 3414 1759 2083 822 1662 2380 3598 3536 2718 332 1990 208 2515 3810 851 1682 3436 328 2125 1854 22 2282 2667 3557 1868 2664 3404 194 1022 781 295 1006 3872 2922 2191 3268 694 3542 1418 1784 3902 3242 2324 2930 2781 2232 367 2735 398 2316 3949 2841 3816 3911 2016 1990 2254 248 673 2415 3996 2779 2655 1107 240 1655 3498 1003 1303 3571 543 2543 1209 3801 3254 3721 1638 3182 3273 601 162 3280 1799 1673
90 25 128 94 25 34 40 92 72 32 68 81 14 49 2 45 20 29 61 1 73 16 84 74 23 61 38 56 52 16 13 12 48 69 75 24 70 11 93 27 16 60 89 41 63 2 81 68 30 70 68 47 98 50 54 30 38 29 75 75 84 26 37 64 60 253 65 13 44 33 93 59 68 29 24 45 47 70 82 19 78 493 4 48 8 19 7 32 50 69 82 58 12 67 93 75 3 91 35 52 36 49 69 73 54 59 13 10 72 95 60 88 41 44 71 83 32 97 66 56 94 62 39 90 63 20 86 13 52 56 78 42 18 91 7 68 23 57 8 86 59 31 31 57 59 61 86 33 49 37 85 28 7 84 66 90 17 45 9 67 48 88 28 13 77 67 20 36 30 32 97 63 11 75 31 22 39 70 38 49 88 34 67 66 93 70 24 82 3 10 8 12 95 14 95 3 82 29 77 85 25 52 12 33 82 39 56 1 86 13 53 55 61 98 44 73 51 54 47 59 141 99 29 8 32 32 57 20 84 40 36 44 60 13 26 23 4 74 94 32 71 98 69 40 91 15 36 2 14 94 76 84 26 40 66 4 64 60 8 70 84 77 79 61 16 71 49 97 30 50 85 6 31 95 93 67 23 18 55 96 49 47 28 57 31 68 9 99 26 47 43 35 65 61 49 70 77 77 67 23 92 9 97 68 2 66 45 64 44 47 38 83 53 93 25 78 67 36 5 49 87 5 97 31 61 89 73 61 54 81 74 74 37 40 90 81 51 37 80 67 63 58 43 11 90 12 33 56 43 4 21 26 46 5 52 8 49 72 77 41 64 89 72 21 30 11 77 61 10 58 32 81 67 51 55 81 87 7 86 30 79 44 19 59 72 49 59 24 27 65 72 38 14 38 100 8 50 66 64 80 49 78 72 77 29 33 47 48 8 16 66 49 14 76 50 59 28 31 42 3 75 67 26 65 85 60 41 15 26 28 49 27 29 40 80 68 127 29 85 84 46 29 56 91 65 27 90 95 47 40 69 39 52 23 67 57 20 78 17 95 1 35 82 45 17 82 8 64 17 39 23 18 61 7 16 42 35 70 3 18 57 28 80 98 3 21 79 34 92 17 59 63 36 61 45 63 39 34 20 83
2 1
3 2
4 3
5 4
6 5
7 6
8 7
9 8
10 9
11 10
12 11
13 12
14 13
15 14
16 15
17 16
18 17
19 18
20 19
21 20
22 21
23 22
24 23
25 24
26 25
27 26
28 27
29 28
30 29
31 30
32 31
33 32
34 33
35 34
36 35
37 36
38 37
39 38
40 39
41 40
42 41
43 42
44 43
45 44
46 45
47 46
48 47
49 48
50 49
51 50
52 51
53 52
54 53
55 54
56 55
57 56
58 57
59 58
60 59
61 60
62 61
63 62
64 63
65 64
66 65
67 66
68 67
69 68
70 69
71 70
72 71
73 72
74 73
75 74
76 75
77 76
78 77
79 78
80 79
81 80
82 81
83 82
84 83
85 84
86 85
87 86
88 87
89 88
90 89
91 90
92 91
93 92
94 93
95 94
96 95
97 96
98 97
99 98
100 99
101 100
102 101
103 102
104 103
105 104
106 105
107 106
108 107
109 108
110 109
111 110
112 111
113 112
114 113
115 114
116 115
117 116
118 117
119 118
120 119
121 120
122 121
123 122
124 123
125 124
126 125
127 126
128 127
129 128
130 129
131 130
132 131
133 132
134 133
135 134
136 135
137 136
138 137
139 138
140 139
141 140
142 141
143 142
144 143
145 144
146 145
147 146
148 147
149 148
150 149
151 150
152 151
153 152
154 153
155 154
156 155
157 156
158 157
159 158
160 159
161 160
162 161
163 162
164 163
165 164
166 165
167 166
168 167
169 168
170 169
171 170
172 171
173 172
174 173
175 174
176 175
177 176
178 177
179 178
180 179
181 180
182 181
183 182
184 183
185 184
186 185
187 186
188 187
189 188
190 189
191 190
192 191
193 192
194 193
195 194
196 195
197 196
198 197
199 198
200 199
201 200
202 201
203 202
204 203
205 204
206 205
207 206
208 207
209 208
210 209
211 210
212 211
213 212
214 213
215 214
216 215
217 216
218 217
219 218
220 219
221 220
222 221
223 222
224 223
225 224
226 225
227 226
228 227
229 228
230 229
231 230
232 231
233 232
234 233
235 234
236 235
237 236
238 237
239 238
240 239
241 240
242 241
243 242
244 243
245 244
246 245
247 246
248 247
249 248
250 249
251 55
252 6
253 244
254 90
255 155
256 207
257 248
258 24
259 205
260 166
261 22
262 77
263 149
264 190
265 216
266 205
267 140
268 139
269 76
270 57
271 96
272 259
273 239
274 165
275 262
276 122
277 189
278 58
279 10
280 162
281 191
282 235
283 255
284 39
285 240
286 110
287 29
288 250
289 77
290 91
291 49
292 240
293 119
294 237
295 167
296 34
297 67
298 287
299 266
300 175
301 19
302 119
303 281
304 125
305 30
306 103
307 236
308 56
309 254
310 242
311 286
312 116
313 249
314 60
315 180
316 28
317 238
318 257
319 25
320 27
321 304
322 42
323 240
324 98
325 79
326 188
327 122
328 153
329 149
330 237
331 286
332 327
333 160
334 93
335 225
336 86
337 15
338 246
339 287
340 249
341 62
342 170
343 57
344 259
345 246
346 55
347 238
348 288
349 320
350 234
351 38
352 28
353 137
354 89
355 181
356 258
357 206
358 280
359 7
360 251
361 56
362 262
363 255
364 215
365 86
366 104
367 336
368 132
369 234
370 267
371 258
372 322
373 362
374 135
375 295
376 249
377 80
378 82
379 130
380 349
381 336
382 110
383 227
384 245
385 192
386 191
387 298
388 248
389 360
390 72
391 287
392 121
393 235
394 96
395 381
396 356
397 85
398 278
399 52
400 75
401 375
402 365
403 328
404 79
405 376
406 102
407 397
408 11
409 326
410 302
411 23
412 318
413 120
414 71
415 353
416 406
417 349
418 295
419 253
420 159
421 221
422 291
423 130
424 190
425 310
426 58
427 309
428 322
429 22
430 425
431 372
432 5
433 206
434 390
435 329
436 157
437 66
438 387
439 73
440 265
441 279
442 430
443 93
444 247
445 386
446 356
447 443
448 356
449 360
450 241
451 39
452 253
453 249
454 359
455 188
456 52
457 296
458 439
459 12
460 89
461 247
462 261
463 258
464 76
465 375
466 456
467 64
468 182
469 223
470 185
471 184
472 144
473 341
474 325
475 323
476 457
477 241
478 445
479 324
480 57
481 169
482 166
483 167
484 296
485 428
486 325
487 404
488 404
489 107
490 66
491 85
492 309
493 417
494 90
495 285
496 12
497 106
498 135
499 289
500 300
