5
139 511
1230 1026 811 3308 1692 1100 3945 2650 278 2192 2647 3021 298 2199 3283 1646 1998 812 537 2866 3230 3525 1123 3949 2996 916 893 1593 2089 2863 360 835 1868 3260 2802 3510 1536 1505 2420 2411 1595 2474 2573 2897 1660 2491 1245 2584 1421 2391 2852 1188 1210 3025 1692 1871 2672 627 2453 511 922 1677 16 1321 824 1632 2111 2757 1410 2058 3066 148 3516 3923 1125 3918 3450 2681 2049 2449 502 2104 3312 742 2063 1758 1453 2261 2469 2285 1675 3563 3923 785 78 2634 1804 452 3943 849 3929 3840 2612 1484 370 228 2200 3295 1884 1513 1014 1327 3842 3591 1844 3025 1111 3938 1358 2710 1227 1755 24 2038 2092 1684 3705 284 3999 3459 1413 977 351 3897 2234 1357 1814 3732 61
120 313 162 336 301 458 267 233 273 113 387 102 458 65 48 154 458 443 125 68 452 438 359 100 404 469 319 133 98 366 265 437 355 403 302 168 390 432 76 135 479 478 290 104 435 363 498 48 497 57 135 279 111 414 108 16 3 13 365 334 272 136 459 501 347 322 381 151 376 421 505 23 369 476 21 484 370 238 316 265 88 161 201 84 180 34 440 72 220 387 470 499 149 218 14 509 325 91 373 469 95 481 30 410 4 290 276 161 16 408 320 428 1 189 191 250 253 346 221 72 89 258 233 162 488 502 295 173 256 151 103 428 112 98 268 68 77 73 133
90 17 50 20 68 87 75 12 74 12 39 8 82 21 86 90 28 17 20 49 40 87 9 35 34 78 31 68 10 93 61 27 73 79 66 98 24 94 71 88 72 43 5 98 30 26 95 20 60 94 98 21 8 39 14 6 154 66 17 1 81 62 2 69 88 9 36 63 58 93 78 29 51 15 69 46 34 16 13 91 92 78 45 41 94 58 59 55 55 24 74 94 33 59 52 71 10 50 74 11 91 86 6 97 46 85 33 15 27 34 1 50 140 55 57 80 51 64 3 95 27 65 98 9 49 21 44 81 32 92 54 95 74 6 34 19 47 25 52
2 1
3 2
4 3
5 4
6 5
7 6
8 7
9 8
10 9
11 10
12 11
13 12
14 13
15 14
16 15
17 16
18 17
19 18
20 19
21 20
22 21
23 22
24 23
25 24
26 25
27 26
28 27
29 28
30 29
31 30
32 31
33 32
34 33
35 34
36 35
37 36
38 37
39 38
40 39
41 40
42 41
43 42
44 43
45 44
46 45
47 46
48 47
49 48
50 49
51 50
52 51
53 52
54 53
55 54
56 55
57 56
58 57
59 58
60 59
61 60
62 61
63 62
64 63
65 64
66 65
67 66
68 67
69 68
70 65
71 14
72 34
73 43
74 48
75 41
76 1
77 68
78 45
79 36
80 45
81 64
82 34
83 8
84 65
85 19
86 49
87 43
88 35
89 34
90 73
91 28
92 63
93 35
94 22
95 6
96 52
97 74
98 4
99 62
100 88
101 70
102 22
103 99
104 100
105 28
106 94
107 58
108 88
109 35
110 72
111 2
112 7
113 1
114 97
115 35
116 70
117 13
118 103
119 33
120 55
121 38
122 87
123 118
124 121
125 35
126 9
127 27
128 37
129 27
130 11
131 81
132 33
133 118
134 72
135 119
136 8
137 109
138 31
139 30
258 303
1717 2559 2780 2580 362 3642 1050 1740 2749 3738 1821 3143 2072 2806 3538 1032 880 1516 2782 1404 973 1464 3977 1274 2266 91 1739 223 1677 2345 3253 3139 1304 1299 897 2976 2897 1783 2654 2405 3774 2917 2678 758 2116 1300 34 967 2289 1060 272 281 1384 3894 2771 1940 1324 3145 843 3877 176 2134 1206 410 1630 942 2742 1756 293 3251 707 2573 680 3572 2740 2499 3236 654 1002 3747 3746 3679 2205 738 3293 2605 586 3256 2068 1847 380 2310 948 378 2394 3082 3359 3271 3825 896 929 3139 1027 2332 2932 64 655 2598 3665 1210 2145 2549 857 1653 1405 1071 1828 3605 3432 2208 522 2974 1463 2457 3823 878 1563 3147 3507 599 3819 2244 1146 994 2740 1258 1113 352 3230 3926 834 531 2785 3411 816 861 1159 3448 86 743 3555 2498 1828 3670 2898 3893 3835 2953 303 853 979 3606 860 3360 2026 1573 2287 719 2159 1229 3739 2765 2447 2159 2016 2327 703 1552 1685 1749 3434 923 51 2392 3484 374 2885 3604 592 2372 3983 2240 2262 1339 1244 140 456 2087 3884 2339 2895 1087 2844 34 944 2854 3479 2616 1949 3270 2589 190 440 1192 3794 3640 1642 663 1322 2445 3364 3350 2515 1604 3733 1375 3426 1889 2989 2494 1058 766 496 2381 442 2829 734 2289 894 3085 3874 2390 2712 1931 1177 1351 3735 1788 3268 2640 3799 216 3697 3320 658 3802 2886 889
148 200 164 298 63 227 91 246 181 148 267 8 252 289 31 221 189 303 196 98 90 220 39 106 229 196 259 95 67 64 53 68 180 55 67 266 229 144 273 185 77 4 280 62 26 177 23 37 263 172 265 253 269 117 268 83 81 70 66 38 51 66 148 56 122 108 284 54 96 45 113 130 104 151 120 235 171 39 198 67 86 136 158 21 17 179 181 1 10 32 300 33 236 272 80 26 142 76 172 85 122 78 60 90 197 5 227 269 21 111 203 65 2 297 270 96 87 240 258 127 190 163 37 246 232 103 152 274 66 99 293 203 229 238 231 290 254 98 177 60 280 168 47 264 57 10 36 246 50 187 40 127 114 234 40 42 22 289 123 236 204 46 213 140 242 266 243 183 270 89 13 177 255 207 233 292 219 181 186 259 154 97 171 229 233 4 155 239 267 189 245 79 51 40 228 261 54 49 250 168 197 100 167 128 230 28 69 125 158 191 238 121 241 185 230 60 223 93 229 78 269 253 182 278 145 105 24 172 236 177 77 175 260 30 284 50 302 130 224 130 288 231 265 100 184 30 114 66 72 153 13 203 55 298 92 53 255 40
84 26 65 78 68 62 76 91 22 55 1 96 33 93 60 76 97 99 31 35 19 74 11 70 30 11 34 33 37 68 14 13 70 32 11 96 95 7 84 69 63 18 94 47 72 91 6 32 19 36 33 18 15 82 5 33 2 16 33 64 52 44 8 97 18 97 66 46 74 6 44 7 76 83 30 32 37 94 94 23 54 7 20 33 40 75 86 219 25 46 76 77 14 27 32 75 83 9 87 97 99 4 85 32 85 12 26 56 85 24 69 47 120 62 8 33 49 3 20 58 69 45 23 77 58 27 15 23 94 80 49 80 56 79 42 85 29 31 81 54 64 11 74 88 79 7 97 30 64 48 39 35 40 49 80 64 14 59 20 64 63 14 12 60 62 25 16 57 25 15 15 95 18 94 61 79 19 8 76 39 95 40 49 85 31 46 81 41 40 83 16 39 10 68 24 33 60 36 78 53 33 3 69 46 87 49 47 100 46 84 20 73 19 77 56 65 42 21 9 73 57 63 38 36 35 60 54 62 92 18 72 96 29 21 69 40 2 28 87 46 11 83 90 11 40 37 72 94 49 44 69 27 77 39 94 57 13 31
2 1
3 2
4 3
5 4
6 5
7 6
8 7
9 8
10 9
11 10
12 11
13 12
14 13
15 14
16 15
17 16
18 17
19 18
20 19
21 20
22 21
23 22
24 23
25 24
26 25
27 26
28 27
29 28
30 29
31 30
32 31
33 32
34 33
35 34
36 35
37 36
38 37
39 38
40 39
41 40
42 41
43 42
44 43
45 44
46 45
47 46
48 47
49 48
50 49
51 50
52 51
53 52
54 53
55 54
56 55
57 56
58 57
59 58
60 59
61 60
62 61
63 62
64 63
65 64
66 65
67 66
68 67
69 68
70 69
71 70
72 71
73 72
74 73
75 74
76 75
77 76
78 77
79 78
80 79
81 80
82 81
83 82
84 83
85 84
86 85
87 86
88 87
89 88
90 89
91 90
92 91
93 92
94 93
95 94
96 95
97 96
98 97
99 98
100 99
101 100
102 101
103 102
104 103
105 104
106 105
107 106
108 107
109 108
110 109
111 110
112 111
113 112
114 113
115 114
116 115
117 116
118 117
119 118
120 119
121 120
122 121
123 122
124 123
125 124
126 125
127 126
128 127
129 128
130 69
131 122
132 22
133 62
134 35
135 87
136 89
137 50
138 60
139 71
140 82
141 21
142 36
143 137
144 7
145 106
146 142
147 114
148 116
149 72
150 84
151 1
152 58
153 24
154 144
155 100
156 8
157 147
158 152
159 128
160 20
161 136
162 85
163 109
164 112
165 95
166 2
167 75
168 140
169 145
170 155
171 128
172 25
173 35
174 108
175 155
176 36
177 61
178 39
179 127
180 108
181 26
182 143
183 180
184 133
185 106
186 149
187 4
188 118
189 151
190 47
191 111
192 116
193 156
194 5
195 173
196 54
197 151
198 110
199 63
200 147
201 112
202 70
203 181
204 182
205 70
206 36
207 177
208 157
209 43
210 88
211 88
212 49
213 183
214 88
215 23
216 205
217 1
218 153
219 93
220 155
221 16
222 78
223 101
224 172
225 174
226 115
227 47
228 14
229 74
230 154
231 93
232 226
233 88
234 105
235 227
236 154
237 75
238 110
239 206
240 235
241 203
242 14
243 126
244 81
245 7
246 127
247 230
248 49
249 4
250 170
251 189
252 78
253 14
254 162
255 99
256 13
257 166
258 26
23 869
3463 2817 1029 331 2248 1921 1955 1786 201 2386 499 657 484 2315 3266 3812 1253 229 3855 2371 2208 292 1355
34 369 466 798 213 425 579 308 425 307 661 145 608 195 246 74 409 497 243 233 66 660 850
25 3 14 7 19 86 14 6 14 11 86 50 42 9 43 38 96 93 94 8 15 93 13
2 1
3 2
4 3
5 4
6 5
7 6
8 7
9 8
10 9
11 10
12 1
13 3
14 3
15 9
16 9
17 11
18 15
19 6
20 14
21 10
22 10
23 14
500 4000
2819 1064 2225 3508 2840 1073 3926 3461 3357 380 327 3263 446 3819 579 3487 722 964 2593 2798 1379 1424 1050 3419 3197 150 473 988 2746 1945 1057 3878 3373 1008 95 1419 2317 101 2226 3284 1667 2097 2423 2431 2359 2773 3257 475 1399 2876 2968 3554 2568 1072 1880 3895 658 2426 1836 2208 1638 958 3908 3493 3570 3511 3637 3722 72 271 775 1482 971 1794 2020 2837 3644 3539 3231 268 2019 3791 1474 3610 2240 3202 155 2645 1523 3510 2057 1878 1514 1843 2755 2837 2059 3668 617 3049 1314 2375 335 2879 717 3143 1254 3065 2597 157 1612 777 3406 1301 726 1615 3586 445 989 623 3802 259 3270 2518 1502 3632 3285 2639 303 2336 1268 2369 3218 2884 672 556 3167 186 2260 3107 3018 3882 2362 1548 1969 3365 1038 2391 2534 1114 3572 572 1086 825 540 1592 3771 268 2196 1417 1654 3506 3214 2824 2001 2718 1331 615 2011 1488 1800 364 676 2419 1983 76 3235 1239 2112 3403 2053 272 2105 3188 856 1263 2627 1204 3992 1983 2262 1948 3353 771 1775 2200 1077 1550 2240 1417 2520 2756 2328 106 842 687 1524 417 1852 549 3653 2756 2774 664 1635 1263 2175 158 1683 3331 269 386 340 3265 1455 3787 1967 455 601 3500 798 3883 2319 2988 3997 3318 1524 823 2577 1347 1589 2980 3221 3960 1137 3786 3756 3077 2763 1693 1091 123 2515 3373 3525 2190 2672 1505 197 3887 3762 3600 1255 419 1687 3552 3119 552 1467 2179 813 970 101 3823 72 3169 782 509 3370 1934 693 2885 2092 3605 3841 2519 2531 1341 2069 2781 106 2502 186 1168 1169 1227 1256 2649 934 1305 1686 3786 450 1646 2628 3196 694 2710 3622 3530 3158 162 2387 3117 2694 3978 2863 1081 612 2821 597 537 3958 2182 2536 2439 1877 1530 2778 2543 377 479 2397 3428 3014 2759 3530 2051 2198 14 304 2152 3880 2649 160 1070 1993 3312 2933 1835 34 2525 2792 3754 481 1446 3444 3627 2795 1575 3590 3097 1313 852 2089 2571 2578 718 2288 2941 2626 3459 2213 1968 2840 235 3441 1023 3853 2625 1676 3236 2675 2143 3847 3019 2563 222 279 629 3115 1868 451 1776 3767 2606 753 660 990 953 1038 482 3248 524 700 3481 2654 3857 2016 857 2761 1268 3915 3420 1423 2082 1768 2514 787 3846 680 3324 876 704 1706 107 1456 3335 813 1594 482 385 730 3657 3961 865 2157 1948 2481 2401 2788 2516 2135 1536 3979 44 3248 2078 1222 1719 2667 2294 1023 2808 1896 635 49 1219 1031 502 1270 2483 1525 31 206 747 2356 3546 944 2768 3562 1621 1781 1543 3853 1599 2466 2444 428 1355 758 19 641 2182 884 3395 3765 2773 2834 303 2835 979 2787 887 1905 3625 3425 1631 1723 3503
483 1571 281 2210 2398 2510 534 1962 1084 1050 1725 728 3499 2965 193 1477 1495 2523 972 3145 1489 1600 64 162 3139 1343 114 928 1939 1954 1988 1139 535 3154 2466 2584 760 1536 3488 705 426 2900 1778 1700 2698 3765 1036 2758 3642 3705 476 3144 3002 239 645 3858 2568 3147 3997 63 409 3793 713 1385 3960 3557 3831 278 3007 2034 1117 2178 1236 24 1585 397 3877 282 553 423 551 584 1300 251 77 1770 3672 2490 3748 1645 13 425 3383 1074 3226 3308 1695 1909 3344 1043 2859 507 1092 2021 817 446 1169 2573 3956 1437 3373 866 631 2655 3403 26 480 1639 2385 80 1073 3614 3099 3188 1443 2044 3344 1300 3621 1305 1188 3017 1524 2579 3150 2340 347 2463 75 58 3181 2805 499 1709 1696 150 3194 572 1165 3648 3786 1741 3270 1333 3103 1305 663 840 3715 1912 256 3881 2763 1806 2770 3762 3859 630 2409 3570 3990 1997 3753 314 2225 3201 2972 805 1528 2842 2410 2252 2008 1353 1243 3818 3856 2576 2442 3181 3818 625 1994 2974 383 635 3389 3153 1386 2546 2994 3536 2891 541 2432 3012 1983 3285 3553 1861 2014 2028 1521 1956 22 3419 71 54 1638 2576 2899 1443 1502 1847 2169 2959 2645 1736 430 967 267 977 1200 2096 129 3460 234 300 502 835 713 525 3172 938 57 223 1626 2909 3172 2064 3482 2195 3948 3586 2678 2914 455 2644 1064 2957 3963 77 2800 971 3834 2026 3345 760 1504 233 110 417 3595 2742 2273 1388 602 3029 2684 2181 1673 1072 3332 3631 1292 2691 1323 3626 235 3878 1133 3617 1853 2938 3182 3735 808 534 3859 2067 536 1683 734 3528 2750 727 269 41 2764 1310 1429 2828 1806 1807 347 2397 2891 1725 1780 1639 3997 476 31 3422 1453 1126 2912 175 3442 1869 670 779 1420 2947 2366 3056 2908 200 3329 1338 3943 819 157 1834 3979 3268 440 1013 961 776 1226 3376 404 3758 148 314 673 3337 1083 2889 464 1478 298 2073 2802 1136 2600 3121 3132 1313 3605 2263 1795 427 2763 343 473 2887 1203 1615 3046 285 901 1886 2762 2548 3396 3086 1683 156 2394 3870 475 1849 176 3508 2820 3250 3857 3235 2198 3259 1697 2648 3000 1663 1976 3498 1742 1904 3907 2115 2642 1043 3644 3145 246 871 1833 1841 3674 982 371 806 3017 3903 3720 118 633 1410 628 605 2754 1197 2651 1333 3262 101 2587 2301 2883 3992 2112 968 574 1730 1896 2825 976 1022 728 925 3629 2639 3838 1081 2739 367 3561 1013 1192 1623 2535 1368 88 559 734 5 78 2743 3757 2982 3632 3862 3523 2711 2688 2147 928 2294 945 2802 107 1064 2022 2304 756 239 466 3937 12 2154 1707 713 1730 588 2896 2745 192 2594
68 52 75 98 11 98 33 69 50 62 92 34 31 2 12 39 84 63 42 11 96 79 94 10 31 88 61 85 29 69 26 69 10 76 50 30 65 69 61 75 93 18 8 64 27 68 77 7 41 38 65 67 31 59 60 13 65 85 36 8 13 35 87 36 41 47 79 70 67 29 11 42 39 29 44 13 58 66 55 100 29 20 58 57 19 22 30 53 23 71 166 33 32 14 82 37 27 58 33 62 3 76 40 88 58 49 99 92 35 72 89 83 26 60 52 97 44 67 100 71 12 91 29 45 10 33 39 44 2 55 68 20 15 77 18 50 28 16 54 18 31 2 24 99 97 4 31 37 46 66 39 30 18 47 14 87 66 96 55 40 51 12 97 81 80 76 76 47 7 52 12 71 50 48 42 41 14 87 31 80 96 98 50 72 35 37 90 8 17 48 61 93 70 23 15 59 29 21 54 80 29 97 29 94 52 74 94 84 25 98 77 23 27 85 31 21 72 44 90 51 40 39 93 57 31 10 39 58 96 72 93 64 75 47 81 68 60 84 33 21 62 19 44 59 99 22 78 54 81 75 1 29 72 62 60 25 17 15 71 18 3 25 36 100 36 58 65 100 63 27 18 24 96 91 96 76 68 41 18 27 25 32 59 18 80 49 1 16 93 76 37 78 4 52 31 67 82 7 28 35 42 17 9 16 80 10 50 29 18 86 70 11 81 38 25 57 27 41 64 60 99 48 23 74 77 1 63 62 59 96 6 80 35 19 2 70 78 97 40 3 24 42 91 63 2 73 10 23 32 84 62 33 87 15 89 79 66 24 83 33 96 18 88 8 46 66 66 69 62 94 25 85 95 63 32 83 86 9 46 55 16 68 82 100 21 17 87 25 41 81 83 39 61 90 13 59 77 32 36 54 88 7 10 60 31 46 54 25 10 42 50 58 55 19 44 37 77 18 74 15 69 41 55 25 38 18 45 4 50 35 20 72 83 90 93 12 28 32 15 24 93 56 61 35 25 75 41 3 38 6 71 14 73 78 96 14 18 68 97 47 23 94 59 60 92 65 21 756 10 31 49 30 5 95 35 59 26 11 31 6 5 57 20 89 10 9 5 51 11 63 306 25 42 8 100 33 35 34 63 8
2 1
3 2
4 3
5 4
6 5
7 6
8 7
9 8
10 9
11 10
12 11
13 12
14 13
15 14
16 15
17 16
18 17
19 18
20 19
21 20
22 21
23 22
24 23
25 24
26 25
27 26
28 27
29 28
30 29
31 30
32 31
33 32
34 33
35 34
36 35
37 36
38 37
39 38
40 39
41 40
42 41
43 42
44 43
45 44
46 45
47 46
48 47
49 48
50 49
51 50
52 51
53 52
54 53
55 54
56 55
57 56
58 57
59 58
60 59
61 60
62 61
63 62
64 63
65 64
66 65
67 66
68 67
69 68
70 69
71 70
72 71
73 72
74 73
75 74
76 75
77 76
78 77
79 78
80 79
81 80
82 81
83 82
84 83
85 84
86 85
87 86
88 87
89 88
90 89
91 90
92 91
93 92
94 93
95 94
96 95
97 96
98 97
99 98
100 99
101 100
102 101
103 102
104 103
105 104
106 105
107 106
108 107
109 108
110 109
111 110
112 111
113 112
114 113
115 114
116 115
117 116
118 117
119 118
120 119
121 120
122 121
123 122
124 123
125 124
126 125
127 126
128 127
129 128
130 129
131 130
132 131
133 132
134 133
135 134
136 135
137 136
138 137
139 138
140 139
141 140
142 141
143 142
144 143
145 144
146 145
147 146
148 147
149 148
150 149
151 150
152 151
153 152
154 153
155 154
156 155
157 156
158 157
159 158
160 159
161 160
162 161
163 162
164 163
165 164
166 165
167 166
168 167
169 168
170 169
171 170
172 171
173 172
174 173
175 174
176 175
177 176
178 177
179 178
180 179
181 180
182 181
183 182
184 183
185 184
186 185
187 186
188 187
189 188
190 189
191 190
192 191
193 192
194 193
195 194
196 195
197 196
198 197
199 198
200 199
201 200
202 201
203 202
204 203
205 204
206 205
207 206
208 207
209 208
210 209
211 210
212 211
213 212
214 213
215 214
216 215
217 216
218 217
219 218
220 219
221 220
222 221
223 222
224 223
225 224
226 225
227 226
228 227
229 228
230 229
231 230
232 231
233 232
234 233
235 234
236 235
237 236
238 237
239 238
240 239
241 240
242 241
243 242
244 243
245 244
246 245
247 246
248 247
249 248
250 249
251 159
252 140
253 4
254 41
255 119
256 134
257 98
258 83
259 118
260 250
261 146
262 187
263 177
264 5
265 160
266 31
267 225
268 234
269 41
270 70
271 145
272 217
273 104
274 198
275 163
276 253
277 145
278 94
279 267
280 118
281 102
282 85
283 93
284 233
285 123
286 177
287 93
288 26
289 182
290 260
291 177
292 150
293 223
294 234
295 191
296 277
297 228
298 216
299 233
300 219
301 28
302 141
303 190
304 12
305 93
306 246
307 277
308 35
309 111
310 252
311 198
312 184
313 171
314 104
315 134
316 8
317 40
318 137
319 144
320 98
321 301
322 289
323 127
324 105
325 107
326 77
327 231
328 66
329 125
330 186
331 91
332 289
333 297
334 125
335 306
336 138
337 168
338 229
339 126
340 124
341 177
342 244
343 176
344 158
345 34
346 255
347 27
348 163
349 164
350 77
351 183
352 136
353 239
354 93
355 352
356 48
357 157
358 204
359 29
360 96
361 75
362 322
363 196
364 84
365 121
366 311
367 57
368 40
369 275
370 174
371 306
372 298
373 199
374 15
375 322
376 141
377 138
378 319
379 378
380 60
381 89
382 35
383 374
384 24
385 37
386 228
387 347
388 255
389 298
390 62
391 348
392 382
393 63
394 243
395 59
396 177
397 234
398 12
399 253
400 87
401 229
402 287
403 191
404 101
405 82
406 347
407 279
408 193
409 251
410 151
411 361
412 297
413 229
414 13
415 61
416 307
417 310
418 171
419 126
420 313
421 300
422 312
423 294
424 385
425 112
426 278
427 365
428 36
429 375
430 94
431 22
432 414
433 55
434 15
435 232
436 69
437 53
438 89
439 134
440 129
441 422
442 4
443 45
444 395
445 216
446 392
447 111
448 241
449 330
450 400
451 45
452 411
453 90
454 136
455 102
456 158
457 414
458 218
459 173
460 437
461 197
462 133
463 334
464 330
465 256
466 392
467 214
468 61
469 252
470 189
471 157
472 41
473 466
474 362
475 430
476 228
477 96
478 424
479 330
480 255
481 73
482 261
483 262
484 321
485 129
486 463
487 476
488 466
489 297
490 236
491 442
492 211
493 406
494 341
495 324
496 51
497 488
498 237
499 29
500 100
500 4000
198 1180 451 2810 3963 56 1872 2894 3574 1253 2018 913 2448 664 3576 1245 136 1241 1784 2707 2167 3641 3745 1912 3291 3987 2800 3083 1757 903 3920 3337 1541 2579 3079 2499 2593 3635 542 350 1553 3259 2129 2059 3797 402 247 521 2170 593 3635 2072 2338 1981 3803 2143 1523 578 1096 2081 994 593 671 3707 2625 155 863 1154 38 1230 2059 539 2205 3888 1657 2107 2000 314 1211 768 2036 2135 877 3215 2776 1213 3424 1392 3657 2539 2310 328 3048 3556 1918 3670 656 844 3553 1840 1282 2945 3886 1374 1587 1660 1458 2231 1175 3528 1019 379 911 2241 2975 3697 3312 1297 1287 3875 2869 520 1089 1879 3271 2394 1349 1071 1387 766 3559 2916 1773 3364 223 2910 1067 1047 1205 3671 3139 116 496 2961 353 3081 3743 214 707 1137 648 3791 3951 3887 433 1159 2711 3114 2157 1281 3114 3369 105 1878 350 3407 3542 724 2556 2617 3225 2036 2636 3254 3665 2876 1698 614 1351 2293 649 1206 1660 557 2702 1338 463 2191 1039 1132 3501 2113 1445 1125 3070 3520 782 2171 3052 3608 511 890 1430 998 2570 1062 822 3857 2060 2287 3087 294 1754 3222 1818 3572 235 288 1650 1064 1160 2968 2045 1066 1299 1227 2686 2999 1302 158 3928 2497 3469 2482 2853 1060 1077 764 535 3466 1397 2878 2893 3874 333 938 282 381 3742 2713 3122 2698 2906 1319 3958 3154 909 2961 2305 310 300 1746 2387 3847 508 730 1949 327 2148 528 1037 3103 3447 3114 2299 2593 860 2123 2485 2047 191 2845 2056 2380 733 2287 3375 3537 2284 3568 1632 3507 328 717 308 2564 485 1992 1686 1734 1008 1626 1135 1992 2024 3051 3185 538 733 111 3362 3315 1862 708 586 2694 329 617 3936 129 1509 385 2258 2246 1636 265 915 1997 3871 3958 2760 1818 1041 274 2069 732 2720 3001 2085 166 585 2416 1817 913 3115 582 2131 593 309 3693 2786 3287 3219 2234 2895 3016 2166 220 328 3485 1380 2266 3916 3643 3327 3793 3352 3443 1209 300 3889 1532 2136 1956 3027 784 2085 539 760 1093 2683 1076 1036 590 589 1429 1839 1905 792 1824 1708 42 2570 3118 1017 2944 1106 909 463 1158 1705 540 1836 3221 3105 3525 3366 3785 1453 2907 1203 2042 689 660 1302 59 1642 2377 811 3832 3008 2955 1718 3436 1546 2505 584 1217 545 3296 3154 2893 1738 641 3055 3721 1374 1322 2253 1523 2747 3038 1467 3654 2959 2823 3704 473 643 205 3579 1014 3078 2135 990 348 956 3138 720 3096 2278 1728 1146 2879 2610 3476 3793 47 517 3723 2301 2823 2503 1308 3753 2212 3823 3043 1099 3518 2704 3067 1333 1570 1124 59 893 3442 759 3059 649 1274 1559 2855 2430 565 3706 2475 3114 351
2849 2691 1646 3188 1339 2114 3432 1799 2780 1376 3976 1270 2387 2890 1762 3041 1642 895 1968 3829 167 2581 1418 2970 3494 1230 1287 571 1140 2684 596 53 1903 1426 1940 1346 3261 3149 1271 616 2731 994 3485 317 3879 1417 2541 861 864 265 2193 2287 668 389 3285 3219 2267 2758 3680 2448 2506 1962 3090 92 2283 3726 415 3213 3203 1815 3403 1471 196 3174 998 454 2109 669 1419 2262 2494 1676 180 1456 3889 800 3584 2863 2998 3277 1864 2579 3166 1498 286 525 938 1198 3624 172 2021 2234 476 742 3584 6 828 1962 2221 3231 243 1573 1437 736 881 3858 2910 2207 3012 2759 592 1723 2009 765 3175 68 466 3007 1959 1451 455 1879 251 1836 3394 2229 1366 1272 2229 160 3342 2534 3423 3009 3893 1980 3424 1516 26 3546 3450 114 1088 3496 2921 3077 1502 224 1860 1547 3192 253 3508 2726 1179 2597 85 2082 1151 2453 331 1568 2584 556 2854 674 3965 1178 2810 3191 1214 2601 3640 488 3359 619 818 2019 2330 1829 2798 40 3157 1532 2952 1074 1472 575 1037 3271 1074 3189 3669 2979 3972 2279 224 3488 1518 3184 213 2378 2433 931 280 98 3109 3581 554 1136 596 1293 326 3502 2903 2912 1433 2322 3616 2833 226 1723 1640 815 1418 1919 3050 3536 3014 3028 3551 1623 1451 1309 3324 642 3857 2743 105 566 395 707 2148 1870 2822 3766 1846 3712 1473 2302 2708 3282 3884 2647 3416 61 164 1423 2273 1471 1422 2453 1129 1511 978 488 1510 1916 2650 1343 1252 3918 2476 1748 2817 1825 1381 854 3465 2646 694 655 1363 3611 1571 2674 1339 117 3898 3720 2082 1004 209 348 2916 792 2660 3620 3832 1482 1965 2706 749 2141 3877 476 419 733 1658 2376 841 1656 434 2684 3413 2820 1567 2788 1641 1104 3716 1316 132 1135 1927 1343 2407 1569 2999 680 1578 612 3361 1993 861 2202 14 1682 2916 252 1567 292 3885 543 1899 1501 3604 2757 2713 3557 921 3302 2426 986 1760 639 617 729 1162 1179 3909 3149 3251 2657 654 3483 524 2462 1247 590 2553 1812 3275 3681 3342 3106 2171 2955 3430 2741 871 974 3844 1455 1940 3170 2286 373 3341 2911 3878 351 3173 1706 2571 2747 2988 577 3665 514 112 1929 1725 926 278 279 2787 539 2041 93 835 1709 3395 1846 1441 1698 2346 885 3013 1737 2957 1419 1779 1507 1519 1303 2476 1320 2227 3026 1348 1339 1945 3930 2341 882 24 638 3397 960 637 235 2980 3142 195 3638 41 632 2068 1578 157 2675 1343 596 456 2463 3547 2860 1579 1665 795 2470 702 3620 2098 793 1996 3816 2057 1199 3180 2955 3263 205 2241 3061 673 165 340 2250 778 2969 688 3211 637 978 3102 269 2497 2338
10 2 20 66 76 16 85 69 35 15 85 57 17 66 47 22 50 59 74 28 54 2 32 66 51 44 80 44 84 31 41 96 50 11 41 69 35 58 36 14 19 52 85 26 83 12 58 44 32 2 22 53 2 29 25 96 96 17 43 98 33 41 33 46 19 34 99 63 100 44 52 56 43 31 64 52 29 81 56 46 24 47 77 10 58 9 62 73 93 2 53 1 90 31 31 93 32 78 19 1 14 23 33 1 92 511 55 30 22 93 65 80 26 9 20 46 28 5 9 3 31 62 83 26 34 51 12 12 6 64 73 25 10 74 7 95 57 62 2 82 23 99 40 9 75 52 78 65 58 46 88 8 33 45 17 39 65 54 44 83 95 68 8 36 39 10 30 28 94 40 61 51 39 48 35 67 74 25 90 30 59 95 88 74 27 49 83 61 71 19 59 62 54 72 22 59 37 43 17 94 67 50 100 5 34 24 92 65 99 20 3 27 61 13 56 71 9 16 88 41 25 95 17 13 79 83 17 40 96 16 49 95 73 96 98 100 92 70 84 51 30 16 14 67 28 91 2 2 80 74 49 81 86 97 1 72 67 87 10 20 93 38 66 74 15 61 13 88 82 70 15 17 80 74 95 50 61 90 28 47 75 68 31 75 67 38 65 83 49 49 97 60 91 52 68 47 29 46 79 41 59 2 45 60 100 69 30 68 18 34 35 62 35 22 8 41 66 93 83 98 61 88 17 83 74 63 18 6 92 34 8 55 36 75 65 18 79 58 46 70 9 46 83 71 67 43 96 89 5 43 92 9 76 69 88 28 79 46 42 83 79 26 94 50 3 36 29 4 40 49 85 26 97 83 28 46 19 55 29 18 88 64 27 49 37 39 40 1 61 38 58 14 6 33 8 75 46 90 83 38 11 97 65 69 99 64 18 27 39 32 13 52 74 63 50 24 56 31 78 25 96 11 47 47 22 88 93 28 33 16 36 81 88 7 83 52 82 10 64 98 12 91 37 3 7 80 51 48 82 20 58 84 48 68 85 34 14 3 78 2 18 84 24 31 72 66 79 85 70 8 75 15 93 39 33 78 19 57 8 75 66 71 40 82 98 9 75 72 6 37 67 82 43 34 78 66 66 43 40 37
2 1
3 2
4 3
5 4
6 5
7 6
8 7
9 8
10 9
11 10
12 11
13 12
14 13
15 14
16 15
17 16
18 17
19 18
20 19
21 20
22 21
23 22
24 23
25 24
26 25
27 26
28 27
29 28
30 29
31 30
32 31
33 32
34 33
35 34
36 35
37 36
38 37
39 38
40 39
41 40
42 41
43 42
44 43
45 44
46 45
47 46
48 47
49 48
50 49
51 50
52 51
53 52
54 53
55 54
56 55
57 56
58 57
59 58
60 59
61 60
62 61
63 62
64 63
65 64
66 65
67 66
68 67
69 68
70 69
71 70
72 71
73 72
74 73
75 74
76 75
77 76
78 77
79 78
80 79
81 80
82 81
83 82
84 83
85 84
86 85
87 86
88 87
89 88
90 89
91 90
92 91
93 92
94 93
95 94
96 95
97 96
98 97
99 98
100 99
101 100
102 101
103 102
104 103
105 104
106 105
107 106
108 107
109 108
110 109
111 110
112 111
113 112
114 113
115 114
116 115
117 116
118 117
119 118
120 119
121 120
122 121
123 122
124 123
125 124
126 125
127 126
128 127
129 128
130 129
131 130
132 131
133 132
134 133
135 134
136 135
137 136
138 137
139 138
140 139
141 140
142 141
143 142
144 143
145 144
146 145
147 146
148 147
149 148
150 149
151 150
152 151
153 152
154 153
155 154
156 155
157 156
158 157
159 158
160 159
161 160
162 161
163 162
164 163
165 164
166 165
167 166
168 167
169 168
170 169
171 170
172 171
173 172
174 173
175 174
176 175
177 176
178 177
179 178
180 179
181 180
182 181
183 182
184 183
185 184
186 185
187 186
188 187
189 188
190 189
191 190
192 191
193 192
194 193
195 194
196 195
197 196
198 197
199 198
200 199
201 200
202 201
203 202
204 203
205 204
206 205
207 206
208 207
209 208
210 209
211 210
212 211
213 212
214 213
215 214
216 215
217 216
218 217
219 218
220 219
221 220
222 221
223 222
224 223
225 224
226 225
227 226
228 227
229 228
230 229
231 230
232 231
233 232
234 233
235 234
236 235
237 236
238 237
239 238
240 239
241 240
242 241
243 242
244 243
245 244
246 245
247 246
248 247
249 248
250 249
251 236
252 120
253 192
254 89
255 32
256 120
257 113
258 123
259 54
260 16
261 169
262 140
263 1
264 67
265 103
266 204
267 158
268 218
269 136
270 45
271 229
272 63
273 14
274 126
275 15
276 253
277 186
278 243
279 249
280 205
281 191
282 277
283 125
284 99
285 173
286 238
287 240
288 275
289 260
290 46
291 137
292 21
293 4
294 232
295 151
296 125
297 36
298 263
299 108
300 248
301 150
302 234
303 229
304 160
305 299
306 171
307 199
308 197
309 43
310 111
311 30
312 83
313 86
314 81
315 156
316 258
317 84
318 304
319 8
320 65
321 155
322 215
323 234
324 194
325 95
326 55
327 80
328 7
329 31
330 50
331 108
332 184
333 142
334 299
335 28
336 66
337 334
338 257
339 75
340 32
341 304
342 216
343 156
344 113
345 16
346 319
347 237
348 234
349 171
350 7
351 145
352 163
353 318
354 302
355 62
356 121
357 100
358 353
359 103
360 59
361 112
362 269
363 192
364 207
365 72
366 164
367 61
368 101
369 66
370 68
371 286
372 263
373 69
374 66
375 321
376 291
377 115
378 63
379 300
380 81
381 80
382 227
383 289
384 239
385 245
386 302
387 171
388 170
389 321
390 233
391 219
392 52
393 23
394 361
395 27
396 391
397 118
398 325
399 15
400 367
401 350
402 226
403 25
404 274
405 348
406 181
407 159
408 206
409 63
410 347
411 198
412 150
413 144
414 92
415 312
416 224
417 7
418 349
419 373
420 179
421 111
422 252
423 294
424 73
425 156
426 45
427 252
428 388
429 171
430 49
431 398
432 267
433 409
434 24
435 128
436 116
437 211
438 2
439 347
440 107
441 38
442 132
443 284
444 189
445 367
446 216
447 247
448 101
449 317
450 164
451 174
452 444
453 178
454 155
455 408
456 361
457 318
458 183
459 323
460 1
461 278
462 434
463 408
464 331
465 124
466 209
467 140
468 428
469 336
470 22
471 196
472 175
473 38
474 194
475 5
476 421
477 176
478 124
479 129
480 257
481 255
482 16
483 300
484 413
485 314
486 346
487 426
488 303
489 39
490 19
491 17
492 11
493 364
494 218
495 462
496 36
497 223
498 288
499 470
500 498
