5
238 1695
3606 688 2173 3897 695 1072 607 1233 1585 3018 1767 1501 419 3817 453 836 157 570 2365 2730 726 1108 1539 1245 2030 1767 3416 2815 2342 3844 1316 1941 3485 3277 3029 2993 908 1694 1623 3420 3269 603 532 2631 231 3163 142 244 1285 2709 3899 2303 1177 2921 3489 3346 2 3121 498 3785 2502 3753 394 2210 2404 2428 3175 553 249 2384 3752 290 3127 1268 3497 2136 1 2088 2462 2756 2602 717 3727 1569 462 2702 595 3343 1777 1774 720 2246 1911 1427 2802 2141 293 2099 1930 26 1206 3037 1834 2012 2624 299 3198 1510 424 102 2605 110 2915 3321 2640 2343 1296 3386 2515 43 1618 3861 1706 908 338 2267 1398 3260 373 715 3256 2363 1178 95 3733 3873 56 217 1739 2987 341 494 1555 2090 169 3410 3000 3945 2069 2918 2391 3679 1854 1984 2648 3989 3535 217 2828 3449 1774 2395 2984 484 1086 3308 1409 3209 3318 1397 1704 1534 2880 632 2088 2670 372 2033 3646 2432 3157 3626 1625 2529 2413 133 915 1977 933 69 462 2476 2152 1117 3890 1582 3225 3740 3238 1548 370 985 14 856 2847 2427 2468 2644 1595 1164 1754 2594 1385 542 176 299 1590 765 3281 3790 3949 854 2227 3691 763 391 3854 816 2948 233 3228 3 2310 2747 531 2160 3501 336
237 148 1665 445 366 1491 712 1538 159 654 661 509 498 830 1211 1203 1365 103 1001 382 247 1041 830 1423 1368 1374 655 1293 82 611 201 82 47 948 1188 1579 994 589 676 436 527 1354 1193 126 370 431 1207 1350 588 24 1151 1639 423 776 1599 669 612 888 1670 1159 1512 127 805 1553 365 122 718 1478 696 173 454 1430 438 1414 1180 766 22 1062 44 312 438 867 1604 97 270 1349 185 211 725 850 638 1527 1065 1469 905 165 310 1399 496 657 1669 567 1214 1031 7 1359 1508 1361 244 263 1086 225 617 798 779 168 31 67 172 177 1272 175 1144 150 964 855 1196 544 1293 206 1083 1218 495 577 485 167 517 756 559 741 1302 273 668 1422 1426 1550 809 1084 535 55 376 593 165 1345 320 887 641 327 1001 994 813 1188 534 1205 3 314 65 788 1589 1043 417 454 1231 683 534 1308 381 507 1319 1394 399 106 1062 816 999 1365 689 715 130 980 1086 274 352 125 609 252 800 629 1509 777 1187 448 102 1380 1495 129 1605 1132 675 1450 1689 683 1656 1438 1684 655 1192 1379 1144 1022 1190 1254 1406 1564 1434 1450 561 1275 704 858 1038 748 698 1329 75 1462 201 816
89 84 41 90 58 47 59 14 47 30 66 91 21 3 85 90 5 58 20 11 45 74 91 29 55 42 48 58 80 66 26 71 23 84 33 22 30 54 13 46 89 59 34 35 65 28 68 20 2 44 26 37 29 35 66 77 55 22 5 47 50 12 86 32 18 68 56 33 43 56 88 33 10 4 77 37 35 46 94 97 25 52 42 35 32 3 63 43 95 47 46 58 43 11 17 20 2 11 61 6 56 96 76 53 104 27 14 31 64 36 56 75 81 68 21 3 36 41 46 31 97 2 36 58 57 47 67 28 91 74 68 23 68 54 55 35 93 71 55 50 90 87 62 88 29 63 83 33 92 13 98 89 79 58 38 10 6 6 38 96 94 4 94 90 504 82 78 14 83 100 16 89 63 17 98 81 59 26 76 19 28 92 15 77 76 39 84 7 4 46 7 8 9 1 23 12 66 33 84 8 77 67 10 38 1 56 39 42 46 68 18 8 15 45 47 99 20 57 68 1 13 63 73 92 57 85 38 85 87 98 95 12 97 75 13 79 34 64
2 1
3 2
4 3
5 4
6 5
7 6
8 7
9 8
10 9
11 10
12 11
13 12
14 13
15 14
16 15
17 16
18 17
19 18
20 19
21 20
22 21
23 22
24 23
25 24
26 25
27 26
28 27
29 28
30 29
31 30
32 31
33 32
34 33
35 34
36 35
37 36
38 37
39 38
40 39
41 40
42 41
43 42
44 43
45 44
46 45
47 46
48 47
49 48
50 49
51 50
52 51
53 52
54 53
55 54
56 55
57 56
58 57
59 58
60 59
61 60
62 61
63 62
64 63
65 64
66 65
67 66
68 67
69 68
70 69
71 70
72 71
73 72
74 73
75 74
76 75
77 76
78 77
79 78
80 79
81 80
82 81
83 82
84 83
85 84
86 85
87 86
88 87
89 88
90 89
91 90
92 91
93 92
94 93
95 94
96 95
97 96
98 97
99 98
100 99
101 100
102 101
103 102
104 103
105 104
106 105
107 106
108 107
109 108
110 109
111 110
112 111
113 112
114 113
115 114
116 115
117 116
118 117
119 118
120 97
121 36
122 53
123 49
124 65
125 10
126 12
127 17
128 74
129 92
130 54
131 25
132 22
133 107
134 85
135 69
136 117
137 123
138 25
139 91
140 115
141 82
142 104
143 70
144 95
145 84
146 99
147 140
148 98
149 82
150 141
151 105
152 68
153 56
154 103
155 49
156 56
157 132
158 126
159 89
160 62
161 140
162 100
163 103
164 159
165 90
166 154
167 69
168 124
169 142
170 11
171 19
172 55
173 60
174 83
175 42
176 30
177 36
178 18
179 39
180 145
181 6
182 137
183 141
184 4
185 13
186 20
187 28
188 173
189 155
190 45
191 190
192 169
193 61
194 142
195 76
196 20
197 133
198 125
199 40
200 127
201 149
202 190
203 55
204 36
205 18
206 184
207 135
208 132
209 169
210 175
211 61
212 10
213 105
214 102
215 210
216 50
217 153
218 51
219 131
220 173
221 47
222 5
223 114
224 180
225 185
226 183
227 77
228 8
229 78
230 141
231 86
232 125
233 65
234 208
235 111
236 186
237 106
238 223
286 1117
1173 3767 1637 2617 241 1041 2058 1445 1235 1865 695 1052 2621 649 3158 1788 3306 176 3580 1470 922 2737 3953 3443 1790 876 3577 643 2853 2315 1576 2242 2213 1216 2661 1108 1005 2494 3869 2339 2634 565 1547 1086 1496 2034 2598 2421 3211 919 3595 2355 2781 1911 3595 3548 3801 3829 1816 359 2345 3357 3851 2461 2813 3715 2969 3506 1084 1084 2934 548 367 1914 297 243 3115 587 2578 736 2879 1876 1209 1769 2814 2955 1528 2019 3502 2323 971 3001 1425 59 86 1317 3507 185 2423 1325 917 771 1613 2816 153 559 2792 209 623 2668 1266 2323 3486 2304 1597 1078 213 1668 2767 34 1172 189 1355 2193 2070 2077 1185 146 3649 2681 3511 2716 913 2732 505 3983 3297 2285 575 3473 3898 3852 3837 264 865 755 2864 3988 2139 1371 2567 559 675 2860 1743 1896 527 3674 131 1308 2783 3324 3955 1238 2215 591 595 2377 222 2475 583 1772 2023 164 781 2966 3198 2916 810 1146 3719 295 3801 516 532 2136 3537 1012 2548 1866 2453 187 2499 2298 1633 3093 3471 2723 1875 1350 8 3042 984 3640 651 1612 3896 788 3792 1772 3395 3839 2353 1121 1117 1688 2077 1880 2599 3087 1854 3655 1455 424 3815 2922 3355 3888 65 417 1649 511 2551 1801 3337 2863 3872 2651 2295 3420 300 674 275 2461 3410 2049 3242 578 2072 2789 3722 3536 1668 3718 521 217 1794 3044 87 3871 118 3712 3300 3562 3172 3097 2900 2792 509 2185 1634 37 1036 2271 2033 3883 2529 190 1914 3484 93 1622 626 3182 1950 1186
987 782 201 326 231 589 984 354 933 546 269 1039 364 288 727 218 1067 839 343 718 147 811 698 428 98 101 727 509 352 349 1068 213 893 82 729 691 533 548 71 455 379 469 407 18 288 947 765 601 316 194 431 1037 544 481 289 467 545 985 847 529 339 87 726 517 831 485 949 764 339 124 220 669 448 276 265 1055 738 2 113 960 747 118 282 89 315 58 900 711 286 1110 613 879 1032 82 803 317 9 336 1084 806 753 810 671 416 975 1078 883 298 836 221 1057 317 219 11 267 1069 1070 618 790 530 787 792 830 634 200 76 744 77 894 106 523 986 553 1022 939 125 956 532 974 126 1103 557 951 199 592 313 656 745 238 902 355 1056 441 622 725 638 1116 98 1019 161 639 927 789 1005 283 947 814 148 415 1050 271 962 107 988 25 927 654 984 138 268 736 307 1023 1102 153 1102 173 900 621 818 884 848 783 857 1089 849 769 1054 371 357 21 478 281 535 420 654 659 870 588 411 1028 316 549 1114 399 865 731 35 820 962 1052 586 252 453 529 842 525 36 502 969 338 169 729 1041 180 200 414 836 1042 531 112 232 346 1107 924 1045 464 832 668 713 490 266 931 1011 56 553 855 982 720 226 497 971 972 763 421 771 543 102 247 487 757 328 342 879 220 900 770 701 498 651 211 5 1015 36 917 626
91 9 46 92 67 57 44 86 15 1 60 16 83 93 11 57 40 35 63 91 48 34 16 2 39 49 65 50 18 4 66 81 94 34 36 17 19 11 13 70 34 61 59 39 44 90 23 29 77 20 51 84 20 93 100 21 67 84 20 64 86 88 8 7 99 26 40 50 97 12 95 25 53 17 21 100 97 421 42 46 79 37 29 88 33 34 65 3 15 20 3 91 28 8 100 78 105 33 65 17 59 55 69 56 60 79 2 44 43 65 38 5 64 39 31 78 14 85 22 13 43 13 72 10 33 76 35 2 74 63 7 71 61 40 11 23 82 46 6 47 17 34 21 89 94 60 15 24 80 54 51 34 86 8 81 62 82 13 36 100 68 45 51 66 53 12 37 61 65 42 26 84 14 75 39 27 42 93 92 98 15 53 37 27 25 7 30 58 49 77 4 80 16 65 32 58 13 17 68 95 59 46 5 27 89 69 70 66 96 42 55 69 59 2 99 40 88 67 5 68 34 69 69 93 90 68 38 99 47 80 91 24 65 32 11 54 27 2 36 35 52 82 55 73 48 61 61 32 11 41 84 100 75 66 37 76 77 91 45 39 57 33 31 5 23 27 93 66 40 72 56 10 17 9 60 9 49 99 83 16 10 93 27 91 26 83
2 1
3 2
4 3
5 4
6 5
7 6
8 7
9 8
10 9
11 10
12 11
13 12
14 13
15 14
16 15
17 16
18 17
19 18
20 19
21 20
22 21
23 22
24 23
25 24
26 25
27 26
28 27
29 28
30 29
31 30
32 31
33 32
34 33
35 34
36 35
37 36
38 37
39 38
40 39
41 40
42 41
43 42
44 43
45 44
46 45
47 46
48 47
49 48
50 49
51 50
52 51
53 52
54 53
55 54
56 55
57 56
58 57
59 58
60 59
61 60
62 61
63 62
64 63
65 64
66 65
67 66
68 67
69 68
70 69
71 70
72 71
73 72
74 73
75 74
76 75
77 76
78 77
79 78
80 79
81 80
82 81
83 82
84 83
85 84
86 85
87 86
88 87
89 88
90 89
91 90
92 91
93 92
94 93
95 94
96 95
97 96
98 97
99 98
100 99
101 100
102 101
103 102
104 103
105 104
106 105
107 106
108 107
109 108
110 109
111 110
112 111
113 112
114 113
115 114
116 115
117 116
118 117
119 118
120 119
121 120
122 121
123 122
124 123
125 124
126 125
127 126
128 127
129 128
130 129
131 130
132 131
133 132
134 133
135 134
136 135
137 136
138 137
139 138
140 139
141 140
142 141
143 142
144 30
145 40
146 38
147 116
148 8
149 136
150 26
151 16
152 36
153 43
154 10
155 10
156 146
157 128
158 30
159 51
160 144
161 149
162 114
163 117
164 22
165 154
166 46
167 15
168 89
169 165
170 40
171 23
172 86
173 118
174 28
175 23
176 174
177 171
178 46
179 175
180 166
181 175
182 163
183 57
184 147
185 22
186 84
187 164
188 134
189 48
190 36
191 93
192 36
193 183
194 97
195 74
196 190
197 142
198 46
199 60
200 21
201 180
202 181
203 193
204 71
205 72
206 104
207 100
208 177
209 102
210 43
211 63
212 110
213 94
214 8
215 82
216 189
217 115
218 193
219 96
220 3
221 15
222 95
223 130
224 183
225 101
226 160
227 191
228 211
229 19
230 10
231 58
232 134
233 217
234 128
235 230
236 175
237 1
238 71
239 79
240 134
241 193
242 190
243 116
244 114
245 142
246 87
247 36
248 47
249 50
250 163
251 53
252 155
253 169
254 34
255 218
256 231
257 71
258 135
259 195
260 179
261 225
262 204
263 118
264 237
265 228
266 12
267 3
268 266
269 50
270 92
271 120
272 145
273 244
274 64
275 187
276 241
277 172
278 13
279 78
280 116
281 100
282 260
283 48
284 39
285 222
286 79
35 1244
122 3894 1677 859 599 1354 3409 542 1341 2722 2246 528 710 2512 3531 2246 2779 3888 100 3308 2708 178 3256 306 1742 1066 717 2552 2670 1558 418 3385 3830 1935 781
245 26 685 333 832 370 853 843 266 228 136 632 265 733 509 198 1163 1204 623 573 256 681 1152 319 1236 255 824 566 178 330 976 344 589 1082 1078
64 38 64 58 83 86 84 61 38 19 100 81 69 46 4 68 70 47 17 32 26 36 14 15 37 59 83 41 28 36 89 75 75 65 9
2 1
3 2
4 3
5 4
6 5
7 6
8 7
9 8
10 9
11 10
12 11
13 12
14 13
15 14
16 15
17 16
18 3
19 14
20 9
21 14
22 17
23 11
24 1
25 2
26 19
27 2
28 22
29 23
30 9
31 12
32 27
33 21
34 23
35 6
500 4000
373 1749 2193 1448 2114 2980 3321 3724 1219 2347 2193 2719 110 2543 3896 686 1308 354 1758 2683 408 1126 3252 2783 3435 2729 3829 1602 1383 2302 3828 1976 818 2297 615 3070 2741 174 628 1270 3653 1515 3803 3072 1328 1650 739 3417 171 2043 777 2809 2651 682 261 199 162 3789 1790 256 3180 1658 176 2249 985 1895 380 1040 525 1673 3313 2666 982 1201 889 1257 3165 1508 1798 125 3984 3739 3677 2381 3119 1467 515 54 3380 1237 3302 1827 2024 704 2287 1325 1283 182 3622 662 2307 2957 3686 2401 624 1751 930 660 2222 669 2711 817 676 3224 787 2065 1676 144 2021 3842 572 1176 1351 675 2387 2025 809 766 3623 1087 1023 262 2509 3409 684 209 426 2421 1648 2616 2682 820 2511 3372 1374 2730 675 1851 74 1281 485 3237 1487 3087 3927 184 933 109 3157 2771 1885 1913 2876 3961 1445 1710 475 2164 3741 1987 2073 3020 1849 2946 390 1544 2710 1706 293 1221 1186 3207 1465 3477 3846 1201 1103 1530 3607 3971 3372 2948 3453 1021 952 135 3779 3676 3851 2976 3423 1368 854 3562 1379 2398 3539 28 3589 1584 1297 2214 1003 3386 3290 1516 2874 2198 1799 610 544 1763 1958 2312 448 2146 2634 2184 62 882 3603 1071 1835 1772 2110 1417 817 1057 1776 3392 1346 243 1726 2358 3102 113 3680 2944 3299 2744 407 646 697 934 2811 985 3261 3777 3081 533 1198 1576 2380 440 1302 1784 811 3553 826 1475 1075 1612 1893 11 166 205 945 3749 3747 1227 1047 3949 3702 1120 3673 2532 291 2030 1485 849 2767 3396 3211 2999 1295 786 890 1044 1236 1962 1655 731 3413 2840 807 434 2975 99 1886 2254 3834 4 3088 2605 702 1766 664 1205 1685 1151 2982 3051 3474 2479 2478 3831 3921 919 1166 567 208 892 2975 737 1390 796 703 3038 1826 3408 861 419 447 3555 1125 3025 3269 114 3982 3663 1675 2693 3586 2215 2762 3276 2030 2975 3693 2590 970 3354 2328 3151 3274 1006 1302 2448 3397 263 1702 524 1924 3868 3784 800 2063 1200 3044 1946 3828 1453 2171 3638 633 924 1041 1077 3715 776 1274 3423 1575 3924 3044 2267 2928 3418 3140 332 1745 70 901 1327 3789 594 3438 2067 3845 804 1747 3608 3521 1253 478 2379 961 2979 2494 3425 806 105 1487 914 60 2174 2347 3096 3434 1148 2290 2697 572 2098 3029 3025 752 1117 3465 2324 383 1026 1641 163 1965 271 363 3484 148 3859 616 2887 2158 667 3621 3503 3937 751 775 1214 2639 205 598 125 1437 2437 2704 1547 3459 3092 80 1947 3093 740 1536 2003 721 1316 220 1858 2506 1029 1448 289 979 534 1588 270 2991 3520 3406 294 279 196 73 2145 3405 3156 1388 147
3705 2013 2992 1773 2877 1773 271 842 1511 297 3193 2953 11 699 2821 2360 714 1272 3919 3132 499 3560 3224 286 700 2198 3612 787 545 441 1202 3503 3932 1153 617 332 838 1476 1121 951 2093 939 2568 3739 3895 1240 183 1169 1558 2234 2477 3719 1197 820 266 496 1890 2154 3695 3373 3812 2701 2004 345 3808 360 2345 3258 3871 1034 2353 197 642 118 1565 2930 3840 713 2406 1698 1120 1996 1197 45 1587 1530 3606 2609 2388 1875 2530 1783 1986 513 685 2631 2685 3914 40 910 3104 439 2679 3245 3326 2915 2926 3558 928 199 2216 802 3262 3781 2280 2086 1117 3667 3796 2711 488 2537 1742 2282 1618 3790 2965 720 171 447 3165 1345 1 417 490 1608 2873 297 2995 814 3182 745 1557 651 106 3933 3221 3978 3107 2709 2139 2203 1816 901 2859 2526 1132 2251 3013 3053 898 480 3552 3083 3738 2434 1699 3340 3499 352 1413 3588 1730 3207 358 1491 794 2380 3885 2320 3517 2874 2851 3797 250 2846 2704 1099 2663 1584 981 918 2522 420 330 3268 1827 2225 3130 1041 3980 2753 955 1694 3412 2874 690 1811 264 1707 3431 1873 3715 1882 133 3516 1160 3372 470 2280 2685 214 701 611 491 2724 1459 2275 2260 3495 358 625 3348 291 1231 1877 636 1304 915 483 938 81 3388 3557 3245 2187 2169 394 472 2600 2644 3279 1381 1300 3987 204 1741 2038 1266 3105 1829 2683 1407 2082 1659 1182 374 2273 1522 28 3070 2618 3802 1558 2116 3524 3987 2983 822 1077 3908 1769 1315 2230 504 3042 1874 2920 3000 3828 2144 759 1807 1733 1982 3645 3994 459 426 1017 2062 2843 1645 178 1327 2547 2806 549 2766 198 1173 3990 3139 3239 2939 2198 2284 1305 304 3921 2789 214 3317 91 2568 93 539 3930 3687 2273 2723 3639 3656 1519 344 897 1313 1343 1483 642 1812 30 1518 3333 1933 955 1267 3175 58 3760 741 285 3882 2130 2375 1189 2666 412 3213 3793 636 3896 2969 3825 3576 1327 855 1824 1512 594 3002 433 3231 649 600 922 314 3516 3651 2080 3802 1279 1099 1797 2081 3938 3441 303 523 1145 2125 2938 2223 489 162 1728 2039 1043 1312 1319 3772 69 1052 3019 2533 958 3915 2348 1026 3874 2277 1531 2436 3775 2967 2624 1440 349 2537 2607 3973 3948 2610 844 2394 3562 2905 1660 3131 1876 302 3053 3893 655 3688 424 3104 2134 3104 981 3677 101 3694 302 3217 3590 2692 3176 577 892 2984 2975 1486 2446 1685 2305 2579 982 2164 860 3581 2377 1623 3244 235 2824 3031 2367 39 552 2095 1035 1059 3390 217 2866 1111 111 295 3475 2362 3286 933 3669 480 2070 1582 1423 1236 3266 204 3034 2294 1994 2292 1882 1718 3241 3264 1194
8 76 60 14 36 62 25 38 80 8 65 86 137 31 65 32 71 16 50 68 72 40 9 69 36 48 37 31 3 71 81 26 95 11 83 7 13 52 93 9 66 11 94 46 19 2 92 63 30 47 96 40 50 46 90 51 89 47 19 16 16 57 88 18 15 12 23 21 30 60 8 27 39 46 36 98 33 67 85 18 57 32 79 32 11 69 74 71 12 9 96 55 78 33 36 19 92 79 59 45 50 17 78 100 31 46 33 93 21 60 99 2 69 7 79 27 25 22 9 38 86 87 91 3 42 64 73 84 41 88 40 49 2419 15 96 3 69 49 1 93 92 40 10 51 82 52 78 54 74 7 99 28 19 42 5 65 4 2 4 66 76 23 85 25 19 65 37 44 79 4 50 78 27 23 15 36 4 87 30 93 15 81 65 80 15 8 68 28 72 96 85 84 35 72 82 41 51 41 1 97 75 64 34 9 29 49 29 57 39 41 26 71 20 97 14 98 38 59 86 61 98 76 22 59 19 35 55 47 23 38 73 99 38 92 76 98 69 14 20 51 18 12 91 65 73 61 74 91 15 45 31 83 13 4 45 70 56 49 69 82 58 40 24 89 40 23 33 36 34 138 44 18 2 77 24 34 98 71 93 27 99 56 46 95 26 62 37 38 5 92 51 28 22 28 78 37 84 35 32 31 89 5 42 22 12 53 21 87 66 81 40 77 74 87 43 12 57 92 99 75 84 86 37 50 57 64 12 43 100 43 37 9 78 79 77 93 61 94 86 79 30 77 35 74 84 9 38 67 6 57 17 96 7 21 64 63 88 9 56 12 78 6 16 75 21 88 30 98 32 98 92 19 50 14 16 53 1 68 83 40 49 45 2 14 83 35 7 99 47 43 97 76 71 22 74 52 18 81 68 63 28 35 46 27 66 100 13 15 24 15 35 94 42 36 79 40 12 99 42 4 46 7 68 66 63 30 82 10 44 100 79 84 48 19 97 74 94 47 37 55 83 10 86 42 48 97 98 19 30 28 82 4 8 63 27 15 26 42 21 69 56 11 3 55 57 33 55 12 85 31 57 42 100 85 94 11 80 58 90 94 24 48 77 79 35 97 49 86 99 46 65 98 54 100 1 1 43 5 74 79
2 1
3 2
4 3
5 4
6 5
7 6
8 7
9 8
10 9
11 10
12 11
13 12
14 13
15 14
16 15
17 16
18 17
19 18
20 19
21 20
22 21
23 22
24 23
25 24
26 25
27 26
28 27
29 28
30 29
31 30
32 31
33 32
34 33
35 34
36 35
37 36
38 37
39 38
40 39
41 40
42 41
43 42
44 43
45 44
46 45
47 46
48 47
49 48
50 49
51 50
52 51
53 52
54 53
55 54
56 55
57 56
58 57
59 58
60 59
61 60
62 61
63 62
64 63
65 64
66 65
67 66
68 67
69 68
70 69
71 70
72 71
73 72
74 73
75 74
76 75
77 76
78 77
79 78
80 79
81 80
82 81
83 82
84 83
85 84
86 85
87 86
88 87
89 88
90 89
91 90
92 91
93 92
94 93
95 94
96 95
97 96
98 97
99 98
100 99
101 100
102 101
103 102
104 103
105 104
106 105
107 106
108 107
109 108
110 109
111 110
112 111
113 112
114 113
115 114
116 115
117 116
118 117
119 118
120 119
121 120
122 121
123 122
124 123
125 124
126 125
127 126
128 127
129 128
130 129
131 130
132 131
133 132
134 133
135 134
136 135
137 136
138 137
139 138
140 139
141 140
142 141
143 142
144 143
145 144
146 145
147 146
148 147
149 148
150 149
151 150
152 151
153 152
154 153
155 154
156 155
157 156
158 157
159 158
160 159
161 160
162 161
163 162
164 163
165 164
166 165
167 166
168 167
169 168
170 169
171 170
172 171
173 172
174 173
175 174
176 175
177 176
178 177
179 178
180 179
181 180
182 181
183 182
184 183
185 184
186 185
187 186
188 187
189 188
190 189
191 190
192 191
193 192
194 193
195 194
196 195
197 196
198 197
199 198
200 199
201 200
202 201
203 202
204 203
205 204
206 205
207 206
208 207
209 208
210 209
211 210
212 211
213 212
214 213
215 214
216 215
217 216
218 217
219 218
220 219
221 220
222 221
223 222
224 223
225 224
226 225
227 226
228 227
229 228
230 229
231 230
232 231
233 232
234 233
235 234
236 235
237 236
238 237
239 238
240 239
241 240
242 241
243 242
244 243
245 244
246 245
247 246
248 247
249 248
250 249
251 217
252 147
253 84
254 1
255 8
256 24
257 94
258 198
259 13
260 82
261 103
262 97
263 235
264 240
265 59
266 262
267 230
268 44
269 171
270 255
271 21
272 27
273 207
274 106
275 55
276 199
277 190
278 22
279 161
280 88
281 144
282 27
283 127
284 268
285 167
286 39
287 216
288 149
289 204
290 21
291 185
292 83
293 167
294 86
295 220
296 87
297 273
298 43
299 195
300 281
301 273
302 44
303 188
304 48
305 149
306 104
307 272
308 186
309 67
310 66
311 270
312 115
313 48
314 290
315 202
316 50
317 22
318 162
319 276
320 234
321 236
322 121
323 134
324 157
325 226
326 131
327 282
328 73
329 84
330 304
331 300
332 4
333 252
334 5
335 231
336 101
337 322
338 331
339 279
340 329
341 278
342 213
343 40
344 189
345 271
346 241
347 33
348 73
349 91
350 106
351 346
352 19
353 199
354 163
355 159
356 269
357 233
358 29
359 38
360 133
361 202
362 278
363 128
364 217
365 221
366 287
367 330
368 170
369 109
370 19
371 11
372 266
373 238
374 182
375 172
376 313
377 199
378 105
379 2
380 229
381 58
382 251
383 316
384 355
385 228
386 224
387 112
388 186
389 255
390 163
391 318
392 53
393 285
394 13
395 300
396 242
397 23
398 11
399 57
400 300
401 286
402 231
403 129
404 249
405 216
406 232
407 364
408 107
409 263
410 326
411 181
412 44
413 165
414 262
415 16
416 310
417 139
418 394
419 105
420 73
421 4
422 92
423 108
424 342
425 228
426 415
427 294
428 352
429 182
430 74
431 3
432 417
433 381
434 258
435 74
436 277
437 250
438 58
439 260
440 38
441 279
442 223
443 263
444 418
445 274
446 292
447 339
448 378
449 133
450 182
451 207
452 227
453 116
454 59
455 292
456 414
457 104
458 20
459 42
460 144
461 59
462 272
463 130
464 455
465 355
466 423
467 135
468 329
469 127
470 216
471 241
472 215
473 360
474 277
475 234
476 239
477 140
478 419
479 8
480 383
481 281
482 338
483 274
484 115
485 168
486 337
487 77
488 5
489 480
490 213
491 426
492 82
493 484
494 65
495 232
496 238
497 455
498 277
499 481
500 50
500 4000
104 2554 3528 3294 866 58 2805 1104 321 400 3093 3258 2876 1236 2063 151 2099 2045 367 2231 3322 664 2610 949 2434 2055 3891 1815 1353 1436 2870 332 516 438 2866 737 2572 1500 3332 1893 2246 408 2865 1630 2390 2933 443 2955 3206 3644 807 3900 3251 2860 3277 2415 3832 1945 3489 237 1726 775 1152 68 580 1127 127 294 3467 2257 2032 1570 356 1346 1237 3074 797 2488 1098 101 968 876 909 1118 3246 1552 2737 3982 3124 3081 3874 157 3948 1519 538 2687 1534 3779 3205 1796 56 2096 2385 3424 1107 2086 3578 2750 3335 1907 501 3646 2705 291 3322 23 931 634 2262 585 1996 1967 1552 3266 1065 2188 1212 1812 1547 804 3806 3988 1386 3507 2688 2807 2954 604 760 105 1325 1760 242 14 665 1083 2501 3964 9 259 1780 3225 1369 2052 3299 2930 2670 3094 1404 3132 2179 2176 833 2830 3515 305 2197 3902 2979 3517 3461 3963 934 2869 1500 2156 23 2314 3334 2280 730 836 3268 501 787 190 3090 1733 434 2341 3540 1166 222 817 1927 3497 2113 1026 678 3726 3956 1151 27 2670 3340 2316 104 2929 3652 1994 214 753 3116 1332 3357 150 2258 1111 1941 1012 2575 753 91 1571 3860 2285 1767 382 3861 3999 3629 1662 3126 2940 1073 1015 3029 2971 1008 3252 1816 1234 2572 1615 1272 3434 568 2900 717 2949 68 1783 1851 3250 2954 530 2972 1550 1465 324 1519 2110 289 391 1121 2954 2720 3473 3034 1500 747 110 11 3322 2272 1851 2614 928 236 2150 2493 482 728 741 1871 704 2840 596 1136 683 1941 916 1159 2200 2394 192 269 675 1054 1266 2003 2054 978 3318 3125 185 2219 589 3102 781 3121 1829 1915 3428 3143 1335 483 3316 1117 385 2086 1468 1780 1893 3861 3205 2193 2178 3057 1757 2438 2066 3288 2577 2012 1829 973 393 3748 3708 7 3593 799 232 3164 3077 2508 3460 2383 1540 3505 112 1718 25 141 1744 2320 3550 3357 1829 1671 2962 1197 1226 3393 2037 513 658 1836 2689 3235 3073 2378 1612 3503 488 1659 2428 284 997 42 2089 77 826 2394 186 1849 173 241 1913 1143 1152 1221 3993 1165 1618 1061 3658 3961 3350 2155 1689 2561 2227 1344 1486 280 1788 207 1120 2673 2737 781 1468 328 1174 3401 119 3534 1331 3408 3536 2229 2060 516 2890 2141 1025 1886 456 797 2121 1759 649 2805 1163 1343 2279 1138 1693 79 2667 1378 225 3697 1204 3035 3869 186 1704 1030 2586 2917 1913 2577 224 1756 2172 2965 3216 2466 3239 740 482 483 1002 3319 1856 3359 3151 598 1827 3476 3988 72 2221 428 3080 3165 454 1126 389 441 1755 872 2798 3107 3221 1604 1929 1678 406 3017 1535 167 2778 782 50 3423 3499
2946 3612 499 1525 3715 1644 640 3138 3653 1372 215 3104 3472 592 3701 1739 530 2424 3781 682 2404 1307 3969 87 925 3363 3272 2446 3319 2922 352 1625 993 2402 815 219 1541 2570 2645 2715 3259 2991 1580 978 3758 2624 1410 151 430 1750 566 1930 1109 1026 2579 2720 2079 3193 2857 686 1764 1949 3218 1528 3416 941 1059 220 1125 3695 17 58 3239 2940 2984 3077 3368 1868 326 528 1982 2403 2813 3922 1538 1307 2216 3227 3698 1684 2670 1467 650 1753 789 3376 606 3411 745 3984 1372 595 1198 1719 2656 251 1826 658 1783 1805 3607 204 3033 1304 80 57 2625 576 2874 1376 2223 524 237 1838 3872 2741 163 408 1868 3309 1944 15 3713 3309 1731 682 2558 35 2228 560 851 3611 3823 3557 184 2989 3880 1783 2603 3719 416 2440 3309 2715 575 733 927 555 3379 1832 3258 371 680 1010 717 2807 1800 3436 1211 2414 2869 3512 1715 622 2181 2162 178 1466 1054 3204 2071 3017 1650 2122 1061 2263 2493 674 2911 2993 3580 2360 1279 3484 305 2480 247 1447 533 1973 556 1586 2685 2592 3888 3102 528 1100 512 3894 3464 313 2461 3677 3720 703 2031 794 285 2069 215 320 2552 2209 883 3010 1195 1826 536 54 3394 2555 524 1064 868 770 2946 3779 2122 2954 2361 3675 3232 3149 1271 2141 2714 125 3522 3706 344 1677 1600 656 1790 1562 1008 155 3982 1567 3880 2844 3559 1112 3024 3368 3938 1366 3296 1236 2858 2276 1654 287 1500 1177 1595 703 2592 1374 1750 175 3783 1378 3889 889 358 2107 1803 3904 2322 575 1406 2033 540 2147 115 3402 367 1587 2946 3594 808 3123 2767 1755 438 211 129 124 1490 2170 453 3763 3969 172 3043 3763 264 2269 2335 2089 2895 3610 2611 3692 2329 597 2603 774 2723 2224 737 3293 1148 3053 987 1414 4 2422 1634 3628 1417 199 1508 1501 1597 1411 781 3253 924 1975 1186 2318 2173 3017 1054 359 1719 2437 48 243 2294 1960 1109 773 3998 365 3890 1914 3648 1399 3702 1831 1019 2655 782 2500 853 3872 1960 1496 858 1121 620 3974 116 1795 2360 2264 748 75 3387 1578 161 3824 1333 634 582 2088 1966 1677 609 16 3060 741 1889 3770 1657 2721 3712 379 267 788 2298 2644 118 2058 2477 64 3288 2264 2257 1727 2308 1091 2426 1506 1210 403 300 3992 2916 441 1919 568 1428 3901 1492 2670 125 364 406 2410 1455 1889 1812 679 376 3347 798 3993 3895 447 1567 2042 1250 1174 3450 3510 1979 3305 1193 116 3663 788 2866 1703 1968 2408 1162 3061 467 477 2191 1031 1644 1719 2145 2866 1769 2391 2113 709 1837 1060 1100 3475 2798 763 922 994 1873 3188 3475 3700 3109 310 3762 3957
15 74 27 100 40 15 76 98 70 88 98 18 58 37 94 86 83 84 87 54 26 82 7 64 11 79 29 28 45 35 21 1 1 32 36 28 99 14 49 22 40 24 88 17 4 52 9 96 78 37 31 55 16 4 65 75 45 33 69 38 77 19 20 81 40 46 50 75 78 8 235 30 89 30 84 56 23 44 42 44 67 34 88 49 6 81 76 35 19 18 56 92 43 17 41 12 68 77 72 20 77 42 68 84 98 19 67 47 53 50 53 28 13 53 89 22 33 50 6 52 52 45 86 90 59 73 100 18 10 48 67 199 4 40 17 34 97 93 81 42 94 85 49 66 100 63 100 29 3 58 68 54 88 95 50 68 81 77 60 15 73 49 63 24 36 41 13 58 76 93 98 66 52 82 48 72 97 75 43 70 30 74 21 29 24 75 33 42 66 36 95 44 57 69 16 79 52 37 90 87 71 65 50 85 69 56 44 45 27 91 72 81 62 9 3 57 7 30 84 97 9 40 87 31 43 62 73 24 33 34 86 44 72 60 33 4 93 4 14 77 34 15 1 78 45 28 92 39 6 99 77 91 39 26 69 1 34 84 48 75 98 85 91 79 61 54 34 72 2 5 42 84 78 52 38 46 69 11 49 33 7 91 48 62 90 81 49 95 18 19 47 89 35 29 67 27 70 18 6 43 18 88 24 6 44 70 21 11 89 17 46 57 56 78 63 80 33 74 10 51 72 17 3 96 36 16 58 52 13 25 93 47 60 29 71 7 99 36 648 10 34 91 95 85 44 31 80 99 5 92 86 59 59 33 80 69 30 14 54 6 64 46 3 51 21 55 1 75 100 51 45 16 99 92 59 15 88 86 57 5 84 100 51 37 91 45 34 53 80 76 86 65 15 86 4 98 96 6 12 54 54 46 34 29 16 61 76 1 19 49 72 64 49 49 58 91 4 38 52 98 86 98 97 30 40 45 59 74 13 8 81 80 57 54 32 89 21 89 28 57 61 85 37 11 16 36 75 20 55 23 79 2 89 31 12 59 5 58 61 2 8 67 28 81 21 3 14 8 87 49 44 86 19 65 26 58 6 45 10 12 15 16 24 63 28 4 95 33 93 25 94 46 18 71 20 6 83 24 54 10
2 1
3 2
4 3
5 4
6 5
7 6
8 7
9 8
10 9
11 10
12 11
13 12
14 13
15 14
16 15
17 16
18 17
19 18
20 19
21 20
22 21
23 22
24 23
25 24
26 25
27 26
28 27
29 28
30 29
31 30
32 31
33 32
34 33
35 34
36 35
37 36
38 37
39 38
40 39
41 40
42 41
43 42
44 43
45 44
46 45
47 46
48 47
49 48
50 49
51 50
52 51
53 52
54 53
55 54
56 55
57 56
58 57
59 58
60 59
61 60
62 61
63 62
64 63
65 64
66 65
67 66
68 67
69 68
70 69
71 70
72 71
73 72
74 73
75 74
76 75
77 76
78 77
79 78
80 79
81 80
82 81
83 82
84 83
85 84
86 85
87 86
88 87
89 88
90 89
91 90
92 91
93 92
94 93
95 94
96 95
97 96
98 97
99 98
100 99
101 100
102 101
103 102
104 103
105 104
106 105
107 106
108 107
109 108
110 109
111 110
112 111
113 112
114 113
115 114
116 115
117 116
118 117
119 118
120 119
121 120
122 121
123 122
124 123
125 124
126 125
127 126
128 127
129 128
130 129
131 130
132 131
133 132
134 133
135 134
136 135
137 136
138 137
139 138
140 139
141 140
142 141
143 142
144 143
145 144
146 145
147 146
148 147
149 148
150 149
151 150
152 151
153 152
154 153
155 154
156 155
157 156
158 157
159 158
160 159
161 160
162 161
163 162
164 163
165 164
166 165
167 166
168 167
169 168
170 169
171 170
172 171
173 172
174 173
175 174
176 175
177 176
178 177
179 178
180 179
181 180
182 181
183 182
184 183
185 184
186 185
187 186
188 187
189 188
190 189
191 190
192 191
193 192
194 193
195 194
196 195
197 196
198 197
199 198
200 199
201 200
202 201
203 202
204 203
205 204
206 205
207 206
208 207
209 208
210 209
211 210
212 211
213 212
214 213
215 214
216 215
217 216
218 217
219 218
220 219
221 220
222 221
223 222
224 223
225 224
226 225
227 226
228 227
229 228
230 229
231 230
232 231
233 232
234 233
235 234
236 235
237 236
238 237
239 238
240 239
241 240
242 241
243 242
244 243
245 244
246 245
247 246
248 247
249 248
250 249
251 173
252 58
253 145
254 195
255 132
256 61
257 188
258 41
259 240
260 185
261 146
262 61
263 167
264 67
265 143
266 230
267 179
268 167
269 215
270 236
271 96
272 213
273 121
274 139
275 199
276 242
277 69
278 149
279 101
280 170
281 191
282 216
283 212
284 179
285 22
286 150
287 192
288 67
289 56
290 57
291 68
292 233
293 118
294 279
295 228
296 54
297 36
298 12
299 265
300 126
301 111
302 7
303 221
304 170
305 242
306 185
307 26
308 99
309 286
310 148
311 119
312 194
313 209
314 14
315 159
316 93
317 128
318 290
319 4
320 287
321 32
322 222
323 28
324 20
325 70
326 251
327 86
328 230
329 285
330 216
331 57
332 227
333 193
334 98
335 220
336 290
337 314
338 270
339 35
340 332
341 123
342 33
343 282
344 235
345 227
346 43
347 263
348 303
349 296
350 271
351 283
352 291
353 58
354 109
355 301
356 5
357 298
358 104
359 218
360 133
361 284
362 159
363 84
364 281
365 273
366 289
367 58
368 256
369 201
370 255
371 164
372 267
373 96
374 277
375 160
376 280
377 239
378 74
379 57
380 70
381 306
382 200
383 270
384 158
385 79
386 305
387 340
388 229
389 317
390 17
391 240
392 113
393 247
394 223
395 298
396 190
397 107
398 376
399 40
400 247
401 70
402 353
403 18
404 338
405 368
406 308
407 181
408 244
409 123
410 262
411 265
412 212
413 21
414 131
415 337
416 374
417 103
418 257
419 68
420 358
421 321
422 287
423 53
424 168
425 70
426 191
427 309
428 155
429 302
430 55
431 184
432 168
433 107
434 248
435 6
436 385
437 68
438 154
439 97
440 59
441 161
442 198
443 301
444 175
445 166
446 434
447 356
448 423
449 74
450 351
451 359
452 235
453 220
454 372
455 32
456 100
457 331
458 431
459 198
460 83
461 23
462 334
463 295
464 189
465 126
466 434
467 250
468 301
469 196
470 41
471 376
472 427
473 287
474 60
475 213
476 424
477 278
478 41
479 162
480 300
481 479
482 58
483 265
484 259
485 139
486 316
487 103
488 302
489 445
490 238
491 248
492 67
493 238
494 28
495 382
496 461
497 472
498 194
499 116
500 170
