5
113 1958
3569 2896 1992 2978 330 3151 3241 402 3251 3521 2103 8 670 2266 3896 3512 2433 1943 3124 3413 3106 217 321 2798 768 66 1583 3047 2116 3566 1391 1365 1993 3860 3049 3260 41 2589 3614 172 3562 453 2905 1690 3560 2032 3453 1339 1828 1775 2826 1063 204 2419 2737 2763 1100 1073 2202 175 3029 2840 1939 3146 1324 1358 347 195 693 2610 398 810 257 1198 3347 1526 2645 1787 868 2144 1340 3962 926 3072 1999 1488 1001 2919 67 578 2248 990 148 2129 708 1853 2352 56 2518 3214 2758 708 1075 1347 1551 884 3900 405 413 2322 2822 319 3650
333 382 690 694 1458 1641 1098 399 1417 753 1436 406 766 183 900 1363 1500 799 796 393 1129 369 623 1275 393 1000 1745 1526 36 1343 563 158 705 1622 1192 1538 1827 564 1903 1385 20 1544 267 1278 792 1202 1324 1936 1390 115 1817 579 1033 1374 1359 612 1777 247 834 1245 1369 1602 305 1841 1239 441 1380 916 1035 574 676 1906 1003 1934 285 1882 1941 1640 1443 1232 1380 383 174 247 1545 58 339 995 1118 1608 1588 687 938 1605 1313 910 222 342 704 384 444 1943 1418 230 1919 357 361 981 745 1559 1101 736 1731
42 52 77 38 44 42 69 21 57 89 80 43 79 36 11 45 31 34 17 57 26 65 18 27 9 46 26 36 98 8 45 60 39 38 69 90 79 74 20 17 54 80 74 62 72 6 21 60 1 73 52 31 79 85 9 72 50 69 63 8 96 49 55 27 8 8 93 7 24 24 25 78 88 28 7 28 22 77 16 85 55 100 55 50 12 59 23 33 9 21 45 46 16 59 61 44 97 41 16 65 97 5 33 22 90 22 97 69 14 68 44 28 74
2 1
3 2
4 3
5 4
6 5
7 6
8 7
9 8
10 9
11 10
12 11
13 12
14 13
15 14
16 15
17 16
18 17
19 18
20 19
21 20
22 21
23 22
24 23
25 24
26 25
27 26
28 27
29 28
30 29
31 30
32 31
33 32
34 33
35 34
36 35
37 36
38 37
39 38
40 39
41 40
42 41
43 42
44 43
45 44
46 45
47 46
48 47
49 48
50 49
51 50
52 51
53 52
54 53
55 54
56 55
57 33
58 1
59 22
60 59
61 1
62 49
63 46
64 47
65 13
66 22
67 34
68 11
69 27
70 36
71 56
72 4
73 52
74 35
75 56
76 3
77 11
78 6
79 57
80 7
81 76
82 6
83 45
84 11
85 20
86 34
87 16
88 84
89 88
90 85
91 44
92 19
93 12
94 44
95 24
96 42
97 62
98 93
99 84
100 93
101 23
102 75
103 31
104 64
105 34
106 102
107 102
108 20
109 50
110 80
111 110
112 38
113 25
172 1695
1298 901 529 3863 1544 3364 629 3790 3120 2649 3148 3898 73 3171 1971 3810 1897 3611 2363 732 1541 1933 3920 970 28 884 2023 594 2085 3865 3115 2109 1689 3469 936 2386 67 1030 728 3316 1671 1943 686 2746 2992 2962 1985 3182 2045 1442 1754 2569 1965 1957 1217 1388 2890 2760 2916 3650 1876 261 3880 3381 3311 2753 2324 1102 1743 3713 1660 689 2498 2862 331 2329 3549 1130 1588 1488 331 17 3834 3026 3858 435 3965 642 2632 272 1448 1581 534 3638 3672 3391 3499 1912 46 35 3011 1296 888 190 440 1110 3196 3438 3817 769 1222 1984 3978 1854 2515 3311 3660 3183 926 4 2669 102 1675 1515 675 2946 1682 3538 2596 1130 109 2503 2776 1064 1540 851 1187 647 2744 1234 3725 1616 3598 1909 1523 1570 1598 2394 1203 2961 668 3497 2195 1025 3238 1875 3378 1474 3374 903 563 3150 105 3733 102 1250 1785 2151 665 3994 2327 2940
1661 297 695 628 806 866 1227 817 728 1448 810 876 1425 996 731 1420 74 876 357 1664 1648 496 102 1287 1174 617 232 701 1314 405 615 764 1266 951 1578 819 282 777 866 1215 375 1680 950 1240 725 307 1340 331 524 136 1464 1425 1621 86 79 1684 615 79 344 1671 184 681 927 145 1584 959 895 1586 1342 524 1002 1341 980 309 913 967 229 70 924 1119 1239 1373 984 822 1557 1571 1600 216 27 1660 521 1140 700 539 47 952 1621 1405 694 494 1072 495 32 705 746 1462 1304 882 600 183 1385 1333 1028 180 65 266 329 1262 183 654 1370 1169 1606 515 217 1453 1523 1590 1692 303 1220 795 1260 1389 1334 1683 1450 1115 368 713 1546 295 1 808 1147 942 872 1327 374 860 1414 1147 11 1522 372 1236 798 123 1442 1635 590 506 918 1255 1038 270 262 1028 511 646 1324 221
66 36 38 96 62 43 40 41 27 36 19 10 34 98 33 28 75 52 75 83 13 20 96 58 4 24 31 9 73 99 31 20 19 5 24 40 42 59 37 48 34 18 17 66 17 42 63 18 59 91 26 67 57 70 39 76 96 100 89 48 52 55 94 29 29 36 58 14 9 38 5 59 63 5 93 2 50 2 78 15 40 45 33 44 17 11 22 41 15 93 28 26 29 85 14 36 56 60 4 8 84 59 44 30 38 18 6 8 36 22 29 46 50 3 99 82 56 90 87 31 69 32 33 63 2 46 38 72 94 87 34 35 5 75 10 25 19 93 97 34 31 80 1214 14 16 69 70 73 91 24 7 29 110 28 97 35 21 1 12 79 13 77 99 100 35 61 26 12 71 81 82 18
2 1
3 2
4 3
5 4
6 5
7 6
8 7
9 8
10 9
11 10
12 11
13 12
14 13
15 14
16 15
17 16
18 17
19 18
20 19
21 20
22 21
23 22
24 23
25 24
26 25
27 26
28 27
29 28
30 29
31 30
32 31
33 32
34 33
35 34
36 35
37 36
38 37
39 38
40 39
41 40
42 41
43 42
44 43
45 44
46 45
47 46
48 47
49 48
50 49
51 50
52 51
53 52
54 53
55 54
56 55
57 56
58 57
59 58
60 59
61 60
62 61
63 62
64 63
65 64
66 65
67 66
68 67
69 68
70 69
71 70
72 71
73 72
74 73
75 74
76 75
77 76
78 77
79 78
80 79
81 80
82 81
83 82
84 83
85 84
86 85
87 72
88 60
89 44
90 44
91 63
92 25
93 26
94 31
95 72
96 27
97 87
98 69
99 83
100 88
101 10
102 79
103 12
104 99
105 91
106 105
107 20
108 11
109 94
110 67
111 53
112 27
113 60
114 40
115 2
116 32
117 31
118 51
119 32
120 106
121 101
122 48
123 119
124 23
125 50
126 38
127 19
128 77
129 17
130 73
131 18
132 109
133 55
134 80
135 56
136 26
137 122
138 3
139 125
140 138
141 82
142 81
143 140
144 38
145 109
146 111
147 45
148 34
149 112
150 75
151 71
152 105
153 68
154 5
155 100
156 5
157 110
158 141
159 152
160 53
161 43
162 81
163 21
164 71
165 15
166 14
167 2
168 163
169 52
170 49
171 138
172 63
257 1158
2418 613 2487 3383 3265 16 99 240 231 2036 2086 2311 2764 3679 1501 1926 1441 643 986 991 2734 149 1523 3249 2170 10 2797 1788 3867 2670 73 706 608 677 1679 2047 2428 453 3226 3241 3446 3764 3267 140 1166 2654 3922 1504 498 826 1922 2828 2241 2271 2387 1631 254 129 469 1805 2489 1392 3955 3463 3609 1619 3645 3102 238 833 602 1146 3158 0 3405 1206 141 3874 647 1375 2490 829 1645 653 342 3786 1866 2656 607 545 1239 1727 734 530 8 3278 950 2759 27 3790 1389 2938 3324 922 3999 2641 2972 3006 3936 2369 659 3131 657 770 1106 2489 2950 3855 1870 652 2422 1409 1577 2987 2757 876 3490 2253 2350 1019 1087 2758 1779 1768 3192 1024 3721 3487 1671 445 2303 692 3183 2156 3663 833 2187 74 3944 1317 696 2972 1242 634 2884 1194 2371 438 2199 286 1113 1380 321 2525 1272 1540 390 934 429 2401 2600 3529 195 2770 3827 2858 1453 3571 462 247 1941 229 2111 1990 2500 3267 2719 3058 1202 903 480 2296 2895 3965 2619 3021 2002 2150 2110 2691 1346 80 1781 444 835 819 1207 2670 3394 1136 2900 3256 3364 1862 1501 3107 3979 2421 1108 2237 841 1943 757 2995 2473 2652 1028 1581 3611 2245 2392 591 3584 2051 1703 1549 1719 2737 19 3278 3975 207 2165 2757 301 1473 2792 1516 583 808 1465 3490 3616 3679 461 583 2046
937 60 486 492 774 14 650 194 634 686 30 757 89 601 121 376 161 33 1041 317 690 819 604 188 411 520 893 858 58 428 418 670 733 195 670 733 510 276 507 931 116 746 194 657 645 1071 1080 181 841 345 279 791 654 464 1152 771 486 932 881 852 1051 359 248 141 861 108 533 890 309 522 478 1019 474 824 832 196 626 1084 86 889 640 920 426 137 197 58 246 432 227 362 243 493 223 814 927 488 376 9 1069 59 876 289 96 300 808 266 288 830 1099 836 566 1125 590 966 310 460 535 25 271 307 788 333 428 131 482 260 1141 1117 908 1113 222 1039 933 417 996 49 1070 237 675 304 208 1012 64 727 726 1043 1155 967 90 464 135 435 919 492 397 349 1128 95 982 204 430 1132 991 1071 104 262 1114 226 906 1058 241 880 725 593 68 155 778 179 314 1095 624 802 623 97 692 677 346 1144 169 578 671 275 772 1096 409 973 318 139 484 937 1158 237 661 762 183 425 1027 55 44 376 74 507 291 611 674 481 561 354 766 86 455 608 1018 1124 328 39 566 761 584 35 79 973 734 231 431 229 613 1155 172 187 302 12 696 604 585 1110 163 43 331 338 943 291 196 261 174 633 660
57 90 82 12 92 38 100 11 30 98 9 36 52 14 98 45 68 80 68 87 77 95 36 4 65 72 83 38 28 50 49 54 26 68 17 66 86 1 63 71 68 36 26 6 28 72 69 34 57 93 26 67 97 20 56 42 94 8 54 47 29 78 52 86 8 98 90 58 26 50 42 39 42 67 2 42 36 42 62 81 63 90 99 68 50 43 20 42 10 1 36 76 77 85 9 33 33 47 56 22 94 57 17 62 19 67 85 21 86 45 41 73 39 97 100 45 52 8 76 78 59 74 86 63 31 12 64 21 7 75 59 98 39 66 41 73 16 41 11 82 23 7 66 83 81 71 67 51 82 63 77 38 59 77 51 17 80 8 34 30 83 30 28 87 37 98 96 48 58 47 69 2 15 29 74 98 29 57 56 5 45 68 10 58 7 45 27 77 13 91 70 57 24 19 78 93 23 47 45 82 14 67 33 53 61 20 32 87 39 21 41 28 78 52 35 24 83 42 67 16 36 59 92 78 40 72 77 83 31 14 77 20 3 43 98 38 87 63 48 1 38 25 84 100 6 53 13 71 39 20 74 5 93 78 60 84 49
2 1
3 2
4 3
5 4
6 5
7 6
8 7
9 8
10 9
11 10
12 11
13 12
14 13
15 14
16 15
17 16
18 17
19 18
20 19
21 20
22 21
23 22
24 23
25 24
26 25
27 26
28 27
29 28
30 29
31 30
32 31
33 32
34 33
35 34
36 35
37 36
38 37
39 38
40 39
41 40
42 41
43 42
44 43
45 44
46 45
47 46
48 47
49 48
50 49
51 50
52 51
53 52
54 53
55 54
56 55
57 56
58 57
59 58
60 59
61 60
62 61
63 62
64 63
65 64
66 65
67 66
68 67
69 68
70 69
71 70
72 71
73 72
74 73
75 74
76 75
77 76
78 77
79 78
80 79
81 80
82 81
83 82
84 83
85 84
86 85
87 86
88 87
89 88
90 89
91 90
92 91
93 92
94 93
95 94
96 95
97 96
98 97
99 98
100 99
101 100
102 101
103 102
104 103
105 104
106 105
107 106
108 107
109 108
110 109
111 110
112 111
113 112
114 113
115 114
116 115
117 116
118 117
119 118
120 119
121 120
122 121
123 122
124 123
125 124
126 125
127 126
128 127
129 90
130 49
131 45
132 20
133 43
134 60
135 78
136 91
137 18
138 8
139 28
140 34
141 106
142 108
143 22
144 115
145 132
146 57
147 96
148 44
149 45
150 1
151 79
152 22
153 148
154 80
155 119
156 97
157 39
158 62
159 142
160 31
161 101
162 151
163 97
164 17
165 87
166 17
167 39
168 136
169 51
170 36
171 112
172 159
173 61
174 23
175 160
176 147
177 154
178 154
179 19
180 30
181 113
182 128
183 153
184 54
185 100
186 103
187 96
188 17
189 138
190 86
191 57
192 86
193 127
194 163
195 146
196 137
197 101
198 166
199 72
200 73
201 4
202 14
203 183
204 16
205 80
206 60
207 188
208 65
209 129
210 165
211 45
212 196
213 180
214 54
215 34
216 133
217 40
218 13
219 200
220 68
221 119
222 107
223 166
224 143
225 78
226 188
227 48
228 197
229 142
230 48
231 4
232 145
233 101
234 176
235 203
236 6
237 221
238 167
239 143
240 120
241 211
242 24
243 152
244 47
245 182
246 24
247 143
248 10
249 240
250 22
251 229
252 233
253 13
254 214
255 103
256 244
257 252
500 4000
2323 3869 118 2969 2486 1594 1702 942 13 3182 2925 3348 3126 2156 2515 1951 3875 2580 3644 3155 1602 3216 1980 2664 716 786 1146 319 557 589 67 1091 3411 177 2578 2915 921 43 2974 1007 1397 1917 196 1810 1664 2490 501 399 582 869 2211 3840 622 1707 999 331 2187 2621 1813 3269 1668 2643 4 3276 3616 1054 1144 863 1268 1965 146 2785 1329 323 1274 3215 2313 534 3370 1247 2530 619 1438 3098 863 465 2106 3899 2538 1883 603 3752 933 98 2915 784 658 2683 3198 2502 3904 2485 3386 2333 984 119 870 2629 3497 3319 136 133 1232 3197 869 1018 2603 2074 2668 1936 1888 1860 4 3454 296 2131 1399 455 3841 2849 2750 2318 2708 1182 333 2266 963 2161 321 1291 2838 630 2825 27 551 2037 2514 3865 1324 3103 439 1570 2245 3439 2504 2401 2598 670 3673 3849 1126 167 270 49 1064 2077 3781 687 681 2602 3427 1080 1770 1003 1539 3384 3776 168 540 237 2010 3800 177 1417 3506 2036 446 328 790 1018 2497 3086 3288 1318 391 997 2325 3181 3992 1494 674 2426 2148 518 157 2349 463 1683 3474 1456 3578 1680 3147 2396 3187 2653 3613 972 1408 75 721 768 2407 2542 3760 3350 2208 2180 2577 2948 2079 2374 903 985 2140 300 901 2868 2020 1734 405 2597 3653 1144 3193 2340 2389 1943 705 2863 356 1889 3278 1192 2786 2850 324 2606 211 2948 3414 282 466 3735 142 1693 1218 994 1340 2905 3484 296 2145 1886 2485 3455 3644 3527 175 1741 3731 3924 3490 3428 1317 3241 2796 3968 654 2566 1814 831 3932 72 1352 1312 2290 801 3663 576 3386 2324 3437 689 2927 2452 1954 2844 426 2302 3320 1528 3533 1972 404 3755 2734 3387 2907 1346 774 2007 898 3532 3962 3654 251 3099 360 155 1148 1662 1845 668 240 3257 1334 2719 2403 2182 509 992 842 1041 838 2118 849 1038 1090 1015 136 1918 1827 1305 271 2627 72 1579 1217 1343 1258 3203 3038 276 103 1930 2333 600 1070 1013 338 1751 2828 3142 603 2574 3190 3843 1040 390 1752 2261 811 1486 541 1667 1365 2332 798 848 3923 2085 239 691 3632 1850 743 86 2700 3110 1424 2961 1189 3238 3056 3976 3012 3145 1558 3458 2890 3561 2056 940 2108 1032 1068 1902 1612 271 2485 3212 745 3619 911 960 2153 3688 3854 2327 2869 1435 1107 3017 85 203 3136 701 1021 3097 1725 2108 2935 176 75 85 1906 102 3912 1649 1067 244 3908 1336 1210 2802 1539 1957 3520 1271 1491 293 2447 15 2415 470 3546 3614 212 3741 125 2261 3364 1769 943 2035 152 3943 6 799 394 613 2251 387 2115 1868 1856 3210 3202 2455 814 1949 3982 2841 51 315 765 1743 555 2615
1464 3896 1026 1191 469 1294 3260 2715 3662 2885 3423 3833 883 409 3076 541 258 280 841 2885 382 562 3017 286 3313 2021 1786 1712 2307 2470 2536 2732 91 3955 2417 564 982 2616 578 3626 3718 3520 976 2972 493 478 3129 2320 858 3132 3387 3244 3875 547 565 3657 2244 683 1118 1208 3160 2212 3556 2804 3638 3429 198 1130 909 276 1203 2566 547 1751 1572 191 1067 730 1304 709 1062 1858 3248 2057 379 688 2218 396 474 2041 3138 3084 2830 1125 2086 2476 3521 1573 3096 547 2164 3770 3050 871 1663 1154 3957 3802 678 3270 2970 3221 606 2466 3294 3635 3167 3508 608 3073 1449 807 1117 2692 1437 2721 3526 2410 3636 2379 2592 1781 3682 1409 860 805 3377 2810 1625 2660 2423 3321 23 3831 2938 2932 2077 3299 69 2948 1358 2878 3723 430 7 3159 1820 400 3805 2663 679 1808 1845 2809 655 161 2980 3095 1712 2070 520 3703 2420 3691 2726 1445 2610 3505 134 3985 3175 2234 1997 3772 1719 1861 3514 926 1381 3915 2755 219 594 3627 2000 3687 371 114 1816 3095 1334 718 571 1641 1815 1076 2176 3893 1118 400 2449 3637 3131 13 2580 3570 805 3556 1483 2513 1776 1673 3503 990 3661 500 648 1015 2534 1709 3376 2619 2010 3579 618 499 3543 2061 3069 3936 3830 1801 3989 1511 2075 3285 2300 3322 2989 2404 3285 2216 2451 1667 2777 1351 2800 1667 598 2240 2945 1737 2501 1180 3220 211 1484 1613 2795 813 2164 30 3986 3701 3403 1406 3166 3403 1180 3466 2919 3100 2734 3643 1575 1007 2139 304 2643 3569 1106 284 2426 3646 2863 1681 3548 145 1977 3630 3789 2157 1821 2023 2538 523 1322 1972 3355 3142 2541 2140 3883 2308 1326 481 1412 1159 747 847 2159 917 179 449 1290 1701 2501 3956 2986 1642 1355 1744 3764 963 1233 2995 2775 1731 2059 1631 3852 2558 71 2406 2577 1429 3310 660 2947 3011 1825 3837 1722 3624 2737 3816 2409 1588 1216 3067 3702 2776 2551 2921 984 1065 3656 2649 2927 3222 1445 2584 2888 1899 3521 256 1105 3366 1382 3722 1722 1497 1430 1362 654 3872 2918 3241 3376 582 247 704 2969 50 3256 2514 3505 3574 3481 3154 1100 3931 1457 2646 1255 230 1779 1380 1444 3759 685 2524 770 2211 1985 1669 609 2583 1607 3195 1877 304 1059 1017 3465 2704 1604 579 2103 1027 1629 3606 36 298 2055 2643 2465 38 1495 3625 512 2985 2811 162 1684 3865 1211 1936 2189 1413 2607 1624 1554 1804 2556 319 2815 2251 3411 1555 2882 2311 1387 3261 1425 3195 1950 709 590 1860 1218 2534 1566 2922 874 2579 1543 1521 3964 1033 1864 288 468 1622 1373 177 1401 3849 980 3706 2014 1660 202 666 3644 3839 2058 2535 1999 1061
43 67 63 30 44 96 95 84 10 55 84 84 95 38 9 71 55 15 56 53 59 2 37 69 20 90 33 97 62 52 79 91 34 42 9 41 93 13 83 4 47 20 20 92 43 25 29 10 67 14 19 98 19 46 71 78 21 26 60 7 4 5 32 19 53 79 71 46 41 50 9 41 9 45 97 33 75 6 34 84 27 14 93 46 29 7 24 73 11 41 61 37 74 12 78 62 84 85 36 22 60 67 50 92 46 41 52 14 53 45 31 26 59 99 7 8 78 95 19 57 100 75 64 43 60 41 28 12 90 59 76 13 50 97 45 40 20 43 72 40 91 82 110 83 66 49 76 93 47 31 16 24 2 56 28 15 12 36 63 7 49 27 48 58 39 46 74 14 40 9 1 82 74 30 62 84 29 1 36 8 42 44 79 75 50 9 28 2 40 13 69 100 79 100 99 34 14 59 54 62 90 22 36 78 74 7 68 77 8 45 8 94 67 48 9 64 84 40 14 95 54 97 69 30 13 18 93 80 28 61 68 11 2 22 23 61 31 42 74 89 39 98 67 22 56 69 9 63 23 55 86 76 52 14 20 15 27 41 47 33 61 79 36 69 83 5 69 65 8 67 41 46 6 37 41 34 31 5 19 88 33 44 7 61 63 73 84 55 8 57 68 100 17 48 86 33 87 27 91 26 66 95 32 56 1 57 79 63 18 98 80 73 20 25 57 35 78 87 92 3 58 42 44 50 100 78 11 75 12 32 67 7 25 4 79 15 95 45 12 15 95 11 7 69 73 36 4 14 51 38 44 91 51 28 88 50 73 88 42 54 67 56 24 41 37 52 18 25 73 51 96 22 74 11 48 6 92 11 5 9 60 56 45 66 44 44 63 5 25 65 80 43 40 92 42 92 10 37 22 95 63 10 39 55 29 48 56 32 17 69 99 1 14 39 2 61 5 100 53 79 12 79 28 29 62 90 26 19 51 29 66 13 42 14 66 11 91 17 86 45 71 90 83 69 49 65 59 51 78 37 26 39 14 65 26 85 47 91 27 86 62 39 63 50 79 82 24 22 91 38 62 54 55 78 35 90 65 13 28 69 86 20 75 50 7 71 18 63 13 28 54 86 69 86 59 90 52 56 14 87
2 1
3 2
4 3
5 4
6 5
7 6
8 7
9 8
10 9
11 10
12 11
13 12
14 13
15 14
16 15
17 16
18 17
19 18
20 19
21 20
22 21
23 22
24 23
25 24
26 25
27 26
28 27
29 28
30 29
31 30
32 31
33 32
34 33
35 34
36 35
37 36
38 37
39 38
40 39
41 40
42 41
43 42
44 43
45 44
46 45
47 46
48 47
49 48
50 49
51 50
52 51
53 52
54 53
55 54
56 55
57 56
58 57
59 58
60 59
61 60
62 61
63 62
64 63
65 64
66 65
67 66
68 67
69 68
70 69
71 70
72 71
73 72
74 73
75 74
76 75
77 76
78 77
79 78
80 79
81 80
82 81
83 82
84 83
85 84
86 85
87 86
88 87
89 88
90 89
91 90
92 91
93 92
94 93
95 94
96 95
97 96
98 97
99 98
100 99
101 100
102 101
103 102
104 103
105 104
106 105
107 106
108 107
109 108
110 109
111 110
112 111
113 112
114 113
115 114
116 115
117 116
118 117
119 118
120 119
121 120
122 121
123 122
124 123
125 124
126 125
127 126
128 127
129 128
130 129
131 130
132 131
133 132
134 133
135 134
136 135
137 136
138 137
139 138
140 139
141 140
142 141
143 142
144 143
145 144
146 145
147 146
148 147
149 148
150 149
151 150
152 151
153 152
154 153
155 154
156 155
157 156
158 157
159 158
160 159
161 160
162 161
163 162
164 163
165 164
166 165
167 166
168 167
169 168
170 169
171 170
172 171
173 172
174 173
175 174
176 175
177 176
178 177
179 178
180 179
181 180
182 181
183 182
184 183
185 184
186 185
187 186
188 187
189 188
190 189
191 190
192 191
193 192
194 193
195 194
196 195
197 196
198 197
199 198
200 199
201 200
202 201
203 202
204 203
205 204
206 205
207 206
208 207
209 208
210 209
211 210
212 211
213 212
214 213
215 214
216 215
217 216
218 217
219 218
220 219
221 220
222 221
223 222
224 223
225 224
226 225
227 226
228 227
229 228
230 229
231 230
232 231
233 232
234 233
235 234
236 235
237 236
238 237
239 238
240 239
241 240
242 241
243 242
244 243
245 244
246 245
247 246
248 247
249 248
250 249
251 201
252 105
253 194
254 167
255 3
256 74
257 95
258 117
259 241
260 249
261 16
262 258
263 52
264 79
265 210
266 49
267 91
268 164
269 262
270 264
271 79
272 267
273 248
274 26
275 22
276 61
277 245
278 1
279 203
280 176
281 121
282 262
283 168
284 50
285 137
286 275
287 21
288 275
289 143
290 66
291 230
292 106
293 145
294 259
295 215
296 81
297 222
298 21
299 72
300 131
301 226
302 292
303 280
304 210
305 258
306 121
307 135
308 74
309 61
310 63
311 87
312 85
313 9
314 225
315 213
316 297
317 244
318 118
319 135
320 87
321 52
322 209
323 224
324 52
325 53
326 226
327 103
328 210
329 74
330 71
331 190
332 4
333 175
334 76
335 295
336 14
337 85
338 112
339 101
340 234
341 287
342 255
343 210
344 74
345 123
346 257
347 24
348 61
349 52
350 249
351 317
352 219
353 55
354 93
355 238
356 38
357 347
358 152
359 225
360 303
361 269
362 348
363 109
364 43
365 88
366 209
367 11
368 288
369 186
370 176
371 284
372 36
373 75
374 191
375 354
376 242
377 369
378 377
379 375
380 255
381 248
382 20
383 197
384 53
385 255
386 315
387 127
388 212
389 267
390 22
391 55
392 23
393 240
394 118
395 88
396 201
397 69
398 155
399 53
400 91
401 119
402 394
403 58
404 299
405 229
406 317
407 75
408 99
409 83
410 138
411 407
412 219
413 20
414 135
415 94
416 354
417 148
418 383
419 398
420 139
421 230
422 254
423 405
424 142
425 178
426 301
427 392
428 15
429 194
430 301
431 35
432 299
433 70
434 46
435 222
436 391
437 54
438 48
439 99
440 70
441 231
442 329
443 325
444 413
445 401
446 114
447 64
448 142
449 191
450 104
451 123
452 384
453 27
454 411
455 276
456 26
457 147
458 304
459 270
460 366
461 104
462 417
463 201
464 453
465 447
466 157
467 44
468 155
469 65
470 197
471 185
472 72
473 111
474 217
475 97
476 1
477 73
478 431
479 327
480 365
481 263
482 174
483 89
484 152
485 26
486 138
487 123
488 432
489 156
490 212
491 132
492 62
493 290
494 490
495 273
496 16
497 248
498 223
499 351
500 317
500 4000
833 3718 1652 3473 1614 3553 1078 1237 282 388 3629 3928 2203 1874 1417 1928 1466 3015 1006 286 3391 627 3453 415 2974 1591 3838 2390 545 3871 3474 1039 3447 3487 3447 1656 2525 3985 988 372 1163 814 2536 896 3361 3147 549 2921 3955 2646 242 1165 3955 1841 200 3570 2077 879 1068 3621 3944 3757 3798 1173 458 1875 3968 558 364 1259 3955 410 3759 513 238 1621 3551 3708 3479 2512 1142 1564 3878 2410 1075 1590 3439 2218 3197 2092 1360 1503 3377 560 3708 2844 2291 90 1575 334 2964 71 2609 832 0 2006 2551 2098 1162 3934 3352 3925 411 1106 1604 586 1049 1272 2475 828 2068 262 1476 828 86 1278 1405 2812 682 364 2978 3502 781 990 624 2334 2196 3299 1948 3149 3517 2375 1118 3759 1850 1166 2691 3400 2331 2928 1043 3555 507 2677 1600 1683 237 2480 2288 1358 3911 1953 11 2183 270 294 871 2059 900 193 20 1662 2095 1457 2467 3671 1931 362 1532 1850 3538 2006 1920 1301 874 881 730 2525 2927 447 2797 2442 1569 2673 2393 560 3281 3832 3727 2367 1511 1513 3479 894 3607 1010 3519 2692 3365 1404 870 2072 1750 1827 3848 3882 2072 978 3756 2641 2644 3330 1804 2471 3026 3060 2661 3650 588 1933 607 3604 1975 1874 2622 165 2158 2276 968 143 3714 958 2873 731 3742 653 3845 635 319 560 686 2152 1875 688 2758 1373 1264 2210 1542 2068 3896 3259 3823 1792 10 3379 2399 3626 13 3902 1176 2256 1080 3015 3757 1627 2148 622 2895 3808 1141 3011 1110 2010 966 3491 2002 1222 276 3475 2580 3263 2605 2652 3032 2171 186 1926 3349 2566 1897 3640 2311 3710 2111 3822 2395 3855 1598 3740 1948 3632 2611 739 2814 766 3491 1810 457 2071 1366 2463 1671 2746 3043 358 1552 3966 2077 3202 661 2032 2237 1417 971 2705 2769 3117 2010 880 2885 2961 1766 2788 3345 3176 861 1036 1187 1429 2242 1963 3149 2879 2136 3166 465 3731 1745 2080 875 2846 1881 1441 2079 3339 1566 354 325 3963 3715 2229 2961 3875 773 1171 807 779 1740 3038 3486 3236 213 2616 787 841 2878 2467 2288 3833 1939 634 2782 2132 1368 2577 937 1845 2936 2985 594 912 973 2263 1242 3948 1967 662 2700 1026 289 3817 3211 2295 730 3734 3518 2102 3153 3424 2393 3602 1965 1732 2540 3515 2443 3287 17 1087 2191 2909 1937 3076 368 2477 535 2819 2014 2052 346 3655 471 1256 3652 774 3658 1470 3591 1599 874 3182 2050 1077 2391 3925 2511 3243 2472 715 3920 321 1181 887 794 1519 836 2128 1346 768 1385 1654 71 2192 2595 3600 255 3785 1596 424 102 1595 1536 2180 227 2010 1289 2214 3293 892 713 3142 3709 212 2489 2895 2917 169 3202 3608
1976 3283 3505 3670 2632 2220 1080 3487 2007 3102 1752 2448 2133 2095 1516 1111 2838 2939 3226 2484 1425 227 465 2536 3804 2549 1701 2436 70 285 3943 3888 2421 1484 1480 346 2242 3847 464 1025 3314 1171 1977 2306 3543 2110 978 3618 1991 1937 2386 3324 219 1300 2745 2317 426 3585 302 3581 167 1038 1461 3024 2265 468 591 3629 346 2564 1174 3950 3667 2092 1881 1768 437 2982 2453 380 91 385 406 2207 2911 2291 2029 1159 3642 3422 2225 1558 3488 2594 2075 2571 2043 1187 637 3494 1095 1627 2052 2395 175 1955 2446 2203 679 317 941 1374 1705 549 3869 2164 3956 2040 1283 686 514 3844 3463 872 2120 370 2067 217 3892 2449 3756 1725 2786 2532 497 2082 2624 3470 3602 945 2884 572 2003 2463 1002 851 1 2964 3795 3003 2036 3482 3706 2795 2343 1994 2904 3862 2740 1235 2011 2294 723 75 2467 2391 3860 3386 2558 3046 1148 1604 2117 283 1917 631 1750 1412 665 1110 3315 2644 1304 3716 2715 3147 136 2900 1896 2342 1654 1551 201 2921 2026 1799 3169 2091 2823 2267 2656 3555 291 523 2657 2226 2756 1215 3780 2512 669 1074 1389 2042 1128 3139 637 699 3524 766 2831 2393 1392 680 3094 227 1257 2121 2069 3066 1089 574 895 1725 3649 2783 465 792 1153 3437 3757 2127 1157 1600 1336 518 2106 2159 3095 1716 1522 1345 3430 681 1564 1555 153 1501 648 1770 3862 826 1850 506 1619 2283 941 1431 3020 1383 3690 2107 3944 3928 2985 2937 2925 240 328 2305 3617 3086 2089 3284 2628 876 3569 394 1674 1260 607 3745 157 2660 2858 2152 2002 1351 2367 1323 3947 3477 1049 3457 206 2980 1345 532 3908 3152 904 2224 3029 161 3363 1807 3041 731 295 2372 322 651 2182 2246 2081 1936 1353 1182 55 743 463 1748 3622 3099 2628 534 3702 44 1605 3337 1716 510 3508 3381 520 1988 1047 2571 2039 3310 3191 1945 3289 49 3829 977 3675 565 1135 3158 1848 3204 405 264 2868 1584 389 3506 3961 805 2542 3345 3766 881 2531 2662 2581 241 3325 1503 1436 221 727 1762 902 3221 3109 1915 963 1773 1493 3527 3822 406 2313 1634 493 1582 1779 1197 3343 1418 338 2979 2689 2914 2924 541 2066 1822 717 3267 1960 383 96 3286 322 2864 524 1467 2416 1326 273 1322 1712 180 2179 3191 2987 1515 1574 2016 271 3890 2282 2167 334 3498 2665 145 663 1796 2688 1264 628 1262 586 2637 773 2906 1219 3082 1723 305 2812 694 3159 1592 635 3169 2051 1889 502 3490 3538 2228 2607 3878 1461 2366 3217 3419 3357 155 3340 3165 1368 1632 206 3520 2310 1131 3747 2942 1787 3566 1007 3683 2330 1560 489 3607 3376 518 2618 267 1999 2601 3415 743
5 97 36 68 72 87 8 92 5 26 49 97 23 55 19 81 61 62 95 32 57 68 26 48 38 43 73 10 79 91 28 54 29 94 72 65 20 14 21 45 22 89 84 34 55 97 12 69 96 46 4 75 54 86 89 88 74 48 65 77 95 70 99 81 14 23 87 94 76 55 69 50 85 2 17 81 49 93 18 16 20 82 28 88 22 30 67 48 11 10 50 55 92 7 66 82 59 43 67 61 31 28 7 43 23 80 64 80 47 16 45 97 100 53 93 54 98 48 60 84 31 26 5 44 6 92 35 69 32 31 6 92 66 75 85 4 35 91 53 89 47 76 61 28 9 96 265 46 5 17 64 96 17 3 45 5 62 17 36 97 41 79 13 73 11 76 45 49 25 20 24 66 1 13 62 1 53 90 93 58 52 17 2 20 26 66 100 48 3 7 98 28 95 94 7 11 89 8 24 71 98 67 28 53 75 67 39 80 10 72 100 79 33 55 96 4 81 23 8 50 57 50 9 98 41 100 18 41 69 47 57 36 97 11 95 84 63 77 77 5 95 86 92 21 66 44 24 1 74 61 91 7 77 33 84 45 60 3 56 85 77 68 6 17 66 17 31 86 4 11 92 52 57 63 79 52 19 24 95 1 5 52 43 72 62 77 5 22 3 56 7 58 60 11 57 95 22 65 57 39 95 42 92 45 51 83 90 33 10 66 81 10 39 18 4 23 36 1 74 85 26 30 69 32 46 86 64 24 16 14 100 19 87 38 13 8 33 39 29 78 85 78 9 98 79 92 96 61 75 90 28 30 53 11 19 67 56 94 5 34 36 8 38 22 12 98 54 78 96 43 76 97 72 33 77 51 33 97 49 47 8 96 95 66 81 99 44 83 60 10 52 60 74 76 89 68 95 91 77 29 3 86 26 52 81 99 3 23 10 95 5 64 82 98 66 67 73 47 78 24 49 68 75 9 91 58 87 37 42 80 100 43 86 77 53 1 50 47 4 12 89 38 18 83 66 48 27 23 97 19 31 22 100 4 4 35 50 77 38 97 16 66 40 10 81 39 35 55 98 78 24 89 18 59 53 6 15 92 56 24 90 30 24 38 79 19 97 29 20 42 98 9 98 44 8 28 29 45 5 18
2 1
3 2
4 3
5 4
6 5
7 6
8 7
9 8
10 9
11 10
12 11
13 12
14 13
15 14
16 15
17 16
18 17
19 18
20 19
21 20
22 21
23 22
24 23
25 24
26 25
27 26
28 27
29 28
30 29
31 30
32 31
33 32
34 33
35 34
36 35
37 36
38 37
39 38
40 39
41 40
42 41
43 42
44 43
45 44
46 45
47 46
48 47
49 48
50 49
51 50
52 51
53 52
54 53
55 54
56 55
57 56
58 57
59 58
60 59
61 60
62 61
63 62
64 63
65 64
66 65
67 66
68 67
69 68
70 69
71 70
72 71
73 72
74 73
75 74
76 75
77 76
78 77
79 78
80 79
81 80
82 81
83 82
84 83
85 84
86 85
87 86
88 87
89 88
90 89
91 90
92 91
93 92
94 93
95 94
96 95
97 96
98 97
99 98
100 99
101 100
102 101
103 102
104 103
105 104
106 105
107 106
108 107
109 108
110 109
111 110
112 111
113 112
114 113
115 114
116 115
117 116
118 117
119 118
120 119
121 120
122 121
123 122
124 123
125 124
126 125
127 126
128 127
129 128
130 129
131 130
132 131
133 132
134 133
135 134
136 135
137 136
138 137
139 138
140 139
141 140
142 141
143 142
144 143
145 144
146 145
147 146
148 147
149 148
150 149
151 150
152 151
153 152
154 153
155 154
156 155
157 156
158 157
159 158
160 159
161 160
162 161
163 162
164 163
165 164
166 165
167 166
168 167
169 168
170 169
171 170
172 171
173 172
174 173
175 174
176 175
177 176
178 177
179 178
180 179
181 180
182 181
183 182
184 183
185 184
186 185
187 186
188 187
189 188
190 189
191 190
192 191
193 192
194 193
195 194
196 195
197 196
198 197
199 198
200 199
201 200
202 201
203 202
204 203
205 204
206 205
207 206
208 207
209 208
210 209
211 210
212 211
213 212
214 213
215 214
216 215
217 216
218 217
219 218
220 219
221 220
222 221
223 222
224 223
225 224
226 225
227 226
228 227
229 228
230 229
231 230
232 231
233 232
234 233
235 234
236 235
237 236
238 237
239 238
240 239
241 240
242 241
243 242
244 243
245 244
246 245
247 246
248 247
249 248
250 249
251 124
252 26
253 230
254 199
255 123
256 64
257 42
258 120
259 180
260 227
261 214
262 53
263 241
264 45
265 70
266 39
267 6
268 94
269 56
270 46
271 203
272 209
273 114
274 58
275 28
276 41
277 241
278 273
279 238
280 221
281 33
282 133
283 262
284 105
285 274
286 132
287 91
288 110
289 123
290 275
291 243
292 54
293 84
294 271
295 165
296 231
297 57
298 226
299 227
300 78
301 33
302 160
303 258
304 103
305 173
306 175
307 210
308 84
309 54
310 116
311 8
312 205
313 264
314 257
315 59
316 68
317 83
318 117
319 115
320 42
321 241
322 321
323 59
324 28
325 62
326 24
327 24
328 150
329 213
330 288
331 136
332 243
333 236
334 151
335 48
336 316
337 161
338 239
339 317
340 27
341 70
342 291
343 19
344 305
345 306
346 286
347 22
348 220
349 145
350 288
351 48
352 322
353 246
354 230
355 210
356 46
357 90
358 18
359 341
360 243
361 344
362 360
363 309
364 160
365 303
366 94
367 266
368 113
369 136
370 145
371 83
372 92
373 220
374 7
375 113
376 37
377 128
378 55
379 73
380 103
381 291
382 3
383 128
384 60
385 240
386 28
387 273
388 361
389 85
390 247
391 382
392 385
393 99
394 371
395 284
396 3
397 151
398 256
399 267
400 90
401 168
402 80
403 386
404 59
405 254
406 17
407 303
408 168
409 210
410 223
411 295
412 25
413 31
414 109
415 405
416 212
417 72
418 383
419 374
420 178
421 63
422 142
423 169
424 233
425 326
426 317
427 330
428 333
429 176
430 180
431 99
432 102
433 314
434 284
435 356
436 45
437 114
438 168
439 118
440 282
441 135
442 227
443 27
444 74
445 411
446 208
447 186
448 389
449 230
450 307
451 188
452 309
453 372
454 361
455 324
456 212
457 376
458 145
459 148
460 150
461 441
462 194
463 280
464 109
465 277
466 117
467 241
468 239
469 441
470 382
471 195
472 149
473 281
474 129
475 81
476 250
477 460
478 354
479 426
480 134
481 17
482 315
483 330
484 87
485 15
486 465
487 300
488 149
489 179
490 215
491 177
492 287
493 200
494 293
495 211
496 33
497 3
498 15
499 48
500 270
