5
201 2535
1346 76 266 676 1887 1385 2427 3163 2672 3643 2514 3120 1629 734 2915 216 3424 2505 3378 1175 1237 2534 290 1918 2112 1966 1407 3647 1663 841 1546 3155 1649 101 325 1934 2822 1300 544 705 2249 3947 1378 2385 426 857 3131 3190 2032 3813 9 3223 1598 1099 1832 2660 3044 3672 542 788 1129 325 1159 1345 3287 1809 1214 1889 679 3074 3565 3590 2157 1405 1046 3768 2599 2851 1570 3570 513 1071 137 3419 3788 1391 3746 1414 1696 3167 2125 364 1102 2636 1502 1576 1322 3144 972 1076 3544 3753 954 995 502 1735 2853 1343 3562 214 47 1507 3820 3425 362 3644 822 2696 168 3580 3211 3452 1666 2943 3845 824 71 610 131 1378 295 1024 434 2563 1215 1007 1466 1219 3719 475 2123 3849 1274 834 2985 1202 709 145 1717 3408 435 3773 1278 549 3031 3460 551 3648 634 1349 1402 3735 3463 3165 1292 134 821 3235 1010 392 1685 2599 1860 2068 540 1831 2352 58 3249 2770 2114 861 154 3522 3665 1043 3203 147 3340 2972 3696 2217 134 0 1413 226 992 3436 979 2199 1174
1155 853 181 531 1620 746 561 763 1056 699 1052 545 1983 1217 1187 2015 1742 1001 955 74 1121 2447 1065 2113 1313 689 1109 1774 416 370 2532 1093 739 2235 1217 2230 444 1299 1006 667 145 1781 72 1449 1473 227 937 1463 885 1440 636 1738 1950 455 1666 1311 1853 14 1098 415 2307 2068 1466 857 2512 1178 352 1014 2060 2237 137 1400 1773 2260 155 473 1851 242 2513 1619 1607 97 1049 2156 578 2309 1552 2003 589 1054 2389 1834 558 643 1480 372 1300 2123 1760 1300 546 549 2319 101 2107 1711 660 2354 2421 231 1558 302 1766 1236 1036 1284 574 1700 106 2100 433 2037 745 250 2416 921 1637 1006 2318 1552 2234 935 1920 1650 1014 2126 849 1707 799 749 1565 548 181 453 1446 979 2198 2467 2423 561 2053 1541 1823 92 1357 1060 2466 1130 1463 2388 890 2460 205 1339 573 1267 287 394 111 564 1979 307 1436 1994 1328 365 1540 2331 729 506 617 1275 1032 500 1314 2511 2038 1120 1224 1924 2443 916 945 444 1930 647 1049 1397 718 2334 2254
1 1 1 1 1 1 1 1 1 1 1 1 1 1 1 1 1 1 1 1 1 1 1 1 1 1 1 1 1 1 1 1 1 1 1 1 1 1 1 1 1 1 1 1 1 1 1 1 1 1 1 1 1 1 1 1 1 1 1 1 1 1 1 1 1 1 1 1 1 1 1 1 1 1 1 1 1 1 1 1 1 1 1 1 1 1 1 1 1 1 1 1 1 1 1 1 1 1 1 1 1 1 1 1 1 1 1 1 1 1 1 1 1 1 1 1 1 1 1 1 1 1 1 1 1 1 1 1 1 1 1 1 1 1 1 1 1 1 1 1 1 1 1 1 1 1 1 1 1 1 1 1 1 1 1 1 1 1 1 1 1 1 1 1 1 1 1 1 1 1 1 1 1 1 1 1 1 1 1 1 1 1 1 1 1 1 1 1 1 1 1 1 1 1 1 1 1 1 1 1 1
2 1
3 2
4 3
5 4
6 5
7 6
8 7
9 8
10 9
11 10
12 11
13 12
14 13
15 14
16 15
17 16
18 17
19 18
20 19
21 20
22 21
23 22
24 23
25 24
26 25
27 26
28 27
29 28
30 29
31 30
32 31
33 32
34 33
35 34
36 35
37 36
38 37
39 38
40 39
41 40
42 41
43 42
44 43
45 44
46 45
47 46
48 47
49 48
50 49
51 50
52 51
53 52
54 53
55 54
56 55
57 56
58 57
59 58
60 59
61 60
62 61
63 62
64 63
65 64
66 65
67 66
68 67
69 68
70 69
71 70
72 71
73 72
74 73
75 74
76 75
77 76
78 77
79 78
80 79
81 80
82 81
83 82
84 83
85 84
86 85
87 86
88 87
89 88
90 89
91 90
92 91
93 92
94 93
95 94
96 95
97 96
98 97
99 98
100 99
101 83
102 9
103 83
104 27
105 47
106 43
107 90
108 87
109 50
110 45
111 42
112 46
113 48
114 49
115 28
116 114
117 54
118 51
119 12
120 89
121 66
122 68
123 106
124 27
125 105
126 79
127 16
128 12
129 26
130 69
131 126
132 115
133 31
134 52
135 20
136 97
137 42
138 44
139 64
140 102
141 94
142 95
143 41
144 132
145 69
146 142
147 124
148 69
149 40
150 77
151 70
152 105
153 108
154 68
155 63
156 136
157 3
158 100
159 150
160 10
161 37
162 36
163 85
164 44
165 64
166 70
167 134
168 52
169 38
170 9
171 72
172 12
173 40
174 143
175 101
176 140
177 158
178 27
179 70
180 28
181 158
182 93
183 174
184 54
185 77
186 46
187 75
188 113
189 32
190 135
191 151
192 126
193 22
194 171
195 150
196 87
197 66
198 191
199 177
200 152
201 84
71 2922
1978 1938 3874 1569 1787 3214 3709 572 1984 395 61 2326 2422 3231 1665 1266 447 3152 547 3670 3169 1737 857 2789 2577 1053 72 3869 3009 3837 1681 3216 3847 181 1430 2950 3567 1643 1677 2067 3683 347 2376 3285 1816 908 2756 626 412 1240 3023 879 959 3899 286 212 383 1113 2640 1695 1016 1910 380 3462 491 2960 1697 2513 2669 479 1935
800 2571 1609 394 1981 887 1140 1292 982 859 248 49 486 580 234 1158 2590 2151 2858 1477 1527 591 1810 1481 1058 2320 1045 693 1603 621 341 1192 2277 1945 576 1246 256 13 1823 1898 912 945 646 2735 1731 551 1025 1102 185 340 1870 200 1942 84 607 275 1721 1536 630 30 835 595 943 1049 1386 2292 1295 1457 674 2299 2175
1 1 1 1 1 1 1 1 1 1 1 1 1 1 1 1 1 1 1 1 1 1 1 1 1 1 1 1 1 1 1 1 1 1 1 1 1 1 1 1 1 1 1 1 1 1 1 1 1 1 1 1 1 1 1 1 1 1 1 1 1 1 1 1 1 1 1 1 1 1 1
2 1
3 2
4 3
5 4
6 5
7 6
8 7
9 8
10 9
11 10
12 11
13 12
14 13
15 14
16 15
17 16
18 17
19 18
20 19
21 20
22 21
23 22
24 23
25 24
26 25
27 26
28 27
29 28
30 29
31 30
32 31
33 32
34 33
35 34
36 31
37 33
38 9
39 31
40 17
41 5
42 21
43 41
44 10
45 22
46 42
47 6
48 6
49 29
50 40
51 16
52 47
53 33
54 42
55 49
56 41
57 54
58 43
59 14
60 53
61 12
62 57
63 48
64 14
65 32
66 4
67 1
68 65
69 11
70 46
71 64
127 881
2677 3091 3478 1823 3274 3597 1380 3435 3414 2325 2815 1275 2215 1319 654 962 1551 308 3431 1574 3076 2419 1638 2096 408 3498 1580 213 442 3641 1851 2115 238 3944 1999 3600 1448 305 767 3838 2287 815 1332 3667 48 3336 2441 88 3744 1209 581 2798 470 289 693 633 3080 1104 3021 3399 454 2864 3617 1922 2261 659 1151 1942 1965 1054 2192 3747 3348 758 655 3494 1084 394 2985 869 1531 641 1078 3193 3082 1220 951 3872 2689 2030 1361 3266 2801 3954 1097 3747 1218 1421 256 3627 2991 3790 241 2641 2878 546 1129 3854 1508 1091 262 929 2649 3171 404 286 1688 1045 356 2620 2235 1597 2414 1277 3892 1785 1545
627 139 60 851 284 537 85 832 245 823 588 366 197 444 503 588 546 295 568 341 276 527 163 200 502 2 352 68 819 258 173 569 620 408 472 842 427 59 577 397 19 201 625 825 666 536 556 303 41 30 809 550 548 793 812 307 856 614 689 466 39 547 534 876 272 515 479 391 86 323 732 155 613 20 264 135 589 303 240 375 767 574 575 97 155 77 366 419 685 631 35 217 866 203 105 735 4 116 810 812 877 140 372 203 217 431 860 83 871 242 668 286 524 720 187 636 619 470 84 538 463 406 233 383 769 543 397
1 1 1 1 1 1 1 1 1 1 1 1 1 1 1 1 1 1 1 1 1 1 1 1 1 1 1 1 1 1 1 1 1 1 1 1 1 1 1 1 1 1 1 1 1 1 1 1 1 1 1 1 1 1 1 1 1 1 1 1 1 1 1 1 1 1 1 1 1 1 1 1 1 1 1 1 1 1 1 1 1 1 1 1 1 1 1 1 1 1 1 1 1 1 1 1 1 1 1 1 1 1 1 1 1 1 1 1 1 1 1 1 1 1 1 1 1 1 1 1 1 1 1 1 1 1 1
2 1
3 2
4 3
5 4
6 5
7 6
8 7
9 8
10 9
11 10
12 11
13 12
14 13
15 14
16 15
17 16
18 17
19 18
20 19
21 20
22 21
23 22
24 23
25 24
26 25
27 26
28 27
29 28
30 29
31 30
32 31
33 32
34 33
35 34
36 35
37 36
38 37
39 38
40 39
41 40
42 41
43 42
44 43
45 44
46 45
47 46
48 47
49 48
50 49
51 50
52 51
53 52
54 53
55 54
56 55
57 56
58 57
59 58
60 59
61 60
62 61
63 62
64 52
65 51
66 14
67 64
68 47
69 45
70 6
71 45
72 48
73 26
74 22
75 23
76 42
77 39
78 19
79 13
80 45
81 52
82 57
83 55
84 46
85 61
86 68
87 44
88 36
89 15
90 38
91 24
92 69
93 76
94 17
95 52
96 81
97 25
98 53
99 87
100 13
101 40
102 80
103 51
104 6
105 9
106 52
107 70
108 45
109 86
110 34
111 52
112 44
113 7
114 106
115 39
116 105
117 43
118 75
119 36
120 96
121 47
122 98
123 42
124 76
125 34
126 90
127 110
500 4000
842 3940 2186 944 1570 1427 1393 3605 3284 3503 2917 2428 3792 680 4 1811 3472 331 2148 714 202 153 3361 2828 823 2887 302 828 3810 2615 27 3187 3700 1045 2275 2329 3327 3476 2394 1378 425 235 2228 1035 27 2058 3416 2934 2762 290 2565 995 1092 340 901 3599 510 3321 3857 401 2365 3954 132 1683 2563 1073 3844 2991 1884 1896 814 2346 3080 3600 3713 917 3595 2942 2956 3682 2739 2657 59 36 777 1247 639 427 3707 112 1662 3582 553 2491 1466 698 174 3376 1797 3498 2128 743 1445 3431 2122 311 1507 2610 3033 1113 3865 1616 1285 1471 573 1223 2322 2959 680 1014 3271 3045 1740 570 2238 1192 501 190 1549 3755 1117 2978 2067 3367 470 2192 230 3224 3059 1978 2299 3958 3384 1401 1015 2293 3362 1890 2678 2398 825 778 633 3887 2196 2588 404 3090 940 3832 2904 3994 1798 47 61 2723 3003 61 52 3946 1897 2374 1708 2155 1374 2643 2050 2362 3459 2703 1613 1316 263 1470 3657 1319 2446 1118 1924 2512 1881 2401 3496 1556 3446 3113 359 2129 1386 1413 3436 3302 1789 172 1153 3216 1702 56 476 3367 1976 3813 2320 1529 1421 3018 2480 5 2449 2199 3557 1690 114 3312 1011 3122 678 2377 2793 3434 1820 2498 39 1795 2118 773 3956 2558 1319 2527 1888 2515 569 3164 341 3219 2881 3526 741 2592 2711 3359 112 1386 1360 156 948 587 653 2757 2617 3621 2505 203 2716 1914 2814 2602 252 589 2712 351 1379 2391 1438 492 3574 2637 2621 3434 1280 3409 1046 3150 1819 1494 266 3167 0 3832 2149 3734 1137 2971 1032 824 1828 2595 3579 1873 2065 1620 690 3698 2015 1867 862 2253 1803 1629 1847 2126 1978 1999 1351 2683 3264 1974 3642 3984 3601 2416 2948 2581 2312 131 3923 833 469 757 1430 3060 2540 2027 2829 911 1131 3494 3666 2231 395 3643 1928 394 3914 3123 2530 1793 3383 2851 1526 2119 222 3116 2147 56 3990 2582 3392 574 777 1768 231 2889 3940 3020 97 3438 31 1505 3218 2466 3374 2657 1159 2134 2440 756 1567 3637 3766 2516 1816 3260 1536 1924 154 2713 2836 1867 3048 264 1784 3446 2086 3882 1649 2636 3621 1671 1524 1651 2198 486 2348 548 2766 2186 1644 2091 1526 2864 1591 3427 3637 967 3950 47 1153 1359 2169 3131 2499 3829 3864 52 3946 3118 2636 518 2995 2642 385 597 598 379 2814 1727 3667 2494 1583 1232 478 3146 2386 1637 3816 2976 2144 3910 176 1362 2430 1118 3209 1534 1059 2141 76 3628 524 1904 737 2023 3198 991 2953 25 3387 2503 175 3179 1352 570 2576 2715 3101 2036 1032 895 3534 3616 798 2041 2873 1867 1874 1820 2449 870 3748 3774 2057 2562 3528 126 1444 2696 2345 793
3413 1574 13 1590 639 2706 2119 540 3708 2545 2610 2287 1555 576 3180 2643 1824 1515 3841 489 1783 2684 3336 63 3577 2216 286 1978 1909 1591 1761 194 1345 244 1456 3951 3896 3254 2785 178 887 3245 1380 6 2963 3376 3223 2135 2878 3589 2601 1299 154 2097 883 3024 3453 1058 1971 1565 3942 2075 3787 3437 1471 1568 3291 2784 692 898 2715 1972 2643 652 1755 1771 2756 2285 767 62 2059 1608 949 2498 3900 699 409 1304 3742 3340 1323 1339 3748 3033 1999 1413 1064 833 3078 194 938 3118 876 2041 328 3046 2834 3479 3293 2066 1756 3390 3071 653 3166 1581 2100 1104 2643 2993 2773 1821 542 44 3238 2442 1413 2211 725 1679 2283 3374 3186 3827 525 3515 1550 595 2847 1187 2806 3444 1352 3632 1874 2155 59 2510 1242 362 1528 3025 2200 2541 355 3815 1732 3012 100 3999 3772 1635 3359 2745 3395 744 2293 2064 2941 2284 91 1412 1703 653 1465 3308 2684 3738 1573 2171 3526 1024 3457 113 2401 2964 627 1253 727 2497 2277 721 87 1812 668 2430 2167 2789 3101 977 2925 520 3229 533 1033 3892 3687 554 277 307 948 1613 3951 683 1574 2281 1543 907 1286 351 53 1849 2143 3633 573 1210 3866 1940 741 1923 2780 2550 3414 2528 221 3693 2482 1634 2059 513 1685 2189 1791 3580 1999 130 702 2865 353 3305 3859 2794 2487 2754 3882 1302 1157 718 977 1714 1765 537 2379 1622 112 1418 3861 1891 379 2318 604 3179 2964 64 3007 512 1022 893 1346 1281 1513 2214 1170 737 213 1942 3360 378 1257 1575 88 657 2063 63 1697 3883 2515 960 2074 1360 3996 3888 564 3550 1195 965 1099 3473 242 2004 297 3184 2262 1275 1948 187 2056 1805 887 1747 3616 605 2887 1833 795 1902 3447 2795 376 3738 2087 492 1710 1792 2856 2707 2480 1043 3708 3526 1060 768 492 1079 2400 2783 1449 3919 3942 2077 3527 1146 2466 1289 3127 466 834 189 3557 1135 469 1454 3954 1839 2535 2679 2386 3042 1180 2338 233 1592 2284 920 3618 782 447 2154 528 566 745 3392 2793 390 295 226 928 3012 154 100 706 1455 2596 3702 2099 2416 3201 1004 42 3490 2216 11 3211 3360 2594 2004 3044 653 715 2389 1642 1224 743 2189 1877 2769 2919 1600 473 2550 2140 476 487 2691 2811 1194 3011 2633 2002 2423 2856 3533 1994 36 473 3603 2079 2765 2121 2828 3772 375 78 1149 90 2109 3490 721 3642 251 2011 2626 353 3196 2475 483 3732 224 1242 2128 180 561 2146 729 2716 584 3756 332 2233 1914 650 290 746 2120 3957 2829 3577 1063 488 159 792 2604 925 2174 223 412 231 2854 229 2514 2479 3166 382 849 3379 415 373 1868 1788 1250
1 1 1 1 1 1 1 1 1 1 1 1 1 1 1 1 1 1 1 1 1 1 1 1 1 1 1 1 1 1 1 1 1 1 1 1 1 1 1 1 1 1 1 1 1 1 1 1 1 1 1 1 1 1 1 1 1 1 1 1 1 1 1 1 1 1 1 1 1 1 1 1 1 1 1 1 1 1 1 1 1 1 1 1 1 1 1 1 1 1 1 1 1 1 1 1 1 1 1 1 1 1 1 1 1 1 1 1 1 1 1 1 1 1 1 1 1 1 1 1 1 1 1 1 1 1 1 1 1 1 1 1 1 1 1 1 1 1 1 1 1 1 1 1 1 1 1 1 1 1 1 1 1 1 1 1 1 1 1 1 1 1 1 1 1 1 1 1 1 1 1 1 1 1 1 1 1 1 1 1 1 1 1 1 1 1 1 1 1 1 1 1 1 1 1 1 1 1 1 1 1 1 1 1 1 1 1 1 1 1 1 1 1 1 1 1 1 1 1 1 1 1 1 1 1 1 1 1 1 1 1 1 1 1 1 1 1 1 1 1 1 1 1 1 1 1 1 1 1 1 1 1 1 1 1 1 1 1 1 1 1 1 1 1 1 1 1 1 1 1 1 1 1 1 1 1 1 1 1 1 1 1 1 1 1 1 1 1 1 1 1 1 1 1 1 1 1 1 1 1 1 1 1 1 1 1 1 1 1 1 1 1 1 1 1 1 1 1 1 1 1 1 1 1 1 1 1 1 1 1 1 1 1 1 1 1 1 1 1 1 1 1 1 1 1 1 1 1 1 1 1 1 1 1 1 1 1 1 1 1 1 1 1 1 1 1 1 1 1 1 1 1 1 1 1 1 1 1 1 1 1 1 1 1 1 1 1 1 1 1 1 1 1 1 1 1 1 1 1 1 1 1 1 1 1 1 1 1 1 1 1 1 1 1 1 1 1 1 1 1 1 1 1 1 1 1 1 1 1 1 1 1 1 1 1 1 1 1 1 1 1 1 1 1 1 1 1 1 1 1 1 1 1 1 1 1 1 1 1 1 1 1 1 1 1 1 1 1 1 1 1 1 1 1 1 1 1 1 1 1 1 1 1 1 1 1 1 1 1 1 1 1 1 1 1 1 1 1 1 1
2 1
3 2
4 3
5 4
6 5
7 6
8 7
9 8
10 9
11 10
12 11
13 12
14 13
15 14
16 15
17 16
18 17
19 18
20 19
21 20
22 21
23 22
24 23
25 24
26 25
27 26
28 27
29 28
30 29
31 30
32 31
33 32
34 33
35 34
36 35
37 36
38 37
39 38
40 39
41 40
42 41
43 42
44 43
45 44
46 45
47 46
48 47
49 48
50 49
51 50
52 51
53 52
54 53
55 54
56 55
57 56
58 57
59 58
60 59
61 60
62 61
63 62
64 63
65 64
66 65
67 66
68 67
69 68
70 69
71 70
72 71
73 72
74 73
75 74
76 75
77 76
78 77
79 78
80 79
81 80
82 81
83 82
84 83
85 84
86 85
87 86
88 87
89 88
90 89
91 90
92 91
93 92
94 93
95 94
96 95
97 96
98 97
99 98
100 99
101 100
102 101
103 102
104 103
105 104
106 105
107 106
108 107
109 108
110 109
111 110
112 111
113 112
114 113
115 114
116 115
117 116
118 117
119 118
120 119
121 120
122 121
123 122
124 123
125 124
126 125
127 126
128 127
129 128
130 129
131 130
132 131
133 132
134 133
135 134
136 135
137 136
138 137
139 138
140 139
141 140
142 141
143 142
144 143
145 144
146 145
147 146
148 147
149 148
150 149
151 150
152 151
153 152
154 153
155 154
156 155
157 156
158 157
159 158
160 159
161 160
162 161
163 162
164 163
165 164
166 165
167 166
168 167
169 168
170 169
171 170
172 171
173 172
174 173
175 174
176 175
177 176
178 177
179 178
180 179
181 180
182 181
183 182
184 183
185 184
186 185
187 186
188 187
189 188
190 189
191 190
192 191
193 192
194 193
195 194
196 195
197 196
198 197
199 198
200 199
201 200
202 201
203 202
204 203
205 204
206 205
207 206
208 207
209 208
210 209
211 210
212 211
213 212
214 213
215 214
216 215
217 216
218 217
219 218
220 219
221 220
222 221
223 222
224 223
225 224
226 225
227 226
228 227
229 228
230 229
231 230
232 231
233 232
234 233
235 234
236 235
237 236
238 237
239 238
240 239
241 240
242 241
243 242
244 243
245 244
246 245
247 246
248 247
249 248
250 249
251 36
252 158
253 31
254 1
255 7
256 50
257 27
258 145
259 159
260 214
261 21
262 231
263 1
264 128
265 195
266 135
267 123
268 42
269 73
270 79
271 42
272 1
273 127
274 104
275 163
276 46
277 251
278 244
279 143
280 172
281 85
282 266
283 29
284 264
285 79
286 175
287 70
288 121
289 93
290 181
291 210
292 177
293 277
294 132
295 92
296 78
297 291
298 24
299 83
300 1
301 235
302 107
303 122
304 272
305 246
306 273
307 59
308 295
309 193
310 259
311 251
312 193
313 147
314 212
315 131
316 293
317 123
318 112
319 209
320 31
321 203
322 134
323 239
324 257
325 99
326 198
327 181
328 169
329 1
330 68
331 116
332 2
333 111
334 312
335 117
336 276
337 61
338 120
339 320
340 316
341 81
342 125
343 135
344 151
345 172
346 175
347 84
348 132
349 135
350 345
351 343
352 310
353 109
354 342
355 76
356 289
357 43
358 7
359 168
360 286
361 325
362 164
363 7
364 360
365 343
366 296
367 161
368 323
369 60
370 351
371 167
372 245
373 122
374 270
375 287
376 264
377 159
378 143
379 273
380 153
381 81
382 348
383 33
384 255
385 204
386 193
387 154
388 132
389 383
390 322
391 363
392 346
393 192
394 325
395 98
396 25
397 206
398 171
399 251
400 184
401 252
402 124
403 328
404 393
405 312
406 178
407 305
408 166
409 36
410 241
411 198
412 359
413 207
414 89
415 141
416 289
417 15
418 30
419 349
420 178
421 329
422 391
423 64
424 52
425 169
426 230
427 29
428 307
429 269
430 198
431 139
432 100
433 148
434 360
435 213
436 271
437 56
438 202
439 93
440 283
441 387
442 185
443 401
444 343
445 344
446 62
447 335
448 216
449 350
450 125
451 54
452 433
453 349
454 428
455 71
456 168
457 217
458 35
459 444
460 340
461 403
462 112
463 223
464 52
465 333
466 273
467 303
468 414
469 49
470 356
471 256
472 385
473 317
474 378
475 401
476 335
477 413
478 121
479 197
480 399
481 417
482 378
483 21
484 6
485 269
486 115
487 43
488 354
489 199
490 17
491 489
492 484
493 400
494 332
495 446
496 10
497 461
498 286
499 258
500 431
500 4000
864 143 1163 1425 2754 1325 3770 3509 141 676 3231 1263 3631 2759 347 364 132 3471 1274 1713 1190 2199 1443 3481 2069 3091 3522 1300 1890 369 3764 3357 1665 3091 3316 539 1296 1355 2374 3738 2530 3544 961 2762 2960 865 1794 825 2818 3888 3598 2285 1785 1040 807 3621 1760 3562 2482 2353 3859 2461 2055 3631 3280 2429 1978 3336 2013 3918 2728 2794 1785 1760 870 263 3079 749 2822 1678 1368 1778 778 1513 567 1899 622 3608 2554 1746 1360 3308 2726 1976 547 742 3 2789 2451 753 2178 814 826 2237 2380 21 388 830 3724 3877 2144 2212 542 782 3719 1629 1081 318 3057 1961 539 2657 1109 3068 1651 3579 512 1625 1524 2211 473 1709 1303 3331 1620 3690 2481 429 1685 2438 1175 2272 2822 243 494 2108 2525 3776 2647 98 3239 2640 3962 1489 1112 1754 2034 1884 342 2049 3993 912 3588 341 2516 2245 3340 3306 1185 3266 432 1047 1791 214 3347 1490 606 1908 3106 1547 2665 2064 1576 2598 1233 2840 561 3165 890 2837 2782 2614 491 1442 2539 0 721 428 2876 1908 1748 3915 1038 3370 2942 3775 252 2970 2888 975 3344 3285 1543 3295 2668 1923 3990 2416 1849 1854 2245 3868 1999 1519 3489 2066 806 487 901 3472 3003 3617 1121 703 646 3031 842 2515 1499 2530 578 739 318 1015 3304 2662 2700 766 2498 3632 871 52 969 971 2978 1028 3925 153 141 3586 3049 3529 1314 617 1186 3064 1904 2869 3484 555 3399 387 1541 42 3685 744 2981 831 2976 2416 2253 239 2259 1208 478 857 3822 1774 1661 13 3033 1224 2006 3471 2056 2691 1517 3373 196 2941 172 3037 1849 53 104 1594 764 161 1686 2721 1150 3152 3374 167 150 2754 3198 1566 3755 453 1490 1064 3937 2386 1153 1499 1829 2759 315 1878 3643 2054 2289 2594 167 175 3525 3821 1147 2938 307 740 768 695 1215 1519 647 2569 3168 625 657 2592 364 897 2813 2199 421 67 3122 3502 548 235 1868 393 229 2419 491 1161 754 3482 3930 2730 2579 2623 1725 1757 1750 735 1662 2982 1435 1356 2457 3320 931 975 1893 1776 1817 1888 5 1968 1504 3972 464 2430 3230 1190 2845 92 3368 3513 946 105 3248 364 2573 1721 2956 1967 2004 304 1896 102 506 2597 3534 940 1842 2676 2356 3467 440 804 774 793 61 316 309 149 371 576 2175 2721 762 848 3904 2978 3913 1731 1433 471 1056 1760 223 1463 2508 446 3911 1071 3131 444 1135 2330 1507 3491 272 3810 1262 2652 2562 790 103 588 911 2860 682 1495 1916 2970 2536 2068 2709 911 634 2861 1400 3064 520 27 260 3056 1433 3840 3330 263 637 1573 1140 2007 3864 789 92 2403 3121 1401 1936 1553 3515 3030
254 3169 2231 1410 2142 1059 3169 2871 113 127 398 1985 1789 645 3534 3373 219 796 3016 3482 3312 1799 3417 3908 2573 2455 2764 594 970 817 1627 2398 1439 3648 3013 2308 483 2781 2832 3086 808 3773 2882 2783 1783 315 1819 2206 425 1767 1301 100 3238 975 1214 2120 3297 3436 565 266 596 3888 3172 415 216 3245 1982 3228 936 712 58 3301 3767 767 2222 3064 1039 1400 1551 597 588 1900 1320 2351 3225 2580 762 2553 3561 2578 3987 2858 3448 737 2290 2098 1347 2336 2874 97 2566 3100 533 2485 1078 2526 1932 2980 1694 244 868 3562 2077 995 2939 3956 3520 2093 1987 845 444 1567 3359 3465 2927 1789 508 2447 504 3377 1682 2732 2036 3889 123 1877 348 1776 3315 571 1179 1351 849 854 1172 3396 3813 2058 1203 3923 691 3070 1011 3404 2191 3071 2801 3932 154 1967 3343 3832 956 3763 843 2718 866 2685 97 557 3931 3766 831 3688 1678 2959 136 1223 1086 3082 2188 2942 2849 1572 2309 3632 92 3780 3669 2678 36 2665 3199 12 1969 2480 547 3389 2372 3621 2366 1455 2363 844 3746 2385 947 2640 146 675 3230 2411 449 3878 1540 661 1067 645 159 49 1428 771 2066 1750 160 3238 554 59 307 3396 1496 902 2571 364 3757 438 155 2264 2424 622 2665 1265 669 1477 1098 3458 790 459 2460 609 1742 221 3109 346 2332 3468 1995 3678 2333 491 2420 396 662 1943 1183 1726 3208 1067 1122 3542 1749 1603 3302 2281 3155 3600 3776 2572 494 2749 2417 1469 3523 225 3809 1237 26 3269 2456 3276 420 2424 2173 973 470 1968 51 2523 3141 3139 1008 1666 3970 2086 416 1091 1464 1989 3258 1498 1956 3588 3778 785 2901 1876 2687 1738 2052 409 2974 2824 182 90 2759 2174 2160 2634 542 3356 2234 1110 1309 246 2775 1776 816 3606 1860 2203 2386 3749 3120 535 902 3125 3835 878 2040 1234 1650 3038 3734 585 2314 2378 201 440 1916 3100 473 2296 960 1629 352 2280 1261 344 3758 284 399 2922 61 996 3338 3118 3062 2369 1775 3751 3460 645 2237 654 3831 744 3770 1758 1052 2676 3026 1566 1339 265 47 2159 2994 1233 3162 502 1713 3659 2162 3178 2325 1073 2602 3905 745 2476 1960 440 2138 3514 1403 3649 1882 3422 221 593 536 3176 650 1897 3389 3493 480 2052 2763 1033 1623 1698 1137 2812 1251 3124 2514 3043 2312 1897 3192 3951 190 472 2099 1546 3846 2989 2646 1120 203 1592 404 1933 2428 532 3319 2757 1033 1781 2177 3464 1661 3349 936 3367 795 800 3564 3825 508 2365 2554 3074 2217 1727 198 910 3668 76 2404 2121 2972 589 8 634 2336 3575 1504 609 3043 2937 431 1542 2 1606 459 259 947 2596
1 1 1 1 1 1 1 1 1 1 1 1 1 1 1 1 1 1 1 1 1 1 1 1 1 1 1 1 1 1 1 1 1 1 1 1 1 1 1 1 1 1 1 1 1 1 1 1 1 1 1 1 1 1 1 1 1 1 1 1 1 1 1 1 1 1 1 1 1 1 1 1 1 1 1 1 1 1 1 1 1 1 1 1 1 1 1 1 1 1 1 1 1 1 1 1 1 1 1 1 1 1 1 1 1 1 1 1 1 1 1 1 1 1 1 1 1 1 1 1 1 1 1 1 1 1 1 1 1 1 1 1 1 1 1 1 1 1 1 1 1 1 1 1 1 1 1 1 1 1 1 1 1 1 1 1 1 1 1 1 1 1 1 1 1 1 1 1 1 1 1 1 1 1 1 1 1 1 1 1 1 1 1 1 1 1 1 1 1 1 1 1 1 1 1 1 1 1 1 1 1 1 1 1 1 1 1 1 1 1 1 1 1 1 1 1 1 1 1 1 1 1 1 1 1 1 1 1 1 1 1 1 1 1 1 1 1 1 1 1 1 1 1 1 1 1 1 1 1 1 1 1 1 1 1 1 1 1 1 1 1 1 1 1 1 1 1 1 1 1 1 1 1 1 1 1 1 1 1 1 1 1 1 1 1 1 1 1 1 1 1 1 1 1 1 1 1 1 1 1 1 1 1 1 1 1 1 1 1 1 1 1 1 1 1 1 1 1 1 1 1 1 1 1 1 1 1 1 1 1 1 1 1 1 1 1 1 1 1 1 1 1 1 1 1 1 1 1 1 1 1 1 1 1 1 1 1 1 1 1 1 1 1 1 1 1 1 1 1 1 1 1 1 1 1 1 1 1 1 1 1 1 1 1 1 1 1 1 1 1 1 1 1 1 1 1 1 1 1 1 1 1 1 1 1 1 1 1 1 1 1 1 1 1 1 1 1 1 1 1 1 1 1 1 1 1 1 1 1 1 1 1 1 1 1 1 1 1 1 1 1 1 1 1 1 1 1 1 1 1 1 1 1 1 1 1 1 1 1 1 1 1 1 1 1 1 1 1 1 1 1 1 1 1 1 1 1 1 1 1 1 1 1 1 1 1 1 1 1 1 1 1 1 1 1 1 1 1 1 1
2 1
3 2
4 3
5 4
6 5
7 6
8 7
9 8
10 9
11 10
12 11
13 12
14 13
15 14
16 15
17 16
18 17
19 18
20 19
21 20
22 21
23 22
24 23
25 24
26 25
27 26
28 27
29 28
30 29
31 30
32 31
33 32
34 33
35 34
36 35
37 36
38 37
39 38
40 39
41 40
42 41
43 42
44 43
45 44
46 45
47 46
48 47
49 48
50 49
51 50
52 51
53 52
54 53
55 54
56 55
57 56
58 57
59 58
60 59
61 60
62 61
63 62
64 63
65 64
66 65
67 66
68 67
69 68
70 69
71 70
72 71
73 72
74 73
75 74
76 75
77 76
78 77
79 78
80 79
81 80
82 81
83 82
84 83
85 84
86 85
87 86
88 87
89 88
90 89
91 90
92 91
93 92
94 93
95 94
96 95
97 96
98 97
99 98
100 99
101 100
102 101
103 102
104 103
105 104
106 105
107 106
108 107
109 108
110 109
111 110
112 111
113 112
114 113
115 114
116 115
117 116
118 117
119 118
120 119
121 120
122 121
123 122
124 123
125 124
126 125
127 126
128 127
129 128
130 129
131 130
132 131
133 132
134 133
135 134
136 135
137 136
138 137
139 138
140 139
141 140
142 141
143 142
144 143
145 144
146 145
147 146
148 147
149 148
150 149
151 150
152 151
153 152
154 153
155 154
156 155
157 156
158 157
159 158
160 159
161 160
162 161
163 162
164 163
165 164
166 165
167 166
168 167
169 168
170 169
171 170
172 171
173 172
174 173
175 174
176 175
177 176
178 177
179 178
180 179
181 180
182 181
183 182
184 183
185 184
186 185
187 186
188 187
189 188
190 189
191 190
192 191
193 192
194 193
195 194
196 195
197 196
198 197
199 198
200 199
201 200
202 201
203 202
204 203
205 204
206 205
207 206
208 207
209 208
210 209
211 210
212 211
213 212
214 213
215 214
216 215
217 216
218 217
219 218
220 219
221 220
222 221
223 222
224 223
225 224
226 225
227 226
228 227
229 228
230 229
231 230
232 231
233 232
234 233
235 234
236 235
237 236
238 237
239 238
240 239
241 240
242 241
243 242
244 243
245 244
246 245
247 246
248 247
249 248
250 249
251 215
252 205
253 205
254 27
255 78
256 160
257 196
258 112
259 151
260 46
261 77
262 17
263 208
264 136
265 45
266 84
267 147
268 118
269 155
270 139
271 213
272 51
273 230
274 86
275 49
276 10
277 262
278 191
279 16
280 246
281 126
282 234
283 120
284 233
285 273
286 41
287 165
288 54
289 92
290 36
291 58
292 217
293 200
294 27
295 161
296 228
297 207
298 231
299 106
300 75
301 13
302 65
303 291
304 187
305 223
306 246
307 123
308 248
309 171
310 24
311 92
312 28
313 91
314 5
315 77
316 200
317 102
318 276
319 202
320 257
321 104
322 108
323 182
324 259
325 104
326 145
327 168
328 245
329 136
330 312
331 280
332 169
333 253
334 72
335 12
336 197
337 145
338 297
339 238
340 241
341 45
342 191
343 298
344 82
345 26
346 236
347 91
348 279
349 13
350 305
351 264
352 274
353 49
354 256
355 89
356 190
357 162
358 172
359 228
360 299
361 200
362 148
363 284
364 363
365 338
366 10
367 148
368 129
369 3
370 246
371 104
372 57
373 157
374 247
375 36
376 133
377 364
378 270
379 30
380 54
381 109
382 7
383 164
384 86
385 128
386 284
387 172
388 228
389 38
390 312
391 177
392 66
393 295
394 206
395 390
396 295
397 335
398 28
399 262
400 333
401 383
402 293
403 237
404 402
405 363
406 85
407 371
408 194
409 209
410 334
411 66
412 41
413 364
414 303
415 362
416 39
417 123
418 122
419 236
420 316
421 4
422 114
423 307
424 296
425 228
426 419
427 261
428 379
429 323
430 366
431 280
432 259
433 107
434 71
435 202
436 249
437 6
438 433
439 433
440 62
441 369
442 366
443 420
444 163
445 80
446 238
447 328
448 157
449 202
450 68
451 256
452 110
453 351
454 60
455 424
456 378
457 81
458 238
459 268
460 377
461 79
462 422
463 155
464 176
465 353
466 262
467 388
468 267
469 228
470 188
471 370
472 238
473 36
474 37
475 177
476 149
477 235
478 332
479 177
480 172
481 87
482 101
483 98
484 36
485 456
486 200
487 74
488 104
489 140
490 311
491 253
492 82
493 47
494 152
495 440
496 19
497 247
498 222
499 391
500 94
