5
401 899
1062 1062 1062 1062 1062 1062 1062 1062 1062 1062 1062 1062 1062 1062 1062 1062 1062 1062 1062 1062 1062 1062 1062 1062 1062 1062 1062 1062 1062 1062 1062 1062 1062 1062 1062 1062 1062 1062 1062 1062 1062 1062 1062 1062 1062 1062 1062 1062 1062 1062 1062 1062 1062 1062 1062 1062 1062 1062 1062 1062 1062 1062 1062 1062 1062 1062 1062 1062 1062 1062 1062 1062 1062 1062 1062 1062 1062 1062 1062 1062 1062 1062 1062 1062 1062 1062 1062 1062 1062 1062 1062 1062 1062 1062 1062 1062 1062 1062 1062 1062 1062 1062 1062 1062 1062 1062 1062 1062 1062 1062 1062 1062 1062 1062 1062 1062 1062 1062 1062 1062 1062 1062 1062 1062 1062 1062 1062 1062 1062 1062 1062 1062 1062 1062 1062 1062 1062 1062 1062 1062 1062 1062 1062 1062 1062 1062 1062 1062 1062 1062 1062 1062 1062 1062 1062 1062 1062 1062 1062 1062 1062 1062 1062 1062 1062 1062 1062 1062 1062 1062 1062 1062 1062 1062 1062 1062 1062 1062 1062 1062 1062 1062 1062 1062 1062 1062 1062 1062 1062 1062 1062 1062 1062 1062 1062 1062 1062 1062 1062 1062 1062 1062 1062 1062 1062 1062 1062 1062 1062 1062 1062 1062 1062 1062 1062 1062 1062 1062 1062 1062 1062 1062 1062 1062 1062 1062 1062 1062 1062 1062 1062 1062 1062 1062 1062 1062 1062 1062 1062 1062 1062 1062 1062 1062 1062 1062 1062 1062 1062 1062 1062 1062 1062 1062 1062 1062 1062 1062 1062 1062 1062 1062 1062 1062 1062 1062 1062 1062 1062 1062 1062 1062 1062 1062 1062 1062 1062 1062 1062 1062 1062 1062 1062 1062 1062 1062 1062 1062 1062 1062 1062 1062 1062 1062 1062 1062 1062 1062 1062 1062 1062 1062 1062 1062 1062 1062 1062 1062 1062 1062 1062 1062 1062 1062 1062 1062 1062 1062 1062 1062 1062 1062 1062 1062 1062 1062 1062 1062 1062 1062 1062 1062 1062 1062 1062 1062 1062 1062 1062 1062 1062 1062 1062 1062 1062 1062 1062 1062 1062 1062 1062 1062 1062 1062 1062 1062 1062 1062 1062 1062 1062 1062 1062 1062 1062 1062 1062 1062 1062 1062 1062 1062 1062 1062 1062 1062 1062 1062 1062 1062 1062 1062 1062 1062 1062 1062 1062 1062 1062 1062 1062 1062 1062 1062 1062 1062 1062 1062 1062 1062 1062
330 512 26 141 426 217 330 364 635 748 505 507 512 323 454 558 370 876 424 194 90 129 599 546 789 576 620 709 410 567 288 189 393 882 795 483 629 839 260 339 359 844 361 72 784 728 598 723 787 684 417 49 793 132 424 165 120 1 789 102 612 670 714 145 390 207 407 439 550 727 806 43 45 328 548 271 533 357 419 77 687 752 510 126 297 114 137 71 1 427 463 119 63 568 55 781 300 4 10 390 737 526 549 156 750 429 145 149 187 866 222 164 711 211 712 326 608 843 85 274 554 189 478 427 851 224 583 564 31 307 266 747 159 4 395 200 763 492 441 176 487 25 651 559 123 807 451 675 762 100 738 394 527 44 191 596 883 337 602 673 499 792 272 252 705 662 376 115 188 491 663 143 9 435 270 357 813 823 874 829 105 184 886 691 887 486 586 139 799 107 239 816 162 148 436 869 391 114 647 663 856 625 360 771 157 228 462 778 196 70 166 256 721 137 654 46 329 523 678 583 161 284 239 129 198 390 3 378 469 404 896 640 32 18 301 300 850 256 342 672 108 72 430 751 417 13 778 48 80 785 295 389 53 25 385 368 407 660 741 499 295 811 123 160 392 220 590 199 741 586 47 610 21 780 90 52 326 296 137 636 579 240 802 837 384 621 670 424 518 728 743 562 168 819 458 156 450 898 841 170 503 229 146 187 417 481 5 700 93 593 22 864 304 869 784 729 298 692 624 101 280 188 218 338 605 160 867 2 538 54 3 718 132 605 520 224 714 73 53 368 208 133 46 605 46 383 47 699 147 365 297 833 671 747 13 306 547 568 125 389 510 413 850 897 155 369 584 566 754 590 835 363 174 279 164 63 522 721 830 200 728 15 266 785 801 158 488 81 863 520 540 625 58 521 683 68 517 896 680 891 399
82 64 72 44 51 76 16 31 18 93 3 3 47 35 85 56 85 52 45 48 92 42 22 92 93 60 41 66 36 44 1 28 25 80 52 43 23 87 85 6 9 42 62 33 74 94 10 22 27 48 78 97 54 27 4 50 93 18 68 67 44 24 39 72 12 90 88 16 37 59 98 16 45 51 3 33 34 100 22 85 36 69 43 99 30 24 10 23 657 60 54 48 77 6 42 29 94 113 33 29 13 55 50 83 90 51 19 36 93 96 95 50 24 84 14 21 81 33 27 5 78 70 22 52 89 18 95 60 47 29 11 15 83 76 22 69 97 62 69 66 64 99 82 61 96 44 24 25 69 23 28 98 34 88 64 18 14 61 58 65 66 99 5 98 16 93 78 87 4 89 74 75 32 88 22 10 78 21 80 33 71 33 64 51 51 94 70 15 54 2 10 24 13 38 68 33 22 78 61 21 49 55 26 14 87 87 32 1 24 7 80 30 99 35 40 56 77 22 29 3 55 77 43 96 99 66 58 34 18 8 32 71 86 72 12 57 95 48 15 13 8 83 92 28 10 10 71 53 12 26 28 42 3 31 2 19 96 19 7 79 65 30 66 48 33 72 52 10 63 36 88 71 64 44 49 67 98 5 94 21 84 50 21 48 24 6 79 39 65 26 47 37 93 24 88 6 92 4 68 70 2 10 50 15 14 79 119 18 1 37 57 57 77 16 60 68 53 85 13 17 92 62 88 76 44 46 5 200 61 76 174 1 2 2 50 25 8 23 57 42 25 60 91 33 99 10 62 11 62 49 61 88 86 60 77 24 96 17 74 76 91 6 58 55 90 17 20 61 85 68 36 31 92 32 45 33 15 95 79 14 34 88 94 70 47 2 91 100 71 28 67 57 62 8 1 51 34 58 39 63 37
2 1
3 2
4 3
5 4
6 5
7 6
8 7
9 8
10 9
11 10
12 11
13 12
14 13
15 14
16 15
17 16
18 17
19 18
20 19
21 20
22 21
23 22
24 23
25 24
26 25
27 26
28 27
29 28
30 29
31 30
32 31
33 32
34 33
35 34
36 35
37 36
38 37
39 38
40 39
41 40
42 41
43 42
44 43
45 44
46 45
47 46
48 47
49 48
50 49
51 50
52 51
53 52
54 53
55 54
56 55
57 56
58 57
59 58
60 59
61 60
62 61
63 62
64 63
65 64
66 65
67 66
68 67
69 68
70 69
71 70
72 71
73 72
74 73
75 74
76 75
77 76
78 77
79 78
80 79
81 80
82 81
83 82
84 83
85 84
86 85
87 86
88 87
89 88
90 89
91 90
92 91
93 92
94 93
95 94
96 95
97 96
98 97
99 98
100 99
101 100
102 101
103 102
104 103
105 104
106 105
107 106
108 107
109 108
110 109
111 110
112 111
113 112
114 113
115 114
116 115
117 116
118 117
119 118
120 119
121 120
122 121
123 122
124 123
125 124
126 125
127 126
128 127
129 128
130 129
131 130
132 131
133 132
134 133
135 134
136 135
137 136
138 137
139 138
140 139
141 140
142 141
143 142
144 143
145 144
146 145
147 146
148 147
149 148
150 149
151 150
152 151
153 152
154 153
155 154
156 155
157 156
158 157
159 158
160 159
161 160
162 161
163 162
164 163
165 164
166 165
167 166
168 167
169 168
170 169
171 170
172 171
173 172
174 173
175 174
176 175
177 176
178 177
179 178
180 179
181 180
182 181
183 182
184 183
185 184
186 185
187 186
188 187
189 188
190 189
191 190
192 191
193 192
194 193
195 194
196 195
197 196
198 197
199 198
200 199
201 123
202 56
203 200
204 125
205 178
206 59
207 146
208 164
209 13
210 191
211 96
212 156
213 133
214 21
215 156
216 134
217 125
218 81
219 156
220 167
221 177
222 17
223 176
224 83
225 71
226 88
227 152
228 63
229 176
230 108
231 45
232 173
233 26
234 124
235 21
236 229
237 117
238 116
239 191
240 209
241 76
242 143
243 210
244 151
245 221
246 169
247 43
248 84
249 100
250 95
251 112
252 135
253 140
254 31
255 235
256 164
257 158
258 215
259 149
260 97
261 33
262 81
263 246
264 123
265 2
266 98
267 170
268 175
269 13
270 70
271 228
272 268
273 109
274 268
275 31
276 4
277 49
278 255
279 60
280 77
281 126
282 108
283 280
284 108
285 7
286 234
287 139
288 3
289 43
290 284
291 274
292 170
293 6
294 177
295 22
296 200
297 210
298 167
299 28
300 190
301 219
302 119
303 10
304 147
305 72
306 106
307 9
308 291
309 284
310 270
311 51
312 112
313 5
314 133
315 241
316 6
317 73
318 117
319 106
320 35
321 182
322 34
323 165
324 230
325 282
326 34
327 25
328 140
329 314
330 274
331 133
332 327
333 218
334 272
335 300
336 237
337 22
338 75
339 304
340 54
341 235
342 19
343 271
344 312
345 257
346 209
347 316
348 33
349 239
350 93
351 75
352 312
353 328
354 292
355 226
356 158
357 121
358 22
359 215
360 149
361 3
362 182
363 79
364 285
365 102
366 256
367 88
368 271
369 13
370 70
371 8
372 42
373 16
374 106
375 250
376 245
377 192
378 195
379 214
380 36
381 223
382 323
383 20
384 16
385 232
386 183
387 163
388 205
389 311
390 274
391 296
392 285
393 299
394 338
395 381
396 364
397 155
398 153
399 82
400 157
401 168
25 2478
1883 1883 1883 1883 1883 1883 1883 1883 1883 1883 1883 1883 1883 1883 1883 1883 1883 1883 1883 1883 1883 1883 1883 1883 1883
1758 209 1922 231 1241 186 419 431 1086 2244 1732 658 1969 690 1349 521 519 697 1376 27 1659 613 299 300 1554
37 47 3 14 15 6 89 2 9 35 71 33 13 44 82 82 81 92 24 47 43 40 50 70 33
2 1
3 2
4 3
5 4
6 5
7 6
8 7
9 8
10 9
11 10
12 11
13 2
14 8
15 13
16 6
17 10
18 8
19 5
20 8
21 4
22 16
23 13
24 4
25 23
308 2461
2228 2228 2228 2228 2228 2228 2228 2228 2228 2228 2228 2228 2228 2228 2228 2228 2228 2228 2228 2228 2228 2228 2228 2228 2228 2228 2228 2228 2228 2228 2228 2228 2228 2228 2228 2228 2228 2228 2228 2228 2228 2228 2228 2228 2228 2228 2228 2228 2228 2228 2228 2228 2228 2228 2228 2228 2228 2228 2228 2228 2228 2228 2228 2228 2228 2228 2228 2228 2228 2228 2228 2228 2228 2228 2228 2228 2228 2228 2228 2228 2228 2228 2228 2228 2228 2228 2228 2228 2228 2228 2228 2228 2228 2228 2228 2228 2228 2228 2228 2228 2228 2228 2228 2228 2228 2228 2228 2228 2228 2228 2228 2228 2228 2228 2228 2228 2228 2228 2228 2228 2228 2228 2228 2228 2228 2228 2228 2228 2228 2228 2228 2228 2228 2228 2228 2228 2228 2228 2228 2228 2228 2228 2228 2228 2228 2228 2228 2228 2228 2228 2228 2228 2228 2228 2228 2228 2228 2228 2228 2228 2228 2228 2228 2228 2228 2228 2228 2228 2228 2228 2228 2228 2228 2228 2228 2228 2228 2228 2228 2228 2228 2228 2228 2228 2228 2228 2228 2228 2228 2228 2228 2228 2228 2228 2228 2228 2228 2228 2228 2228 2228 2228 2228 2228 2228 2228 2228 2228 2228 2228 2228 2228 2228 2228 2228 2228 2228 2228 2228 2228 2228 2228 2228 2228 2228 2228 2228 2228 2228 2228 2228 2228 2228 2228 2228 2228 2228 2228 2228 2228 2228 2228 2228 2228 2228 2228 2228 2228 2228 2228 2228 2228 2228 2228 2228 2228 2228 2228 2228 2228 2228 2228 2228 2228 2228 2228 2228 2228 2228 2228 2228 2228 2228 2228 2228 2228 2228 2228 2228 2228 2228 2228 2228 2228 2228 2228 2228 2228 2228 2228 2228 2228 2228 2228 2228 2228 2228 2228 2228 2228 2228 2228 2228 2228 2228 2228 2228 2228
2248 1724 1918 386 2204 2192 679 1739 1952 2178 1881 1166 310 1976 2181 1382 333 236 310 2383 578 1366 621 1636 542 2399 911 468 880 788 459 1544 1253 976 1245 692 1830 1535 135 502 406 1953 520 1656 96 737 1304 673 1422 780 1208 1130 1552 1675 1641 1193 1162 1612 2103 401 1542 128 2288 1657 191 1010 607 2359 2082 148 2382 645 2299 616 733 1378 316 1213 61 527 327 84 517 84 49 1093 745 1863 835 1369 828 1727 1793 127 1089 1916 1803 1686 203 48 2029 2440 1302 342 1789 427 314 1723 1284 1977 1309 1107 1505 1736 1888 81 58 479 24 2399 1203 1762 728 2369 1240 1572 610 401 2420 2163 1942 2456 1783 797 720 474 2305 1134 457 1935 348 972 757 1007 2229 469 705 588 1049 838 1800 117 868 775 1461 296 529 2024 822 1274 1169 1042 2339 2145 34 834 2231 1261 1639 2056 969 1304 2366 2123 1725 2438 1656 1988 174 342 159 223 1244 602 1095 616 1299 1177 1349 1015 1791 1427 1384 1152 1307 927 525 1976 1054 711 2062 1818 137 212 1709 2118 1935 2031 53 682 289 84 2039 1757 231 1666 1659 2024 1914 1793 730 1458 579 462 901 746 612 1571 1568 422 933 1229 989 36 1469 908 395 1163 1026 2359 983 1773 1347 1372 988 1326 867 2012 981 1940 355 1567 758 1629 952 1466 1766 623 630 1327 2381 813 2339 272 178 687 2029 125 1484 1299 418 1190 961 80 435 387 1277 1707 571 2139 145 1533 1995 239 410 1635 1210 392 660 1791 218 1776 2446 1466 1185 1518 808 2265 867 474 1558 2251 1766 1596 1623 2032 1551 1649
99 95 99 3 87 97 87 46 43 66 43 23 19 15 61 78 46 36 12 86 16 88 94 37 38 76 7 71 67 53 46 9 52 45 67 42 19 43 56 34 44 24 1 61 96 12 58 95 39 76 43 18 12 59 9 12 82 77 46 33 10 94 76 59 35 50 98 81 5 32 20 89 17 77 3 46 80 11 67 32 2 41 20 42 45 9 96 53 83 68 39 30 40 96 22 38 52 61 17 15 12 4 87 43 62 36 100 72 2 34 61 79 39 15 94 29 95 90 97 41 23 77 77 44 53 8 38 94 43 23 59 22 95 16 32 23 20 77 54 80 92 24 43 46 62 44 59 92 31 2 76 52 31 36 65 40 38 65 77 6 60 90 49 20 4 15 96 55 37 85 77 90 97 10 18 77 59 50 63 23 11 34 86 22 44 78 22 26 37 91 94 47 91 49 22 10 42 97 18 53 67 43 66 30 57 42 86 10 91 25 100 62 53 61 62 14 32 6 85 21 88 27 3 85 37 92 31 100 37 83 71 30 40 7 97 11 36 87 14 8 56 59 79 89 63 11 41 26 13 93 5 91 81 35 24 48 64 48 43 9 9 8 26 94 58 34 29 51 54 2 71 66 31 50 95 32 39 64 63 8 10 81 83 74 34 98 38 96 89 12 11 75 2 96 20 12 63 18 38 16 23 94 88 37 1 29 53 62
2 1
3 2
4 3
5 4
6 5
7 6
8 7
9 8
10 9
11 10
12 11
13 12
14 13
15 14
16 15
17 16
18 17
19 18
20 19
21 20
22 21
23 22
24 23
25 24
26 25
27 26
28 27
29 28
30 29
31 30
32 31
33 32
34 33
35 34
36 35
37 36
38 37
39 38
40 39
41 40
42 41
43 42
44 43
45 44
46 45
47 46
48 47
49 48
50 49
51 50
52 51
53 52
54 53
55 54
56 55
57 56
58 57
59 58
60 59
61 60
62 61
63 62
64 63
65 64
66 65
67 66
68 67
69 68
70 69
71 70
72 71
73 72
74 73
75 74
76 75
77 76
78 77
79 78
80 79
81 80
82 81
83 82
84 83
85 84
86 85
87 86
88 87
89 88
90 89
91 90
92 91
93 92
94 93
95 94
96 95
97 96
98 97
99 98
100 99
101 100
102 101
103 102
104 103
105 104
106 105
107 106
108 107
109 108
110 109
111 110
112 111
113 112
114 113
115 114
116 115
117 116
118 117
119 118
120 119
121 120
122 121
123 122
124 123
125 124
126 125
127 126
128 127
129 128
130 129
131 130
132 131
133 132
134 133
135 134
136 135
137 136
138 137
139 138
140 139
141 140
142 141
143 142
144 143
145 144
146 145
147 146
148 147
149 148
150 149
151 150
152 151
153 152
154 153
155 136
156 124
157 103
158 96
159 52
160 92
161 26
162 157
163 111
164 74
165 143
166 127
167 157
168 144
169 30
170 68
171 100
172 121
173 110
174 45
175 84
176 65
177 86
178 49
179 57
180 4
181 126
182 112
183 142
184 143
185 181
186 92
187 127
188 173
189 29
190 40
191 163
192 154
193 21
194 129
195 193
196 113
197 58
198 5
199 57
200 60
201 2
202 189
203 33
204 1
205 77
206 157
207 47
208 10
209 12
210 93
211 110
212 47
213 179
214 51
215 15
216 113
217 177
218 139
219 17
220 30
221 155
222 162
223 200
224 116
225 49
226 115
227 130
228 24
229 60
230 170
231 64
232 76
233 145
234 94
235 106
236 82
237 20
238 188
239 115
240 66
241 184
242 206
243 150
244 49
245 90
246 40
247 246
248 145
249 237
250 90
251 105
252 110
253 77
254 149
255 227
256 249
257 23
258 12
259 158
260 66
261 155
262 203
263 247
264 56
265 3
266 91
267 182
268 257
269 116
270 165
271 259
272 267
273 258
274 219
275 72
276 138
277 96
278 221
279 88
280 60
281 200
282 145
283 220
284 182
285 32
286 172
287 223
288 151
289 142
290 184
291 88
292 220
293 70
294 118
295 104
296 261
297 49
298 211
299 97
300 226
301 8
302 210
303 293
304 29
305 209
306 243
307 203
308 139
500 4000
1842 1842 1842 1842 1842 1842 1842 1842 1842 1842 1842 1842 1842 1842 1842 1842 1842 1842 1842 1842 1842 1842 1842 1842 1842 1842 1842 1842 1842 1842 1842 1842 1842 1842 1842 1842 1842 1842 1842 1842 1842 1842 1842 1842 1842 1842 1842 1842 1842 1842 1842 1842 1842 1842 1842 1842 1842 1842 1842 1842 1842 1842 1842 1842 1842 1842 1842 1842 1842 1842 1842 1842 1842 1842 1842 1842 1842 1842 1842 1842 1842 1842 1842 1842 1842 1842 1842 1842 1842 1842 1842 1842 1842 1842 1842 1842 1842 1842 1842 1842 1842 1842 1842 1842 1842 1842 1842 1842 1842 1842 1842 1842 1842 1842 1842 1842 1842 1842 1842 1842 1842 1842 1842 1842 1842 1842 1842 1842 1842 1842 1842 1842 1842 1842 1842 1842 1842 1842 1842 1842 1842 1842 1842 1842 1842 1842 1842 1842 1842 1842 1842 1842 1842 1842 1842 1842 1842 1842 1842 1842 1842 1842 1842 1842 1842 1842 1842 1842 1842 1842 1842 1842 1842 1842 1842 1842 1842 1842 1842 1842 1842 1842 1842 1842 1842 1842 1842 1842 1842 1842 1842 1842 1842 1842 1842 1842 1842 1842 1842 1842 1842 1842 1842 1842 1842 1842 1842 1842 1842 1842 1842 1842 1842 1842 1842 1842 1842 1842 1842 1842 1842 1842 1842 1842 1842 1842 1842 1842 1842 1842 1842 1842 1842 1842 1842 1842 1842 1842 1842 1842 1842 1842 1842 1842 1842 1842 1842 1842 1842 1842 1842 1842 1842 1842 1842 1842 1842 1842 1842 1842 1842 1842 1842 1842 1842 1842 1842 1842 1842 1842 1842 1842 1842 1842 1842 1842 1842 1842 1842 1842 1842 1842 1842 1842 1842 1842 1842 1842 1842 1842 1842 1842 1842 1842 1842 1842 1842 1842 1842 1842 1842 1842 1842 1842 1842 1842 1842 1842 1842 1842 1842 1842 1842 1842 1842 1842 1842 1842 1842 1842 1842 1842 1842 1842 1842 1842 1842 1842 1842 1842 1842 1842 1842 1842 1842 1842 1842 1842 1842 1842 1842 1842 1842 1842 1842 1842 1842 1842 1842 1842 1842 1842 1842 1842 1842 1842 1842 1842 1842 1842 1842 1842 1842 1842 1842 1842 1842 1842 1842 1842 1842 1842 1842 1842 1842 1842 1842 1842 1842 1842 1842 1842 1842 1842 1842 1842 1842 1842 1842 1842 1842 1842 1842 1842 1842 1842 1842 1842 1842 1842 1842 1842 1842 1842 1842 1842 1842 1842 1842 1842 1842 1842 1842 1842 1842 1842 1842 1842 1842 1842 1842 1842 1842 1842 1842 1842 1842 1842 1842 1842 1842 1842 1842 1842 1842 1842 1842 1842 1842 1842 1842 1842 1842 1842 1842 1842 1842 1842 1842 1842 1842 1842 1842 1842 1842 1842 1842 1842 1842 1842 1842 1842 1842 1842 1842 1842 1842 1842 1842 1842 1842 1842 1842 1842 1842 1842 1842 1842 1842 1842 1842 1842 1842 1842 1842 1842 1842 1842 1842 1842 1842 1842 1842 1842 1842 1842 1842 1842 1842 1842
1171 3584 3598 48 992 3091 1065 212 1235 3620 2494 3065 1355 1906 1937 225 2706 458 2259 3605 1032 2311 2728 3104 2385 2860 1368 268 832 1600 2772 3580 1349 2666 682 2601 1492 397 172 2913 792 3557 1501 637 3447 163 3261 322 39 1606 1334 59 2929 3867 3911 2517 2883 534 1840 859 700 145 415 3155 1490 613 2330 1306 968 7 2989 571 3694 2118 3125 3414 3384 578 3149 47 2787 1487 2488 3412 3684 458 2800 1107 83 2203 942 3707 2808 2572 2874 3987 2132 2537 1621 1400 498 1274 3076 508 1326 3997 2015 3515 1382 2759 3482 3039 64 188 3282 2007 1691 2061 3707 1107 2329 3923 1417 2116 1837 425 3166 1170 353 3343 2291 3262 2859 1724 3497 1561 3920 3683 2706 3429 2584 2954 1178 2155 2452 359 91 3484 2572 1757 449 2893 205 310 2362 1453 2931 193 1346 3017 2546 653 1197 2562 3754 1991 53 2252 1484 689 2854 939 2599 355 1895 1162 3384 903 1483 317 3344 496 3577 3128 1607 3772 3224 2222 1857 234 670 3055 1951 2653 2778 2108 2281 2417 2047 1549 3802 2013 1235 966 1195 2027 3257 3349 1604 2516 2075 3343 255 3712 3611 2156 1279 2973 571 993 2385 3549 1899 28 2048 2549 1362 773 766 3220 2752 404 2737 1985 1746 3725 1532 3672 3622 2148 399 2918 3138 3469 177 2403 2112 2 972 2833 2396 1627 1369 851 1759 1898 1165 1807 398 725 1699 3718 1710 1751 1002 883 3866 3033 2002 2404 392 3278 2835 85 1528 429 446 2515 3070 210 519 1296 1969 3895 1202 3650 3253 3534 1405 2913 1221 3267 3726 2945 2435 2673 2781 3853 1732 2306 1924 1509 2167 1835 3590 250 1526 327 1789 1863 2288 1235 3528 3634 3989 2091 1364 3940 2882 99 2953 2917 3215 1768 3192 3036 1943 3768 3874 1222 1831 1791 3244 2613 3049 1204 353 1739 1459 3796 936 1207 2763 286 455 1071 733 1647 567 815 352 1663 2537 818 1956 3963 1368 1071 1984 2084 3857 3413 3771 1033 3904 3050 2648 449 124 65 3847 3372 3701 411 233 1482 1532 3392 3139 3292 2450 3549 1638 2746 1429 3712 3837 117 1224 1234 1048 3119 386 2804 3512 1943 1241 30 540 3081 3215 2836 490 2886 668 3979 705 2928 1534 1403 2494 1354 2046 517 1452 1389 2981 1415 1905 3630 1886 1885 3894 814 2124 634 3671 802 1518 3400 2571 1061 3249 381 3381 2235 279 3359 2155 712 1318 2937 1670 3760 84 3806 3243 1776 2320 3071 1561 3197 179 1256 3251 3868 1352 2559 1679 417 697 3647 1791 2637 1628 1586 3327 1218 2205 1871 64 3369 3052 83 2196 1734 522 610 3962 3610 655 544 3788 2650 3551 3755 582 654 2126 3867 1624 1965 2128 1437 2287 664 1830 3597 2561 2164
86 69 31 22 40 3 73 18 11 43 41 78 57 94 70 33 48 52 32 57 91 27 73 65 21 48 81 37 9 1 26 49 2 30 64 77 20 20 51 43 67 15 10 13 2 99 84 49 15 92 81 91 34 1 66 2 91 58 12 86 12 66 83 45 43 92 58 91 7 567 62 7 89 85 23 63 73 77 13 39 91 41 59 37 24 42 25 51 44 59 100 62 41 68 83 6 36 63 10 78 39 29 98 50 98 7 71 38 30 77 22 58 15 39 67 43 22 71 84 27 63 19 92 96 60 12 17 84 17 42 57 90 93 33 79 1 14 59 92 53 80 27 93 86 16 82 78 97 99 57 9 70 1 30 7 20 52 14 67 52 47 63 42 13 71 85 9 38 20 51 25 25 12 95 3 87 42 66 39 52 12 10 19 1 9 16 75 35 81 34 4 65 26 48 80 73 53 33 57 64 32 49 18 8 66 65 88 46 36 47 69 3 1 18 58 67 4 24 31 48 28 75 24 46 13 18 33 61 34 9 9 64 36 54 27 25 60 64 5 34 78 8 98 11 85 51 58 960 34 4 15 99 53 23 47 96 37 20 64 42 27 84 46 80 9 89 48 36 33 29 100 75 45 62 29 38 32 88 47 100 78 58 47 100 35 36 81 93 90 32 44 83 60 76 5 3 2 44 85 6 3 81 47 78 81 81 70 22 32 84 73 24 52 23 15 68 67 87 62 99 31 24 55 52 40 83 12 46 24 33 82 66 39 77 40 42 57 1 4 35 14 8 8 51 33 94 52 87 25 27 14 39 52 93 84 58 27 10 89 75 90 65 23 52 56 92 69 15 50 17 57 83 65 8 16 93 1 29 28 75 32 54 53 88 42 3 59 39 30 45 75 76 42 80 68 73 87 89 77 70 100 55 60 76 15 7 85 11 63 14 56 26 96 70 51 74 57 6 80 46 5 51 70 89 24 78 82 68 79 63 63 26 10 1 17 30 12 11 59 88 32 62 88 99 6 65 72 17 52 86 23 24 55 70 97 4 78 19 39 49 65 87 21 95 52 100 9 27 21 66 43 92 12 49 21 58 34 65 37 50 48 22 40 95 5 56 6 67 77 26 53 1 88 5 34 38 95 64 54 89
2 1
3 2
4 3
5 4
6 5
7 6
8 7
9 8
10 9
11 10
12 11
13 12
14 13
15 14
16 15
17 16
18 17
19 18
20 19
21 20
22 21
23 22
24 23
25 24
26 25
27 26
28 27
29 28
30 29
31 30
32 31
33 32
34 33
35 34
36 35
37 36
38 37
39 38
40 39
41 40
42 41
43 42
44 43
45 44
46 45
47 46
48 47
49 48
50 49
51 50
52 51
53 52
54 53
55 54
56 55
57 56
58 57
59 58
60 59
61 60
62 61
63 62
64 63
65 64
66 65
67 66
68 67
69 68
70 69
71 70
72 71
73 72
74 73
75 74
76 75
77 76
78 77
79 78
80 79
81 80
82 81
83 82
84 83
85 84
86 85
87 86
88 87
89 88
90 89
91 90
92 91
93 92
94 93
95 94
96 95
97 96
98 97
99 98
100 99
101 100
102 101
103 102
104 103
105 104
106 105
107 106
108 107
109 108
110 109
111 110
112 111
113 112
114 113
115 114
116 115
117 116
118 117
119 118
120 119
121 120
122 121
123 122
124 123
125 124
126 125
127 126
128 127
129 128
130 129
131 130
132 131
133 132
134 133
135 134
136 135
137 136
138 137
139 138
140 139
141 140
142 141
143 142
144 143
145 144
146 145
147 146
148 147
149 148
150 149
151 150
152 151
153 152
154 153
155 154
156 155
157 156
158 157
159 158
160 159
161 160
162 161
163 162
164 163
165 164
166 165
167 166
168 167
169 168
170 169
171 170
172 171
173 172
174 173
175 174
176 175
177 176
178 177
179 178
180 179
181 180
182 181
183 182
184 183
185 184
186 185
187 186
188 187
189 188
190 189
191 190
192 191
193 192
194 193
195 194
196 195
197 196
198 197
199 198
200 199
201 200
202 201
203 202
204 203
205 204
206 205
207 206
208 207
209 208
210 209
211 210
212 211
213 212
214 213
215 214
216 215
217 216
218 217
219 218
220 219
221 220
222 221
223 222
224 223
225 224
226 225
227 226
228 227
229 228
230 229
231 230
232 231
233 232
234 233
235 234
236 235
237 236
238 237
239 238
240 239
241 240
242 241
243 242
244 243
245 244
246 245
247 246
248 247
249 248
250 249
251 232
252 3
253 2
254 154
255 49
256 97
257 15
258 107
259 43
260 13
261 235
262 72
263 118
264 68
265 202
266 62
267 129
268 28
269 257
270 88
271 133
272 102
273 22
274 145
275 104
276 151
277 183
278 256
279 22
280 276
281 89
282 223
283 4
284 85
285 244
286 142
287 161
288 168
289 28
290 244
291 60
292 89
293 276
294 271
295 126
296 248
297 94
298 15
299 157
300 218
301 22
302 168
303 156
304 89
305 96
306 110
307 22
308 299
309 135
310 170
311 222
312 245
313 303
314 235
315 74
316 246
317 213
318 247
319 204
320 229
321 94
322 41
323 245
324 244
325 85
326 170
327 171
328 126
329 145
330 58
331 66
332 92
333 170
334 297
335 84
336 193
337 147
338 174
339 131
340 196
341 280
342 62
343 25
344 185
345 56
346 317
347 329
348 15
349 218
350 73
351 207
352 92
353 188
354 99
355 49
356 42
357 16
358 73
359 204
360 125
361 58
362 79
363 233
364 46
365 317
366 338
367 294
368 156
369 165
370 181
371 214
372 76
373 294
374 79
375 242
376 101
377 331
378 267
379 89
380 144
381 121
382 302
383 377
384 75
385 29
386 126
387 197
388 122
389 91
390 324
391 155
392 1
393 281
394 282
395 13
396 229
397 43
398 367
399 323
400 392
401 304
402 117
403 139
404 148
405 185
406 178
407 16
408 358
409 376
410 86
411 219
412 139
413 172
414 353
415 180
416 100
417 171
418 67
419 74
420 127
421 312
422 41
423 155
424 78
425 86
426 251
427 309
428 39
429 412
430 317
431 292
432 358
433 123
434 105
435 287
436 8
437 385
438 71
439 406
440 143
441 255
442 178
443 347
444 206
445 437
446 434
447 347
448 436
449 13
450 41
451 183
452 304
453 209
454 213
455 339
456 160
457 265
458 4
459 172
460 117
461 232
462 422
463 212
464 203
465 366
466 411
467 424
468 71
469 450
470 136
471 90
472 290
473 144
474 167
475 178
476 474
477 150
478 176
479 312
480 153
481 107
482 404
483 189
484 440
485 376
486 293
487 424
488 200
489 410
490 466
491 459
492 253
493 72
494 430
495 290
496 10
497 33
498 180
499 221
500 156
500 4000
1658 1658 1658 1658 1658 1658 1658 1658 1658 1658 1658 1658 1658 1658 1658 1658 1658 1658 1658 1658 1658 1658 1658 1658 1658 1658 1658 1658 1658 1658 1658 1658 1658 1658 1658 1658 1658 1658 1658 1658 1658 1658 1658 1658 1658 1658 1658 1658 1658 1658 1658 1658 1658 1658 1658 1658 1658 1658 1658 1658 1658 1658 1658 1658 1658 1658 1658 1658 1658 1658 1658 1658 1658 1658 1658 1658 1658 1658 1658 1658 1658 1658 1658 1658 1658 1658 1658 1658 1658 1658 1658 1658 1658 1658 1658 1658 1658 1658 1658 1658 1658 1658 1658 1658 1658 1658 1658 1658 1658 1658 1658 1658 1658 1658 1658 1658 1658 1658 1658 1658 1658 1658 1658 1658 1658 1658 1658 1658 1658 1658 1658 1658 1658 1658 1658 1658 1658 1658 1658 1658 1658 1658 1658 1658 1658 1658 1658 1658 1658 1658 1658 1658 1658 1658 1658 1658 1658 1658 1658 1658 1658 1658 1658 1658 1658 1658 1658 1658 1658 1658 1658 1658 1658 1658 1658 1658 1658 1658 1658 1658 1658 1658 1658 1658 1658 1658 1658 1658 1658 1658 1658 1658 1658 1658 1658 1658 1658 1658 1658 1658 1658 1658 1658 1658 1658 1658 1658 1658 1658 1658 1658 1658 1658 1658 1658 1658 1658 1658 1658 1658 1658 1658 1658 1658 1658 1658 1658 1658 1658 1658 1658 1658 1658 1658 1658 1658 1658 1658 1658 1658 1658 1658 1658 1658 1658 1658 1658 1658 1658 1658 1658 1658 1658 1658 1658 1658 1658 1658 1658 1658 1658 1658 1658 1658 1658 1658 1658 1658 1658 1658 1658 1658 1658 1658 1658 1658 1658 1658 1658 1658 1658 1658 1658 1658 1658 1658 1658 1658 1658 1658 1658 1658 1658 1658 1658 1658 1658 1658 1658 1658 1658 1658 1658 1658 1658 1658 1658 1658 1658 1658 1658 1658 1658 1658 1658 1658 1658 1658 1658 1658 1658 1658 1658 1658 1658 1658 1658 1658 1658 1658 1658 1658 1658 1658 1658 1658 1658 1658 1658 1658 1658 1658 1658 1658 1658 1658 1658 1658 1658 1658 1658 1658 1658 1658 1658 1658 1658 1658 1658 1658 1658 1658 1658 1658 1658 1658 1658 1658 1658 1658 1658 1658 1658 1658 1658 1658 1658 1658 1658 1658 1658 1658 1658 1658 1658 1658 1658 1658 1658 1658 1658 1658 1658 1658 1658 1658 1658 1658 1658 1658 1658 1658 1658 1658 1658 1658 1658 1658 1658 1658 1658 1658 1658 1658 1658 1658 1658 1658 1658 1658 1658 1658 1658 1658 1658 1658 1658 1658 1658 1658 1658 1658 1658 1658 1658 1658 1658 1658 1658 1658 1658 1658 1658 1658 1658 1658 1658 1658 1658 1658 1658 1658 1658 1658 1658 1658 1658 1658 1658 1658 1658 1658 1658 1658 1658 1658 1658 1658 1658 1658 1658 1658 1658 1658 1658 1658 1658 1658 1658 1658 1658 1658 1658 1658 1658 1658 1658 1658 1658 1658 1658 1658 1658 1658 1658 1658 1658 1658 1658 1658
898 1082 842 1196 3747 169 3908 106 1126 1572 2885 1066 3366 1179 108 436 317 3051 2918 3967 1674 3256 2197 2033 1222 2855 3839 215 2249 2234 121 1760 2712 1775 2228 3871 177 3195 3048 3136 3129 2564 2272 970 645 3325 1062 1303 743 3270 2160 304 2939 3298 2569 1772 2066 1467 1732 2443 158 19 1886 3279 1726 2413 147 3643 3403 2364 3907 718 2051 842 3877 289 3990 716 1580 191 527 548 569 69 2756 2135 769 604 1568 3760 767 307 1232 86 220 2432 3244 1225 3197 2552 2216 419 13 2284 3708 845 684 1415 1455 2208 792 1254 3338 1341 2554 280 2556 79 403 279 1064 319 583 2789 1623 473 1482 1611 2075 3966 2827 430 3457 3241 3358 1138 954 1766 2220 3764 2986 2256 3360 3587 2354 2858 298 3744 1659 1505 3544 1654 163 2176 598 2971 300 820 3266 2312 994 3298 2260 3829 1388 5 2861 3993 1847 3245 3327 3777 2879 2452 3804 1390 254 3523 1603 596 505 1157 1960 2065 1672 2346 3074 652 2886 2368 90 975 1817 1869 2802 2629 1859 1488 2835 3735 714 2905 923 1380 1316 2150 3110 3039 3687 2207 507 2158 1583 1844 2042 1185 1903 1526 2820 1424 2589 884 3403 1912 2329 3544 1531 1431 606 2529 1288 1125 619 514 2937 3830 2067 3835 2420 1551 803 2999 1900 613 1108 3206 1416 860 1905 2396 2420 3902 3274 41 45 3611 281 635 1608 161 947 337 3460 796 595 898 145 1104 2787 2062 576 116 1260 2434 1676 1329 576 3250 2632 2812 997 83 2538 2960 387 2807 3320 3664 2929 2669 1969 2236 860 184 3678 3858 2713 2254 3098 1736 1485 981 1344 1031 2682 3033 115 1770 140 49 2867 2935 1699 2163 1149 29 35 981 227 2608 570 3622 398 97 3441 941 272 225 246 2305 3662 3288 3592 808 1420 769 195 3764 2971 3656 302 506 3297 999 804 2197 7 798 2367 732 1927 849 1162 3456 1686 3975 1832 2313 2960 3520 736 2449 3011 2806 3052 896 1662 440 2434 42 2843 195 3457 358 3721 3715 3839 2961 3710 3977 497 3523 2972 3436 1244 2577 707 357 2139 835 3927 6 2929 1302 2866 3900 3537 2357 1389 2565 1996 1267 874 3923 3578 941 3173 130 1068 2910 3099 3767 816 1955 1914 2362 2245 2609 2411 757 1281 2644 3517 589 609 2697 3027 2433 2000 2206 80 1537 986 2056 2753 1329 531 422 3307 2238 3491 2485 630 1696 1141 3924 3929 3954 2175 2393 1223 3246 1299 1171 2234 812 2758 3682 2302 60 3584 756 1376 1923 3781 3937 1016 3763 3299 1801 1012 2670 3613 110 2534 2780 2870 2157 656 1483 3009 448 1487 616 584 985 2277 2395 1402 984 1578 2695 3482 686 149 1698 421 3957 3207 3762
78 16 45 83 71 74 98 15 27 65 89 79 96 94 9 10 92 96 19 45 78 58 91 26 26 12 82 31 96 24 17 16 30 75 23 38 41 99 47 72 14 100 57 18 24 70 74 90 96 36 64 79 32 98 99 13 9 23 8 97 31 23 36 51 77 71 62 5 14 45 84 22 86 29 88 21 92 17 20 26 16 70 46 10 12 75 58 11 40 74 77 73 23 24 8 8 48 40 65 78 60 51 59 15 31 71 1 18 5 2 56 33 39 97 85 26 27 60 81 77 84 88 13 13 98 87 90 86 25 11 65 3 60 26 44 8 29 59 53 6 73 97 46 70 13 37 96 38 59 98 96 6 34 45 3 55 54 88 45 3 54 26 65 28 38 12 88 8 16 15 99 77 82 43 97 4 42 26 32 28 37 68 10 44 37 74 100 73 29 88 62 81 97 88 62 95 55 59 59 97 84 79 24 46 27 18 1 84 22 93 72 62 58 86 48 13 64 61 91 97 73 82 5 93 16 10 24 39 13 51 73 1 17 45 15 31 39 37 100 38 6 13 1 77 96 4 85 78 45 9 61 24 5 2 89 55 22 34 78 55 90 74 95 61 23 95 57 2 28 49 83 70 100 19 62 64 97 79 10 19 67 7 93 5 53 85 78 91 87 15 57 68 37 86 73 61 3 28 34 32 9 76 21 60 41 93 4 49 84 34 95 56 74 69 72 111 59 2 85 40 7 33 20 66 9 82 34 61 75 97 25 49 2 41 36 71 86 10 3 46 48 34 27 93 97 54 383 37 45 61 6 19 69 17 64 97 40 91 59 100 56 77 83 49 39 4 64 40 81 23 70 68 63 9 75 73 98 15 61 71 49 42 52 89 15 86 12 36 37 80 8 85 47 92 83 15 88 62 58 51 68 46 14 23 68 93 58 22 92 86 100 32 53 58 84 55 80 76 93 21 44 85 24 87 42 22 42 32 61 14 86 32 41 74 10 43 47 26 77 6 52 58 5 48 57 29 42 68 57 44 31 50 17 79 31 70 63 36 72 77 11 65 95 91 22 23 67 28 92 47 15 73 8 40 57 10 97 73 85 91 92 65 81 84 16 36 38 68 81 49 80 19 60 49 22 43 85 98 88 33
2 1
3 2
4 3
5 4
6 5
7 6
8 7
9 8
10 9
11 10
12 11
13 12
14 13
15 14
16 15
17 16
18 17
19 18
20 19
21 20
22 21
23 22
24 23
25 24
26 25
27 26
28 27
29 28
30 29
31 30
32 31
33 32
34 33
35 34
36 35
37 36
38 37
39 38
40 39
41 40
42 41
43 42
44 43
45 44
46 45
47 46
48 47
49 48
50 49
51 50
52 51
53 52
54 53
55 54
56 55
57 56
58 57
59 58
60 59
61 60
62 61
63 62
64 63
65 64
66 65
67 66
68 67
69 68
70 69
71 70
72 71
73 72
74 73
75 74
76 75
77 76
78 77
79 78
80 79
81 80
82 81
83 82
84 83
85 84
86 85
87 86
88 87
89 88
90 89
91 90
92 91
93 92
94 93
95 94
96 95
97 96
98 97
99 98
100 99
101 100
102 101
103 102
104 103
105 104
106 105
107 106
108 107
109 108
110 109
111 110
112 111
113 112
114 113
115 114
116 115
117 116
118 117
119 118
120 119
121 120
122 121
123 122
124 123
125 124
126 125
127 126
128 127
129 128
130 129
131 130
132 131
133 132
134 133
135 134
136 135
137 136
138 137
139 138
140 139
141 140
142 141
143 142
144 143
145 144
146 145
147 146
148 147
149 148
150 149
151 150
152 151
153 152
154 153
155 154
156 155
157 156
158 157
159 158
160 159
161 160
162 161
163 162
164 163
165 164
166 165
167 166
168 167
169 168
170 169
171 170
172 171
173 172
174 173
175 174
176 175
177 176
178 177
179 178
180 179
181 180
182 181
183 182
184 183
185 184
186 185
187 186
188 187
189 188
190 189
191 190
192 191
193 192
194 193
195 194
196 195
197 196
198 197
199 198
200 199
201 200
202 201
203 202
204 203
205 204
206 205
207 206
208 207
209 208
210 209
211 210
212 211
213 212
214 213
215 214
216 215
217 216
218 217
219 218
220 219
221 220
222 221
223 222
224 223
225 224
226 225
227 226
228 227
229 228
230 229
231 230
232 231
233 232
234 233
235 234
236 235
237 236
238 237
239 238
240 239
241 240
242 241
243 242
244 243
245 244
246 245
247 246
248 247
249 248
250 249
251 30
252 230
253 7
254 165
255 28
256 243
257 229
258 41
259 191
260 231
261 198
262 248
263 81
264 77
265 221
266 46
267 155
268 42
269 23
270 108
271 233
272 252
273 260
274 32
275 264
276 61
277 169
278 59
279 120
280 21
281 129
282 69
283 275
284 203
285 131
286 153
287 198
288 269
289 30
290 2
291 119
292 224
293 60
294 55
295 150
296 25
297 98
298 90
299 124
300 168
301 9
302 43
303 131
304 66
305 233
306 216
307 241
308 82
309 290
310 259
311 198
312 231
313 95
314 143
315 93
316 21
317 65
318 63
319 240
320 97
321 25
322 205
323 161
324 85
325 321
326 116
327 175
328 283
329 101
330 187
331 20
332 37
333 196
334 97
335 39
336 198
337 228
338 317
339 141
340 164
341 330
342 49
343 214
344 197
345 71
346 111
347 245
348 241
349 204
350 89
351 320
352 169
353 63
354 122
355 206
356 53
357 186
358 190
359 190
360 284
361 171
362 352
363 167
364 249
365 61
366 331
367 20
368 108
369 286
370 318
371 289
372 311
373 14
374 113
375 74
376 53
377 367
378 130
379 197
380 312
381 145
382 328
383 143
384 328
385 119
386 377
387 104
388 67
389 130
390 25
391 259
392 219
393 38
394 278
395 143
396 370
397 72
398 55
399 366
400 383
401 207
402 356
403 385
404 308
405 245
406 397
407 280
408 85
409 351
410 41
411 55
412 158
413 275
414 339
415 173
416 289
417 330
418 284
419 363
420 323
421 386
422 61
423 82
424 187
425 310
426 209
427 152
428 216
429 292
430 89
431 13
432 371
433 302
434 144
435 405
436 420
437 116
438 72
439 31
440 204
441 424
442 11
443 89
444 226
445 123
446 88
447 268
448 318
449 256
450 152
451 125
452 54
453 42
454 453
455 205
456 439
457 347
458 427
459 110
460 228
461 22
462 361
463 279
464 197
465 36
466 76
467 9
468 186
469 334
470 238
471 171
472 398
473 146
474 60
475 399
476 20
477 29
478 199
479 66
480 31
481 224
482 318
483 80
484 479
485 1
486 27
487 233
488 102
489 139
490 76
491 99
492 385
493 305
494 310
495 370
496 397
497 456
498 230
499 383
500 434
