5
251 622
577 3106 2077 3161 3050 2015 359 2502 664 3405 1184 1720 2744 2447 490 1526 1490 3035 685 1427 3082 1245 2224 2876 858 525 1591 2499 1294 722 2876 2827 2176 2293 1937 2644 2454 3819 2806 3592 2233 3516 694 230 856 3065 2983 2958 1084 253 2529 2541 397 1090 2814 3019 1413 39 2996 2675 1844 1311 976 3842 2452 3741 2867 3987 1102 2174 2193 393 1229 1271 744 414 2049 3424 2430 555 215 3936 3743 344 1623 2842 2166 2245 1695 3736 3369 3897 383 3478 698 3467 1908 3282 2395 1454 3017 3506 2994 1314 843 1749 2159 1432 3404 2717 1577 3909 571 380 1791 3466 3009 1503 2030 674 1695 2008 3855 77 2599 303 1683 2621 1881 2443 1154 3582 672 1085 240 650 1100 653 865 1485 3216 3912 2655 1268 3135 3113 2010 3581 1251 2311 1183 1243 702 2943 700 3400 933 1410 1524 1808 2074 449 1950 2874 1450 3960 451 281 2087 152 1271 2739 998 2521 920 3697 1563 287 3142 2792 1492 1355 194 2311 1140 2788 1866 2785 1201 2503 1139 188 2256 684 2696 2107 1024 955 707 744 3029 3342 1354 869 710 1671 652 148 2505 2517 1340 3780 1325 35 3885 1054 2264 1185 3951 657 1507 2293 938 2042 2259 3460 1017 23 1209 1277 1576 2926 2445 2247 2033 3512 3527 2732 691 1459 3742 581 629 2120 1861 3526 1338 2073 2627 2540 2661
601 600 89 104 598 526 582 519 139 279 451 321 367 44 550 364 348 474 288 171 507 514 346 384 537 166 198 259 279 319 488 457 526 501 475 571 183 490 8 499 503 381 466 93 314 591 480 265 114 54 347 399 224 483 593 429 9 318 389 361 298 335 288 599 42 25 606 471 81 313 10 268 280 536 495 205 131 531 598 308 323 422 428 72 450 249 555 435 277 474 91 184 432 561 397 439 325 377 341 98 205 446 253 469 559 461 369 404 542 555 363 422 262 548 232 207 575 186 423 388 135 618 376 412 245 183 616 340 416 582 410 544 440 394 467 465 101 182 341 245 178 606 345 361 169 107 272 332 332 171 457 496 572 393 307 491 294 126 165 434 110 571 351 618 591 381 590 32 508 232 121 282 474 299 501 264 17 555 525 176 416 577 329 108 273 178 412 241 430 366 390 446 375 583 122 348 180 304 3 384 209 607 263 450 321 395 433 235 133 493 168 295 28 403 572 233 514 10 27 309 452 552 586 66 476 519 580 393 545 357 192 236 443 370 327 41 423 479 597 596 155 301 42 601 348 416 87 603 242 436 405
1 1 1 1 1 1 1 1 1 1 1 1 1 1 1 1 1 1 1 1 1 1 1 1 1 1 1 1 1 1 1 1 1 1 1 1 1 1 1 1 1 1 1 1 1 1 1 1 1 1 1 1 1 1 1 1 1 1 1 1 1 1 1 1 1 1 1 1 1 1 1 1 1 1 1 1 1 1 1 1 1 1 1 1 1 1 1 1 1 1 1 1 1 1 1 1 1 1 1 1 1 1 1 1 1 1 1 1 1 1 1 1 1 1 1 1 1 1 1 1 1 1 1 1 1 1 1 1 1 1 1 1 1 1 1 1 1 1 1 1 1 1 1 1 1 1 1 1 1 1 1 1 1 1 1 1 1 1 1 1 1 1 1 1 1 1 1 1 1 1 1 1 1 1 1 1 1 1 1 1 1 1 1 1 1 1 1 1 1 1 1 1 1 1 1 1 1 1 1 1 1 1 1 1 1 1 1 1 1 1 1 1 1 1 1 1 1 1 1 1 1 1 1 1 1 1 1 1 1 1 1 1 1 1 1 1 1 1 1 1 1 1 1 1 1 1 1 1 1 1 1
2 1
3 2
4 3
5 4
6 5
7 6
8 7
9 8
10 9
11 10
12 11
13 12
14 13
15 14
16 15
17 16
18 17
19 18
20 19
21 20
22 21
23 22
24 23
25 24
26 25
27 26
28 27
29 28
30 29
31 30
32 31
33 32
34 33
35 34
36 35
37 36
38 37
39 38
40 39
41 40
42 41
43 42
44 43
45 44
46 45
47 46
48 47
49 48
50 49
51 50
52 51
53 52
54 53
55 54
56 55
57 56
58 57
59 58
60 59
61 60
62 61
63 62
64 63
65 64
66 65
67 66
68 67
69 68
70 69
71 70
72 71
73 72
74 73
75 74
76 75
77 76
78 77
79 78
80 79
81 80
82 81
83 82
84 83
85 84
86 85
87 86
88 87
89 88
90 89
91 90
92 91
93 92
94 93
95 94
96 95
97 96
98 97
99 98
100 99
101 100
102 101
103 102
104 103
105 104
106 105
107 106
108 107
109 108
110 109
111 110
112 111
113 112
114 113
115 114
116 115
117 116
118 117
119 118
120 119
121 120
122 121
123 122
124 123
125 124
126 50
127 61
128 46
129 18
130 12
131 85
132 125
133 121
134 69
135 96
136 51
137 119
138 54
139 102
140 130
141 31
142 68
143 56
144 41
145 97
146 59
147 112
148 92
149 10
150 13
151 74
152 117
153 87
154 148
155 10
156 44
157 67
158 11
159 147
160 121
161 135
162 154
163 120
164 137
165 29
166 35
167 45
168 2
169 119
170 142
171 100
172 166
173 24
174 127
175 35
176 85
177 3
178 91
179 39
180 19
181 90
182 56
183 2
184 53
185 162
186 67
187 45
188 9
189 70
190 86
191 20
192 15
193 80
194 107
195 168
196 150
197 19
198 55
199 70
200 127
201 126
202 41
203 104
204 87
205 125
206 167
207 113
208 182
209 14
210 54
211 205
212 36
213 69
214 104
215 19
216 44
217 191
218 77
219 66
220 73
221 48
222 207
223 107
224 17
225 119
226 8
227 104
228 72
229 8
230 153
231 205
232 225
233 124
234 96
235 66
236 16
237 186
238 170
239 197
240 172
241 234
242 202
243 210
244 192
245 93
246 60
247 83
248 11
249 248
250 53
251 8
243 1306
2162 1932 2408 3888 3654 1973 2512 483 85 2619 1169 1818 3635 311 3931 556 948 1364 3001 1433 985 3918 833 2537 1111 591 191 1667 2185 1927 3294 3344 856 106 3255 82 3401 271 1694 3167 3144 2118 1835 131 2707 1146 1478 2453 2537 200 373 2200 787 2238 2218 1013 1842 2807 3976 1367 587 2998 3030 2280 304 2754 3975 1867 2832 3458 1064 3674 2593 3833 3978 737 2476 3140 946 3674 3962 1714 1470 1546 1181 227 3322 3452 960 612 2212 701 3346 361 1563 1369 2480 1292 495 2292 2323 774 1732 1259 3738 3629 1576 1196 2936 1581 3479 3891 1663 3722 3819 3048 814 2100 201 214 3545 2188 1322 1068 344 2199 134 1466 1522 3008 1479 1156 2793 180 1932 3851 41 1240 3804 1213 2317 2317 109 1146 3474 2984 2453 1193 1344 331 2032 3258 3444 3592 2002 2013 2003 2488 1871 259 492 599 328 1172 940 3426 248 3441 1127 1811 1342 2476 3236 1917 1293 4 3689 900 1907 2918 41 2719 2342 3072 3595 3057 1685 3368 60 228 716 2733 2614 167 3945 2268 306 1289 2686 3318 2316 2359 2375 656 2549 275 2767 940 766 278 3453 2678 1954 3016 3779 2050 2932 2685 3305 3876 2026 2675 2039 1776 2346 3689 3202 3123 980 2338 536 2674 623 2842 590 1570 3191 1545 3689 2184 2087 3030 1099
355 1059 369 532 936 1057 872 65 126 1080 13 1187 1209 799 980 1232 813 1209 84 949 987 369 1043 530 378 901 263 106 983 142 1243 1159 960 96 410 612 496 121 987 874 1081 484 1226 311 571 981 1025 1305 872 1239 934 255 107 1037 394 1304 1047 400 1281 703 324 375 909 449 1233 586 1247 608 41 1251 902 698 140 750 85 975 382 478 71 1114 777 472 765 432 759 985 1172 227 524 267 541 13 735 1232 24 729 865 1004 930 743 637 953 30 922 188 1129 62 942 923 72 1229 352 791 123 41 347 543 641 1043 172 251 828 369 378 933 296 666 694 1047 1147 1031 1137 99 971 823 94 150 1245 73 366 179 85 322 513 418 117 369 1137 105 212 483 349 790 882 430 1189 1017 629 5 833 194 232 225 264 947 1280 589 1052 566 852 297 604 956 378 1206 1202 1142 864 105 272 991 632 394 694 881 1142 1177 544 1158 199 744 820 833 937 823 649 910 1277 1098 477 389 1265 512 176 315 472 564 1092 1188 298 174 1294 193 833 924 1280 1233 912 526 235 415 78 1029 1174 458 251 1057 557 162 1089 754 997 190 14 332 351 856 733 262 885 1119 289 30
1 1 1 1 1 1 1 1 1 1 1 1 1 1 1 1 1 1 1 1 1 1 1 1 1 1 1 1 1 1 1 1 1 1 1 1 1 1 1 1 1 1 1 1 1 1 1 1 1 1 1 1 1 1 1 1 1 1 1 1 1 1 1 1 1 1 1 1 1 1 1 1 1 1 1 1 1 1 1 1 1 1 1 1 1 1 1 1 1 1 1 1 1 1 1 1 1 1 1 1 1 1 1 1 1 1 1 1 1 1 1 1 1 1 1 1 1 1 1 1 1 1 1 1 1 1 1 1 1 1 1 1 1 1 1 1 1 1 1 1 1 1 1 1 1 1 1 1 1 1 1 1 1 1 1 1 1 1 1 1 1 1 1 1 1 1 1 1 1 1 1 1 1 1 1 1 1 1 1 1 1 1 1 1 1 1 1 1 1 1 1 1 1 1 1 1 1 1 1 1 1 1 1 1 1 1 1 1 1 1 1 1 1 1 1 1 1 1 1 1 1 1 1 1 1 1 1 1 1 1 1 1 1 1 1 1 1 1 1 1 1 1 1
2 1
3 2
4 3
5 4
6 5
7 6
8 7
9 8
10 9
11 10
12 11
13 12
14 13
15 14
16 15
17 16
18 17
19 18
20 19
21 20
22 21
23 22
24 23
25 24
26 25
27 26
28 27
29 28
30 29
31 30
32 31
33 32
34 33
35 34
36 35
37 36
38 37
39 38
40 39
41 40
42 41
43 42
44 43
45 44
46 45
47 46
48 47
49 48
50 49
51 50
52 51
53 52
54 53
55 54
56 55
57 56
58 57
59 58
60 59
61 60
62 61
63 62
64 63
65 64
66 65
67 66
68 67
69 68
70 69
71 70
72 71
73 72
74 73
75 74
76 75
77 76
78 77
79 78
80 79
81 80
82 81
83 82
84 83
85 84
86 85
87 86
88 87
89 88
90 89
91 90
92 91
93 92
94 93
95 94
96 95
97 96
98 97
99 98
100 99
101 100
102 101
103 102
104 103
105 104
106 105
107 106
108 107
109 108
110 109
111 110
112 111
113 112
114 113
115 114
116 115
117 116
118 117
119 118
120 119
121 120
122 7
123 20
124 105
125 112
126 5
127 35
128 15
129 82
130 48
131 85
132 96
133 118
134 86
135 34
136 95
137 113
138 37
139 102
140 64
141 114
142 93
143 104
144 123
145 85
146 145
147 68
148 3
149 96
150 73
151 107
152 138
153 133
154 28
155 4
156 38
157 142
158 155
159 104
160 75
161 127
162 39
163 140
164 105
165 4
166 16
167 44
168 81
169 139
170 92
171 143
172 80
173 38
174 63
175 14
176 103
177 116
178 148
179 117
180 114
181 48
182 126
183 103
184 181
185 35
186 20
187 129
188 167
189 103
190 38
191 157
192 127
193 83
194 177
195 4
196 130
197 41
198 171
199 61
200 5
201 21
202 158
203 22
204 190
205 72
206 190
207 124
208 137
209 189
210 195
211 44
212 88
213 139
214 200
215 109
216 76
217 212
218 215
219 3
220 183
221 40
222 150
223 173
224 74
225 213
226 17
227 15
228 2
229 101
230 24
231 77
232 120
233 208
234 177
235 178
236 82
237 135
238 32
239 139
240 232
241 57
242 181
243 4
390 3674
3834 1205 1599 1420 3076 3485 1232 3019 6 742 3532 691 3586 2391 1230 2770 1009 3818 3901 1175 2721 1173 1164 2844 209 3831 533 3824 3339 2054 1233 169 2946 312 2011 10 1164 239 2854 1584 2114 1578 2044 1123 2197 1033 3225 602 627 3873 1607 3119 2524 1600 443 1732 3806 1122 1968 1077 2680 1204 1347 2047 3565 3656 2256 1937 423 1626 2667 2322 3310 1857 3745 1714 2217 2202 2289 1556 1237 144 1317 1659 964 592 3989 1684 1881 812 1630 1508 1217 13 575 1075 531 3901 1845 1528 331 501 1432 39 1284 4 3222 3351 3573 3264 3086 2360 110 3857 496 1588 2227 1372 19 548 3864 2733 439 1622 3198 135 2653 637 1549 2832 2659 1273 1010 3224 517 2695 1979 3562 3889 620 2833 2325 2729 3517 2774 2588 671 626 3136 3900 428 3020 2676 1373 1074 547 2278 2429 2067 3892 3505 3352 3410 1354 1523 3355 1577 3724 3595 3659 2762 1031 1973 1296 1082 2844 549 2568 971 653 2690 1641 2329 2339 3334 2805 2120 1411 755 2020 3292 3313 1848 1485 2105 3652 3269 727 1180 3404 2892 2847 922 1025 377 3754 1688 238 1779 2381 1355 1244 3763 25 3282 1058 804 3756 688 2733 2333 470 942 684 2587 2376 657 671 2594 675 3416 1793 3350 2495 1817 1202 2069 3546 540 2601 3064 963 1848 441 2634 3527 2830 2274 1384 539 259 3962 3354 3914 1154 1565 2448 288 3505 915 3713 503 1746 1793 3777 2626 190 1394 2945 3256 3614 2917 2796 3139 1610 2138 3455 3048 197 1625 2856 2584 376 3011 35 920 2511 3132 3953 1838 1458 280 250 2252 2693 549 3237 2848 386 3288 1845 509 2100 3484 3623 2852 2328 2232 2090 534 1360 831 30 1213 2952 414 1072 2329 3278 32 2645 2760 1387 3589 5 2233 2151 2820 282 658 1116 574 1482 1823 3641 3140 1985 2398 826 3243 3971 1128 3207 2158 2273 98 1963 3939 3961 3716 3702 2531 3092 1448 533 595 1114 726 3536 1144 793 2671 1157 1562 1974 3065 323 2806 3347 1194 1994 2154 3010 1783 1377 412 2441 29 216 748 1911 625 2016 1435 2885 2341 3431 2746 1425 284
634 2721 1248 3052 2820 1224 3013 2015 3350 1475 3272 2776 1735 2742 1485 2171 2840 710 2778 3036 230 34 784 212 1674 2283 669 3076 1261 2885 288 1570 2783 2924 387 663 2432 2375 629 233 218 1967 2916 29 666 1120 3285 343 717 772 1527 1863 770 1032 61 2780 3390 279 2744 176 3184 2828 1728 2788 83 1571 1379 2830 2966 1687 2931 3109 1192 1197 856 154 720 1402 1834 1735 2314 3300 1894 1610 340 1052 1728 1620 1073 3273 740 978 1125 2352 2420 3242 163 36 3223 3144 3420 842 2385 2253 1390 1093 1093 1157 376 1730 2325 1949 1311 1690 3499 3554 919 304 1409 2828 2704 150 2853 2733 2800 3187 1676 909 3611 2703 1592 740 1408 2546 553 180 209 2323 2518 3209 2189 373 671 740 1525 292 1153 1012 325 19 3222 1660 3364 284 3537 590 143 1037 3331 100 889 1674 2050 592 1103 2884 1037 2662 1320 1217 405 1301 2467 1192 1879 1119 1515 1601 743 3267 1442 2452 1415 603 622 1659 2562 3480 2371 3653 2241 2230 838 6 3462 1895 1622 3232 343 1848 1651 789 1404 2716 698 1429 1079 2010 3225 1289 567 3400 2695 459 3595 2620 1484 1295 944 3238 2624 1437 1460 1544 2176 3167 3260 2337 697 2021 995 495 2104 3091 3086 2507 1742 3021 2497 328 1849 225 2058 32 1422 2017 3525 3508 1943 2303 2241 1510 3080 216 2113 3193 1145 971 2905 1774 2024 2380 3584 1538 1407 2163 3672 1267 2617 1582 781 2407 833 2884 2432 704 925 1432 86 2321 1670 973 2120 1809 2352 387 17 1783 447 1232 3316 1329 865 1111 2205 746 1666 2404 845 1757 2037 800 3045 1255 547 1754 2342 1022 2823 1978 1550 1966 2133 2166 3654 1872 149 2176 2564 2227 1201 3458 1498 1219 2417 3392 3419 1415 1620 3276 3065 661 1902 2011 2859 486 1071 3359 2491 1835 602 3385 2344 2752 532 3622 2324 1600 3041 383 818 3165 562 2815 1261 2928 3147 1023 1432 3048 1502 204 3560 1098 2129 823 3478 219 607 2534 3047 2188 1056 3627 2906 2 2318 2122 122 3062 1812 1553 2284 2524 3634 263 2503 3356 1513 932
1 1 1 1 1 1 1 1 1 1 1 1 1 1 1 1 1 1 1 1 1 1 1 1 1 1 1 1 1 1 1 1 1 1 1 1 1 1 1 1 1 1 1 1 1 1 1 1 1 1 1 1 1 1 1 1 1 1 1 1 1 1 1 1 1 1 1 1 1 1 1 1 1 1 1 1 1 1 1 1 1 1 1 1 1 1 1 1 1 1 1 1 1 1 1 1 1 1 1 1 1 1 1 1 1 1 1 1 1 1 1 1 1 1 1 1 1 1 1 1 1 1 1 1 1 1 1 1 1 1 1 1 1 1 1 1 1 1 1 1 1 1 1 1 1 1 1 1 1 1 1 1 1 1 1 1 1 1 1 1 1 1 1 1 1 1 1 1 1 1 1 1 1 1 1 1 1 1 1 1 1 1 1 1 1 1 1 1 1 1 1 1 1 1 1 1 1 1 1 1 1 1 1 1 1 1 1 1 1 1 1 1 1 1 1 1 1 1 1 1 1 1 1 1 1 1 1 1 1 1 1 1 1 1 1 1 1 1 1 1 1 1 1 1 1 1 1 1 1 1 1 1 1 1 1 1 1 1 1 1 1 1 1 1 1 1 1 1 1 1 1 1 1 1 1 1 1 1 1 1 1 1 1 1 1 1 1 1 1 1 1 1 1 1 1 1 1 1 1 1 1 1 1 1 1 1 1 1 1 1 1 1 1 1 1 1 1 1 1 1 1 1 1 1 1 1 1 1 1 1 1 1 1 1 1 1 1 1 1 1 1 1 1 1 1 1 1 1 1 1 1 1 1 1 1 1 1 1 1 1 1 1 1 1 1 1 1 1 1 1 1 1 1 1 1 1 1 1 1 1 1 1 1 1 1 1 1 1 1 1
2 1
3 2
4 3
5 4
6 5
7 6
8 7
9 8
10 9
11 10
12 11
13 12
14 13
15 14
16 15
17 16
18 17
19 18
20 19
21 20
22 21
23 22
24 23
25 24
26 25
27 26
28 27
29 28
30 29
31 30
32 31
33 32
34 33
35 34
36 35
37 36
38 37
39 38
40 39
41 40
42 41
43 42
44 43
45 44
46 45
47 46
48 47
49 48
50 49
51 50
52 51
53 52
54 53
55 54
56 55
57 56
58 57
59 58
60 59
61 60
62 61
63 62
64 63
65 64
66 65
67 66
68 67
69 68
70 69
71 70
72 71
73 72
74 73
75 74
76 75
77 76
78 77
79 78
80 79
81 80
82 81
83 82
84 83
85 84
86 85
87 86
88 87
89 88
90 89
91 90
92 91
93 92
94 93
95 94
96 95
97 96
98 97
99 98
100 99
101 100
102 101
103 102
104 103
105 104
106 105
107 106
108 107
109 108
110 109
111 110
112 111
113 112
114 113
115 114
116 115
117 116
118 117
119 118
120 119
121 120
122 121
123 122
124 123
125 124
126 125
127 126
128 127
129 128
130 129
131 130
132 131
133 132
134 133
135 134
136 135
137 136
138 137
139 138
140 139
141 140
142 141
143 142
144 143
145 144
146 145
147 146
148 147
149 148
150 149
151 150
152 151
153 152
154 153
155 154
156 155
157 156
158 157
159 158
160 159
161 160
162 161
163 162
164 163
165 164
166 165
167 166
168 167
169 168
170 169
171 170
172 171
173 172
174 173
175 174
176 175
177 176
178 177
179 178
180 179
181 180
182 181
183 182
184 183
185 184
186 185
187 186
188 187
189 188
190 189
191 190
192 191
193 192
194 193
195 194
196 108
197 56
198 96
199 126
200 155
201 169
202 47
203 186
204 76
205 193
206 12
207 137
208 24
209 76
210 72
211 52
212 175
213 119
214 155
215 209
216 58
217 65
218 90
219 131
220 109
221 77
222 57
223 97
224 200
225 88
226 185
227 129
228 62
229 43
230 204
231 71
232 217
233 51
234 120
235 76
236 235
237 16
238 23
239 182
240 40
241 186
242 78
243 21
244 146
245 83
246 1
247 184
248 128
249 48
250 41
251 63
252 73
253 73
254 228
255 155
256 93
257 44
258 219
259 208
260 82
261 189
262 171
263 209
264 182
265 90
266 5
267 254
268 122
269 84
270 240
271 18
272 241
273 183
274 251
275 167
276 253
277 265
278 270
279 248
280 63
281 24
282 36
283 37
284 95
285 271
286 242
287 125
288 174
289 195
290 227
291 109
292 50
293 250
294 289
295 125
296 292
297 12
298 288
299 126
300 191
301 200
302 140
303 201
304 213
305 57
306 73
307 185
308 263
309 14
310 3
311 123
312 24
313 127
314 139
315 164
316 90
317 77
318 219
319 113
320 62
321 259
322 274
323 27
324 6
325 146
326 199
327 54
328 24
329 322
330 202
331 39
332 77
333 150
334 197
335 51
336 244
337 153
338 100
339 54
340 166
341 14
342 215
343 328
344 127
345 78
346 142
347 159
348 288
349 172
350 15
351 25
352 8
353 117
354 220
355 102
356 264
357 80
358 351
359 318
360 158
361 51
362 84
363 356
364 116
365 132
366 256
367 181
368 272
369 319
370 283
371 181
372 87
373 321
374 45
375 4
376 167
377 260
378 109
379 52
380 195
381 199
382 302
383 359
384 196
385 33
386 74
387 372
388 175
389 297
390 243
500 4000
2020 1327 786 3491 1474 65 2667 2262 1542 519 1009 3454 1570 1739 2474 2460 1976 3929 2661 616 3492 3455 3663 2834 2314 742 1590 1438 834 3503 253 3930 3584 3826 3265 2786 3304 2451 138 1271 3953 2022 1557 2459 3927 2789 3104 400 455 1456 919 2578 551 1445 3486 626 1220 2016 127 1685 607 1460 374 2252 921 3626 347 949 669 859 1231 1587 2894 1385 2602 3690 947 3747 1219 2525 2016 3257 193 1611 3333 444 1312 2984 1916 1402 2503 985 3790 2776 585 2515 838 369 3770 3540 2586 3791 1140 1089 119 3848 3242 3298 1644 1083 2732 1211 2232 1675 2587 3501 2359 700 814 589 1771 2924 2565 99 2823 2515 3822 3974 1377 2334 2933 1334 1688 777 1713 2490 3842 219 1612 1883 347 1063 1138 1665 3306 1696 637 3245 1302 3485 479 1720 3080 14 3665 1002 1922 605 2907 1789 3200 1673 3813 2323 1612 2367 381 2101 2440 251 1512 3566 1463 2206 3821 1928 1901 175 1152 2598 2071 3863 1452 2721 301 1208 1124 2119 150 2927 3786 1649 668 1482 1281 484 81 3371 2928 1067 2753 3102 1783 1843 410 55 2518 2407 2072 912 443 2222 3893 1922 3691 770 3120 2754 532 3858 2813 1919 755 1146 2605 729 3553 705 1822 3620 1794 2132 3013 3805 2000 1729 218 3180 2852 2039 2340 2811 2790 3997 71 2006 1814 2640 618 773 2684 2306 3597 2278 1228 3631 458 3022 1277 2625 3946 1506 2540 3335 3147 2800 2475 3921 1392 404 1263 3664 2921 2185 1209 556 3684 3020 3557 3942 2035 3255 3409 2767 2431 3260 1743 2825 3373 2145 1838 2333 1038 2908 2309 1085 13 1168 257 3099 820 2343 2384 649 1887 1520 3757 211 2661 2586 1774 1114 3843 370 2509 1299 2091 2074 3955 2815 2956 523 2891 3596 3298 2732 3365 621 161 1395 2664 2390 1630 1405 2430 731 2078 3177 154 3721 3938 890 139 964 1906 2924 519 867 1128 790 1873 2986 2976 1218 2828 2471 3934 1673 1861 16 768 147 219 2138 2565 2254 433 3709 957 3692 694 2598 3763 3138 1748 829 1015 3903 247 1658 2640 2666 3392 322 3361 3935 778 3622 3770 683 2300 2941 3010 3655 1711 3136 2147 1810 385 3751 918 1938 2875 3268 463 2028 2047 413 1195 2625 2934 2606 569 3052 1528 3870 1735 1787 604 768 1869 2506 3842 1133 2686 3398 670 160 2670 2017 327 3091 2815 497 160 2905 912 1582 1606 1019 326 2124 1627 1559 1404 22 881 1814 649 1292 2906 2541 3377 2911 3695 3159 2830 426 2591 433 1279 147 954 791 433 2595 1054 2365 524 1314 576 3248 2752 1303 1342 3118 2641 2207 708 867 352 1612 2557 2790 2748 1152 1724 3956 1864 3498 11 3628 3662 2656 2547 1515 2179 94 2796 1257
1688 2851 3216 1814 2710 1851 3982 2447 3982 3191 3751 31 3162 172 3264 2361 3943 834 116 1056 1997 867 1299 596 2291 417 605 704 227 616 2336 929 425 2086 2511 2744 1746 2904 100 1203 355 2166 2711 1176 3000 1536 3263 2227 3646 3689 3433 2049 3827 3269 887 1149 925 1263 2875 2699 712 1821 3156 2083 1797 3783 1321 991 735 853 3012 743 384 1960 1649 2748 3172 939 2774 2659 2811 2459 3317 3188 101 2579 577 2307 1418 380 926 1774 1272 3221 2269 2279 2881 3134 854 2147 3829 2763 3878 2468 1084 806 3851 3331 1366 3077 478 3873 822 2222 1105 3088 924 1095 1769 1373 1779 2274 1022 224 1931 2823 1905 1414 2744 3107 3341 1693 1547 1394 802 2049 1615 1481 3326 3398 3943 966 621 1286 2886 1370 691 1325 1999 3735 1736 2851 1391 3223 1683 3929 3544 1260 3402 2422 3360 3214 1576 2692 2009 1665 528 1590 3890 3302 3875 540 3022 389 3165 3049 2052 3609 693 3524 2327 188 3924 749 3159 2355 3989 658 1336 2396 3806 978 2225 2583 3838 2864 1401 658 3209 3003 2269 2904 2320 3933 1860 3292 3172 355 1191 2882 3821 427 3276 1230 1190 1812 899 3344 508 3297 1058 719 1735 719 517 3349 2664 281 736 2683 99 3401 1095 2230 511 2946 545 2241 2652 2826 1320 1516 2741 2205 2277 2404 1495 3055 714 868 3136 2625 2831 2717 3515 327 3089 193 1148 2136 2633 3445 2168 1399 2857 3767 550 226 3228 1037 2716 3128 1439 1616 1443 1071 1594 344 509 1462 1316 1225 953 231 1143 1501 3348 913 2320 1107 3411 3972 2537 3576 3486 1118 3098 3316 3871 1077 2894 1176 2652 2661 227 1062 3409 3899 2629 3680 242 2754 1706 2485 3903 365 1009 3880 1609 3398 3031 1699 1829 3222 731 2172 303 3413 3507 1989 1857 691 2894 2778 2387 2023 3884 1349 1142 1912 1307 437 1644 2154 1332 3265 651 3626 1814 1590 1010 2364 961 2280 1034 901 2325 952 737 340 2988 674 1220 1077 3413 1194 2491 856 755 2215 2474 990 3927 1103 1541 390 89 1028 2419 3735 3005 63 743 206 3364 3548 219 1449 2031 1638 2318 531 3196 3107 160 3666 3931 2401 1707 3536 3472 1474 1189 1062 78 2790 2164 1391 2322 3480 3153 299 3166 123 1568 2513 408 1205 3598 122 2627 3804 749 1515 700 31 2669 1475 2295 3607 1883 1637 1274 3023 1631 1479 3259 2610 3152 892 1591 1939 3355 3742 3411 1057 3957 1919 1782 1804 2109 2065 1254 2259 2838 2163 2819 271 1763 639 1953 2948 3811 2545 1226 2534 400 1946 2260 1066 3251 293 2207 3502 1323 3912 3218 3083 254 2255 86 2137 2782 1541 3123 3970 801 3011 553 2731 2714 414 1650 1184 156 75 3768 223 656 1749
1 1 1 1 1 1 1 1 1 1 1 1 1 1 1 1 1 1 1 1 1 1 1 1 1 1 1 1 1 1 1 1 1 1 1 1 1 1 1 1 1 1 1 1 1 1 1 1 1 1 1 1 1 1 1 1 1 1 1 1 1 1 1 1 1 1 1 1 1 1 1 1 1 1 1 1 1 1 1 1 1 1 1 1 1 1 1 1 1 1 1 1 1 1 1 1 1 1 1 1 1 1 1 1 1 1 1 1 1 1 1 1 1 1 1 1 1 1 1 1 1 1 1 1 1 1 1 1 1 1 1 1 1 1 1 1 1 1 1 1 1 1 1 1 1 1 1 1 1 1 1 1 1 1 1 1 1 1 1 1 1 1 1 1 1 1 1 1 1 1 1 1 1 1 1 1 1 1 1 1 1 1 1 1 1 1 1 1 1 1 1 1 1 1 1 1 1 1 1 1 1 1 1 1 1 1 1 1 1 1 1 1 1 1 1 1 1 1 1 1 1 1 1 1 1 1 1 1 1 1 1 1 1 1 1 1 1 1 1 1 1 1 1 1 1 1 1 1 1 1 1 1 1 1 1 1 1 1 1 1 1 1 1 1 1 1 1 1 1 1 1 1 1 1 1 1 1 1 1 1 1 1 1 1 1 1 1 1 1 1 1 1 1 1 1 1 1 1 1 1 1 1 1 1 1 1 1 1 1 1 1 1 1 1 1 1 1 1 1 1 1 1 1 1 1 1 1 1 1 1 1 1 1 1 1 1 1 1 1 1 1 1 1 1 1 1 1 1 1 1 1 1 1 1 1 1 1 1 1 1 1 1 1 1 1 1 1 1 1 1 1 1 1 1 1 1 1 1 1 1 1 1 1 1 1 1 1 1 1 1 1 1 1 1 1 1 1 1 1 1 1 1 1 1 1 1 1 1 1 1 1 1 1 1 1 1 1 1 1 1 1 1 1 1 1 1 1 1 1 1 1 1 1 1 1 1 1 1 1 1 1 1 1 1 1 1 1 1 1 1 1 1 1 1 1 1 1 1 1 1 1 1 1 1 1 1 1 1 1 1 1 1 1 1 1 1 1 1 1 1 1 1 1 1 1 1 1 1 1 1 1 1 1 1 1 1 1 1 1 1
2 1
3 2
4 3
5 4
6 5
7 6
8 7
9 8
10 9
11 10
12 11
13 12
14 13
15 14
16 15
17 16
18 17
19 18
20 19
21 20
22 21
23 22
24 23
25 24
26 25
27 26
28 27
29 28
30 29
31 30
32 31
33 32
34 33
35 34
36 35
37 36
38 37
39 38
40 39
41 40
42 41
43 42
44 43
45 44
46 45
47 46
48 47
49 48
50 49
51 50
52 51
53 52
54 53
55 54
56 55
57 56
58 57
59 58
60 59
61 60
62 61
63 62
64 63
65 64
66 65
67 66
68 67
69 68
70 69
71 70
72 71
73 72
74 73
75 74
76 75
77 76
78 77
79 78
80 79
81 80
82 81
83 82
84 83
85 84
86 85
87 86
88 87
89 88
90 89
91 90
92 91
93 92
94 93
95 94
96 95
97 96
98 97
99 98
100 99
101 100
102 101
103 102
104 103
105 104
106 105
107 106
108 107
109 108
110 109
111 110
112 111
113 112
114 113
115 114
116 115
117 116
118 117
119 118
120 119
121 120
122 121
123 122
124 123
125 124
126 125
127 126
128 127
129 128
130 129
131 130
132 131
133 132
134 133
135 134
136 135
137 136
138 137
139 138
140 139
141 140
142 141
143 142
144 143
145 144
146 145
147 146
148 147
149 148
150 149
151 150
152 151
153 152
154 153
155 154
156 155
157 156
158 157
159 158
160 159
161 160
162 161
163 162
164 163
165 164
166 165
167 166
168 167
169 168
170 169
171 170
172 171
173 172
174 173
175 174
176 175
177 176
178 177
179 178
180 179
181 180
182 181
183 182
184 183
185 184
186 185
187 186
188 187
189 188
190 189
191 190
192 191
193 192
194 193
195 194
196 195
197 196
198 197
199 198
200 199
201 200
202 201
203 202
204 203
205 204
206 205
207 206
208 207
209 208
210 209
211 210
212 211
213 212
214 213
215 214
216 215
217 216
218 217
219 218
220 219
221 220
222 221
223 222
224 223
225 224
226 225
227 226
228 227
229 228
230 229
231 230
232 231
233 232
234 233
235 234
236 235
237 236
238 237
239 238
240 239
241 240
242 241
243 242
244 243
245 244
246 245
247 246
248 247
249 248
250 249
251 29
252 68
253 133
254 185
255 89
256 176
257 7
258 129
259 123
260 217
261 150
262 1
263 104
264 76
265 249
266 172
267 155
268 98
269 1
270 188
271 166
272 128
273 18
274 211
275 131
276 6
277 247
278 214
279 227
280 144
281 49
282 111
283 259
284 281
285 5
286 172
287 187
288 73
289 205
290 102
291 180
292 49
293 9
294 11
295 104
296 177
297 294
298 77
299 38
300 291
301 270
302 44
303 3
304 227
305 17
306 107
307 275
308 132
309 252
310 233
311 262
312 108
313 56
314 98
315 63
316 243
317 242
318 190
319 118
320 244
321 248
322 284
323 223
324 211
325 314
326 91
327 227
328 227
329 33
330 99
331 179
332 7
333 88
334 323
335 74
336 266
337 186
338 126
339 56
340 46
341 227
342 160
343 96
344 43
345 162
346 234
347 5
348 20
349 286
350 21
351 91
352 257
353 176
354 238
355 232
356 164
357 92
358 184
359 329
360 204
361 292
362 74
363 210
364 69
365 293
366 53
367 339
368 282
369 355
370 207
371 227
372 101
373 67
374 84
375 288
376 220
377 263
378 307
379 265
380 5
381 226
382 215
383 274
384 263
385 28
386 38
387 244
388 39
389 284
390 297
391 232
392 275
393 45
394 369
395 374
396 71
397 210
398 98
399 76
400 159
401 133
402 87
403 384
404 255
405 389
406 63
407 402
408 193
409 294
410 290
411 95
412 189
413 142
414 151
415 394
416 398
417 230
418 7
419 206
420 303
421 46
422 394
423 120
424 288
425 405
426 377
427 10
428 197
429 246
430 191
431 126
432 16
433 376
434 209
435 126
436 71
437 261
438 347
439 55
440 120
441 40
442 340
443 128
444 282
445 177
446 48
447 88
448 183
449 52
450 332
451 382
452 148
453 234
454 223
455 74
456 432
457 419
458 353
459 289
460 97
461 171
462 338
463 310
464 133
465 67
466 287
467 123
468 202
469 335
470 281
471 58
472 347
473 78
474 388
475 85
476 407
477 389
478 41
479 436
480 79
481 207
482 108
483 432
484 427
485 152
486 59
487 124
488 281
489 313
490 358
491 11
492 235
493 379
494 317
495 129
496 115
497 208
498 2
499 362
500 364
500 4000
3236 1031 3706 3952 634 135 3655 3270 884 1051 2833 1218 1126 3552 427 2231 935 1134 281 1212 1050 3897 2681 1063 2076 3979 1713 2446 654 3936 2777 1306 1605 2403 1739 1900 2128 647 458 2677 745 1897 2480 1393 2910 2436 2107 1412 2113 2965 3994 1272 1646 1680 500 3158 1693 3875 1338 2051 2313 1066 3949 1662 3423 1811 3953 759 1897 1555 852 2161 3196 1193 3545 2460 1793 3218 425 3501 577 556 3804 639 595 1391 2211 3246 3754 617 1401 1073 1689 3866 3307 1688 1450 3952 1604 711 1471 3075 2686 2387 1608 3091 2533 1435 2662 3169 1997 2664 2877 2252 2966 2664 3488 1166 3774 39 3033 2390 3720 79 120 1447 2122 450 30 3121 412 1814 2506 334 3423 2577 930 3041 108 2438 2373 778 1982 558 3151 3533 898 1642 1422 2660 2621 3737 965 1442 3805 277 1982 1674 1444 2963 628 2447 3793 2299 0 2445 305 1445 4 2856 1862 1301 3286 2981 1621 1400 2191 3174 3478 3743 692 3210 2263 1564 1795 388 2097 1819 385 3322 1167 3107 1827 1121 3323 2574 3387 3736 2346 3493 3557 3651 3082 192 498 1929 1163 1660 371 2320 747 1310 3402 1367 3525 72 429 1140 3964 3961 1179 3152 1732 714 2563 3936 2737 2151 3602 2982 1411 2251 3133 1671 3217 223 3376 3758 3701 2836 725 1410 2904 2559 2856 132 543 2997 122 3979 2934 3367 3715 3139 2586 2944 3661 2052 236 2717 1086 175 2676 2733 933 3695 2644 3146 1256 750 110 3446 1101 3253 2615 1114 1095 3720 3997 2939 482 481 3766 2878 2546 2476 2027 445 2296 388 2180 1066 1782 524 1557 2053 276 3633 200 2585 3443 2238 109 3036 2769 2720 1470 3239 2430 3100 1879 2450 3774 589 1845 436 30 35 429 122 2300 536 3857 1701 2066 1685 1086 42 835 229 2888 2341 2280 3705 425 2173 1051 1052 1223 2142 3141 3383 1956 3410 3077 3848 3020 162 962 671 3642 973 1554 2618 3019 231 2122 2529 1606 787 2632 3524 1099 2852 1311 1844 3099 2449 227 3552 552 1367 1013 434 2846 2420 2895 330 1297 3585 1171 3224 2664 3951 2129 351 41 2438 2103 3913 934 3706 3581 1926 456 1199 3121 3338 251 2480 1087 3590 3833 2634 2564 2565 2171 3406 2549 9 380 103 3691 680 1967 3801 145 1058 1764 1979 3664 2372 2806 470 3482 674 3512 639 725 3313 3777 1906 617 899 372 303 3821 71 404 1018 14 3392 3367 1294 2593 2308 1641 1057 3147 121 724 1918 3661 2891 3662 2239 949 1841 211 298 2947 2881 3652 623 920 817 400 2911 773 2929 2560 1230 850 2117 1352 1836 2381 295 781 513 2261 2524 81 1960 1991 1974 3558 2733 1256 1099 2961 3946 1811 2068 1629 1087 2149 3976 1540 2864
3587 3676 3847 798 1564 1165 3421 2001 2174 872 2411 3476 1629 2923 70 445 516 348 2483 2328 1753 2030 551 3599 1688 468 1152 3319 1257 3306 99 318 1251 2721 2840 180 741 2731 2755 407 3026 2055 997 1923 1070 558 1107 1593 3575 3550 1590 1294 1349 3367 290 1462 933 1396 1915 945 2259 2299 229 1559 823 1448 1355 544 1922 998 2451 1654 40 558 2079 2206 800 3412 2823 1123 90 2704 1686 3493 3617 1322 2403 2018 1073 1896 2705 2275 283 3868 3913 330 2903 809 2359 2681 2313 502 163 1254 2456 342 2256 157 2731 2710 2714 3413 1285 743 2348 3607 2819 686 192 11 51 1993 3579 1413 3287 1412 680 1552 1499 2493 3732 1625 2772 3828 2379 414 1690 1334 1809 2615 2567 330 1571 3461 720 2109 2831 858 3780 907 2866 3113 1219 1518 2577 3471 2721 523 890 608 1564 2459 2876 790 1786 982 3492 1271 1030 3430 538 3270 2572 3274 1787 3500 2900 1513 377 3015 3580 249 2928 3155 570 1968 2954 1176 3824 842 3734 276 3152 1403 101 1065 563 1559 3653 2889 1172 31 1922 2048 2963 1358 122 1922 967 1636 3903 3158 3556 1169 2483 3203 270 3878 415 1497 1628 664 1237 2562 2192 3990 1703 2954 1334 1036 615 1260 221 2808 1121 30 3282 3052 3863 1279 707 2660 1083 2143 3602 3403 3698 175 824 1288 647 1482 2653 2637 2254 868 3093 1155 3963 1969 3357 2479 3266 1304 151 3401 1584 3000 3331 2718 3434 2587 1310 739 3269 442 3103 1341 3110 2992 3216 3438 1019 1027 3979 2530 1242 1520 3830 3802 2073 469 3679 375 2253 1636 1115 1418 135 358 3932 2300 1324 3021 1842 3065 3028 1534 3236 33 1318 3966 1999 1841 115 1500 2174 1230 720 542 2090 1107 1976 3824 3604 3261 897 1033 3906 2740 349 2048 2167 92 1621 686 310 2492 2145 1445 2968 3342 524 337 3435 3976 3270 3884 3598 3977 1577 3656 1899 2215 1296 248 2229 3096 277 3967 1186 2751 3787 3325 2442 1816 3708 2614 1825 1222 3620 3813 3986 253 2221 2272 893 363 2732 1709 403 1900 765 3204 2992 1005 3643 2502 2136 3424 3842 3070 1333 33 3689 2454 3119 3239 2106 2301 1677 2351 2900 1751 3308 2404 579 2404 2686 3955 3967 277 229 3246 67 3532 3440 862 1070 3122 470 909 3872 3902 2289 212 1741 547 1117 3554 3398 3867 3793 781 649 754 1437 254 2758 758 229 1975 3188 3740 509 3847 2867 3606 1029 3441 3620 1491 2631 2872 2246 2486 2480 879 2386 28 3148 2304 3001 2663 741 2618 3517 1328 669 2912 3053 2284 2345 3151 3526 28 3697 2191 1382 91 646 62 243 771 3812 3448 908 3008 1896 362 1742 3096 3412 3385 1162 1435 3265 238 1061 1287
1 1 1 1 1 1 1 1 1 1 1 1 1 1 1 1 1 1 1 1 1 1 1 1 1 1 1 1 1 1 1 1 1 1 1 1 1 1 1 1 1 1 1 1 1 1 1 1 1 1 1 1 1 1 1 1 1 1 1 1 1 1 1 1 1 1 1 1 1 1 1 1 1 1 1 1 1 1 1 1 1 1 1 1 1 1 1 1 1 1 1 1 1 1 1 1 1 1 1 1 1 1 1 1 1 1 1 1 1 1 1 1 1 1 1 1 1 1 1 1 1 1 1 1 1 1 1 1 1 1 1 1 1 1 1 1 1 1 1 1 1 1 1 1 1 1 1 1 1 1 1 1 1 1 1 1 1 1 1 1 1 1 1 1 1 1 1 1 1 1 1 1 1 1 1 1 1 1 1 1 1 1 1 1 1 1 1 1 1 1 1 1 1 1 1 1 1 1 1 1 1 1 1 1 1 1 1 1 1 1 1 1 1 1 1 1 1 1 1 1 1 1 1 1 1 1 1 1 1 1 1 1 1 1 1 1 1 1 1 1 1 1 1 1 1 1 1 1 1 1 1 1 1 1 1 1 1 1 1 1 1 1 1 1 1 1 1 1 1 1 1 1 1 1 1 1 1 1 1 1 1 1 1 1 1 1 1 1 1 1 1 1 1 1 1 1 1 1 1 1 1 1 1 1 1 1 1 1 1 1 1 1 1 1 1 1 1 1 1 1 1 1 1 1 1 1 1 1 1 1 1 1 1 1 1 1 1 1 1 1 1 1 1 1 1 1 1 1 1 1 1 1 1 1 1 1 1 1 1 1 1 1 1 1 1 1 1 1 1 1 1 1 1 1 1 1 1 1 1 1 1 1 1 1 1 1 1 1 1 1 1 1 1 1 1 1 1 1 1 1 1 1 1 1 1 1 1 1 1 1 1 1 1 1 1 1 1 1 1 1 1 1 1 1 1 1 1 1 1 1 1 1 1 1 1 1 1 1 1 1 1 1 1 1 1 1 1 1 1 1 1 1 1 1 1 1 1 1 1 1 1 1 1 1 1 1 1 1 1 1 1 1 1 1 1 1 1 1 1 1 1 1 1 1 1 1 1 1 1 1 1 1 1 1 1 1 1 1 1 1
2 1
3 2
4 3
5 4
6 5
7 6
8 7
9 8
10 9
11 10
12 11
13 12
14 13
15 14
16 15
17 16
18 17
19 18
20 19
21 20
22 21
23 22
24 23
25 24
26 25
27 26
28 27
29 28
30 29
31 30
32 31
33 32
34 33
35 34
36 35
37 36
38 37
39 38
40 39
41 40
42 41
43 42
44 43
45 44
46 45
47 46
48 47
49 48
50 49
51 50
52 51
53 52
54 53
55 54
56 55
57 56
58 57
59 58
60 59
61 60
62 61
63 62
64 63
65 64
66 65
67 66
68 67
69 68
70 69
71 70
72 71
73 72
74 73
75 74
76 75
77 76
78 77
79 78
80 79
81 80
82 81
83 82
84 83
85 84
86 85
87 86
88 87
89 88
90 89
91 90
92 91
93 92
94 93
95 94
96 95
97 96
98 97
99 98
100 99
101 100
102 101
103 102
104 103
105 104
106 105
107 106
108 107
109 108
110 109
111 110
112 111
113 112
114 113
115 114
116 115
117 116
118 117
119 118
120 119
121 120
122 121
123 122
124 123
125 124
126 125
127 126
128 127
129 128
130 129
131 130
132 131
133 132
134 133
135 134
136 135
137 136
138 137
139 138
140 139
141 140
142 141
143 142
144 143
145 144
146 145
147 146
148 147
149 148
150 149
151 150
152 151
153 152
154 153
155 154
156 155
157 156
158 157
159 158
160 159
161 160
162 161
163 162
164 163
165 164
166 165
167 166
168 167
169 168
170 169
171 170
172 171
173 172
174 173
175 174
176 175
177 176
178 177
179 178
180 179
181 180
182 181
183 182
184 183
185 184
186 185
187 186
188 187
189 188
190 189
191 190
192 191
193 192
194 193
195 194
196 195
197 196
198 197
199 198
200 199
201 200
202 201
203 202
204 203
205 204
206 205
207 206
208 207
209 208
210 209
211 210
212 211
213 212
214 213
215 214
216 215
217 216
218 217
219 218
220 219
221 220
222 221
223 222
224 223
225 224
226 225
227 226
228 227
229 228
230 229
231 230
232 231
233 232
234 233
235 234
236 235
237 236
238 237
239 238
240 239
241 240
242 241
243 242
244 243
245 244
246 245
247 246
248 247
249 248
250 249
251 187
252 26
253 134
254 224
255 90
256 80
257 122
258 227
259 185
260 194
261 26
262 111
263 123
264 91
265 117
266 207
267 180
268 58
269 166
270 246
271 222
272 211
273 172
274 138
275 243
276 256
277 128
278 40
279 207
280 115
281 3
282 213
283 274
284 88
285 258
286 93
287 3
288 210
289 213
290 259
291 189
292 2
293 240
294 184
295 182
296 232
297 232
298 185
299 294
300 40
301 209
302 288
303 12
304 266
305 230
306 111
307 36
308 146
309 118
310 186
311 47
312 157
313 174
314 94
315 156
316 65
317 187
318 61
319 94
320 154
321 145
322 174
323 133
324 89
325 212
326 248
327 191
328 272
329 78
330 100
331 38
332 31
333 201
334 74
335 206
336 188
337 134
338 300
339 141
340 323
341 6
342 140
343 232
344 256
345 240
346 107
347 260
348 106
349 248
350 26
351 47
352 266
353 278
354 95
355 249
356 46
357 274
358 342
359 36
360 275
361 207
362 185
363 101
364 183
365 281
366 3
367 317
368 331
369 83
370 297
371 80
372 175
373 40
374 179
375 32
376 152
377 42
378 43
379 118
380 199
381 301
382 39
383 6
384 1
385 333
386 358
387 175
388 245
389 170
390 232
391 217
392 330
393 43
394 288
395 10
396 70
397 1
398 358
399 164
400 189
401 309
402 28
403 349
404 347
405 329
406 64
407 261
408 72
409 171
410 305
411 214
412 276
413 154
414 186
415 144
416 232
417 317
418 364
419 218
420 229
421 393
422 322
423 203
424 212
425 27
426 146
427 362
428 172
429 410
430 282
431 227
432 360
433 421
434 353
435 131
436 418
437 176
438 198
439 384
440 288
441 211
442 312
443 80
444 296
445 408
446 130
447 285
448 9
449 367
450 51
451 276
452 290
453 66
454 230
455 36
456 381
457 294
458 364
459 378
460 194
461 90
462 446
463 38
464 172
465 202
466 67
467 183
468 276
469 105
470 24
471 263
472 192
473 355
474 138
475 261
476 31
477 334
478 449
479 393
480 322
481 169
482 125
483 17
484 437
485 58
486 94
487 410
488 37
489 68
490 178
491 13
492 391
493 424
494 273
495 68
496 350
497 45
498 13
499 45
500 115
