5
127 37
607 1079 3089 1273 356 1224 89 2886 1895 796 348 1271 3374 1863 3644 710 1490 3443 2572 2815 395 2306 3612 3765 541 771 134 3717 2754 979 2553 587 3993 2967 581 1954 2415 3223 615 832 2796 2173 1975 2576 1185 622 1968 2546 2128 2089 255 1777 1339 3966 1103 3972 1489 3985 628 2759 2101 2928 2837 1307 3729 3889 1886 3995 2299 2447 3270 1633 1029 1863 1534 3289 3818 2446 3675 3939 1047 918 1060 1456 2296 1793 1023 2101 2469 3876 3417 1044 139 2049 3156 2700 3966 478 789 3741 959 1322 3341 1729 3018 1809 1800 2823 1091 3134 3636 2003 1057 1457 563 3379 2522 1378 1027 1283 1872 2901 2989 323 1532 3998 1901
8 13 22 23 27 9 24 24 5 37 20 13 13 8 17 20 22 26 35 35 22 17 30 29 15 8 8 7 31 23 13 13 21 27 31 16 24 14 30 9 19 34 15 7 35 10 25 20 17 19 35 36 12 10 4 28 30 16 32 31 31 33 21 19 36 10 29 20 16 19 17 37 10 27 8 26 35 24 31 3 11 26 18 18 30 22 26 2 8 6 31 31 20 22 37 2 22 16 4 14 12 16 30 5 24 27 7 33 2 21 2 22 15 25 34 30 4 18 28 27 32 22 8 11 28 32 21
53 44 64 9 100 67 34 93 16 30 20 62 66 34 58 59 5 19 98 92 37 58 58 24 26 20 3 62 50 3 78 76 25 52 40 44 73 45 96 53 78 68 20 8 54 19 40 6 89 18 95 98 75 62 90 94 46 40 91 39 62 13 89 13 74 39 92 80 1 81 64 68 14 75 14 90 100 5 71 72 41 96 36 53 96 81 5 69 28 84 64 64 15 8 29 65 92 58 64 81 37 48 19 4 16 27 41 71 39 95 50 91 54 62 1 34 28 86 26 63 45 75 56 32 70 72 94
2 1
3 2
4 3
5 4
6 5
7 6
8 7
9 8
10 9
11 10
12 11
13 12
14 13
15 14
16 15
17 16
18 17
19 18
20 19
21 20
22 21
23 22
24 23
25 24
26 25
27 26
28 27
29 28
30 29
31 30
32 31
33 32
34 33
35 34
36 35
37 36
38 37
39 38
40 39
41 40
42 41
43 42
44 43
45 44
46 45
47 46
48 47
49 48
50 49
51 50
52 51
53 52
54 53
55 54
56 55
57 56
58 57
59 58
60 59
61 60
62 61
63 62
64 9
65 21
66 47
67 37
68 20
69 26
70 4
71 6
72 66
73 42
74 25
75 36
76 66
77 4
78 40
79 25
80 57
81 44
82 46
83 69
84 5
85 22
86 42
87 9
88 10
89 28
90 7
91 74
92 5
93 21
94 31
95 67
96 61
97 78
98 80
99 17
100 81
101 100
102 68
103 63
104 33
105 4
106 34
107 4
108 63
109 56
110 67
111 71
112 86
113 83
114 69
115 113
116 54
117 42
118 9
119 53
120 52
121 68
122 109
123 97
124 64
125 55
126 78
127 106
88 20
1648 741 133 1138 942 1140 2453 2509 2555 3538 2936 1979 1610 1562 1773 1433 788 2044 1182 3647 3956 2189 1342 641 3012 687 1763 3683 1111 1857 1317 802 438 2568 3576 3455 3871 3807 1607 1935 2971 1085 722 2081 3359 934 2409 2863 3302 180 3786 968 1165 2118 2712 540 1104 3848 156 2536 3427 2437 3489 1700 691 3050 1195 2347 94 1852 1624 234 336 2012 3353 3084 3041 377 531 1636 2892 566 2930 1339 1520 797 877 572
5 4 17 19 10 10 1 4 17 8 4 7 3 20 4 10 13 18 4 7 18 10 13 7 6 11 14 11 5 20 1 2 10 17 16 14 5 10 7 17 15 18 19 9 14 15 11 15 18 17 16 5 10 1 2 3 13 18 9 16 19 1 2 1 15 5 15 5 8 5 5 14 15 6 12 15 18 4 6 6 14 20 16 8 1 2 14 19
30 28 7 38 15 13 27 92 5 7 67 94 17 99 2 40 1 44 20 11 15 28 88 3 66 87 70 82 30 29 11 59 73 6 74 70 79 24 21 12 89 40 19 18 6 83 67 57 95 50 85 57 1 40 95 6 44 23 91 35 88 14 84 42 39 46 10 47 73 19 62 40 55 5 70 28 84 34 73 48 3 81 94 3 17 8 53 29
2 1
3 2
4 3
5 4
6 5
7 6
8 7
9 8
10 9
11 10
12 11
13 12
14 13
15 14
16 15
17 16
18 17
19 18
20 19
21 20
22 21
23 22
24 23
25 24
26 25
27 26
28 27
29 28
30 29
31 30
32 31
33 32
34 33
35 34
36 35
37 36
38 37
39 38
40 39
41 40
42 41
43 42
44 43
45 5
46 16
47 40
48 24
49 24
50 33
51 49
52 41
53 10
54 6
55 50
56 54
57 48
58 40
59 23
60 56
61 19
62 38
63 51
64 22
65 58
66 43
67 10
68 5
69 36
70 23
71 4
72 29
73 4
74 13
75 65
76 64
77 23
78 5
79 16
80 19
81 52
82 61
83 37
84 51
85 18
86 20
87 10
88 42
459 1783
2962 3496 1095 3058 2949 428 1185 2736 2555 2555 2477 3729 373 3689 853 3674 1073 279 2374 2044 171 1472 171 1282 3984 2762 848 3292 3525 3531 1750 1771 760 1337 3923 2350 3366 1398 3212 267 3661 2427 3701 1377 2131 3876 1449 3597 2007 1755 613 154 2390 1320 362 942 3457 3321 1427 594 2941 1485 3476 3586 1243 103 2452 2805 1017 3377 941 686 2106 2926 2049 1795 3810 676 1727 749 21 3656 2487 1265 1008 3020 3898 2062 488 1958 2038 3431 834 1762 529 3890 3219 2218 3940 1473 1849 1299 3258 3568 921 2187 73 464 3483 3490 3313 3891 3108 2870 1651 2328 658 1315 947 3929 2141 3658 2322 498 1581 415 3589 2771 3863 569 3514 2441 1788 1877 3309 2378 2435 44 2502 63 1366 3030 2549 438 1627 285 1009 264 1492 1190 397 2183 3546 3868 93 299 2005 1279 968 1438 1951 205 2478 1766 3674 1903 3260 2162 2576 2023 3470 3849 426 3319 3109 3854 467 3412 265 2263 878 173 2465 3280 1428 662 1040 2539 2451 3801 2930 682 3556 638 312 239 333 1945 3073 1859 3639 1813 218 740 3312 159 152 3028 419 693 3603 255 2326 175 549 2637 1350 2574 3491 2888 2175 1668 764 3951 350 1540 3600 3388 3338 651 2195 1522 2448 2029 162 3466 1887 3428 1861 2431 804 2262 2311 2904 2407 582 1682 949 2469 3069 3951 829 880 3417 316 1510 1604 2742 3566 3781 1643 1980 2634 1561 3732 2217 895 3954 2768 2783 2214 423 3310 3952 317 2840 3831 2856 2848 2336 12 1307 2794 1503 1790 1360 3691 3046 655 1774 2378 1187 1256 133 1886 271 1979 3615 2343 2869 3482 2728 3442 3717 2456 987 493 3737 2526 1774 2824 2503 2033 3840 2573 2632 2275 2657 2018 1063 1206 1858 2077 109 1561 2462 6 3532 2812 3624 148 3914 2774 2775 1569 912 826 3823 815 1234 406 2192 1408 3041 3724 2916 1713 367 3220 1476 2679 1954 3026 2379 1341 2556 1460 1791 1308 3880 688 2108 1820 1225 604 1283 107 960 141 771 668 3708 3828 3974 3426 2662 2038 3710 45 3596 1196 2064 3620 2765 1947 3649 1027 806 308 1792 2359 2204 2126 1555 2745 3979 3683 390 1896 1165 1417 912 1610 270 371 295 2724 3663 1063 1095 2808 1016 1217 1215 2271 2595 936 2908 1864 1573 367 2680 2288 3744 15 3685 1250 1319 1636 2774 1264 1488 2501 2414 307 2304 2824 3181 2176 2995 1718 2103 652 2986 2283 1031 1090 3961 3025 3859 2754 3377 190 1984 3709 3626 3307 1609 3534
80 161 768 582 1112 522 58 1639 880 1270 1128 352 945 511 139 1044 1404 674 1208 1342 1203 664 508 1539 772 553 128 1571 155 1671 523 1342 1550 931 1584 395 134 1175 1667 716 1735 163 1732 516 1209 460 526 576 547 793 452 1160 763 198 1610 711 585 844 519 39 516 837 1567 365 1766 1205 113 946 26 1138 1086 1282 59 834 1056 960 732 1256 631 188 119 1010 836 214 121 518 1353 74 1251 6 1227 186 785 203 343 1479 605 185 1574 1608 308 171 608 1239 1636 209 1384 447 312 53 727 447 52 459 645 272 1594 690 1170 211 466 780 1265 612 1527 371 1709 1569 511 1177 884 1192 750 1566 128 1199 987 1298 1587 309 950 661 1580 147 1496 1705 104 1231 143 424 527 1523 1381 423 41 1377 619 557 1232 907 1338 1093 684 1120 1087 98 1144 1 981 714 1370 681 965 159 883 121 1467 245 704 1558 518 498 735 1529 124 731 447 238 621 617 80 209 1505 37 206 33 1500 768 1646 1414 1027 1635 593 269 1575 505 1740 1211 657 790 1439 744 113 1656 467 656 1173 1110 1770 1760 63 1717 591 447 410 196 1534 53 1506 1411 1665 979 646 1276 624 147 640 54 374 275 1646 787 114 1759 1004 606 1347 257 1306 827 322 834 375 1184 924 385 688 59 1323 86 829 498 852 944 1008 286 1201 395 29 1364 1550 204 429 1310 713 117 1235 1151 1252 586 1650 127 1490 1181 299 547 1512 583 1278 1741 189 301 71 467 899 682 66 48 440 1679 1383 936 263 1249 239 1515 919 1513 1075 360 577 131 1419 1098 355 1524 1244 1540 825 73 118 93 14 304 955 392 1772 923 1423 1139 850 1450 1201 1691 1351 546 1284 621 1029 1726 1243 182 645 520 607 1455 398 498 1495 272 1395 1463 1713 50 618 1639 733 1528 803 196 119 196 1533 1748 664 297 364 1503 1666 172 1496 17 875 1419 816 745 1535 325 584 1766 893 621 1572 482 1085 1305 198 848 1104 1094 728 606 1755 1288 1315 965 1164 278 235 1519 27 1769 1150 1585 666 599 509 243 1284 263 1141 665 830 1756 199 4 497 481 1779 850 646 275 1214 270 238 1654 958 297 531 446 393 28 229 861 322 1042 1753 670 311 486 1281 1431 1584 685 1126 1025 182 698 973 1198 544 670 1710 1567 1747 452 1387 619 711
1 60 43 42 73 7 5 48 11 98 84 38 44 8 63 32 82 93 92 28 90 38 37 53 88 97 96 83 28 53 76 12 53 84 27 66 39 22 98 7 61 12 54 38 68 85 45 19 92 83 48 21 28 22 22 9 23 65 14 66 32 49 20 64 25 6 10 6 89 76 37 47 19 55 37 79 18 86 30 73 34 24 91 72 47 92 97 83 17 135 68 46 18 73 48 75 55 12 75 28 34 96 21 9 44 43 65 60 31 27 3 56 57 77 41 27 82 92 1 99 22 44 75 87 59 46 4 78 6 5 43 24 32 14 99 5 47 85 69 82 18 33 27 6 5 57 13 28 4 42 59 97 82 63 46 17 2 55 7 85 98 10 29 20 74 67 35 497 2 36 10 33 26 91 82 72 74 28 92 44 31 63 74 57 30 88 62 59 98 92 97 84 74 70 86 63 64 26 8 54 4 9 51 69 17 29 2 17 89 46 61 39 18 10 35 74 56 54 35 31 13 53 95 43 36 13 94 32 10 99 15 96 73 98 21 2 54 12 61 83 60 84 100 73 93 11 78 53 9 53 40 11 14 3 69 41 7 91 100 100 64 67 31 15 85 89 11 44 44 2 87 84 93 1 91 33 28 63 22 10 94 62 54 4 77 77 74 35 39 41 84 35 14 40 17 84 8 54 14 62 33 42 25 53 14 78 80 100 99 97 36 9 9 44 84 13 85 79 7 61 36 82 37 69 92 9 84 18 66 47 22 93 40 65 98 62 77 78 43 18 27 18 67 54 72 15 39 68 64 18 87 31 63 27 5 21 70 23 21 51 43 46 58 93 29 85 16 99 21 89 61 31 66 96 83 96 94 80 58 27 45 69 79 5 6 70 61 48 29 8 36 17 75 15 43 54 100 45 100 92 13 15 74 23 85 9 34 33 11 62 46 8 64 16 30 423 78 93 40 63 51 91 16 74 63 68 32 24 29 30 24 52 79 17 25 38 25 68 46 71 78 69 7 93 38 40 5 20 79 32 14 72 33 36 70 80 57 75 14
2 1
3 2
4 3
5 4
6 5
7 6
8 7
9 8
10 9
11 10
12 11
13 12
14 13
15 14
16 15
17 16
18 17
19 18
20 19
21 20
22 21
23 22
24 23
25 24
26 25
27 26
28 27
29 28
30 29
31 30
32 31
33 32
34 33
35 34
36 35
37 36
38 37
39 38
40 39
41 40
42 41
43 42
44 43
45 44
46 45
47 46
48 47
49 48
50 49
51 50
52 51
53 52
54 53
55 54
56 55
57 56
58 57
59 58
60 59
61 60
62 61
63 62
64 63
65 64
66 65
67 66
68 67
69 68
70 69
71 70
72 71
73 72
74 73
75 74
76 75
77 76
78 77
79 78
80 79
81 80
82 81
83 82
84 83
85 84
86 85
87 86
88 87
89 88
90 89
91 90
92 91
93 92
94 93
95 94
96 95
97 96
98 97
99 98
100 99
101 100
102 101
103 102
104 103
105 104
106 105
107 106
108 107
109 108
110 109
111 110
112 111
113 112
114 113
115 114
116 115
117 116
118 117
119 118
120 119
121 120
122 121
123 122
124 123
125 124
126 125
127 126
128 127
129 128
130 129
131 130
132 131
133 132
134 133
135 134
136 135
137 136
138 137
139 138
140 139
141 140
142 141
143 142
144 143
145 144
146 145
147 146
148 147
149 148
150 149
151 150
152 151
153 152
154 153
155 154
156 155
157 156
158 157
159 158
160 159
161 160
162 161
163 162
164 163
165 164
166 165
167 166
168 167
169 168
170 169
171 170
172 171
173 172
174 173
175 174
176 175
177 176
178 177
179 178
180 179
181 180
182 181
183 182
184 183
185 184
186 185
187 186
188 187
189 188
190 189
191 190
192 191
193 192
194 193
195 194
196 195
197 196
198 197
199 198
200 199
201 200
202 201
203 202
204 203
205 204
206 205
207 206
208 207
209 208
210 209
211 210
212 211
213 212
214 213
215 214
216 215
217 216
218 217
219 218
220 219
221 220
222 221
223 222
224 223
225 224
226 225
227 226
228 227
229 228
230 149
231 118
232 124
233 79
234 139
235 12
236 95
237 154
238 145
239 228
240 39
241 68
242 29
243 115
244 141
245 123
246 136
247 158
248 29
249 244
250 94
251 116
252 170
253 166
254 55
255 170
256 46
257 79
258 66
259 114
260 17
261 181
262 251
263 72
264 14
265 31
266 158
267 199
268 192
269 49
270 142
271 59
272 16
273 37
274 32
275 149
276 52
277 4
278 137
279 97
280 246
281 252
282 257
283 119
284 68
285 19
286 26
287 129
288 235
289 100
290 156
291 274
292 183
293 32
294 290
295 148
296 230
297 192
298 125
299 172
300 121
301 90
302 198
303 199
304 122
305 121
306 273
307 230
308 89
309 44
310 49
311 270
312 98
313 289
314 293
315 127
316 1
317 190
318 271
319 42
320 240
321 80
322 25
323 228
324 156
325 268
326 218
327 196
328 289
329 283
330 61
331 116
332 67
333 64
334 201
335 17
336 69
337 280
338 297
339 90
340 264
341 121
342 53
343 64
344 300
345 259
346 182
347 43
348 294
349 179
350 279
351 249
352 254
353 28
354 45
355 120
356 181
357 128
358 138
359 20
360 129
361 198
362 275
363 227
364 86
365 77
366 353
367 105
368 115
369 234
370 287
371 83
372 160
373 313
374 183
375 284
376 344
377 202
378 63
379 52
380 332
381 77
382 14
383 71
384 85
385 78
386 140
387 84
388 225
389 291
390 132
391 149
392 123
393 43
394 345
395 188
396 146
397 204
398 305
399 264
400 16
401 166
402 173
403 16
404 278
405 150
406 357
407 21
408 176
409 142
410 374
411 123
412 190
413 298
414 43
415 49
416 271
417 48
418 87
419 193
420 92
421 399
422 8
423 64
424 384
425 160
426 194
427 3
428 139
429 309
430 177
431 228
432 76
433 55
434 408
435 256
436 177
437 271
438 136
439 99
440 177
441 287
442 403
443 217
444 281
445 257
446 163
447 65
448 296
449 136
450 395
451 335
452 80
453 235
454 432
455 72
456 327
457 55
458 427
459 147
500 4000
480 1063 2646 3388 1514 2756 3156 2089 2006 2246 2189 495 2600 3667 2502 1901 248 3581 3773 3526 1665 159 1169 3900 3023 3481 2924 2795 680 2953 3443 3397 2235 3435 945 813 3593 499 3680 2773 1041 2121 1305 3708 2336 2148 2526 802 1783 1002 2020 3534 3166 2183 3942 3459 425 2028 2535 191 105 3018 552 3893 2998 495 2155 683 2394 1121 229 2966 833 3706 1258 1396 895 1635 2261 1419 3970 947 86 161 2809 2793 897 2299 740 1577 3380 2874 2429 1972 3079 2547 134 268 1658 2223 2357 1990 2972 227 2653 3280 1751 1872 1374 3654 1251 2461 2255 3760 3338 308 2154 1951 3833 859 3704 3112 296 2613 1789 319 1515 2872 710 184 1273 944 466 1498 2267 180 3166 997 3225 1128 949 2759 1697 1011 1783 3961 3577 257 840 2944 1830 3484 1980 1025 93 391 865 356 233 1980 3949 2316 1085 2503 3016 2294 2524 1282 2268 3952 2087 2835 572 1757 2918 2211 626 3175 409 576 3821 1315 3393 3510 394 812 1546 873 2881 3705 731 278 2002 608 2688 3307 849 48 2038 357 2479 3113 249 2185 1738 2015 3818 3269 1016 1200 644 744 591 1634 2145 2943 3928 2913 1703 3474 1140 1943 856 2079 3950 3949 3641 3446 2115 993 994 756 15 2088 1895 1284 25 3623 1958 2995 2880 1709 1361 2226 1191 724 62 1554 1567 3640 2348 3291 723 438 344 2223 3801 329 2240 989 3511 2081 695 1736 1555 2662 2410 985 319 1228 3249 3330 3844 2551 2841 2934 1741 2737 3472 3013 151 713 2002 3868 1559 3119 3284 1148 2027 685 2286 2458 3045 2825 493 1848 1172 3257 2681 1827 2517 2502 1187 3212 154 2980 403 2763 1369 1009 1360 2289 215 1260 3921 268 1814 1400 2883 129 2492 3058 1850 3589 3268 2991 701 477 2634 2170 1868 1560 1363 141 1461 2249 59 590 1335 2057 2818 2508 1525 3949 1529 282 1631 1700 2504 491 1469 2804 1987 431 2205 2102 46 3373 446 3375 1869 642 2332 3920 913 2329 3038 3345 3199 1451 1662 1609 610 2618 3192 626 2483 2953 630 891 1959 1086 2491 110 3001 123 2125 2627 3321 3321 3208 2821 2037 3015 704 324 230 3810 310 2234 2141 2741 3679 3427 1039 1587 400 87 2398 3090 3149 714 3049 2443 2515 582 1718 1936 1892 3783 2814 909 659 3767 3385 3810 2352 172 1227 352 22 255 2383 2275 114 3502 1250 1615 2613 3861 3058 2382 157 328 423 841 1696 2357 1714 3237 1754 2168 789 0 984 158 3699 2188 613 543 2360 3979 2804 2806 3115 45 3503 1507 3699 230 575 1379 2407 1460 1660 1038 345 815 2839 3634 261 1106 229 2063 1590 2250 1326 1842 2617 1948 2326 1270 1861 3740 107 2424 458 3915 2351 3097
994 2796 2927 86 1018 2009 585 675 2294 2073 1915 1891 2432 3049 2303 1922 1694 1185 1614 135 1260 1314 1245 3262 568 446 2426 133 3422 3111 3527 3221 1893 2588 343 403 1402 2864 2631 2135 3852 1020 1823 2844 359 552 1321 3560 2453 3350 2609 3229 498 2223 2750 2785 1327 3217 2032 3274 3051 3160 3803 589 1004 2923 2020 1160 1156 2282 3929 2093 898 3318 3894 3026 1111 3808 3445 3031 2315 1686 2965 1078 2207 2315 2256 1393 324 1830 598 2648 795 3053 1582 3897 1263 2770 2989 652 305 734 1944 446 2195 700 1592 382 3975 1577 2011 6 441 3738 1459 2155 1674 910 1545 40 1230 1141 1250 2759 1897 2015 3670 113 3590 713 1004 1527 2936 389 3546 1665 21 3913 3708 278 3536 2011 532 1357 2742 826 1889 819 555 3023 3811 3645 3398 85 3374 2767 587 198 748 1549 2888 1576 1912 3554 3506 343 3481 3118 2336 3316 1756 2133 745 3725 1622 228 346 1582 1081 1478 2107 1064 116 1096 3395 2912 912 1417 3001 378 1672 2182 1741 1799 1513 2852 1302 620 2668 1982 2318 1812 2576 1552 1386 2264 2842 964 831 3181 113 733 2418 1135 1238 1090 3006 3180 3298 876 1804 2099 3171 1491 718 1597 3704 2197 445 636 1898 168 2356 2850 2958 193 2541 564 1625 484 218 881 3395 1999 871 573 3520 1986 463 1458 2522 593 796 3528 3379 2764 3299 963 2331 717 1887 3806 141 3556 1292 2422 3791 3135 424 793 809 605 2982 3248 1286 3348 3987 1034 1481 1184 749 1930 1298 975 3072 2995 1074 2186 483 3505 2571 357 179 171 1004 3530 3950 1832 1451 3043 83 511 3876 2182 1881 1091 2706 2437 2349 1709 587 821 528 556 1665 478 2097 2058 1207 3748 3719 3071 1088 21 1937 2235 735 979 2834 3696 570 2467 1095 2974 3713 3575 2283 2370 2366 2808 2606 416 1405 3768 145 1071 1151 3446 166 3206 601 3410 134 1125 1107 3891 3378 1126 990 3990 1199 3941 1109 2777 3708 365 1079 2344 1845 3748 2468 1128 2541 665 1143 1633 3464 2828 3076 112 2872 2782 1490 1869 3609 2139 1338 2809 2318 740 3297 459 1981 3040 1746 2301 1929 1029 3680 3858 1903 1507 3003 1642 3235 2129 3185 3529 2028 188 3784 291 2174 2668 2745 2859 2935 664 2287 1502 3868 2828 128 1483 565 1241 2955 3877 134 542 3091 3148 1008 1237 219 3256 3368 2944 3555 3302 598 820 3875 455 401 1830 646 3783 2425 3797 712 282 3509 3608 3059 2125 3087 2408 2998 2539 1069 336 3528 3054 2161 307 924 1993 2451 638 2917 3539 382 1711 973 3893 2409 2469 881 1078 1303 3178 3935 1350 785 3454 1842 2026 3362 1413 3629 1671 2004 1074 2615 849 2345 629 3414 693
67 88 29 73 65 68 26 14 87 41 15 77 27 4 40 50 80 58 82 90 51 37 92 1 97 7 72 99 21 9 17 56 99 94 29 95 34 13 83 71 34 25 56 44 53 36 78 93 60 54 68 98 93 87 47 84 75 39 73 90 4 36 73 39 33 46 26 42 47 66 3 94 37 27 23 46 6 29 53 39 5 59 18 71 83 5 26 16 96 37 16 94 5 70 81 62 100 73 100 4 72 50 71 30 47 20 28 57 70 52 66 599 36 56 18 3 94 38 21 22 89 38 90 2 24 16 64 19 45 74 30 11 50 38 15 83 71 35 9 52 27 17 24 87 60 90 38 92 64 51 64 16 5 74 51 46 66 97 21 59 2 43 22 1 56 18 7 76 78 5 1 51 3 87 85 90 6 40 83 16 72 55 67 71 13 44 11 30 38 83 59 59 29 40 42 85 67 61 99 99 38 98 31 46 21 75 47 32 52 51 16 22 95 15 86 52 72 13 82 2 16 26 72 13 30 31 87 82 65 19 18 23 85 9 56 5 78 40 55 37 37 98 67 66 87 38 56 77 22 12 64 14 13 31 22 47 100 69 45 86 68 30 42 48 76 34 60 100 69 95 65 25 10 90 86 12 31 53 90 24 27 70 24 26 80 14 21 71 51 49 36 64 100 7 17 98 82 70 23 47 98 95 77 68 81 3 90 95 20 68 80 27 36 82 23 10 70 42 95 23 19 60 72 138 15 21 43 86 28 13 52 66 34 85 71 34 73 8 23 61 9 74 94 80 20 41 49 70 37 64 11 98 89 93 28 6 43 86 30 82 60 86 84 54 19 21 34 12 2 14 25 61 30 43 79 66 31 43 18 27 7 11 80 79 99 2 5 10 80 98 61 15 44 18 48 81 64 74 71 80 100 88 60 56 15 33 29 57 82 43 73 99 43 32 27 8 12 75 3 92 60 38 35 69 32 32 70 56 14 33 26 43 52 71 91 76 65 45 78 84 64 66 56 88 10 86 88 52 5 65 46 25 21 2 61 89 94 53 2 64 55 1 59 30 34 62 39 62 19 70 43 69 61 3 65 28 43 54 43 67 44 24 54 51 34 69 27 41 56 69 62 63 38 99 6 91 100 66 92 30
2 1
3 2
4 3
5 4
6 5
7 6
8 7
9 8
10 9
11 10
12 11
13 12
14 13
15 14
16 15
17 16
18 17
19 18
20 19
21 20
22 21
23 22
24 23
25 24
26 25
27 26
28 27
29 28
30 29
31 30
32 31
33 32
34 33
35 34
36 35
37 36
38 37
39 38
40 39
41 40
42 41
43 42
44 43
45 44
46 45
47 46
48 47
49 48
50 49
51 50
52 51
53 52
54 53
55 54
56 55
57 56
58 57
59 58
60 59
61 60
62 61
63 62
64 63
65 64
66 65
67 66
68 67
69 68
70 69
71 70
72 71
73 72
74 73
75 74
76 75
77 76
78 77
79 78
80 79
81 80
82 81
83 82
84 83
85 84
86 85
87 86
88 87
89 88
90 89
91 90
92 91
93 92
94 93
95 94
96 95
97 96
98 97
99 98
100 99
101 100
102 101
103 102
104 103
105 104
106 105
107 106
108 107
109 108
110 109
111 110
112 111
113 112
114 113
115 114
116 115
117 116
118 117
119 118
120 119
121 120
122 121
123 122
124 123
125 124
126 125
127 126
128 127
129 128
130 129
131 130
132 131
133 132
134 133
135 134
136 135
137 136
138 137
139 138
140 139
141 140
142 141
143 142
144 143
145 144
146 145
147 146
148 147
149 148
150 149
151 150
152 151
153 152
154 153
155 154
156 155
157 156
158 157
159 158
160 159
161 160
162 161
163 162
164 163
165 164
166 165
167 166
168 167
169 168
170 169
171 170
172 171
173 172
174 173
175 174
176 175
177 176
178 177
179 178
180 179
181 180
182 181
183 182
184 183
185 184
186 185
187 186
188 187
189 188
190 189
191 190
192 191
193 192
194 193
195 194
196 195
197 196
198 197
199 198
200 199
201 200
202 201
203 202
204 203
205 204
206 205
207 206
208 207
209 208
210 209
211 210
212 211
213 212
214 213
215 214
216 215
217 216
218 217
219 218
220 219
221 220
222 221
223 222
224 223
225 224
226 225
227 226
228 227
229 228
230 229
231 230
232 231
233 232
234 233
235 234
236 235
237 236
238 237
239 238
240 239
241 240
242 241
243 242
244 243
245 244
246 245
247 246
248 247
249 248
250 249
251 82
252 11
253 90
254 77
255 216
256 102
257 72
258 36
259 224
260 153
261 105
262 235
263 51
264 45
265 2
266 108
267 132
268 218
269 254
270 93
271 105
272 61
273 180
274 204
275 140
276 78
277 218
278 139
279 273
280 11
281 75
282 273
283 113
284 46
285 146
286 233
287 17
288 241
289 264
290 214
291 245
292 212
293 68
294 99
295 268
296 79
297 137
298 23
299 225
300 136
301 212
302 201
303 141
304 259
305 271
306 117
307 97
308 185
309 160
310 284
311 57
312 268
313 294
314 302
315 77
316 137
317 288
318 162
319 130
320 278
321 207
322 46
323 129
324 121
325 307
326 249
327 200
328 234
329 65
330 83
331 26
332 271
333 16
334 303
335 299
336 273
337 212
338 175
339 337
340 145
341 298
342 98
343 240
344 233
345 37
346 11
347 301
348 139
349 40
350 99
351 90
352 262
353 293
354 16
355 179
356 67
357 282
358 52
359 211
360 341
361 242
362 74
363 282
364 62
365 98
366 141
367 74
368 105
369 44
370 133
371 202
372 68
373 280
374 165
375 208
376 155
377 297
378 131
379 183
380 263
381 370
382 249
383 47
384 114
385 146
386 220
387 97
388 7
389 37
390 131
391 237
392 93
393 68
394 329
395 360
396 324
397 334
398 315
399 22
400 390
401 223
402 283
403 364
404 111
405 61
406 382
407 46
408 377
409 234
410 122
411 72
412 171
413 114
414 367
415 2
416 26
417 349
418 51
419 125
420 331
421 143
422 406
423 318
424 60
425 406
426 325
427 64
428 112
429 147
430 353
431 144
432 31
433 85
434 256
435 420
436 87
437 270
438 311
439 139
440 352
441 96
442 271
443 435
444 309
445 411
446 152
447 20
448 46
449 80
450 125
451 385
452 382
453 189
454 319
455 307
456 434
457 361
458 190
459 108
460 312
461 35
462 81
463 103
464 79
465 278
466 407
467 363
468 98
469 72
470 17
471 32
472 45
473 115
474 452
475 174
476 42
477 107
478 189
479 51
480 438
481 337
482 142
483 162
484 35
485 327
486 468
487 66
488 24
489 61
490 379
491 58
492 234
493 264
494 149
495 255
496 346
497 25
498 336
499 176
500 235
500 4000
1353 2230 2497 1265 792 592 1755 2001 103 3108 795 835 2950 1158 1188 951 2447 2576 2513 298 81 2369 1503 1504 732 3219 795 3524 1133 956 368 1565 892 232 3403 3857 3844 2644 3377 3359 3666 3950 3332 1847 1809 3052 2288 1917 597 490 1756 927 645 1289 3598 3027 45 932 1919 564 324 2581 2977 1278 3387 2760 1965 2441 2919 990 1265 1443 2608 2629 2713 3954 2969 374 3100 104 2834 3535 522 3655 3420 3154 2644 2296 2748 3006 188 2183 3107 3469 1790 2561 2077 1231 765 1585 888 1509 3922 2551 2038 1440 2195 746 2390 3483 320 3505 1342 3158 3475 1372 493 149 1799 968 3744 2617 3017 372 3811 509 3774 2845 3162 3892 3317 2497 2895 3298 1934 466 2654 2744 3657 1689 766 3028 3187 1294 3730 1176 206 1141 2993 746 1537 28 3058 76 287 3602 3035 3805 443 3658 3658 1360 2059 2097 517 364 891 300 3807 1732 1909 3190 1835 3800 1487 3513 1957 236 2773 2666 2014 1864 3640 2410 1064 2992 2038 1915 579 2372 1387 3712 934 2779 1592 2105 368 3004 2002 3421 3665 733 2989 3993 2996 1344 3082 2920 336 1515 1086 1524 1390 3335 2436 2380 796 572 2470 1062 3283 747 3207 2583 3013 428 211 1489 1803 1193 2251 2685 589 603 3563 2554 1458 420 2845 2069 1065 2861 1826 3465 3993 3744 799 3224 870 393 3014 2667 420 3913 583 2567 1504 3420 2678 17 3371 588 3165 2276 2986 3797 2757 433 1628 699 3264 3766 2698 649 1529 3650 2357 2891 448 3720 1788 558 2960 994 3533 3767 2274 2985 2669 930 375 2706 2666 829 3586 1867 1920 3908 3091 1366 2954 605 2602 613 907 855 3963 343 1596 255 2110 435 3640 1540 2362 3715 2438 493 818 1715 358 2967 2384 138 2015 3539 3664 2152 40 287 2319 193 3316 3012 2901 1465 482 3824 288 2753 486 2069 3826 2961 401 1411 3133 3910 2152 418 1293 3358 1539 2674 2710 1842 3715 2790 864 1620 2648 2655 1583 3466 2867 773 1815 1738 3337 428 3359 3958 2377 1477 2484 1146 3936 2306 1649 2531 1193 622 2092 3075 2298 3724 1828 1219 332 3568 426 3016 3403 3099 3725 841 3262 1659 3241 3568 504 3906 3729 2448 3519 2374 444 166 2460 3193 2445 3475 3588 2634 3687 280 613 3389 3601 1843 404 3910 901 2106 310 1004 3743 151 2893 956 2691 3651 2597 331 3342 2117 735 1104 1217 3917 3773 1410 523 972 2094 430 3094 951 2811 540 1588 3164 1203 2467 3691 452 1267 1353 2333 330 121 96 1916 2939 3658 1374 2606 2735 2050 2460 1789 1319 3100 818 2273 967 2209 1201 1105 2550 3573 2881 1510 2037 2271 2173 434 636 2521 1195 1121 3259 345 32 2286 176 1311 2772 2089 1477
1408 676 1856 252 732 1770 621 2665 2190 1261 2199 3137 3155 1599 2532 195 1456 2752 979 2952 2886 2887 250 788 2903 1524 3201 188 440 1941 1760 2354 2552 2838 1589 3928 3057 3854 3913 3139 492 774 1027 47 3802 300 621 3 271 793 1574 325 1698 3647 1448 257 2532 3863 1404 2069 3646 3241 1530 1504 590 3836 3398 812 2882 3104 2823 2745 2262 378 586 3658 3563 3023 215 3189 1641 2995 466 486 3575 1363 3733 3701 3417 161 2028 3177 1610 1887 849 267 3002 463 106 1008 169 3226 1344 2401 1508 2527 3521 3308 1600 1118 3033 495 981 2053 1933 3043 222 1146 3128 2887 3886 3624 1865 3502 1621 559 3389 2315 372 3782 1753 2395 2365 276 1836 723 2414 3183 3235 3339 2096 1363 2700 522 43 2631 239 1684 1901 1996 3562 48 3676 1735 620 2046 759 3823 1653 2712 692 826 3597 167 245 2660 3490 2793 1805 1506 3270 2944 3027 581 903 3102 1828 1362 401 336 829 1729 258 808 3929 3635 1517 3887 1129 2297 2514 521 594 2594 1339 3594 2539 3908 3098 313 3607 3694 3458 1859 2624 2253 2628 227 2134 1917 1579 3312 551 818 1273 487 2431 2278 1923 2649 2625 2788 3371 2200 422 3126 670 189 534 3436 750 3452 3462 685 1776 3596 145 2210 3992 1585 474 3168 2452 1932 97 1622 1031 101 3140 1815 1959 2806 633 3689 1529 2363 1321 430 2956 1080 78 242 2899 3306 880 2614 3720 2514 637 1404 1949 255 1000 2259 3844 60 1061 2085 2019 57 354 670 2192 3068 3559 3743 820 2090 145 2019 2781 1938 1739 3216 836 3131 3247 2658 1697 3983 2172 2676 747 3783 3737 1071 2869 407 1289 503 3557 3228 3311 1236 1175 229 2373 350 211 3391 1623 3372 1482 1445 3109 2365 2679 647 890 1960 2099 985 2311 3680 3769 639 2115 1451 2781 1463 3655 1829 1799 646 3429 176 1140 1159 297 3262 1198 433 660 1473 2539 2663 341 818 1380 965 8 3936 536 745 1172 731 1696 3456 3744 3520 1588 3026 3286 135 3262 1807 1691 1354 1534 507 45 1816 1182 1079 30 3579 951 2897 1841 2054 3492 2894 211 1666 293 567 3132 26 2808 1793 3334 133 1747 1441 1101 307 1765 2063 3561 3675 3021 1464 424 3 3323 2122 3919 145 3399 763 3506 2673 3631 2939 1746 2343 3413 602 1591 2583 984 3676 1775 114 3697 2363 3046 2659 2258 1533 839 2010 251 2072 2194 3704 2684 3746 1918 3131 1778 1725 1329 396 1244 1761 1501 1286 382 2476 3742 3305 2168 519 1362 3327 2023 762 88 2318 221 2194 269 3199 3549 145 675 77 2394 2135 258 2002 1201 1486 2020 2061 2916 187 3308 1624 1368 3427 263 2984 2673 2203 263 69 3597 917
90 75 41 35 15 32 31 52 49 55 70 33 49 67 79 19 40 48 21 96 90 53 59 8 48 88 94 44 34 83 50 50 38 70 9 24 93 75 59 38 46 66 16 49 1 45 6 424 16 29 9 3 81 50 88 84 56 36 43 4 87 55 82 25 95 12 27 2 87 33 27 40 67 5 69 36 31 24 36 55 30 38 62 50 1 57 94 95 100 25 22 15 26 74 84 50 35 65 62 68 95 72 32 66 28 82 57 61 69 82 9 1 9 97 9 85 10 79 36 41 99 43 37 12 55 10 85 84 12 17 71 91 43 1 1 43 57 91 61 65 33 45 99 29 30 60 30 25 100 26 46 7 23 98 11 36 80 38 76 68 23 80 29 2 52 37 34 80 57 58 48 47 40 8 20 22 82 98 27 86 22 52 24 93 78 58 57 19 63 10 21 25 12 91 28 98 6 66 99 32 13 58 6 80 2 42 56 78 94 74 90 15 26 51 11 78 57 15 70 64 94 49 56 64 67 72 52 43 49 90 37 72 53 30 75 27 22 93 57 10 13 46 90 57 82 89 10 95 24 50 34 71 27 21 18 4 52 44 34 68 52 43 23 24 17 68 84 57 2 44 45 84 90 93 91 59 31 9 65 55 27 1 85 6 43 65 46 18 10 80 97 97 85 39 2 23 53 55 76 69 36 23 80 76 60 15 6 98 1 90 92 87 85 66 16 66 17 93 17 25 66 10 45 27 6 61 20 90 92 67 20 92 49 62 56 81 100 8 2 49 19 58 40 2 72 31 34 50 87 93 45 62 52 92 75 18 8 5 99 60 275 36 67 90 57 1 71 76 66 88 67 89 6 8 28 61 62 42 36 52 51 25 12 45 44 36 66 25 74 35 59 82 86 18 25 26 40 114 60 20 58 63 6 94 79 76 13 72 16 97 5 68 2 324 6 41 38 16 18 41 86 59 90 91 89 61 18 61 5 16 28 54 55 33 82 67 80 42 54 90 2 58 41 91 64 98 13 67 29 22 84 21 50 93 86 36 60 2 27 54 90 7 13 2 83 86 71 48 81 22 79 92 67 40 36 16 17 30 95 86 99 40 3 54 36 25 47 80 82 67 83 98 89 2 30 35 40 71 42 78
2 1
3 2
4 3
5 4
6 5
7 6
8 7
9 8
10 9
11 10
12 11
13 12
14 13
15 14
16 15
17 16
18 17
19 18
20 19
21 20
22 21
23 22
24 23
25 24
26 25
27 26
28 27
29 28
30 29
31 30
32 31
33 32
34 33
35 34
36 35
37 36
38 37
39 38
40 39
41 40
42 41
43 42
44 43
45 44
46 45
47 46
48 47
49 48
50 49
51 50
52 51
53 52
54 53
55 54
56 55
57 56
58 57
59 58
60 59
61 60
62 61
63 62
64 63
65 64
66 65
67 66
68 67
69 68
70 69
71 70
72 71
73 72
74 73
75 74
76 75
77 76
78 77
79 78
80 79
81 80
82 81
83 82
84 83
85 84
86 85
87 86
88 87
89 88
90 89
91 90
92 91
93 92
94 93
95 94
96 95
97 96
98 97
99 98
100 99
101 100
102 101
103 102
104 103
105 104
106 105
107 106
108 107
109 108
110 109
111 110
112 111
113 112
114 113
115 114
116 115
117 116
118 117
119 118
120 119
121 120
122 121
123 122
124 123
125 124
126 125
127 126
128 127
129 128
130 129
131 130
132 131
133 132
134 133
135 134
136 135
137 136
138 137
139 138
140 139
141 140
142 141
143 142
144 143
145 144
146 145
147 146
148 147
149 148
150 149
151 150
152 151
153 152
154 153
155 154
156 155
157 156
158 157
159 158
160 159
161 160
162 161
163 162
164 163
165 164
166 165
167 166
168 167
169 168
170 169
171 170
172 171
173 172
174 173
175 174
176 175
177 176
178 177
179 178
180 179
181 180
182 181
183 182
184 183
185 184
186 185
187 186
188 187
189 188
190 189
191 190
192 191
193 192
194 193
195 194
196 195
197 196
198 197
199 198
200 199
201 200
202 201
203 202
204 203
205 204
206 205
207 206
208 207
209 208
210 209
211 210
212 211
213 212
214 213
215 214
216 215
217 216
218 217
219 218
220 219
221 220
222 221
223 222
224 223
225 224
226 225
227 226
228 227
229 228
230 229
231 230
232 231
233 232
234 233
235 234
236 235
237 236
238 237
239 238
240 239
241 240
242 241
243 242
244 243
245 244
246 245
247 246
248 247
249 248
250 249
251 242
252 171
253 156
254 198
255 249
256 19
257 199
258 254
259 140
260 92
261 123
262 198
263 70
264 72
265 37
266 39
267 59
268 195
269 205
270 217
271 143
272 109
273 108
274 187
275 27
276 111
277 204
278 179
279 70
280 164
281 192
282 100
283 12
284 117
285 120
286 24
287 11
288 76
289 150
290 113
291 99
292 180
293 272
294 58
295 79
296 124
297 8
298 8
299 269
300 72
301 142
302 61
303 302
304 115
305 244
306 296
307 247
308 137
309 96
310 296
311 52
312 170
313 21
314 122
315 239
316 212
317 51
318 164
319 108
320 140
321 120
322 116
323 164
324 96
325 39
326 90
327 251
328 5
329 240
330 127
331 66
332 180
333 40
334 104
335 155
336 43
337 35
338 294
339 219
340 98
341 147
342 123
343 324
344 279
345 267
346 2
347 59
348 217
349 187
350 102
351 50
352 251
353 278
354 248
355 316
356 62
357 165
358 36
359 289
360 226
361 222
362 237
363 216
364 302
365 325
366 59
367 171
368 30
369 305
370 69
371 97
372 200
373 363
374 163
375 241
376 171
377 98
378 19
379 40
380 226
381 283
382 99
383 109
384 48
385 279
386 99
387 198
388 233
389 16
390 330
391 51
392 135
393 257
394 304
395 205
396 262
397 64
398 156
399 221
400 1
401 279
402 385
403 264
404 73
405 355
406 399
407 49
408 180
409 27
410 357
411 269
412 131
413 252
414 53
415 365
416 63
417 259
418 4
419 97
420 107
421 116
422 204
423 353
424 345
425 393
426 84
427 211
428 341
429 386
430 206
431 140
432 40
433 428
434 41
435 399
436 306
437 283
438 190
439 99
440 418
441 221
442 219
443 256
444 49
445 148
446 77
447 133
448 17
449 226
450 71
451 218
452 322
453 179
454 320
455 20
456 290
457 295
458 248
459 187
460 426
461 214
462 175
463 408
464 212
465 344
466 53
467 423
468 403
469 268
470 296
471 388
472 81
473 56
474 107
475 359
476 74
477 462
478 342
479 101
480 466
481 221
482 352
483 125
484 362
485 411
486 418
487 86
488 176
489 338
490 240
491 298
492 397
493 276
494 265
495 105
496 224
497 468
498 37
499 407
500 480
