5
137 2291
404 2592 1414 676 1070 3604 707 343 2917 429 3797 144 2708 950 1086 1597 799 2408 1258 243 3267 619 217 138 2913 1869 3503 2551 1832 2657 538 2057 1697 154 3107 326 1697 2983 1208 3558 1610 914 3416 2352 2306 1204 480 2388 1303 2811 2165 1962 3346 1440 563 3209 3963 1858 3412 906 717 1863 3716 3679 3515 1076 3972 2574 514 491 1308 2323 80 3653 3078 981 1492 3537 567 2663 3912 1867 81 1251 2939 0 903 1890 3043 3970 2927 191 1795 519 238 717 344 2696 3424 3573 3786 471 2598 2869 3664 640 532 3831 3204 2083 1563 2670 1384 497 595 2294 3928 37 3117 3020 2609 3557 3895 3852 2 698 3760 1642 3218 909 3535 3539 241 2979 3246 1413 546
2066 1025 354 57 50 1545 1961 292 100 708 1953 1137 2054 229 643 1623 2055 1858 197 1321 2154 1011 2023 1106 917 1092 1218 1827 1863 1969 235 1880 1986 1122 1884 2085 2020 1464 1724 64 14 1332 2039 2095 723 1315 1565 687 75 925 302 974 280 889 954 1900 394 465 1175 1818 1873 1103 1091 705 2180 1970 557 2190 502 1018 466 974 1760 112 2096 29 1174 870 129 1480 1038 81 2003 1282 1624 1085 1183 2244 2121 2120 1238 334 1351 1156 335 67 984 1894 534 1530 312 2056 1069 1474 1743 645 429 2096 807 1568 28 1927 1082 1393 1916 547 823 592 2215 1204 1558 206 2099 1751 1405 5 1130 1144 814 247 956 552 141 228 1952 1242 2045
82 41 40 66 30 56 69 49 4 31 35 86 4 53 80 41 27 24 81 9 37 87 70 58 3 44 51 40 18 36 66 17 92 82 50 36 71 88 28 74 139 67 60 34 15 97 95 23 64 46 91 13 10 44 46 5 55 41 19 77 92 81 18 40 45 24 70 44 85 7 8 69 86 67 74 22 99 16 61 98 7 38 71 80 91 25 32 38 72 81 4 31 98 16 84 11 85 32 8 84 16 20 25 10 46 26 23 51 53 17 90 92 53 72 85 35 18 51 70 73 36 85 24 82 15 366 90 79 26 85 48 3 25 61 19 86 46
2 1
3 2
4 3
5 4
6 5
7 6
8 7
9 8
10 9
11 10
12 11
13 12
14 13
15 14
16 15
17 16
18 17
19 18
20 19
21 20
22 21
23 22
24 23
25 24
26 25
27 26
28 27
29 28
30 29
31 30
32 31
33 32
34 33
35 34
36 35
37 36
38 37
39 38
40 39
41 40
42 41
43 42
44 43
45 44
46 45
47 46
48 47
49 48
50 49
51 50
52 51
53 52
54 53
55 54
56 55
57 56
58 57
59 58
60 59
61 60
62 61
63 62
64 63
65 64
66 65
67 66
68 67
69 55
70 12
71 66
72 4
73 7
74 70
75 20
76 5
77 46
78 63
79 71
80 33
81 69
82 28
83 43
84 83
85 7
86 85
87 35
88 23
89 39
90 86
91 26
92 47
93 8
94 11
95 45
96 28
97 46
98 82
99 73
100 16
101 52
102 51
103 13
104 37
105 63
106 84
107 41
108 22
109 82
110 48
111 63
112 109
113 19
114 100
115 68
116 64
117 77
118 4
119 82
120 26
121 61
122 51
123 22
124 28
125 58
126 5
127 117
128 38
129 24
130 67
131 94
132 120
133 8
134 95
135 28
136 56
137 118
248 1857
812 2753 3349 3521 2259 303 968 2048 3363 228 121 3144 1600 3811 2605 738 3230 371 697 531 619 2842 1992 3795 3101 61 1102 2896 1405 1272 2988 3459 3859 281 2243 2993 210 3714 1694 2117 71 639 3994 1100 1342 3396 249 3889 2261 907 2375 1562 2276 1517 2635 1827 2123 351 3217 2362 3742 2543 503 3227 2223 2847 150 1389 3194 3458 3475 1948 630 405 3078 2201 3225 480 3018 2064 1580 1549 1125 2952 624 3112 3705 2689 2768 3192 3916 649 1289 1981 3124 895 503 3211 3334 2732 3169 6 3488 2270 583 1119 533 2760 138 270 2040 183 3484 2225 3116 3414 361 612 1322 3141 196 193 1108 1909 3126 923 1466 3336 3461 2773 330 2727 1409 3624 2492 2339 1171 3478 2557 1072 585 1000 28 1535 733 271 3251 3644 261 1562 2423 1704 959 1907 2979 2583 2109 2495 2337 1485 3087 2806 1178 1525 1424 3135 3903 3010 3795 2352 2552 650 846 2693 44 1472 2246 3200 402 1553 413 992 2135 2337 2073 292 3216 487 2710 3618 3361 2343 1998 3524 3118 2799 2343 1315 258 2740 3549 487 1725 1454 2512 2397 579 3409 1873 2394 481 3502 680 496 1634 1225 713 1646 2707 1725 3640 701 1587 3277 1274 248 895 364 3069 268 2140 816 3689 2801 2181 1427 3721 648 2934 1131 3156 1878 3833 298 3776 1152 3985 3992
1814 1599 1727 1567 1222 1164 1170 635 188 1315 1015 685 1232 116 1279 1723 1364 1713 459 291 127 1707 1113 1812 738 513 1460 223 12 225 1209 1436 18 1549 316 935 1373 5 1627 1395 1778 1551 1671 1260 574 1777 98 1796 1807 1594 1124 479 729 401 142 617 176 99 107 1222 796 262 702 1484 229 133 703 1275 871 347 1425 1737 1302 1550 671 1503 1441 579 370 6 1771 80 1139 1592 1480 1076 1260 325 501 235 1845 106 1401 1166 1033 697 1741 843 1631 1365 834 421 149 1264 1398 100 560 1526 1029 1796 1505 835 1443 1206 628 55 997 429 532 1560 1201 578 1102 532 20 893 1360 109 63 55 893 1504 10 299 57 1197 262 129 1190 563 1705 1400 1207 672 940 1775 1280 1124 132 167 1375 29 1694 1101 758 794 22 976 992 91 1238 29 480 884 1236 154 925 779 1591 1708 1039 338 1723 377 932 695 311 1418 357 1639 1736 668 586 1682 673 1431 1004 1248 776 1195 475 776 1178 281 231 100 66 143 1488 445 1045 965 153 382 1456 1012 1632 1306 1394 736 1055 385 950 12 33 665 1790 309 537 485 1258 1313 1167 974 217 1301 471 1816 1598 1605 1714 1051 328 1768 257 317 337 5 41 926 503 1304 167 184 1146 1059 960 287
30 61 67 43 90 20 51 67 62 76 46 67 3 59 57 59 67 86 50 72 9 42 68 90 33 24 35 54 113 96 56 86 77 15 16 31 63 252 16 75 72 64 56 80 32 16 1 80 12 33 83 73 30 25 35 58 57 59 68 47 23 53 45 94 93 21 63 51 78 84 60 30 80 20 47 59 36 93 100 29 64 67 79 58 82 78 8 18 10 50 6 94 27 80 57 51 10 93 17 23 12 82 41 44 37 72 58 7 85 49 40 63 51 35 89 95 91 52 39 40 69 41 25 71 71 31 54 41 34 76 46 35 69 22 100 49 80 45 99 74 82 61 15 59 17 50 99 96 27 15 20 90 65 42 93 29 27 10 34 4 57 17 78 52 98 11 20 37 31 31 32 11 32 57 2 84 31 91 83 77 58 85 27 18 14 58 70 26 4 96 46 100 87 24 4 12 22 74 99 56 68 53 50 14 46 40 16 81 8 35 14 34 22 149 43 38 21 96 83 25 45 22 45 54 21 79 46 28 45 87 7 15 55 31 77 19 100 117 59 16 24 58 23 96 97 20 30 81
2 1
3 2
4 3
5 4
6 5
7 6
8 7
9 8
10 9
11 10
12 11
13 12
14 13
15 14
16 15
17 16
18 17
19 18
20 19
21 20
22 21
23 22
24 23
25 24
26 25
27 26
28 27
29 28
30 29
31 30
32 31
33 32
34 33
35 34
36 35
37 36
38 37
39 38
40 39
41 40
42 41
43 42
44 43
45 44
46 45
47 46
48 47
49 48
50 49
51 50
52 51
53 52
54 53
55 54
56 55
57 56
58 57
59 58
60 59
61 60
62 61
63 62
64 63
65 64
66 65
67 66
68 67
69 68
70 69
71 70
72 71
73 72
74 73
75 74
76 75
77 76
78 77
79 78
80 79
81 80
82 81
83 82
84 83
85 84
86 85
87 86
88 87
89 88
90 89
91 90
92 91
93 92
94 93
95 94
96 95
97 96
98 97
99 98
100 99
101 100
102 101
103 102
104 103
105 104
106 105
107 106
108 107
109 108
110 109
111 110
112 111
113 112
114 113
115 114
116 115
117 116
118 117
119 118
120 119
121 120
122 121
123 122
124 123
125 81
126 3
127 103
128 40
129 77
130 7
131 104
132 107
133 13
134 7
135 41
136 74
137 109
138 86
139 108
140 118
141 13
142 47
143 19
144 71
145 65
146 74
147 123
148 4
149 95
150 130
151 106
152 128
153 21
154 54
155 129
156 39
157 30
158 18
159 53
160 158
161 141
162 69
163 140
164 159
165 164
166 79
167 116
168 1
169 46
170 65
171 117
172 54
173 138
174 153
175 158
176 157
177 50
178 7
179 154
180 41
181 176
182 41
183 84
184 149
185 96
186 25
187 62
188 109
189 182
190 55
191 26
192 40
193 177
194 100
195 174
196 155
197 161
198 22
199 2
200 105
201 61
202 34
203 27
204 174
205 8
206 73
207 148
208 136
209 140
210 79
211 87
212 120
213 51
214 7
215 170
216 50
217 38
218 128
219 139
220 205
221 11
222 1
223 222
224 5
225 35
226 24
227 84
228 95
229 4
230 101
231 125
232 117
233 180
234 146
235 42
236 60
237 122
238 166
239 170
240 194
241 232
242 22
243 97
244 10
245 57
246 111
247 20
248 237
351 3191
3284 1180 1189 560 3401 2887 890 213 3084 2670 3132 338 1071 3784 2754 1205 154 3574 3993 3604 27 2435 303 1854 235 2366 576 1536 2 183 1025 1596 3294 344 1610 1413 2990 935 1832 990 2981 1594 3651 2035 1725 2170 1612 280 3816 891 1483 1569 1086 1435 2695 354 1764 3705 2679 392 3705 1848 2056 1944 2374 2453 1422 3432 486 3717 3440 2171 1555 3763 2958 128 242 697 3062 2093 3137 1085 3751 3735 416 3438 1157 2358 605 446 1981 2552 292 867 3098 2339 2086 489 2665 2800 3751 27 1609 3204 3502 1650 1718 816 680 1853 3607 3084 2525 1458 2054 2896 535 2132 2143 499 3919 998 2444 2439 858 2702 3600 2485 916 2542 1649 1686 1963 447 587 3442 2445 1136 2258 284 1334 3614 871 3758 3316 3188 1919 1825 508 3461 3695 2544 3795 711 3835 462 277 2611 3360 2917 1513 2875 352 2705 1608 3051 1742 765 938 739 3482 700 883 212 1599 3914 2237 90 3146 3749 2247 3929 2508 2022 1246 507 1891 3013 427 105 69 1004 221 392 558 1690 951 1238 3563 188 1691 2085 1959 3143 1016 1207 1654 1721 2482 155 3199 1105 1136 3528 2862 365 2987 1784 315 163 341 3719 3764 481 3079 3404 17 2921 335 2359 2425 487 3417 1740 2064 2678 733 416 2020 1715 169 3249 119 2016 1711 3275 3694 2300 3121 3512 1851 3200 3755 551 2375 3613 289 3329 2755 661 650 2632 2289 1880 1148 1682 3373 3584 1114 2373 33 2959 347 3411 2377 1352 1979 3512 3523 2923 2215 370 3675 629 2788 416 2645 3800 2209 62 2460 855 3326 2688 233 1573 3452 3758 2967 2590 2246 2943 2918 2118 223 3321 718 3201 2797 1768 2758 627 998 2142 3540 2938 3802 2922 3511 1737 2432 3835 2162 198 3876 791 3995 678 753 3224 2661 1639 3066 3783 2250 2223 2703 1531 2620 2564 2334 3668 2157 940 1894 2323 93 2758 771 701 2723
795 1355 1464 1865 558 259 515 2396 1790 1486 3092 1462 1693 2438 735 1095 1208 988 869 1483 2647 1948 2960 2374 759 1117 2142 3032 2446 3062 623 1630 431 1708 265 1546 2486 2947 2436 1036 1034 919 543 236 1788 1782 1663 2358 159 2447 698 1171 2012 934 2017 2570 2300 1988 956 2244 471 2122 271 1245 1282 305 1037 744 1859 162 1820 1791 2007 3163 769 2688 1173 3084 1048 886 2122 1355 2455 2307 445 1164 2141 1956 1946 302 1010 2758 1083 998 1634 2746 2434 171 663 2700 1176 1381 224 662 1576 2620 528 2249 80 956 518 3011 789 3156 2059 79 2815 1437 1259 46 2029 305 2 1181 1789 622 2277 452 2618 212 242 683 2392 2577 2377 917 1156 618 173 1276 528 2893 2910 2944 2260 2552 2595 1788 1539 1284 467 2762 1335 2744 1561 954 1882 1427 978 2944 1681 2217 1036 319 913 3036 837 698 1566 511 844 1720 2036 551 609 443 373 1178 315 2430 772 2932 2073 2426 2097 1673 2242 2541 2821 3110 2874 2016 1689 1283 669 1924 1786 684 661 3083 317 2151 893 1084 1860 1662 1933 3149 1989 1213 2068 2118 76 627 2839 722 52 1267 1957 2812 1470 2292 2411 2010 2634 1767 1594 1979 2275 568 505 2217 703 2129 2033 1985 1996 2173 1932 441 2564 479 2105 321 1417 884 739 211 3104 3057 1883 2897 2621 2098 392 2628 101 3052 2622 2324 1809 854 236 125 997 2870 1474 1733 461 2812 1399 1243 2719 1397 609 154 1925 1377 966 910 1368 1885 789 332 2425 1105 2882 1638 2942 164 1258 1823 1604 444 1415 1194 588 1202 1258 1900 253 621 2339 1982 390 2884 2592 1135 1137 760 1207 1142 1176 1852 2517 107 911 1816 3161 2600 1979 3153 694 1266 1231 1791 2767 2594 1084 645 646 2178 151 2950 2686 1203 150 1214 712 2996 2710 1854 1464 1590 2361 2086 886 1899 1373 1332 625
55 23 58 71 54 50 85 44 69 77 18 95 5 93 83 79 77 28 67 4 66 13 26 95 40 81 90 65 60 96 39 81 18 58 1 21 42 84 64 26 79 46 21 26 54 46 23 54 20 56 7 24 46 84 44 71 33 2 61 45 90 60 49 53 54 78 88 13 21 21 11 89 21 72 23 57 54 24 92 28 44 97 8 22 71 50 1 40 57 89 91 33 5 22 16 91 16 6 61 95 53 14 98 74 5 18 91 52 7 83 16 25 93 91 42 82 100 16 79 86 100 70 734 10 99 13 85 81 11 31 22 55 70 90 12 39 65 73 26 48 28 64 61 58 3 73 76 64 33 5 36 48 71 38 56 98 32 78 48 98 63 4 68 89 2 98 86 5 21 32 16 19 62 55 8 97 91 84 72 1 7 54 10 92 33 49 74 30 70 17 41 74 20 83 91 69 23 34 61 81 7 17 17 19 27 23 81 71 65 91 84 99 57 50 15 5 66 26 51 43 15 37 76 65 47 17 78 4 4 73 91 65 85 48 76 38 42 25 15 65 15 95 65 39 28 30 75 99 39 26 83 15 70 34 13 87 63 56 79 44 22 12 8 51 31 18 3 42 31 60 60 21 55 64 27 9 62 77 32 10 39 68 62 100 80 17 19 8 41 52 36 82 24 58 90 17 43 11 36 69 19 13 74 5 48 65 9 6 41 60 1 98 74 73 72 89 20 46 79 92 4 20 86 19 26 4 23 37 39 14 40 1 37 16 26 76 15 26 17 64 85 27 41 48 5 61 24 18 70 92 17
2 1
3 2
4 3
5 4
6 5
7 6
8 7
9 8
10 9
11 10
12 11
13 12
14 13
15 14
16 15
17 16
18 17
19 18
20 19
21 20
22 21
23 22
24 23
25 24
26 25
27 26
28 27
29 28
30 29
31 30
32 31
33 32
34 33
35 34
36 35
37 36
38 37
39 38
40 39
41 40
42 41
43 42
44 43
45 44
46 45
47 46
48 47
49 48
50 49
51 50
52 51
53 52
54 53
55 54
56 55
57 56
58 57
59 58
60 59
61 60
62 61
63 62
64 63
65 64
66 65
67 66
68 67
69 68
70 69
71 70
72 71
73 72
74 73
75 74
76 75
77 76
78 77
79 78
80 79
81 80
82 81
83 82
84 83
85 84
86 85
87 86
88 87
89 88
90 89
91 90
92 91
93 92
94 93
95 94
96 95
97 96
98 97
99 98
100 99
101 100
102 101
103 102
104 103
105 104
106 105
107 106
108 107
109 108
110 109
111 110
112 111
113 112
114 113
115 114
116 115
117 116
118 117
119 118
120 119
121 120
122 121
123 122
124 123
125 124
126 125
127 126
128 127
129 128
130 129
131 130
132 131
133 132
134 133
135 134
136 135
137 136
138 137
139 138
140 139
141 140
142 141
143 142
144 143
145 144
146 145
147 146
148 147
149 148
150 149
151 150
152 151
153 152
154 153
155 154
156 155
157 156
158 157
159 158
160 159
161 160
162 161
163 162
164 163
165 164
166 165
167 166
168 167
169 168
170 169
171 170
172 171
173 172
174 173
175 174
176 100
177 145
178 136
179 133
180 4
181 76
182 91
183 88
184 9
185 88
186 80
187 25
188 76
189 135
190 121
191 69
192 184
193 181
194 178
195 47
196 69
197 72
198 66
199 160
200 171
201 50
202 44
203 121
204 4
205 146
206 82
207 83
208 9
209 96
210 159
211 73
212 171
213 172
214 44
215 158
216 44
217 193
218 73
219 143
220 62
221 127
222 13
223 138
224 86
225 141
226 145
227 136
228 51
229 202
230 115
231 196
232 50
233 54
234 225
235 61
236 117
237 209
238 179
239 152
240 65
241 164
242 196
243 35
244 121
245 179
246 136
247 145
248 240
249 202
250 97
251 6
252 32
253 239
254 128
255 38
256 140
257 207
258 177
259 89
260 147
261 168
262 189
263 131
264 39
265 46
266 36
267 232
268 5
269 109
270 46
271 155
272 239
273 183
274 259
275 74
276 86
277 269
278 191
279 34
280 130
281 251
282 107
283 127
284 50
285 228
286 94
287 21
288 23
289 131
290 121
291 9
292 201
293 152
294 244
295 83
296 286
297 186
298 110
299 91
300 141
301 117
302 180
303 107
304 226
305 175
306 20
307 75
308 100
309 154
310 128
311 107
312 209
313 204
314 242
315 252
316 182
317 157
318 183
319 44
320 185
321 49
322 247
323 283
324 108
325 104
326 80
327 295
328 188
329 146
330 5
331 80
332 182
333 142
334 312
335 102
336 227
337 68
338 306
339 214
340 100
341 74
342 251
343 241
344 114
345 132
346 234
347 327
348 327
349 172
350 135
351 81
500 4000
1525 1361 798 799 3923 166 3299 2044 3733 50 3431 3609 2710 155 3961 3064 1657 406 1564 3490 3338 3022 1978 310 3031 1712 3305 1748 1001 1883 3617 1354 2120 2886 1500 2302 590 2257 3408 2044 363 1167 1962 3969 2937 3603 491 3560 1569 986 2088 2004 3278 1817 1372 1822 1520 3912 977 3809 1684 3726 1071 2276 1058 942 3012 1128 2648 3922 533 1330 646 1718 932 1177 777 2231 900 1651 1644 3933 2072 3644 732 3654 3411 2409 1835 2133 3627 2636 488 1722 639 3527 1820 1762 3084 3861 1321 1250 2283 1814 3038 3551 1677 3387 798 3873 2586 1875 3891 216 3782 404 1261 3311 2325 3501 2271 112 2257 171 1468 2327 1194 3242 1870 2586 494 3742 2968 3096 3976 3681 3213 2754 862 638 3472 1447 3590 2271 3693 3651 3273 468 1720 650 3452 36 3109 2897 122 1016 2440 764 3942 1061 815 3502 3808 1594 2941 1710 38 3850 3752 3799 1101 3323 3030 3106 3360 79 3187 3830 89 2834 3030 304 3070 3685 3541 3311 1502 2122 358 1347 1804 1361 2552 1910 1084 129 1265 2266 2299 3977 1994 2165 3572 2185 1608 1162 2753 3580 1724 1193 334 1160 1246 761 565 1321 1510 259 469 2330 1003 3618 2805 2020 2656 3754 2168 2411 1260 2870 3233 3223 2953 2645 2473 1856 639 2391 959 3485 3874 2419 1600 3918 489 3740 3031 3623 2641 422 119 3295 2226 50 1143 1657 1152 2753 2702 3857 3845 2552 1487 1483 2397 111 1798 856 3155 3424 2420 1546 1882 1806 39 3002 1711 3123 3134 1239 3309 558 2269 2097 3473 3275 2892 3621 3279 2708 1044 3307 2005 2041 349 3389 3007 443 258 1290 1019 1662 1142 252 1982 1424 2524 1894 2695 948 1249 785 2035 2739 1597 2632 1792 389 298 1538 3494 1499 3652 1647 3091 2992 2210 3078 2215 3601 3893 2381 2159 362 1311 2058 2854 3890 3253 1193 2825 952 2392 2382 858 815 1968 221 1528 1111 1483 3463 2237 3246 2933 3191 1752 3223 1944 3421 1900 3624 2231 1242 1641 2009 517 3692 1161 1899 683 3388 2318 1335 2683 421 2267 2712 2575 999 1393 1627 742 2028 2859 3685 2623 3834 3003 2244 3990 794 391 1562 2591 2567 2591 486 226 2619 1248 693 2295 1781 2222 2153 1186 495 1965 904 3632 1758 930 3815 242 3530 232 2327 1946 593 693 496 3732 2774 1231 541 551 1711 3433 136 77 3502 1443 2822 3823 1103 416 229 1605 2466 3338 3637 77 2875 515 1716 329 536 3374 3997 1150 3602 1502 3347 1194 744 1949 234 1478 839 1728 694 350 3581 521 2615 2797 2431 381 1476 3516 2936 2983 2775 2940 2613 1358 2298 450 3119 50 2063 3811 887 941 1093 1041 520 3752 2393 3765 2313 3100 361 1965 992 2474 480 1000 2431
3422 2515 3726 3682 1824 1939 1371 85 3119 238 284 377 2348 2780 432 1375 697 2834 1959 153 38 2078 1292 3546 730 360 2863 433 69 935 631 3847 3524 2754 1447 3288 2294 3113 1359 271 734 1300 3830 2725 1625 3322 806 2043 3458 820 536 1462 1539 1620 3232 1595 2814 736 475 556 955 3123 56 3714 1461 2518 2181 3147 2240 1211 1018 3238 668 2940 2603 893 2432 50 2761 1634 192 2648 1305 973 3744 288 1561 1046 605 3446 2830 1038 2680 1013 3027 2435 1830 1223 479 1012 2262 865 726 1522 3362 1726 2098 2232 3801 1723 210 2348 2059 147 2051 375 2389 477 3693 1409 3791 1091 1504 2321 2260 1668 3808 2340 3889 3116 590 1580 3697 3922 3705 3147 2215 3827 1508 1968 1500 3246 2073 2482 2875 1984 717 3531 2715 1025 3125 3222 2412 638 2537 716 677 2136 1975 1852 1709 3742 2154 3882 3688 679 956 1162 675 243 185 3964 34 2274 3349 2282 3273 117 945 2944 1161 452 1129 812 2861 1120 128 3639 2725 683 3951 2883 1554 1780 3275 1125 275 183 790 2405 1614 3573 3177 2260 3874 1680 2816 557 3308 2410 1765 528 1208 3263 288 763 2953 704 639 1450 2860 3250 3170 3601 3737 3975 2217 3927 74 3163 3297 1973 257 3250 1228 3536 533 3248 560 1140 2620 3257 674 2834 3070 3946 500 3451 3321 3320 1660 1917 1808 1768 1606 1502 3225 1902 2940 2775 134 3563 179 3219 2643 1 3705 2344 3953 281 3518 117 1970 183 96 1822 2165 3900 2971 740 1716 29 176 680 2571 1378 852 34 106 738 2331 2333 543 542 2149 821 3005 1691 3210 3412 3888 2531 98 138 5 1247 3383 2091 181 3278 686 3054 1778 3497 2098 2019 3348 2907 3971 1973 1285 2491 671 673 587 1708 1231 181 2390 1015 501 108 1290 3432 3859 2570 3725 1638 2047 883 1076 2679 3941 1073 267 916 3036 391 3844 1929 3181 2351 1857 2000 2240 2203 2596 3886 1993 1258 3734 2734 1267 3977 2613 1629 2603 3340 1251 3847 527 1613 3244 2384 1111 1733 1528 2613 3524 2122 1266 2468 3400 1224 3734 2938 1174 3043 3329 1884 3851 267 3093 440 123 897 3051 2525 672 2634 286 1496 2496 2802 117 2960 1886 3299 560 2981 259 485 1558 229 1165 441 2717 2576 3609 3953 3354 2189 1996 1682 876 1324 2151 3693 3300 3197 2027 3195 726 2737 1482 2680 325 2352 2192 2753 715 2011 401 3089 168 1668 2324 568 2957 1483 1536 797 1672 506 3397 534 2610 2179 2285 2598 22 1176 868 2487 516 2859 3013 1816 310 1256 1574 2872 1698 3760 3270 484 3745 920 3733 1502 2494 130 2180 383 3554 2522 2638 111 3711 3860 231 2946 923 3972 3011 3766 3487 1214 3241 2954
95 13 49 59 95 52 97 69 77 34 51 98 30 67 63 61 1 37 92 93 9 26 26 88 80 13 24 72 57 8 87 70 48 82 52 70 59 4 87 39 37 58 87 23 94 68 81 4 97 92 5 68 89 26 2 39 27 45 33 4 67 24 36 62 81 18 93 47 19 98 78 13 100 74 14 47 99 4 89 38 41 38 67 73 15 87 51 79 24 10 73 83 17 3 81 53 30 83 91 38 49 76 14 68 9 18 18 95 57 44 3 95 89 54 39 80 4 13 64 79 87 7 21 6 33 26 99 90 7 43 79 39 43 68 66 35 12 94 64 35 76 11 100 39 73 92 96 73 48 93 65 4 68 13 69 81 70 55 69 18 65 70 76 22 23 94 79 48 1 79 71 47 14 82 60 94 97 72 63 16 31 70 79 82 95 35 24 60 99 45 69 77 58 34 79 38 99 88 57 61 40 80 4 91 41 83 58 79 41 87 12 12 58 8 94 33 4 85 11 75 22 1 39 31 23 45 3 84 74 72 70 96 69 81 10 35 88 64 3 7 26 96 34 82 91 24 65 76 3 79 1 65 30 49 92 75 65 83 45 1 36 25 93 31 32 31 19 58 91 29 70 54 10 96 66 22 51 85 45 89 76 24 47 19 35 100 32 89 98 26 52 38 4 8 92 10 17 16 12 57 47 96 100 56 495 53 27 40 19 15 21 10 79 13 56 1 77 18 34 85 43 64 85 30 16 36 72 71 53 95 80 32 37 43 33 12 55 73 90 88 25 22 10 40 76 32 77 55 16 23 3 82 29 16 20 16 71 45 32 77 70 25 35 35 35 98 4 48 8 28 70 97 99 3 64 43 40 88 14 69 72 84 11 94 59 7 52 83 58 24 5 55 13 4 39 57 75 71 86 18 72 92 36 44 87 5 30 75 81 80 82 74 89 29 24 24 40 64 53 96 51 47 58 94 31 99 61 72 76 68 82 39 49 47 3 82 67 97 24 55 53 9 81 84 99 64 49 2 26 19 85 31 55 77 88 42 46 11 64 94 101 40 93 87 74 9 4 8 34 34 27 96 50 77 60 17 62 55 52 86 40 72 49 8 62 95 58 10 88 79 50 20 4 28 18 2 91 28 87 1
2 1
3 2
4 3
5 4
6 5
7 6
8 7
9 8
10 9
11 10
12 11
13 12
14 13
15 14
16 15
17 16
18 17
19 18
20 19
21 20
22 21
23 22
24 23
25 24
26 25
27 26
28 27
29 28
30 29
31 30
32 31
33 32
34 33
35 34
36 35
37 36
38 37
39 38
40 39
41 40
42 41
43 42
44 43
45 44
46 45
47 46
48 47
49 48
50 49
51 50
52 51
53 52
54 53
55 54
56 55
57 56
58 57
59 58
60 59
61 60
62 61
63 62
64 63
65 64
66 65
67 66
68 67
69 68
70 69
71 70
72 71
73 72
74 73
75 74
76 75
77 76
78 77
79 78
80 79
81 80
82 81
83 82
84 83
85 84
86 85
87 86
88 87
89 88
90 89
91 90
92 91
93 92
94 93
95 94
96 95
97 96
98 97
99 98
100 99
101 100
102 101
103 102
104 103
105 104
106 105
107 106
108 107
109 108
110 109
111 110
112 111
113 112
114 113
115 114
116 115
117 116
118 117
119 118
120 119
121 120
122 121
123 122
124 123
125 124
126 125
127 126
128 127
129 128
130 129
131 130
132 131
133 132
134 133
135 134
136 135
137 136
138 137
139 138
140 139
141 140
142 141
143 142
144 143
145 144
146 145
147 146
148 147
149 148
150 149
151 150
152 151
153 152
154 153
155 154
156 155
157 156
158 157
159 158
160 159
161 160
162 161
163 162
164 163
165 164
166 165
167 166
168 167
169 168
170 169
171 170
172 171
173 172
174 173
175 174
176 175
177 176
178 177
179 178
180 179
181 180
182 181
183 182
184 183
185 184
186 185
187 186
188 187
189 188
190 189
191 190
192 191
193 192
194 193
195 194
196 195
197 196
198 197
199 198
200 199
201 200
202 201
203 202
204 203
205 204
206 205
207 206
208 207
209 208
210 209
211 210
212 211
213 212
214 213
215 214
216 215
217 216
218 217
219 218
220 219
221 220
222 221
223 222
224 223
225 224
226 225
227 226
228 227
229 228
230 229
231 230
232 231
233 232
234 233
235 234
236 235
237 236
238 237
239 238
240 239
241 240
242 241
243 242
244 243
245 244
246 245
247 246
248 247
249 248
250 249
251 180
252 136
253 67
254 13
255 183
256 111
257 160
258 44
259 197
260 229
261 205
262 62
263 255
264 170
265 6
266 16
267 22
268 76
269 100
270 136
271 265
272 12
273 56
274 234
275 17
276 251
277 227
278 135
279 248
280 265
281 198
282 38
283 190
284 143
285 84
286 94
287 98
288 11
289 102
290 230
291 126
292 20
293 186
294 33
295 12
296 222
297 104
298 254
299 78
300 3
301 224
302 189
303 170
304 261
305 224
306 31
307 143
308 232
309 97
310 255
311 16
312 44
313 239
314 164
315 288
316 221
317 255
318 187
319 75
320 211
321 219
322 321
323 221
324 311
325 308
326 41
327 163
328 81
329 75
330 182
331 36
332 300
333 216
334 289
335 138
336 9
337 172
338 28
339 91
340 117
341 256
342 170
343 57
344 152
345 230
346 61
347 16
348 253
349 44
350 192
351 226
352 162
353 8
354 218
355 159
356 11
357 250
358 200
359 216
360 43
361 272
362 259
363 80
364 45
365 25
366 37
367 337
368 286
369 339
370 282
371 321
372 112
373 236
374 312
375 141
376 277
377 371
378 123
379 358
380 264
381 196
382 234
383 104
384 314
385 116
386 164
387 312
388 373
389 121
390 348
391 192
392 93
393 342
394 136
395 324
396 343
397 238
398 8
399 334
400 128
401 350
402 255
403 5
404 369
405 280
406 54
407 27
408 44
409 261
410 305
411 272
412 347
413 323
414 85
415 44
416 347
417 327
418 179
419 193
420 218
421 41
422 160
423 387
424 229
425 126
426 117
427 66
428 327
429 221
430 415
431 119
432 102
433 325
434 304
435 155
436 124
437 213
438 296
439 169
440 151
441 237
442 66
443 246
444 248
445 228
446 134
447 340
448 240
449 235
450 288
451 2
452 39
453 261
454 24
455 26
456 256
457 407
458 245
459 73
460 127
461 414
462 145
463 325
464 174
465 431
466 200
467 167
468 377
469 410
470 446
471 330
472 280
473 90
474 115
475 245
476 84
477 448
478 435
479 17
480 464
481 102
482 301
483 123
484 83
485 150
486 348
487 119
488 330
489 290
490 197
491 485
492 285
493 42
494 149
495 339
496 92
497 85
498 437
499 405
500 371
500 4000
1028 455 3608 2732 650 3289 2148 917 221 1836 327 3013 66 1909 3477 3301 3732 2982 1580 2346 3997 3483 3697 258 2515 1956 3659 3900 3861 757 2913 760 3398 1900 272 1745 1257 1442 624 2247 3102 2773 3720 2833 2108 3348 3567 3938 2672 3724 325 2106 2293 3538 3505 2160 3221 721 572 2206 3519 3958 1102 781 2090 2809 584 2306 1449 1710 2370 1192 3407 76 3366 639 1925 1341 2893 3076 2282 1031 1401 1666 1291 2681 2611 3673 3555 153 1318 2190 1877 716 92 1811 3112 2375 2679 3479 1442 85 115 2128 360 1450 1306 646 85 3751 1832 1923 2042 3693 1633 1594 1718 615 240 3253 1525 242 1314 2883 1326 3152 2370 1825 344 3757 2838 871 3404 1680 2650 54 1058 102 1564 544 3877 2954 3288 1687 3768 2009 1525 538 3021 3860 3520 3516 3780 182 1191 1399 3585 505 1561 2960 2610 3619 3325 3404 832 1494 1904 1203 3699 1976 611 99 2379 3519 532 2200 220 3008 1868 921 2442 2361 410 6 3910 3901 1262 928 1096 2367 1048 280 1838 3362 1155 3772 3476 2112 332 3967 2964 1752 904 1160 1696 1597 2901 989 30 2460 831 16 2244 1645 1398 1962 2612 829 590 1207 858 3451 889 1777 132 2657 3488 1520 2113 4 3527 2898 3870 3615 578 583 957 2460 1330 511 2774 3172 869 2871 1715 360 110 3553 2759 1136 1920 2515 2895 1124 3665 3603 3468 376 1005 736 1312 764 377 3011 1607 3716 2986 2071 312 1268 356 918 2365 1616 3351 3078 1935 1507 3767 2339 3094 493 1980 1678 3487 3570 2330 1141 3999 896 2530 1284 359 2335 1369 716 9 479 1463 1874 939 1534 579 2522 2889 1305 3629 309 3472 2741 2124 3880 536 77 1945 1598 3170 861 1900 1168 2515 2863 1174 1107 2640 3782 3359 419 315 1065 1794 14 268 3889 198 3331 2612 2486 1502 2779 686 2070 67 3592 647 3495 3440 1724 1808 190 222 157 450 128 194 2695 1490 2056 1733 2849 404 1369 2978 3364 2293 1318 709 744 2900 2143 1986 3249 961 1087 1780 3354 2394 2931 2840 2816 2754 1100 1513 1969 642 808 2365 2614 2340 1693 2240 2270 2798 1255 464 2572 1725 692 3513 3395 2531 3533 2546 560 706 806 2584 3511 3848 233 3434 2178 2382 1024 1285 935 2573 993 608 1209 576 1886 3467 2802 3424 3628 2148 830 1372 467 538 3306 3223 343 3398 1325 583 1830 1095 2263 2027 1826 2493 1658 1325 2512 2185 1078 3129 2274 131 136 2141 641 1596 3796 3618 3359 2677 177 1993 3291 2079 2966 266 1301 2901 2243 3817 1108 760 1042 2586 3029 2506 1183 3543 2934 1389 1813 3840 515 285 1594 2771 3393 875 3997 1356 56 1148 2430 2910 325 2497 3486 1427 3872 3704 553
1505 3914 2326 2842 561 3647 342 1445 1659 631 491 2363 351 98 329 3758 3582 2970 1507 3789 1578 2715 1948 3586 2031 771 654 3276 1729 1451 3865 3614 1927 2661 2605 1080 3847 3382 347 3301 3219 982 3736 501 2708 1158 3890 2012 2070 1905 3064 3370 3636 3686 324 1805 3140 1173 3212 1348 3172 9 1320 293 3271 3782 2310 2835 858 1571 2764 3160 3195 3914 3148 297 1020 429 1614 2907 340 971 506 768 3974 3716 2468 3559 565 3705 29 3667 3079 2824 3990 1306 1624 3815 2679 3490 130 1279 1217 3543 3563 1355 576 3056 1999 1041 20 323 3599 64 3169 550 58 267 2677 2824 2553 1573 2201 2640 1472 3647 379 3605 852 2782 1146 1565 823 2208 2835 1882 3611 2257 2059 449 2053 2760 3901 2285 3136 2408 3973 1653 3814 3284 910 1098 3434 1011 3640 436 2377 1797 2797 1356 2129 3269 422 1341 1329 3007 3481 3896 3938 1364 1221 213 1750 3532 2016 337 1248 1179 2495 772 2563 2584 935 1251 542 2970 1683 3126 2904 308 1990 1178 2408 114 3412 3002 3431 3893 1291 1449 922 2444 806 3684 2585 1172 2165 166 3077 113 2662 1740 2089 3853 1720 907 2063 1265 1249 2542 1702 1315 3742 2133 2257 1951 3834 1259 147 1560 1602 1158 1785 753 3911 1797 3752 440 1812 3749 1543 739 2291 1221 3568 3725 506 2907 1491 3666 1147 3190 2506 1898 1803 1270 3715 899 1298 1192 3115 3810 3253 2087 1527 2107 288 784 601 431 2998 2437 416 3303 2013 710 2639 2703 1732 2538 98 3732 3768 3332 286 1472 2663 852 1208 3638 532 1483 1672 3850 124 2979 3694 1347 3271 479 2948 2419 2962 3871 934 3382 1884 2535 3871 1930 1647 1073 470 815 1392 368 2168 3167 2314 2823 166 1872 3383 106 2849 3527 2991 2867 1909 799 86 3079 3 1851 2913 2603 1491 41 2312 1089 3225 728 3697 2696 2501 3291 187 3763 209 1982 2250 3881 102 2025 3283 1405 2608 2099 3975 2159 2339 1353 1540 1315 1901 2047 3097 3936 3485 1366 2522 1900 3891 2288 3300 3110 2633 2256 1906 3813 929 790 3169 3632 3536 2617 1088 1789 299 229 860 14 465 151 1097 3816 2009 2968 500 3319 93 2007 2697 1791 453 3978 2912 932 2616 902 2188 3645 1472 637 806 436 1372 888 471 3265 3275 2453 2468 808 3543 3363 574 1745 320 1980 3306 487 3338 98 301 3187 425 3038 955 1529 747 1909 258 1524 1445 748 3634 1870 1986 3870 3759 1443 744 3483 2361 1366 2445 2948 2138 3860 1754 2628 1969 2088 1790 2801 3455 1343 1781 1348 1359 1182 2169 981 2762 1473 1386 2683 3324 1653 601 387 96 3224 378 1903 1298 496 2283 2353 2614 1289 3231 2792 1219 3988 1327 3067 2166 1116
43 15 52 84 85 82 93 47 5 64 33 69 50 45 65 98 86 89 23 39 97 3 39 48 61 1 77 46 59 89 33 9 6 67 5 38 47 92 36 99 54 79 100 88 95 78 57 21 16 40 62 15 57 69 64 48 7 58 33 5 85 85 28 27 96 87 70 58 87 76 42 25 11 15 96 34 20 83 75 83 84 94 86 26 82 72 33 61 54 59 68 25 59 77 11 84 97 45 27 65 41 49 80 76 25 60 47 33 65 16 194 29 75 2 62 75 85 54 9 32 61 25 81 2 76 36 39 33 88 38 64 82 32 41 72 56 72 65 44 49 49 77 50 54 36 10 66 38 94 61 44 91 57 3 27 62 17 100 25 13 54 25 45 70 60 86 99 21 63 75 91 45 9 13 99 11 16 56 82 96 88 90 14 56 1 71 40 7 74 19 7 52 74 28 74 23 82 5 2 52 75 30 63 21 96 13 93 67 95 9 66 28 60 45 55 99 54 63 99 40 58 90 79 94 29 61 95 75 62 58 76 76 47 34 78 85 78 13 36 78 84 64 18 18 18 78 23 6 72 48 24 34 25 21 91 8 94 1 92 98 51 16 40 77 56 46 59 10 73 93 60 20 60 47 7 54 53 49 34 23 78 18 75 32 52 64 53 9 82 20 57 62 82 1 8 92 73 60 38 39 79 13 17 22 2 8 47 61 73 1 96 82 97 61 56 78 95 83 32 73 69 18 59 9 70 71 11 76 3 94 19 20 510 72 88 67 51 96 23 66 99 83 70 61 80 29 7 88 93 85 84 57 30 54 100 87 44 71 8 41 18 29 18 38 93 88 39 23 82 19 32 34 39 27 10 98 16 65 80 83 99 59 89 72 6 54 29 74 83 17 17 265 53 41 52 80 46 19 63 79 36 13 36 95 76 73 29 16 24 42 64 82 52 37 18 50 4 100 35 92 84 41 77 43 44 65 15 66 26 34 13 42 85 78 49 23 15 41 60 24 21 96 89 77 69 27 69 44 61 37 80 28 23 51 84 1 92 3 76 92 46 84 59 40 100 5 49 22 7 94 97 17 26 87 60 65 54 17 94 89 16 41 98 7 91 98 94 39 97 77 44 87 97 63 35 54 17 83 94 34
2 1
3 2
4 3
5 4
6 5
7 6
8 7
9 8
10 9
11 10
12 11
13 12
14 13
15 14
16 15
17 16
18 17
19 18
20 19
21 20
22 21
23 22
24 23
25 24
26 25
27 26
28 27
29 28
30 29
31 30
32 31
33 32
34 33
35 34
36 35
37 36
38 37
39 38
40 39
41 40
42 41
43 42
44 43
45 44
46 45
47 46
48 47
49 48
50 49
51 50
52 51
53 52
54 53
55 54
56 55
57 56
58 57
59 58
60 59
61 60
62 61
63 62
64 63
65 64
66 65
67 66
68 67
69 68
70 69
71 70
72 71
73 72
74 73
75 74
76 75
77 76
78 77
79 78
80 79
81 80
82 81
83 82
84 83
85 84
86 85
87 86
88 87
89 88
90 89
91 90
92 91
93 92
94 93
95 94
96 95
97 96
98 97
99 98
100 99
101 100
102 101
103 102
104 103
105 104
106 105
107 106
108 107
109 108
110 109
111 110
112 111
113 112
114 113
115 114
116 115
117 116
118 117
119 118
120 119
121 120
122 121
123 122
124 123
125 124
126 125
127 126
128 127
129 128
130 129
131 130
132 131
133 132
134 133
135 134
136 135
137 136
138 137
139 138
140 139
141 140
142 141
143 142
144 143
145 144
146 145
147 146
148 147
149 148
150 149
151 150
152 151
153 152
154 153
155 154
156 155
157 156
158 157
159 158
160 159
161 160
162 161
163 162
164 163
165 164
166 165
167 166
168 167
169 168
170 169
171 170
172 171
173 172
174 173
175 174
176 175
177 176
178 177
179 178
180 179
181 180
182 181
183 182
184 183
185 184
186 185
187 186
188 187
189 188
190 189
191 190
192 191
193 192
194 193
195 194
196 195
197 196
198 197
199 198
200 199
201 200
202 201
203 202
204 203
205 204
206 205
207 206
208 207
209 208
210 209
211 210
212 211
213 212
214 213
215 214
216 215
217 216
218 217
219 218
220 219
221 220
222 221
223 222
224 223
225 224
226 225
227 226
228 227
229 228
230 229
231 230
232 231
233 232
234 233
235 234
236 235
237 236
238 237
239 238
240 239
241 240
242 241
243 242
244 243
245 244
246 245
247 246
248 247
249 248
250 249
251 140
252 68
253 9
254 131
255 48
256 179
257 197
258 4
259 216
260 232
261 31
262 177
263 242
264 231
265 192
266 107
267 217
268 217
269 186
270 246
271 118
272 154
273 125
274 183
275 210
276 207
277 134
278 250
279 105
280 108
281 163
282 174
283 279
284 80
285 102
286 200
287 206
288 32
289 66
290 90
291 251
292 77
293 216
294 191
295 244
296 213
297 106
298 194
299 109
300 296
301 233
302 281
303 199
304 212
305 162
306 188
307 170
308 171
309 209
310 85
311 255
312 124
313 11
314 53
315 188
316 107
317 113
318 280
319 303
320 87
321 298
322 69
323 293
324 298
325 224
326 82
327 63
328 157
329 89
330 95
331 48
332 163
333 233
334 203
335 134
336 256
337 70
338 257
339 78
340 168
341 340
342 45
343 107
344 203
345 74
346 11
347 78
348 2
349 177
350 260
351 286
352 283
353 259
354 164
355 286
356 95
357 83
358 219
359 15
360 41
361 75
362 158
363 199
364 344
365 190
366 24
367 191
368 47
369 223
370 81
371 244
372 53
373 221
374 294
375 356
376 275
377 169
378 322
379 279
380 139
381 369
382 106
383 177
384 184
385 343
386 171
387 49
388 380
389 329
390 90
391 217
392 191
393 73
394 51
395 335
396 289
397 20
398 257
399 313
400 32
401 311
402 143
403 240
404 246
405 22
406 113
407 103
408 320
409 360
410 87
411 58
412 253
413 107
414 38
415 87
416 86
417 12
418 280
419 224
420 99
421 166
422 244
423 411
424 325
425 52
426 390
427 149
428 134
429 315
430 299
431 413
432 12
433 148
434 201
435 98
436 103
437 182
438 200
439 305
440 89
441 232
442 291
443 418
444 30
445 106
446 336
447 228
448 221
449 140
450 277
451 75
452 405
453 298
454 284
455 222
456 276
457 410
458 95
459 450
460 328
461 223
462 70
463 41
464 352
465 272
466 357
467 226
468 10
469 264
470 93
471 183
472 408
473 255
474 334
475 454
476 191
477 377
478 165
479 23
480 420
481 62
482 412
483 93
484 343
485 262
486 6
487 425
488 207
489 237
490 489
491 176
492 160
493 317
494 476
495 44
496 97
497 18
498 112
499 335
500 400
