5
167 612
3607 507 2754 2065 2856 1988 1665 3776 2290 2717 2172 2364 1701 3234 1966 1155 1362 1230 3542 3079 2369 753 711 3658 24 2962 1518 3381 874 3783 100 2586 254 3283 628 1387 1248 1664 14 2042 1453 3325 3468 3251 1371 954 3588 2072 2982 161 1359 1723 802 504 1432 1729 540 1684 3337 1429 1875 2624 3697 715 2423 3600 1625 1623 1887 191 2793 1869 3025 1263 3126 1658 3917 2 3342 3459 2522 1173 3078 2397 3668 541 3555 2637 3638 2693 3975 641 2787 2598 1374 1455 443 1736 2185 3501 3132 1081 2185 3440 1621 1452 1519 3945 1202 3668 3171 3805 2692 3328 52 2437 1681 2810 2591 3750 859 1307 642 369 1748 1041 3554 861 2338 1845 1178 3428 2350 3174 263 1308 787 3914 529 1687 3940 2566 3676 3198 830 636 975 2089 399 741 2404 2499 2982 3792 3121 412 3741 3545 3477 2286 291 717 1286 3796 3758 798 3450
522 281 214 379 578 36 459 427 432 383 153 164 477 468 151 484 453 89 5 367 249 363 56 254 525 180 209 180 88 327 228 506 296 587 196 555 557 436 472 544 557 470 424 377 352 342 233 260 577 386 348 266 76 295 462 408 558 317 308 2 290 340 146 602 330 533 114 607 138 171 13 568 79 446 230 59 299 120 64 473 67 503 33 181 350 482 200 139 268 276 583 574 393 113 590 450 252 135 214 310 110 224 34 506 175 593 546 314 396 487 190 287 190 468 478 190 530 232 270 33 212 312 264 559 229 580 507 366 513 324 591 276 161 293 255 14 117 93 594 251 1 226 586 120 75 436 125 215 585 573 564 94 370 43 117 505 189 315 239 35 149 482 197 65 206 340 232
1 1 1 1 1 1 1 1 1 1 1 1 1 1 1 1 1 1 1 1 1 1 1 1 1 1 1 1 1 1 1 1 1 1 1 1 1 1 1 1 1 1 1 1 1 1 1 1 1 1 1 1 1 1 1 1 1 1 1 1 1 1 1 1 1 1 1 1 1 1 1 1 1 1 1 1 1 1 1 1 1 1 1 1 1 1 1 1 1 1 1 1 1 1 1 1 1 1 1 1 1 1 1 1 1 1 1 1 1 1 1 1 1 1 1 1 1 1 1 1 1 1 1 1 1 1 1 1 1 1 1 1 1 1 1 1 1 1 1 1 1 1 1 1 1 1 1 1 1 1 1 1 1 1 1 1 1 1 1 1 1 1 1 1 1 1 1
2 1
3 2
4 3
5 4
6 5
7 6
8 7
9 8
10 9
11 10
12 11
13 12
14 13
15 14
16 15
17 16
18 17
19 18
20 19
21 20
22 21
23 22
24 23
25 24
26 25
27 26
28 27
29 28
30 29
31 30
32 31
33 32
34 33
35 34
36 35
37 36
38 37
39 38
40 39
41 40
42 41
43 42
44 43
45 44
46 45
47 46
48 47
49 48
50 49
51 50
52 51
53 52
54 53
55 54
56 55
57 56
58 57
59 58
60 59
61 60
62 61
63 62
64 63
65 64
66 65
67 66
68 67
69 68
70 69
71 70
72 71
73 72
74 73
75 74
76 75
77 76
78 77
79 78
80 79
81 80
82 81
83 82
84 55
85 24
86 24
87 20
88 40
89 62
90 25
91 7
92 25
93 4
94 11
95 80
96 62
97 17
98 9
99 96
100 21
101 24
102 97
103 51
104 47
105 33
106 27
107 59
108 88
109 26
110 73
111 85
112 106
113 94
114 84
115 80
116 92
117 38
118 101
119 69
120 8
121 55
122 39
123 62
124 104
125 23
126 61
127 114
128 95
129 107
130 101
131 12
132 92
133 65
134 114
135 75
136 58
137 73
138 7
139 23
140 33
141 17
142 109
143 28
144 71
145 81
146 75
147 72
148 53
149 20
150 40
151 57
152 124
153 97
154 117
155 90
156 55
157 88
158 31
159 69
160 78
161 137
162 146
163 45
164 14
165 153
166 22
167 102
484 2150
3064 3913 3900 612 2156 2302 2774 2768 3151 2299 3334 1395 3489 2560 712 1669 969 2402 1475 977 3568 347 1322 3841 222 3894 3472 1745 628 3415 1611 2961 3498 1513 2797 827 715 1804 1696 3384 2957 446 2368 2542 885 3784 3261 3980 43 811 1297 1944 2042 2731 447 311 972 2940 1582 3006 1091 492 2052 1593 27 817 1670 1593 1663 2452 2288 1826 937 3549 112 757 765 1855 3336 26 3272 999 2852 3282 3094 2305 760 2171 1106 682 3998 2564 2946 1501 2095 3155 1442 1591 384 3349 1024 3469 607 3077 2296 2512 1454 3104 1169 2655 3616 1864 3480 1581 1554 3414 123 180 3212 2660 1481 3258 2776 314 2761 129 930 3417 3672 1300 1137 3271 39 3856 965 634 2772 2705 850 3847 1352 1374 2876 2668 626 2871 1460 3804 1442 3549 1011 3370 3017 2498 3380 2425 2479 305 1078 195 404 2336 2611 2343 2860 2229 3003 184 1237 886 3700 3523 1019 2517 1846 3968 1967 1339 35 1884 2115 2612 1156 550 1001 858 2378 3032 2796 2342 1316 2727 2767 19 1052 2446 1926 2676 1079 2999 3859 281 813 171 1090 3901 1349 412 1894 3154 149 3055 885 2417 3673 1263 1249 796 2515 2543 2394 1557 1442 3839 2113 2597 1190 1267 3822 1669 2578 2704 2404 272 3635 2263 3699 1579 161 534 2096 2644 548 3757 1712 1323 73 3229 1483 158 3941 1335 2862 2585 2282 1475 1697 3245 1319 1231 1883 1919 1445 346 2243 1940 3487 1312 201 1530 1154 456 1092 601 2150 3628 3309 3931 1196 3752 2716 1722 3449 1287 3010 2601 1682 3465 2376 836 3449 728 1126 1755 3879 3789 806 1756 1866 3101 2394 1664 1920 1417 3771 1209 2517 3814 1764 3226 3835 2025 2799 1190 2472 247 398 92 2516 1995 3533 2402 1459 3656 1318 1745 335 2785 1894 2658 906 3079 2527 279 1844 3314 2316 1579 3848 498 2220 3198 1644 3127 1946 731 3848 2335 266 395 679 2368 2153 3903 1868 2647 1909 2073 2295 3439 3834 1276 153 3732 3599 3445 564 1626 48 2057 983 2761 3966 1151 1464 2187 3669 1904 3059 408 1837 3086 322 2241 3123 3763 606 3835 2792 1931 3798 974 858 867 3021 286 290 2547 1049 185 2815 1609 3706 257 273 471 1463 2524 1849 3967 223 57 2479 1053 3391 1925 3556 3029 3008 2094 2617 1822 3140 503 1728 3919 3872 700 498 1512 3452 2247 3600 900 137 2612 1630 2780 66 3042 2430 2334 2406 3611 617 2800 1621 548 2003 1983 2282 1799 480 1100 2105 3488 2338 312 3401 3207 1333 1582 787 1885 3452 2289 1340 186 2973 2088 719 2997 1723 2886 3007 2900 1587 3070 2236 662 2777 295 1812 3295
1536 149 309 2108 2077 239 1947 2146 37 930 1379 593 397 1501 2013 1415 225 2073 2117 1132 1135 1791 24 1240 662 236 1586 744 465 1231 442 42 321 1458 495 4 1067 2033 52 1385 2025 2015 763 1389 1779 1788 513 744 1961 1907 1992 1659 1272 405 1576 604 634 437 25 471 948 324 1280 2081 572 251 652 505 53 1936 185 861 1908 799 198 108 1344 1238 571 1541 1224 1967 893 420 540 1370 1582 705 222 2019 169 428 623 1415 318 488 1418 832 1402 1463 1474 2120 954 291 1944 94 574 806 349 655 1563 1851 1741 712 1497 77 1492 1422 674 29 653 1133 2074 69 1155 1803 1850 976 954 1748 511 122 586 1888 1679 1750 695 655 521 1595 1464 1834 910 1038 1312 2115 2078 20 91 878 637 460 488 1512 1911 2097 213 1772 1759 1381 466 1567 539 1200 434 940 1273 1592 1024 1709 1830 1094 24 958 964 1942 1524 2085 282 660 1125 375 1815 901 2075 21 562 1043 66 965 1974 865 209 589 1708 285 581 1963 2027 1790 982 425 1807 1611 1970 2091 1083 43 779 2045 1656 168 2120 348 1479 1578 203 1108 1471 1583 22 899 1872 2058 2072 1357 1469 880 1411 475 2126 1858 1289 1562 1433 1663 1608 1610 1774 229 1191 1883 372 1006 1501 1112 281 1811 491 1236 1525 892 727 1335 1021 1870 1499 1104 351 1137 1460 471 386 2036 1637 1890 2104 1827 1625 511 1589 29 1768 2102 131 1839 65 1148 615 610 999 750 1808 356 462 282 1771 84 1503 1456 1526 754 1121 1370 114 1736 1720 2061 1324 515 1825 705 1936 2076 1443 1154 1863 1243 1063 889 1288 457 905 1127 30 1271 476 1401 213 1588 1835 875 2046 1485 1683 317 2066 578 1831 1712 276 1466 1123 1234 1076 1132 268 1294 456 450 2113 1681 184 1892 1024 162 1880 103 1207 151 119 727 697 72 2124 1890 879 709 140 1058 1672 577 1590 1879 962 939 207 764 1563 1688 331 84 622 369 1233 1881 23 46 1593 1828 1246 908 553 1175 595 1486 234 953 1637 923 1329 26 1545 1155 303 571 1378 95 44 1044 53 486 984 757 147 1164 474 344 875 1438 865 142 1634 1475 1810 957 1890 611 80 318 1181 770 1989 1508 125 113 1503 1087 1156 408 978 1138 1733 1270 173 842 770 2143 513 595 1219 276 1800 437 451 1010 1111 975 127 1634 2074 1018 1931 378 1336 103 467 1182 532 2145 1971 1233 846 2052 1931 1871 367 847 722 149 1994 821 331 1635 1504 1126 1416 1219 690 189 571 763 1625 1924
1 1 1 1 1 1 1 1 1 1 1 1 1 1 1 1 1 1 1 1 1 1 1 1 1 1 1 1 1 1 1 1 1 1 1 1 1 1 1 1 1 1 1 1 1 1 1 1 1 1 1 1 1 1 1 1 1 1 1 1 1 1 1 1 1 1 1 1 1 1 1 1 1 1 1 1 1 1 1 1 1 1 1 1 1 1 1 1 1 1 1 1 1 1 1 1 1 1 1 1 1 1 1 1 1 1 1 1 1 1 1 1 1 1 1 1 1 1 1 1 1 1 1 1 1 1 1 1 1 1 1 1 1 1 1 1 1 1 1 1 1 1 1 1 1 1 1 1 1 1 1 1 1 1 1 1 1 1 1 1 1 1 1 1 1 1 1 1 1 1 1 1 1 1 1 1 1 1 1 1 1 1 1 1 1 1 1 1 1 1 1 1 1 1 1 1 1 1 1 1 1 1 1 1 1 1 1 1 1 1 1 1 1 1 1 1 1 1 1 1 1 1 1 1 1 1 1 1 1 1 1 1 1 1 1 1 1 1 1 1 1 1 1 1 1 1 1 1 1 1 1 1 1 1 1 1 1 1 1 1 1 1 1 1 1 1 1 1 1 1 1 1 1 1 1 1 1 1 1 1 1 1 1 1 1 1 1 1 1 1 1 1 1 1 1 1 1 1 1 1 1 1 1 1 1 1 1 1 1 1 1 1 1 1 1 1 1 1 1 1 1 1 1 1 1 1 1 1 1 1 1 1 1 1 1 1 1 1 1 1 1 1 1 1 1 1 1 1 1 1 1 1 1 1 1 1 1 1 1 1 1 1 1 1 1 1 1 1 1 1 1 1 1 1 1 1 1 1 1 1 1 1 1 1 1 1 1 1 1 1 1 1 1 1 1 1 1 1 1 1 1 1 1 1 1 1 1 1 1 1 1 1 1 1 1 1 1 1 1 1 1 1 1 1 1 1 1 1 1 1 1 1 1 1 1 1 1 1 1 1 1 1 1 1 1 1 1 1 1 1 1 1 1 1 1 1 1 1 1 1 1 1 1 1 1 1 1 1 1 1 1 1 1 1 1 1 1 1 1 1 1 1 1 1
2 1
3 2
4 3
5 4
6 5
7 6
8 7
9 8
10 9
11 10
12 11
13 12
14 13
15 14
16 15
17 16
18 17
19 18
20 19
21 20
22 21
23 22
24 23
25 24
26 25
27 26
28 27
29 28
30 29
31 30
32 31
33 32
34 33
35 34
36 35
37 36
38 37
39 38
40 39
41 40
42 41
43 42
44 43
45 44
46 45
47 46
48 47
49 48
50 49
51 50
52 51
53 52
54 53
55 54
56 55
57 56
58 57
59 58
60 59
61 60
62 61
63 62
64 63
65 64
66 65
67 66
68 67
69 68
70 69
71 70
72 71
73 72
74 73
75 74
76 75
77 76
78 77
79 78
80 79
81 80
82 81
83 82
84 83
85 84
86 85
87 86
88 87
89 88
90 89
91 90
92 91
93 92
94 93
95 94
96 95
97 96
98 97
99 98
100 99
101 100
102 101
103 102
104 103
105 104
106 105
107 106
108 107
109 108
110 109
111 110
112 111
113 112
114 113
115 114
116 115
117 116
118 117
119 118
120 119
121 120
122 121
123 122
124 123
125 124
126 125
127 126
128 127
129 128
130 129
131 130
132 131
133 132
134 133
135 134
136 135
137 136
138 137
139 138
140 139
141 140
142 141
143 142
144 143
145 144
146 145
147 146
148 147
149 148
150 149
151 150
152 151
153 152
154 153
155 154
156 155
157 156
158 157
159 158
160 159
161 160
162 161
163 162
164 163
165 164
166 165
167 166
168 167
169 168
170 169
171 170
172 171
173 172
174 173
175 174
176 175
177 176
178 177
179 178
180 179
181 180
182 181
183 182
184 183
185 184
186 185
187 186
188 187
189 188
190 189
191 190
192 191
193 192
194 193
195 194
196 195
197 196
198 197
199 198
200 199
201 200
202 201
203 202
204 203
205 204
206 205
207 206
208 207
209 208
210 209
211 210
212 211
213 212
214 213
215 214
216 215
217 216
218 217
219 218
220 219
221 220
222 221
223 222
224 223
225 224
226 225
227 226
228 227
229 228
230 229
231 230
232 231
233 232
234 233
235 234
236 235
237 236
238 237
239 238
240 239
241 240
242 241
243 211
244 179
245 71
246 154
247 112
248 85
249 70
250 39
251 96
252 185
253 111
254 20
255 103
256 155
257 30
258 113
259 107
260 128
261 137
262 192
263 28
264 208
265 258
266 19
267 150
268 75
269 185
270 127
271 162
272 68
273 24
274 8
275 195
276 266
277 188
278 261
279 19
280 252
281 92
282 265
283 203
284 231
285 28
286 16
287 41
288 60
289 171
290 272
291 274
292 23
293 215
294 72
295 291
296 198
297 233
298 72
299 166
300 230
301 264
302 28
303 9
304 57
305 187
306 256
307 17
308 3
309 199
310 259
311 55
312 103
313 125
314 161
315 251
316 102
317 292
318 32
319 71
320 98
321 45
322 260
323 256
324 58
325 88
326 241
327 225
328 186
329 198
330 190
331 254
332 179
333 327
334 270
335 331
336 75
337 70
338 27
339 29
340 329
341 287
342 170
343 138
344 10
345 217
346 12
347 240
348 275
349 7
350 293
351 66
352 343
353 108
354 179
355 275
356 37
357 25
358 293
359 215
360 38
361 322
362 216
363 150
364 70
365 182
366 45
367 68
368 14
369 306
370 176
371 354
372 84
373 345
374 175
375 44
376 145
377 111
378 48
379 34
380 308
381 3
382 88
383 320
384 63
385 175
386 225
387 276
388 22
389 189
390 66
391 34
392 221
393 236
394 190
395 19
396 386
397 168
398 387
399 142
400 210
401 22
402 73
403 360
404 31
405 268
406 215
407 336
408 313
409 239
410 336
411 32
412 404
413 386
414 250
415 383
416 400
417 158
418 300
419 109
420 195
421 70
422 86
423 376
424 41
425 381
426 39
427 333
428 15
429 329
430 99
431 205
432 365
433 299
434 68
435 16
436 265
437 308
438 203
439 170
440 25
441 131
442 103
443 334
444 45
445 276
446 25
447 149
448 398
449 226
450 158
451 17
452 157
453 140
454 296
455 254
456 49
457 405
458 333
459 285
460 83
461 402
462 221
463 301
464 132
465 73
466 114
467 420
468 404
469 379
470 411
471 352
472 87
473 449
474 197
475 40
476 385
477 394
478 442
479 162
480 462
481 163
482 52
483 197
484 436
301 2717
3898 3599 3957 388 422 2851 3709 288 1831 306 1859 8 2915 3755 1746 2179 3507 2644 2023 1339 72 3052 3460 1634 1379 1278 981 996 16 3463 2246 527 2020 3944 1413 3359 3767 1198 309 174 1315 3873 2131 251 1181 1324 2669 3258 1459 237 607 476 999 3741 688 223 2508 448 3149 2616 3743 1968 3813 3999 2792 3878 3781 3995 2418 1322 2356 3983 1735 2044 754 741 527 1123 2061 3258 3690 54 708 1097 3885 1833 1376 1531 2650 3450 3984 1678 3907 2683 2213 3941 3808 609 2669 2512 687 3469 947 2333 3692 1019 567 254 3250 1449 1995 3644 3153 1097 814 1884 976 714 1612 3375 453 3427 3126 3040 1586 2656 126 3705 451 2002 1910 2518 1062 2929 3626 846 3115 2420 2779 1726 2748 1333 1758 2424 3358 1789 2709 907 2697 2807 1932 723 2821 2643 1814 1252 38 1208 3145 3187 3593 2735 3544 549 1903 3726 1456 3995 2650 1921 662 1789 2599 2847 319 2917 843 907 2543 1935 880 1736 855 2783 2450 2019 3657 3027 1621 859 1150 1130 2666 1683 1834 3604 2979 1850 3646 28 275 3386 319 1234 713 3263 2629 221 398 1578 1303 1664 3230 3862 1349 1611 292 1289 1254 5 2873 2399 2932 2520 1822 2995 2949 2076 3928 3567 2155 3272 1452 1493 2990 2550 252 1358 2857 278 3073 50 1571 949 3625 1816 2831 270 3091 2080 646 753 1737 3358 1731 3955 541 3017 1120 54 104 2340 1392 3832 671 44 3677 1153 1943 1411 2850 41 1242 2459 1228 3112 3051 966 3469 674 1847 669 2401 3537 28 1999 2309 1044 1791 1676 3412 3319 425 3442 2980 1125 1443 726 513 2155 1457
502 59 1439 1786 997 524 2592 2072 1134 552 495 1319 2196 1484 2256 1487 48 319 466 155 513 476 1514 612 1676 1492 1696 2508 1677 1692 2113 597 1237 1456 867 1980 1495 1696 246 595 1986 1451 1219 2402 1724 986 847 650 1875 2393 872 877 2120 788 908 1020 628 106 1781 2407 213 1402 1851 167 2090 2417 1463 1238 522 1106 2511 2114 2323 148 2490 968 1859 954 191 391 479 1043 1046 711 1976 350 2377 1899 187 305 1569 1819 1862 1559 1154 365 1126 824 408 2245 1135 707 282 2629 1109 214 2562 586 2546 1892 1665 1813 620 2442 767 1679 2138 1218 2094 1264 168 615 2162 855 2274 952 1001 1506 1324 1096 2636 601 1179 267 118 2003 1563 728 2503 783 572 55 902 1733 1107 940 1973 1436 1344 1366 862 992 31 832 1547 686 2095 1455 2379 2341 201 444 1979 1121 449 1237 110 1248 1938 1873 2655 1661 769 876 1369 503 229 2044 1261 925 611 2182 2376 900 1597 1364 2586 997 1534 863 532 2271 2581 2455 28 1697 1351 2716 1081 2193 2192 2385 576 1996 1768 2661 787 2338 1682 1988 2495 95 1014 969 1378 2115 572 1500 2639 2047 1019 709 1255 2010 2717 790 856 796 580 2439 168 2218 2420 1453 1251 1467 2258 2020 1994 1734 656 338 1482 2019 142 1328 609 1312 1278 982 1224 53 48 834 1716 375 1841 1576 2380 1157 2220 1718 118 12 2197 2414 1775 652 323 1860 2085 1991 2525 975 1783 134 748 2446 2495 1749 1260 1147 506 283 729 1939 1319 210 1649 358 58 660 2422 500 484 519 746 1397 1071 1360 1928
1 1 1 1 1 1 1 1 1 1 1 1 1 1 1 1 1 1 1 1 1 1 1 1 1 1 1 1 1 1 1 1 1 1 1 1 1 1 1 1 1 1 1 1 1 1 1 1 1 1 1 1 1 1 1 1 1 1 1 1 1 1 1 1 1 1 1 1 1 1 1 1 1 1 1 1 1 1 1 1 1 1 1 1 1 1 1 1 1 1 1 1 1 1 1 1 1 1 1 1 1 1 1 1 1 1 1 1 1 1 1 1 1 1 1 1 1 1 1 1 1 1 1 1 1 1 1 1 1 1 1 1 1 1 1 1 1 1 1 1 1 1 1 1 1 1 1 1 1 1 1 1 1 1 1 1 1 1 1 1 1 1 1 1 1 1 1 1 1 1 1 1 1 1 1 1 1 1 1 1 1 1 1 1 1 1 1 1 1 1 1 1 1 1 1 1 1 1 1 1 1 1 1 1 1 1 1 1 1 1 1 1 1 1 1 1 1 1 1 1 1 1 1 1 1 1 1 1 1 1 1 1 1 1 1 1 1 1 1 1 1 1 1 1 1 1 1 1 1 1 1 1 1 1 1 1 1 1 1 1 1 1 1 1 1 1 1 1 1 1 1 1 1 1 1 1 1 1 1 1 1 1 1 1 1 1 1 1 1 1 1 1 1 1 1 1 1 1 1 1 1
2 1
3 2
4 3
5 4
6 5
7 6
8 7
9 8
10 9
11 10
12 11
13 12
14 13
15 14
16 15
17 16
18 17
19 18
20 19
21 20
22 21
23 22
24 23
25 24
26 25
27 26
28 27
29 28
30 29
31 30
32 31
33 32
34 33
35 34
36 35
37 36
38 37
39 38
40 39
41 40
42 41
43 42
44 43
45 44
46 45
47 46
48 47
49 48
50 49
51 50
52 51
53 52
54 53
55 54
56 55
57 56
58 57
59 58
60 59
61 60
62 61
63 62
64 63
65 64
66 65
67 66
68 67
69 68
70 69
71 70
72 71
73 72
74 73
75 74
76 75
77 76
78 77
79 78
80 79
81 80
82 81
83 82
84 83
85 84
86 85
87 86
88 87
89 88
90 89
91 90
92 91
93 92
94 93
95 94
96 95
97 96
98 97
99 98
100 99
101 100
102 101
103 102
104 103
105 104
106 105
107 106
108 107
109 108
110 109
111 110
112 111
113 112
114 113
115 114
116 115
117 116
118 117
119 118
120 119
121 120
122 121
123 122
124 123
125 124
126 125
127 126
128 127
129 128
130 129
131 130
132 131
133 132
134 133
135 134
136 135
137 136
138 137
139 138
140 139
141 140
142 141
143 142
144 143
145 144
146 145
147 146
148 147
149 148
150 149
151 71
152 73
153 134
154 41
155 68
156 31
157 111
158 112
159 72
160 10
161 142
162 90
163 79
164 81
165 48
166 164
167 33
168 67
169 8
170 73
171 47
172 154
173 70
174 37
175 110
176 98
177 13
178 35
179 165
180 64
181 58
182 128
183 179
184 37
185 65
186 166
187 43
188 43
189 134
190 24
191 51
192 126
193 60
194 14
195 10
196 86
197 8
198 197
199 58
200 38
201 34
202 176
203 105
204 75
205 11
206 6
207 27
208 64
209 91
210 69
211 134
212 203
213 197
214 40
215 177
216 86
217 211
218 124
219 75
220 59
221 80
222 152
223 162
224 84
225 171
226 61
227 183
228 126
229 126
230 50
231 226
232 136
233 46
234 158
235 53
236 189
237 164
238 204
239 168
240 170
241 13
242 2
243 177
244 97
245 10
246 120
247 237
248 214
249 195
250 215
251 84
252 24
253 74
254 46
255 93
256 163
257 98
258 186
259 239
260 155
261 248
262 182
263 191
264 226
265 108
266 144
267 201
268 139
269 137
270 20
271 157
272 167
273 171
274 104
275 150
276 74
277 249
278 188
279 64
280 167
281 154
282 143
283 165
284 112
285 146
286 262
287 82
288 212
289 73
290 271
291 282
292 82
293 136
294 253
295 141
296 129
297 181
298 72
299 44
300 273
301 148
500 4000
2264 635 2551 199 369 776 1019 1845 2359 2538 2410 1477 1567 3857 2391 2726 856 615 1718 1057 489 1406 3861 3397 3944 860 3548 1647 3710 2052 264 509 505 3686 68 3029 274 2281 2570 2896 1953 886 249 3852 957 2408 2648 3218 3545 2611 2314 2980 2395 1330 1362 234 2559 1588 1642 3006 2093 2216 3390 2806 2422 1064 782 562 885 3620 581 966 771 144 2643 489 2907 432 2034 574 2224 226 1464 1570 2573 2412 440 438 492 230 798 3663 1176 3498 1259 1148 1031 762 3310 2390 690 1907 2787 2702 3959 304 1713 3699 1330 2561 1087 610 2136 3725 1367 2131 308 3844 382 1409 1190 2666 498 3257 824 2528 2181 3717 2563 2389 3290 1530 2242 3948 3262 257 3573 3438 1833 1378 1274 2355 821 951 967 1452 1406 3855 1419 3284 1884 2049 1317 1624 1245 244 965 3331 1574 3275 2467 3790 2155 1813 3389 1480 3021 981 3349 3394 1172 1615 618 3837 2126 3956 3157 599 3527 751 2088 3315 745 3696 1986 1607 2871 3736 3894 3627 261 3781 638 896 3129 1728 1114 3935 3720 2500 3310 99 1387 1777 538 1657 1761 3186 59 3365 1929 1482 1795 2680 3711 2725 3061 1201 3159 3198 1508 2064 1241 1932 1421 482 157 3346 3698 136 3655 3942 1624 2026 1924 2657 1347 2461 2661 2471 2545 1264 2140 3833 3157 2588 1397 249 85 2764 1687 445 231 2986 3388 3927 3911 3563 3277 3395 1788 2141 2530 3634 2444 2191 793 1397 3421 290 404 2381 3630 3118 3640 1939 854 407 1828 2115 1051 1969 591 3949 854 1360 2981 702 1349 2004 3715 1419 2865 628 3921 2176 3906 2922 1952 3495 3199 575 741 988 3851 2296 469 3056 1629 1665 1666 3675 703 567 2261 2535 2537 155 940 698 3263 213 1558 3619 3240 1510 1580 1672 3825 627 691 3567 258 750 528 1099 191 1478 3691 2792 2594 2353 2984 250 696 88 3810 610 3737 1731 3593 1857 2092 2374 3613 1314 2522 2091 2668 195 1234 2721 3785 2883 701 2405 2029 2257 547 1424 1394 3412 1695 1856 1262 662 1438 3370 3214 470 2974 608 1908 558 260 2750 1714 2176 223 603 1447 1320 1148 3470 1337 1533 2537 1758 916 745 335 1133 1155 1995 937 2791 3085 2473 3786 2566 1169 3068 3439 3305 261 1750 641 1687 716 2230 3150 1742 3126 591 3496 144 1405 2261 1534 3791 3037 2344 3418 3991 1876 3045 3931 3163 2747 1515 1044 2373 2628 171 549 1432 3668 51 1784 3303 803 155 2944 2363 1554 592 2957 1632 3372 3393 595 3344 1345 1576 1340 3620 2719 1883 3883 1143 1649 1587 3731 1564 3869 1435 3159 2595 3321 1884 3300 3495 3343 2215 1612 251 1681 2340 3428 597 2878 1147 3457 1723 2198 1697 398 493 2330 484
1915 614 2423 1443 951 253 3665 1886 1766 3344 2300 776 2393 129 3214 3715 1489 866 3837 3684 3852 3500 395 755 3027 3681 817 1825 2305 1507 906 3753 1718 3348 931 3787 2045 3728 769 1701 2330 1000 306 3891 567 1665 3704 745 2191 109 3123 3374 3260 3560 78 123 3742 1653 1868 149 3180 2074 2771 200 1535 1850 2072 3877 1308 1138 620 125 673 2903 2600 1918 3443 3982 340 2830 167 300 733 134 48 1871 2296 3345 2472 2685 657 1797 705 3707 2009 1217 2124 113 1038 905 3691 189 2124 3326 1780 117 3699 3265 3718 3457 2714 3722 1041 1848 1557 3396 1536 826 2530 2795 3913 1870 1017 1961 3864 2622 1333 3150 2903 496 413 1007 2114 2726 1335 192 1290 1305 1518 212 1896 3217 2658 661 3715 3528 3409 928 548 2337 804 1411 1882 3139 477 3545 841 1786 3998 902 2104 1424 476 3886 3770 2120 3014 1403 732 891 2896 3984 911 535 2852 679 1751 3413 266 210 1877 1691 3222 2384 1778 3250 723 3790 2861 3080 1806 2400 3845 616 1669 2496 586 185 3536 3432 3680 1973 1136 3371 1973 971 1751 1368 2597 1943 568 3058 3050 928 2128 2698 1193 1331 371 3646 1115 3903 1403 3062 600 465 2894 2589 3690 2417 3823 3005 1136 3709 935 414 2257 3460 3124 1505 1283 389 914 2232 636 74 3017 2056 536 3807 2967 1634 3531 1336 446 1631 3497 1123 3216 1627 787 1065 1337 1107 452 3787 685 2722 1979 2459 51 728 2731 3320 1298 3900 1634 2830 90 260 566 1934 1749 755 309 1674 1903 339 2478 1877 1859 947 1244 57 2855 515 2098 568 3706 845 3788 103 2924 2166 3444 2439 2478 566 3316 1351 3931 597 699 2871 2118 2343 1618 430 3590 2442 2145 1311 510 61 701 2072 3697 2563 3668 2171 3014 1209 1371 2049 2679 436 3351 2283 2303 447 3690 2539 3364 1843 704 3539 3938 2680 3130 796 2330 988 3449 3611 1019 1586 302 702 1263 2541 1569 622 3016 412 385 2560 3563 2248 427 1916 1853 2861 3037 978 3597 2870 2236 2458 1697 1917 483 715 261 1281 463 2558 2160 3080 1160 2757 728 3063 1170 3238 2585 2928 3220 957 833 268 840 1073 3904 2073 68 469 2541 1270 999 514 1115 1613 3591 1812 1597 1649 3610 771 1174 1976 2658 1795 1350 2235 1886 2173 753 3404 2542 3471 2898 2487 807 1250 1087 220 535 2796 3261 427 1658 3430 71 3970 2333 462 2331 1444 1970 1696 2693 347 149 3056 2927 719 1021 2411 1480 3591 2983 2319 2867 1152 3198 3081 2035 3308 2927 654 3061 750 2924 220 1375 3827 862 722 3767 2578 3439 845 277 2439 2488 997 1036 2669 1000 71 3190 3419 2677 1397 703 1 7 3259 3540 1059
1 1 1 1 1 1 1 1 1 1 1 1 1 1 1 1 1 1 1 1 1 1 1 1 1 1 1 1 1 1 1 1 1 1 1 1 1 1 1 1 1 1 1 1 1 1 1 1 1 1 1 1 1 1 1 1 1 1 1 1 1 1 1 1 1 1 1 1 1 1 1 1 1 1 1 1 1 1 1 1 1 1 1 1 1 1 1 1 1 1 1 1 1 1 1 1 1 1 1 1 1 1 1 1 1 1 1 1 1 1 1 1 1 1 1 1 1 1 1 1 1 1 1 1 1 1 1 1 1 1 1 1 1 1 1 1 1 1 1 1 1 1 1 1 1 1 1 1 1 1 1 1 1 1 1 1 1 1 1 1 1 1 1 1 1 1 1 1 1 1 1 1 1 1 1 1 1 1 1 1 1 1 1 1 1 1 1 1 1 1 1 1 1 1 1 1 1 1 1 1 1 1 1 1 1 1 1 1 1 1 1 1 1 1 1 1 1 1 1 1 1 1 1 1 1 1 1 1 1 1 1 1 1 1 1 1 1 1 1 1 1 1 1 1 1 1 1 1 1 1 1 1 1 1 1 1 1 1 1 1 1 1 1 1 1 1 1 1 1 1 1 1 1 1 1 1 1 1 1 1 1 1 1 1 1 1 1 1 1 1 1 1 1 1 1 1 1 1 1 1 1 1 1 1 1 1 1 1 1 1 1 1 1 1 1 1 1 1 1 1 1 1 1 1 1 1 1 1 1 1 1 1 1 1 1 1 1 1 1 1 1 1 1 1 1 1 1 1 1 1 1 1 1 1 1 1 1 1 1 1 1 1 1 1 1 1 1 1 1 1 1 1 1 1 1 1 1 1 1 1 1 1 1 1 1 1 1 1 1 1 1 1 1 1 1 1 1 1 1 1 1 1 1 1 1 1 1 1 1 1 1 1 1 1 1 1 1 1 1 1 1 1 1 1 1 1 1 1 1 1 1 1 1 1 1 1 1 1 1 1 1 1 1 1 1 1 1 1 1 1 1 1 1 1 1 1 1 1 1 1 1 1 1 1 1 1 1 1 1 1 1 1 1 1 1 1 1 1 1 1 1 1 1 1 1 1 1 1 1 1 1 1 1 1 1 1 1 1 1 1
2 1
3 2
4 3
5 4
6 5
7 6
8 7
9 8
10 9
11 10
12 11
13 12
14 13
15 14
16 15
17 16
18 17
19 18
20 19
21 20
22 21
23 22
24 23
25 24
26 25
27 26
28 27
29 28
30 29
31 30
32 31
33 32
34 33
35 34
36 35
37 36
38 37
39 38
40 39
41 40
42 41
43 42
44 43
45 44
46 45
47 46
48 47
49 48
50 49
51 50
52 51
53 52
54 53
55 54
56 55
57 56
58 57
59 58
60 59
61 60
62 61
63 62
64 63
65 64
66 65
67 66
68 67
69 68
70 69
71 70
72 71
73 72
74 73
75 74
76 75
77 76
78 77
79 78
80 79
81 80
82 81
83 82
84 83
85 84
86 85
87 86
88 87
89 88
90 89
91 90
92 91
93 92
94 93
95 94
96 95
97 96
98 97
99 98
100 99
101 100
102 101
103 102
104 103
105 104
106 105
107 106
108 107
109 108
110 109
111 110
112 111
113 112
114 113
115 114
116 115
117 116
118 117
119 118
120 119
121 120
122 121
123 122
124 123
125 124
126 125
127 126
128 127
129 128
130 129
131 130
132 131
133 132
134 133
135 134
136 135
137 136
138 137
139 138
140 139
141 140
142 141
143 142
144 143
145 144
146 145
147 146
148 147
149 148
150 149
151 150
152 151
153 152
154 153
155 154
156 155
157 156
158 157
159 158
160 159
161 160
162 161
163 162
164 163
165 164
166 165
167 166
168 167
169 168
170 169
171 170
172 171
173 172
174 173
175 174
176 175
177 176
178 177
179 178
180 179
181 180
182 181
183 182
184 183
185 184
186 185
187 186
188 187
189 188
190 189
191 190
192 191
193 192
194 193
195 194
196 195
197 196
198 197
199 198
200 199
201 200
202 201
203 202
204 203
205 204
206 205
207 206
208 207
209 208
210 209
211 210
212 211
213 212
214 213
215 214
216 215
217 216
218 217
219 218
220 219
221 220
222 221
223 222
224 223
225 224
226 225
227 226
228 227
229 228
230 229
231 230
232 231
233 232
234 233
235 234
236 235
237 236
238 237
239 238
240 239
241 240
242 241
243 242
244 243
245 244
246 245
247 246
248 247
249 248
250 249
251 66
252 161
253 102
254 177
255 164
256 194
257 233
258 24
259 32
260 204
261 229
262 128
263 39
264 226
265 252
266 170
267 141
268 135
269 255
270 122
271 103
272 56
273 232
274 204
275 77
276 203
277 189
278 94
279 237
280 145
281 230
282 7
283 241
284 139
285 208
286 27
287 52
288 127
289 50
290 95
291 149
292 125
293 165
294 120
295 80
296 291
297 126
298 289
299 150
300 74
301 231
302 234
303 115
304 19
305 174
306 299
307 69
308 213
309 156
310 15
311 114
312 132
313 98
314 56
315 194
316 142
317 128
318 240
319 261
320 91
321 191
322 123
323 160
324 27
325 125
326 152
327 30
328 196
329 246
330 287
331 193
332 205
333 105
334 90
335 223
336 108
337 155
338 24
339 105
340 148
341 339
342 134
343 281
344 27
345 288
346 116
347 245
348 210
349 135
350 210
351 59
352 26
353 184
354 159
355 207
356 330
357 229
358 109
359 45
360 330
361 228
362 165
363 116
364 203
365 298
366 247
367 210
368 52
369 169
370 132
371 171
372 71
373 55
374 171
375 180
376 109
377 271
378 212
379 211
380 61
381 68
382 354
383 362
384 269
385 68
386 346
387 308
388 233
389 323
390 45
391 287
392 46
393 39
394 22
395 145
396 268
397 122
398 178
399 103
400 224
401 365
402 213
403 104
404 213
405 272
406 359
407 156
408 153
409 152
410 40
411 68
412 94
413 104
414 250
415 344
416 128
417 267
418 74
419 186
420 232
421 108
422 107
423 349
424 315
425 152
426 383
427 416
428 123
429 60
430 235
431 200
432 262
433 402
434 146
435 298
436 41
437 49
438 234
439 401
440 203
441 418
442 78
443 277
444 136
445 159
446 277
447 202
448 444
449 246
450 131
451 216
452 76
453 191
454 272
455 159
456 155
457 382
458 149
459 25
460 294
461 325
462 155
463 400
464 103
465 142
466 122
467 123
468 346
469 223
470 377
471 373
472 196
473 270
474 38
475 398
476 370
477 52
478 443
479 434
480 90
481 77
482 93
483 287
484 423
485 394
486 394
487 112
488 33
489 386
490 482
491 93
492 383
493 428
494 241
495 223
496 225
497 281
498 366
499 191
500 378
500 4000
2403 545 841 726 2240 2949 3501 3509 795 196 1065 1938 3532 337 618 3742 305 3695 1339 1317 870 2392 3868 2555 1925 11 2974 1095 1472 955 1538 3631 3037 2677 243 3493 1394 3761 2530 3346 3714 1181 2753 833 2710 1381 1090 2351 2783 230 529 1201 3563 949 1327 2406 327 106 1040 1982 469 530 1208 3689 2093 2421 786 2180 857 1509 497 129 1100 2663 3275 1686 803 3750 947 3369 3327 3541 2966 2713 2690 3108 1656 3983 3816 3559 3440 1862 968 2019 1922 408 3788 1786 1372 3915 2477 3191 3859 3419 467 3549 3359 1321 2091 3628 1908 643 2858 3541 3011 21 3841 3584 3344 464 994 795 2741 985 3379 2469 1048 404 3440 2746 585 370 2054 1697 3135 2008 1197 1780 180 3409 646 3088 222 950 630 1341 1007 764 98 670 2479 3487 1100 2204 728 3373 1900 976 3251 3381 3315 2319 2226 2224 1948 3034 2446 3311 1620 966 130 2631 2796 1320 3272 762 2845 3557 211 968 3100 88 3212 3317 1245 452 401 3899 2989 60 1099 1042 11 2257 3311 3006 2311 1563 280 2746 3935 1290 2051 2979 662 3407 1739 711 1109 2309 3398 3663 742 837 3296 3914 1487 171 439 1211 429 2594 1687 485 2610 3510 2071 1556 3552 1531 884 3119 3750 601 2764 3293 1082 474 3902 3893 1368 918 257 1962 410 3646 1314 3701 985 2727 3042 3268 1188 3033 944 2500 1758 2072 1187 1258 1565 2770 3642 2631 1312 553 2776 653 2993 3843 3642 27 2044 2511 3227 1521 815 2522 683 496 1075 3762 1324 3344 329 1722 2701 808 3049 1902 1322 2040 343 536 2308 250 2279 1237 1341 2986 820 417 2903 2835 3131 1417 3662 1307 925 1361 2419 1041 3733 2883 2378 2485 1174 1659 3783 2056 1482 3697 2053 373 2599 902 391 32 946 2546 627 2765 2009 1452 1996 3891 332 698 2895 834 732 2715 369 2545 2807 435 983 588 66 3894 1685 1054 3160 1656 3243 3579 67 3059 542 1264 249 2810 1555 1774 2266 861 3762 2004 1223 1692 1016 156 484 3953 445 2376 3857 3033 3432 557 837 899 432 3072 365 3483 2133 1984 2277 856 1470 164 1301 2628 725 2341 621 907 2176 142 2788 1703 3489 2178 2221 330 2928 2062 2779 2029 1400 912 1880 728 1648 1543 2784 851 251 765 3779 3724 3490 1874 1852 104 720 3338 2828 3438 815 2968 1882 3538 833 44 239 223 3394 1594 1645 3976 3613 2413 2609 559 1324 2827 745 3702 1268 106 3383 1447 512 3699 2759 543 1341 1716 429 959 1014 1772 1539 2741 945 3282 3394 1126 554 1126 3168 2464 175 667 3465 224 1980 2980 448 1183 377 3038 2456 3233 1744 638 1358 3520 2067 3740 1994 2325 782 608 2199 3592 2473 3659
2858 2551 2025 846 2305 3987 44 531 2847 1444 1444 1341 2604 3869 1618 1577 607 1386 3978 607 3057 204 508 2998 1670 82 2435 3111 633 1625 492 3313 327 2021 2985 3374 3583 2944 3286 1587 295 147 2506 718 2193 3108 2817 2236 2176 79 3177 1032 180 3688 1835 523 157 271 2172 1408 1631 2869 2532 2632 130 3823 3373 1630 893 1528 111 1819 3811 3596 635 1773 1870 2179 679 1908 3050 1291 921 3582 869 777 854 3332 1684 146 3916 1028 392 1861 2461 2656 3731 971 2127 3575 1109 3474 2034 1283 3435 2886 2992 3539 3065 2034 2459 2858 887 2934 1170 3704 2457 681 213 472 99 1777 1003 3338 428 640 1522 2258 209 274 998 1841 3261 3461 2996 3714 1751 3833 1856 3416 1676 264 917 3798 1117 712 1773 2607 3979 2015 2689 672 2722 1797 658 235 483 1888 2456 757 117 1565 1162 1283 1614 43 2447 3601 2654 2045 1860 2099 2525 640 3245 3887 3253 2585 929 1403 626 2498 401 1875 488 3559 1688 2750 3460 157 745 1154 2391 162 3380 197 1056 411 1338 1575 2585 3690 2291 1884 1061 2031 1212 1038 2583 769 2726 1267 517 3564 2365 3242 878 205 3094 1980 425 173 604 1969 975 3483 1531 3409 1707 1165 1357 3325 3297 888 2021 204 1499 2254 250 3306 475 2040 2837 2671 2237 1748 2941 3613 684 2673 386 1852 904 73 2985 1401 3125 895 2615 1341 3847 313 161 3914 619 1855 1042 251 1913 2997 829 3036 2073 1430 3589 1224 3762 3762 2154 1347 3706 2154 1270 3127 1818 1097 3113 2099 2176 325 2753 1249 3915 503 2445 1159 626 759 1235 3584 3605 2588 159 2716 3368 2227 3662 598 764 190 2299 2485 591 2863 1034 933 3319 3429 3411 694 2474 1191 3184 3222 48 1791 873 1323 237 633 63 1364 40 1532 3415 353 129 3047 1321 2832 1075 3792 1641 746 3301 2042 1621 925 182 3894 1343 1499 2441 3004 732 179 3310 105 846 655 2451 923 878 1583 74 971 2045 100 668 459 2253 3727 3758 3200 2251 603 3570 1954 3791 664 1648 2418 1574 346 2582 3228 414 177 1693 1549 499 3083 1277 1942 921 3528 563 2691 3466 2396 145 1589 3730 3754 3270 1223 3865 3743 2447 2655 2192 237 1886 3411 3038 3978 2408 1119 525 1032 885 868 240 2518 35 3491 247 2391 987 1114 1365 1826 728 127 145 1914 1459 539 491 3535 2292 2921 1360 2101 3222 847 642 3587 281 2493 2785 3695 1965 1444 445 553 3357 1624 2336 3893 3289 842 631 3725 1896 2943 3008 3575 941 1237 410 3330 2008 856 2184 1543 1680 3648 2791 1118 1567 3118 1266 1951 1246 70 2995 1531 1186 2191 1485 3354 806 2345 1190 1110 1210 1775 186 2168
1 1 1 1 1 1 1 1 1 1 1 1 1 1 1 1 1 1 1 1 1 1 1 1 1 1 1 1 1 1 1 1 1 1 1 1 1 1 1 1 1 1 1 1 1 1 1 1 1 1 1 1 1 1 1 1 1 1 1 1 1 1 1 1 1 1 1 1 1 1 1 1 1 1 1 1 1 1 1 1 1 1 1 1 1 1 1 1 1 1 1 1 1 1 1 1 1 1 1 1 1 1 1 1 1 1 1 1 1 1 1 1 1 1 1 1 1 1 1 1 1 1 1 1 1 1 1 1 1 1 1 1 1 1 1 1 1 1 1 1 1 1 1 1 1 1 1 1 1 1 1 1 1 1 1 1 1 1 1 1 1 1 1 1 1 1 1 1 1 1 1 1 1 1 1 1 1 1 1 1 1 1 1 1 1 1 1 1 1 1 1 1 1 1 1 1 1 1 1 1 1 1 1 1 1 1 1 1 1 1 1 1 1 1 1 1 1 1 1 1 1 1 1 1 1 1 1 1 1 1 1 1 1 1 1 1 1 1 1 1 1 1 1 1 1 1 1 1 1 1 1 1 1 1 1 1 1 1 1 1 1 1 1 1 1 1 1 1 1 1 1 1 1 1 1 1 1 1 1 1 1 1 1 1 1 1 1 1 1 1 1 1 1 1 1 1 1 1 1 1 1 1 1 1 1 1 1 1 1 1 1 1 1 1 1 1 1 1 1 1 1 1 1 1 1 1 1 1 1 1 1 1 1 1 1 1 1 1 1 1 1 1 1 1 1 1 1 1 1 1 1 1 1 1 1 1 1 1 1 1 1 1 1 1 1 1 1 1 1 1 1 1 1 1 1 1 1 1 1 1 1 1 1 1 1 1 1 1 1 1 1 1 1 1 1 1 1 1 1 1 1 1 1 1 1 1 1 1 1 1 1 1 1 1 1 1 1 1 1 1 1 1 1 1 1 1 1 1 1 1 1 1 1 1 1 1 1 1 1 1 1 1 1 1 1 1 1 1 1 1 1 1 1 1 1 1 1 1 1 1 1 1 1 1 1 1 1 1 1 1 1 1 1 1 1 1 1 1 1 1 1 1 1 1 1 1 1 1 1 1 1 1 1 1 1 1 1 1 1 1
2 1
3 2
4 3
5 4
6 5
7 6
8 7
9 8
10 9
11 10
12 11
13 12
14 13
15 14
16 15
17 16
18 17
19 18
20 19
21 20
22 21
23 22
24 23
25 24
26 25
27 26
28 27
29 28
30 29
31 30
32 31
33 32
34 33
35 34
36 35
37 36
38 37
39 38
40 39
41 40
42 41
43 42
44 43
45 44
46 45
47 46
48 47
49 48
50 49
51 50
52 51
53 52
54 53
55 54
56 55
57 56
58 57
59 58
60 59
61 60
62 61
63 62
64 63
65 64
66 65
67 66
68 67
69 68
70 69
71 70
72 71
73 72
74 73
75 74
76 75
77 76
78 77
79 78
80 79
81 80
82 81
83 82
84 83
85 84
86 85
87 86
88 87
89 88
90 89
91 90
92 91
93 92
94 93
95 94
96 95
97 96
98 97
99 98
100 99
101 100
102 101
103 102
104 103
105 104
106 105
107 106
108 107
109 108
110 109
111 110
112 111
113 112
114 113
115 114
116 115
117 116
118 117
119 118
120 119
121 120
122 121
123 122
124 123
125 124
126 125
127 126
128 127
129 128
130 129
131 130
132 131
133 132
134 133
135 134
136 135
137 136
138 137
139 138
140 139
141 140
142 141
143 142
144 143
145 144
146 145
147 146
148 147
149 148
150 149
151 150
152 151
153 152
154 153
155 154
156 155
157 156
158 157
159 158
160 159
161 160
162 161
163 162
164 163
165 164
166 165
167 166
168 167
169 168
170 169
171 170
172 171
173 172
174 173
175 174
176 175
177 176
178 177
179 178
180 179
181 180
182 181
183 182
184 183
185 184
186 185
187 186
188 187
189 188
190 189
191 190
192 191
193 192
194 193
195 194
196 195
197 196
198 197
199 198
200 199
201 200
202 201
203 202
204 203
205 204
206 205
207 206
208 207
209 208
210 209
211 210
212 211
213 212
214 213
215 214
216 215
217 216
218 217
219 218
220 219
221 220
222 221
223 222
224 223
225 224
226 225
227 226
228 227
229 228
230 229
231 230
232 231
233 232
234 233
235 234
236 235
237 236
238 237
239 238
240 239
241 240
242 241
243 242
244 243
245 244
246 245
247 246
248 247
249 248
250 249
251 14
252 68
253 79
254 105
255 118
256 94
257 98
258 195
259 207
260 202
261 109
262 241
263 253
264 73
265 207
266 25
267 170
268 67
269 60
270 154
271 146
272 90
273 268
274 65
275 157
276 214
277 48
278 177
279 245
280 17
281 155
282 208
283 145
284 145
285 159
286 259
287 162
288 134
289 225
290 84
291 16
292 77
293 30
294 138
295 122
296 64
297 47
298 102
299 227
300 234
301 112
302 213
303 287
304 191
305 173
306 247
307 288
308 188
309 69
310 72
311 215
312 158
313 114
314 206
315 271
316 185
317 148
318 170
319 137
320 174
321 253
322 234
323 259
324 217
325 177
326 6
327 271
328 282
329 120
330 25
331 266
332 312
333 316
334 146
335 17
336 64
337 303
338 37
339 226
340 87
341 189
342 117
343 292
344 155
345 253
346 333
347 23
348 80
349 90
350 312
351 122
352 184
353 192
354 134
355 17
356 345
357 124
358 161
359 11
360 154
361 344
362 167
363 277
364 21
365 42
366 195
367 28
368 263
369 76
370 8
371 320
372 370
373 280
374 321
375 285
376 73
377 364
378 300
379 270
380 133
381 349
382 33
383 116
384 1
385 48
386 97
387 293
388 207
389 258
390 74
391 359
392 27
393 56
394 257
395 332
396 252
397 61
398 363
399 313
400 194
401 10
402 307
403 390
404 146
405 138
406 86
407 346
408 366
409 40
410 20
411 371
412 68
413 369
414 345
415 90
416 15
417 55
418 286
419 274
420 333
421 86
422 346
423 197
424 5
425 353
426 152
427 238
428 406
429 352
430 349
431 126
432 219
433 339
434 364
435 385
436 230
437 239
438 416
439 402
440 162
441 439
442 251
443 331
444 226
445 419
446 163
447 101
448 277
449 251
450 280
451 237
452 245
453 242
454 226
455 162
456 37
457 17
458 160
459 210
460 376
461 389
462 318
463 446
464 463
465 206
466 13
467 245
468 232
469 316
470 461
471 312
472 34
473 451
474 418
475 470
476 106
477 101
478 322
479 245
480 323
481 230
482 239
483 187
484 349
485 117
486 357
487 424
488 163
489 186
490 87
491 370
492 227
493 207
494 24
495 196
496 203
497 290
498 340
499 97
500 96
