5
45 3704
1849 3185 1107 2241 67 3538 3606 2611 2440 1427 2489 2361 3468 1401 97 91 1891 617 227 349 123 1931 3850 2009 2922 450 3081 2363 2552 1995 1091 2333 1871 916 2425 3364 3490 2464 947 3067 1723 3289 2482 3728 2057
644 613 2446 3586 2814 465 500 1003 1331 548 152 2812 2296 2836 81 145 2697 61 923 463 1309 2945 2600 159 513 774 2443 1839 642 3560 499 2447 2592 736 2294 2016 3191 36 942 259 480 1464 3544 3664 536
90 52 50 42 28 36 60 84 76 92 12 13 31 12 62 95 15 30 40 68 42 4 65 84 14 73 97 97 26 59 9 15 71 18 61 65 64 55 17 43 41 59 21 92 62
2 1
3 2
4 3
5 4
6 5
7 6
8 7
9 8
10 9
11 10
12 11
13 12
14 13
15 14
16 15
17 16
18 17
19 18
20 19
21 20
22 21
23 7
24 8
25 20
26 16
27 20
28 20
29 17
30 24
31 2
32 16
33 7
34 23
35 7
36 31
37 13
38 23
39 3
40 7
41 16
42 5
43 24
44 32
45 28
442 569
2260 747 647 2094 2980 1207 2265 733 662 3000 698 2725 3779 2579 2536 2906 3088 214 249 602 149 2928 3747 523 524 270 1071 1337 989 3928 3390 3886 2185 3052 3195 1427 2197 3833 2723 2150 25 2591 2545 2525 2121 3525 3247 2490 3587 1627 1177 1807 1498 3890 1811 1365 1025 2873 1102 3208 315 665 53 485 2593 1299 574 3207 1333 1849 3855 1502 1254 363 1326 562 68 1523 2509 3095 3590 483 2133 753 2649 1293 1137 2154 908 1156 3005 2065 153 914 2512 2294 2805 2393 1256 1604 2651 238 437 1534 469 1331 2343 29 2507 1108 1755 3625 1361 3717 131 3158 3851 3034 853 226 3620 2087 86 1804 2991 666 1703 727 796 1910 1104 3424 223 3505 3020 2012 444 1648 2901 2454 1367 1569 2193 1544 2586 2938 1884 920 1160 689 2934 2549 2497 1467 2575 658 3125 3433 2642 226 2894 1185 1680 885 89 601 3470 498 309 3833 2160 1078 2238 1106 3878 1804 2235 1817 3800 2573 3366 3049 1902 507 3227 2232 866 3801 516 3641 2889 3021 548 690 702 2073 258 927 2961 2039 1079 3399 2512 1011 1754 3902 2644 1613 2699 2555 2446 1295 3231 1659 1587 1580 1387 1845 581 1819 2164 2464 2083 3602 1557 194 1587 2022 241 3866 3214 3010 891 1298 2508 7 1283 2589 401 1507 2723 24 88 3669 3786 2974 1598 2272 136 3371 1969 398 571 1526 2873 2248 3609 1833 679 2867 2590 3715 29 2509 1463 241 1629 1992 2927 3784 2070 1511 1402 3623 3148 919 32 3435 390 1039 1291 3474 2205 3404 211 3668 1987 3495 744 3807 18 152 290 3058 214 2191 2405 1309 3516 2000 1528 1783 187 3439 1256 352 2979 1677 471 697 3429 1202 2250 417 1699 3339 2291 2641 1465 134 123 1914 1803 365 3828 1854 656 3968 445 2413 3806 2773 1430 865 2296 3828 2853 2044 1397 3983 2345 97 2257 799 2304 2992 249 2885 1523 1254 659 1055 2025 789 395 330 1964 352 324 2008 662 2298 3230 1393 3711 2527 2020 79 650 2899 3609 213 398 954 2500 3664 1858 3128 3352 3057 1356 3691 1928 329 3851 2662 618 3047 2658 1711 1963 1806 2024 539 1747 1115 2957 3945 761 2774 2990 412 521 3991 1341 3805 788 1115 906 1585 3896 1351 2741 119 3249 3356 120 1830 224 924 911 2308 1626 3581 3851 3081 1012 1835 1719 278 1997 2595 2570 912 731 2509 2926 2402 3066 570 2863 3186
151 525 420 102 569 474 430 499 88 478 308 512 326 108 464 288 183 282 110 244 329 36 448 98 281 257 359 557 292 107 279 114 532 457 552 120 435 283 64 283 297 42 186 172 550 438 128 246 377 503 441 466 209 75 327 165 30 245 85 229 491 524 105 211 195 313 330 129 505 541 250 487 342 3 495 281 41 567 198 267 206 200 72 494 206 498 344 322 446 358 478 346 110 520 515 7 226 123 213 126 66 6 94 486 534 182 19 168 513 188 33 102 490 365 406 371 454 333 123 233 188 257 244 532 353 506 230 328 138 499 303 433 99 483 504 335 183 545 130 322 254 230 560 178 209 195 245 364 302 546 283 242 558 419 141 506 471 122 475 66 218 229 244 358 366 261 239 329 410 476 171 56 514 484 123 129 521 345 209 193 461 263 100 462 352 502 137 240 303 114 329 396 424 260 496 236 480 139 97 68 398 377 165 542 156 70 343 496 415 344 229 343 387 13 319 213 512 180 76 35 10 353 439 426 379 515 359 162 311 445 199 62 370 196 12 537 540 150 458 458 18 410 245 180 561 59 541 528 175 480 150 182 107 110 340 541 146 231 281 351 47 503 562 495 419 131 193 293 197 176 269 104 365 508 411 436 446 124 159 38 289 169 326 192 426 492 568 199 25 368 254 342 234 303 494 53 72 230 499 154 361 403 510 433 218 515 559 360 530 134 471 225 333 273 116 370 217 567 81 2 85 159 48 467 264 407 236 271 566 456 497 151 474 283 403 278 49 529 395 563 482 43 528 71 456 127 382 442 222 405 107 426 398 330 214 479 351 470 23 82 297 83 434 175 535 68 337 420 434 528 74 411 461 345 276 34 244 419 188 260 501 541 60 380 236 345 74 24 566 145 318 337 272 76 102 139 194 10 562 474 144 35 332 395 144 425 461 449 89 248 519 235 428 40 255 220 12 23 404 240 92 457 209 417 366 277 542 516 27 360 551 198 431 166 309 463 132 202 118 82 250 534
71 52 69 87 29 25 45 30 17 90 27 70 72 92 46 2 19 97 28 18 15 94 14 100 15 3 9 57 99 20 53 90 95 98 53 57 46 39 56 1 64 58 27 41 73 23 2 96 11 6 72 45 86 42 2 76 70 100 3 33 88 8 86 47 69 80 59 76 72 66 75 3 59 135 21 59 81 98 29 58 17 54 57 17 53 32 46 59 100 43 73 98 17 72 57 97 5 44 34 35 59 8 90 57 18 25 84 87 43 65 98 19 37 17 60 73 1 100 2 57 62 34 65 51 12 12 86 42 59 60 10 91 87 4 26 62 41 29 73 86 33 12 10 17 14 91 72 91 6 57 99 95 28 31 85 18 62 5 98 95 98 23 76 67 27 2 78 99 68 97 2 15 53 36 8 8 10 1 73 4 8 58 28 13 9 85 21 23 82 33 16 59 72 48 35 84 52 58 42 68 50 26 2 35 100 71 68 33 55 93 64 54 71 92 26 66 99 68 79 27 86 85 36 8 99 13 83 66 58 100 87 80 21 68 25 69 34 62 70 80 98 4 28 45 90 92 23 59 100 43 57 54 44 26 22 42 52 17 65 96 5 1 47 31 55 100 76 42 7 62 99 52 63 95 41 77 90 34 30 11 29 68 71 27 58 94 79 38 10 48 11 94 77 35 97 66 41 52 14 9 67 25 74 2 85 52 91 84 87 62 84 59 10 54 51 67 90 35 43 284 99 22 44 78 25 55 14 13 43 18 83 60 57 85 51 65 14 17 95 37 29 69 31 55 50 1 55 30 28 31 56 75 21 75 65 97 58 86 44 79 4 44 47 12 82 17 91 58 72 88 80 34 20 13 86 30 63 6 91 66 62 80 28 15 25 3 68 2 48 58 2 25 81 4 91 87 74 64 89 81 100 59 35 72 31 32 33 68 43 51 17 66 34 81 74 22 3 58 64 71 27 81 41 22 75 25 19 69 61 16 46 81 78 9 63 82 92 68 61 2 31 9
2 1
3 2
4 3
5 4
6 5
7 6
8 7
9 8
10 9
11 10
12 11
13 12
14 13
15 14
16 15
17 16
18 17
19 18
20 19
21 20
22 21
23 22
24 23
25 24
26 25
27 26
28 27
29 28
30 29
31 30
32 31
33 32
34 33
35 34
36 35
37 36
38 37
39 38
40 39
41 40
42 41
43 42
44 43
45 44
46 45
47 46
48 47
49 48
50 49
51 50
52 51
53 52
54 53
55 54
56 55
57 56
58 57
59 58
60 59
61 60
62 61
63 62
64 63
65 64
66 65
67 66
68 67
69 68
70 69
71 70
72 71
73 72
74 73
75 74
76 75
77 76
78 77
79 78
80 79
81 80
82 81
83 82
84 83
85 84
86 85
87 86
88 87
89 88
90 89
91 90
92 91
93 92
94 93
95 94
96 95
97 96
98 97
99 98
100 99
101 100
102 101
103 102
104 103
105 104
106 105
107 106
108 107
109 108
110 109
111 110
112 111
113 112
114 113
115 114
116 115
117 116
118 117
119 118
120 119
121 120
122 121
123 122
124 123
125 124
126 125
127 126
128 127
129 128
130 129
131 130
132 131
133 132
134 133
135 134
136 135
137 136
138 137
139 138
140 139
141 140
142 141
143 142
144 143
145 144
146 145
147 146
148 147
149 148
150 149
151 150
152 151
153 152
154 153
155 154
156 155
157 156
158 157
159 158
160 159
161 160
162 161
163 162
164 163
165 164
166 165
167 166
168 167
169 168
170 169
171 170
172 171
173 172
174 173
175 174
176 175
177 176
178 177
179 178
180 179
181 180
182 181
183 182
184 183
185 184
186 185
187 186
188 187
189 188
190 189
191 190
192 191
193 192
194 193
195 194
196 195
197 196
198 197
199 198
200 199
201 200
202 201
203 202
204 203
205 204
206 205
207 206
208 207
209 208
210 209
211 210
212 211
213 212
214 213
215 214
216 215
217 216
218 217
219 218
220 219
221 220
222 217
223 34
224 199
225 63
226 71
227 78
228 189
229 150
230 222
231 202
232 68
233 18
234 179
235 99
236 192
237 229
238 112
239 109
240 208
241 54
242 40
243 55
244 77
245 21
246 89
247 125
248 218
249 234
250 226
251 52
252 147
253 91
254 16
255 51
256 221
257 205
258 98
259 231
260 25
261 119
262 72
263 101
264 1
265 53
266 65
267 3
268 196
269 167
270 126
271 69
272 187
273 186
274 247
275 133
276 255
277 145
278 266
279 37
280 197
281 40
282 59
283 189
284 80
285 113
286 8
287 4
288 40
289 17
290 282
291 64
292 64
293 261
294 207
295 70
296 168
297 280
298 192
299 74
300 109
301 236
302 69
303 63
304 264
305 199
306 236
307 34
308 184
309 156
310 115
311 112
312 261
313 50
314 281
315 121
316 107
317 16
318 199
319 244
320 289
321 273
322 203
323 107
324 262
325 263
326 303
327 121
328 118
329 210
330 214
331 104
332 259
333 123
334 202
335 187
336 279
337 53
338 284
339 323
340 210
341 274
342 12
343 268
344 321
345 87
346 328
347 170
348 126
349 56
350 56
351 117
352 299
353 120
354 208
355 90
356 123
357 227
358 104
359 180
360 294
361 5
362 71
363 98
364 322
365 341
366 242
367 295
368 213
369 78
370 278
371 180
372 230
373 194
374 168
375 215
376 82
377 120
378 149
379 299
380 172
381 92
382 94
383 102
384 44
385 364
386 185
387 199
388 48
389 37
390 375
391 90
392 230
393 262
394 195
395 76
396 367
397 321
398 3
399 209
400 303
401 103
402 148
403 169
404 354
405 29
406 392
407 273
408 123
409 196
410 76
411 108
412 391
413 321
414 146
415 65
416 22
417 309
418 416
419 6
420 100
421 366
422 330
423 234
424 116
425 31
426 18
427 138
428 426
429 33
430 216
431 64
432 426
433 331
434 296
435 101
436 330
437 398
438 216
439 167
440 283
441 164
442 421
169 2541
3060 3797 2721 3661 143 2421 2831 2416 2306 2552 535 3736 987 1555 1528 3967 905 1566 1592 3646 2330 2976 1507 444 1044 2716 547 3708 2165 316 289 3298 1455 1148 3483 2950 1215 2746 3591 3003 1613 3131 8 97 713 2305 462 73 804 3019 3891 2600 3373 332 51 2239 2510 2833 1963 3977 582 2988 2326 1350 1672 3877 2501 3335 2484 1411 2109 2587 2036 1143 917 441 1690 201 752 1549 1305 326 2649 359 2305 1161 2525 2594 2207 3817 429 722 917 739 3252 881 3382 72 2901 2859 581 873 3657 1671 3726 2402 2552 3416 3077 644 3735 1796 1919 2535 353 1524 942 2383 3673 381 2816 989 511 302 826 120 2257 2810 1170 2205 837 3143 811 3748 3684 2263 2356 1269 2760 1559 1795 1962 153 486 1838 1701 2053 3046 1771 2613 3647 1513 1161 3748 2267 3893 2030 773 3943 26 1139 1755 1483 469 3773 3884 3044 3876 3742
1365 289 2210 2508 2455 1574 1184 929 130 1791 1192 1914 1670 2379 917 1343 746 342 677 968 1623 1986 2167 1879 1541 1776 2285 545 123 1141 524 352 2273 1037 1443 1354 721 963 2411 641 1409 872 2443 1831 459 389 103 7 867 1419 779 1772 956 1732 664 302 1585 993 628 798 1807 1607 1797 410 2161 695 300 543 2186 2405 1818 1203 2458 420 1338 1147 2061 447 2170 818 692 12 2001 2006 2351 1101 1772 185 2005 2406 2012 2319 951 1895 99 1420 343 902 739 1462 15 1901 1735 1209 1519 393 2515 900 1752 402 488 200 691 659 1349 194 91 436 1507 30 1591 114 1649 1350 1916 2260 1146 319 455 1740 165 40 986 1596 16 15 209 1471 1397 420 805 910 1474 2428 840 1262 913 96 1543 2202 1838 1106 1714 845 1581 1639 76 4 1627 1893 1356 1204 265 2253 1147 674 207 1337 1927
85 86 32 45 9 4 66 51 80 60 6 3 100 26 40 93 26 37 90 62 10 12 14 8 88 62 50 17 38 70 92 43 15 38 88 57 14 1 10 85 68 66 16 96 54 55 92 89 47 86 99 62 17 100 98 31 73 68 36 60 20 97 3 78 36 14 99 58 20 64 36 6 40 38 16 19 19 77 21 29 78 57 95 1 4 26 37 96 31 100 92 9 14 69 80 90 63 18 66 78 77 83 62 41 60 60 14 91 51 17 86 62 7 45 2 88 89 88 38 16 80 58 1 36 71 34 60 74 24 59 40 34 16 34 45 32 100 88 33 42 35 50 9 76 62 71 97 74 14 41 50 27 45 19 96 92 70 29 86 24 79 80 18 49 89 80 76 53 41
2 1
3 2
4 3
5 4
6 5
7 6
8 7
9 8
10 9
11 10
12 11
13 12
14 13
15 14
16 15
17 16
18 17
19 18
20 19
21 20
22 21
23 22
24 23
25 24
26 25
27 26
28 27
29 28
30 29
31 30
32 31
33 32
34 33
35 34
36 35
37 36
38 37
39 38
40 39
41 40
42 41
43 42
44 43
45 44
46 45
47 46
48 47
49 48
50 49
51 50
52 51
53 52
54 53
55 54
56 55
57 56
58 57
59 58
60 59
61 60
62 61
63 62
64 63
65 64
66 65
67 66
68 67
69 68
70 69
71 70
72 71
73 72
74 73
75 74
76 75
77 76
78 77
79 78
80 79
81 80
82 81
83 82
84 83
85 68
86 39
87 57
88 37
89 31
90 32
91 30
92 49
93 78
94 21
95 56
96 6
97 52
98 62
99 92
100 36
101 62
102 2
103 8
104 74
105 95
106 68
107 58
108 4
109 15
110 102
111 89
112 83
113 25
114 44
115 45
116 19
117 25
118 55
119 22
120 77
121 69
122 7
123 45
124 48
125 4
126 120
127 76
128 7
129 61
130 44
131 59
132 123
133 113
134 35
135 58
136 42
137 131
138 121
139 77
140 35
141 115
142 95
143 67
144 61
145 33
146 3
147 14
148 75
149 115
150 18
151 74
152 4
153 66
154 20
155 50
156 84
157 5
158 130
159 151
160 123
161 134
162 156
163 9
164 118
165 77
166 46
167 75
168 70
169 10
500 4000
2883 1660 464 1659 3446 880 1965 3967 681 1266 3861 3478 3621 3114 3372 1856 633 2616 1699 1710 1717 1054 1490 2261 1289 3084 1174 822 927 847 1677 300 3927 283 3568 3895 1634 1816 3697 104 3841 1770 598 1229 3679 997 1109 191 3756 2448 240 1737 1820 2488 3219 2267 2240 920 2347 48 36 38 522 2332 3145 1857 985 1017 99 2425 381 3506 1142 1311 77 3792 76 2703 2963 421 2587 3738 1474 3287 629 535 2039 1615 784 1964 1715 3362 1400 569 2647 3807 3345 3014 1057 3097 1810 1261 3783 182 734 425 2131 3096 2565 3745 3326 235 3195 1199 527 880 1720 1173 1846 1640 1488 1218 3812 3525 3764 3456 494 749 1096 1313 2466 3407 3718 2954 233 2026 372 3040 3230 731 3650 1106 686 3368 2023 3239 1937 74 2652 3688 1096 31 985 1840 279 2031 3087 2258 3525 2142 1638 3243 2835 724 3224 3914 2009 521 334 2780 3719 1331 1978 924 1019 3444 2037 3193 2879 1631 1434 3146 2501 3595 1506 3151 1701 1883 3010 617 2998 3019 1506 2684 3659 2559 3712 2627 1489 2568 37 2964 1351 3032 2949 3573 3325 3975 3805 1791 1936 3814 2057 3920 261 1028 2884 2935 2532 2814 1924 411 3192 1835 1301 2284 612 3464 245 1358 2536 1889 496 2306 821 3168 1181 3510 396 58 3032 2223 2334 2392 3426 2933 672 1378 1014 2368 2638 530 1134 3905 642 3863 3990 1011 469 3656 1871 1218 2038 2091 487 1980 1160 581 2199 3735 513 1445 1950 610 704 1867 732 3952 3215 1278 2161 1857 2522 1774 1464 371 142 1030 2142 3368 1718 2390 2087 1561 1138 3902 228 3323 346 3615 3822 560 3282 702 390 2000 3086 3481 2544 984 232 1551 653 3668 3327 490 2649 3624 1811 848 2853 2949 1183 3658 3605 1353 310 403 157 1366 226 2116 1239 3608 3801 1055 553 3601 2624 1210 182 2887 2789 1837 2113 2831 375 127 2409 3098 489 1485 1122 1344 1864 956 3120 3339 3513 2561 2154 2535 3287 1134 1933 2280 1420 2079 3166 1084 3406 3301 2949 3827 2972 2129 838 235 857 2404 3681 1695 1576 1462 2477 2770 3401 3749 241 343 2963 1697 1860 484 2195 756 3526 57 2821 1238 862 747 1392 1202 3061 1748 3431 1074 1651 3231 1373 242 313 2704 3496 2114 3583 2674 3610 3004 1328 3429 669 2249 2050 1031 3021 271 3162 961 634 349 32 884 2718 1401 3487 676 764 2440 2209 101 699 63 3208 3653 3393 1738 400 3898 179 1658 1188 45 429 2547 798 2150 2173 1238 1666 3096 357 811 2973 3184 2161 819 3643 3642 437 812 3303 51 715 2565 3879 918 2508 676 1719 2208 3437 2454 3077 646 2300 3734 2541 2745 539 2721 310 3576 3901 3449 45 1494 1599 183
2758 452 3987 2193 947 1207 2552 3156 328 587 605 3680 572 3832 134 3883 3762 114 48 1518 2023 3043 2307 1883 1532 903 823 3198 358 1225 1059 88 3892 732 813 2392 3327 2973 3886 730 1272 3879 3781 2053 3310 3127 3294 416 2078 2754 643 1013 2816 3987 2180 73 815 3145 2626 3738 2775 2609 130 2682 997 3585 2735 652 1611 1749 527 29 243 2477 1099 1317 645 3206 2904 3550 443 3960 2634 484 2596 3569 3611 1743 2743 3697 3352 1165 1947 518 525 3203 1299 2920 2833 101 3630 2615 3443 2068 2127 884 2406 1336 2362 414 2987 3711 3680 3407 1213 341 908 1974 418 229 654 1206 3504 1007 2983 3711 3965 2474 2293 172 3339 732 641 3325 2066 503 3782 2357 2864 2071 3364 2999 3726 890 2886 445 1044 1087 2415 1914 111 1507 3691 1233 2433 3352 2581 85 3561 2726 3140 2146 3956 487 2715 156 1988 94 3568 1064 3711 2200 444 200 1466 2791 1123 1947 3942 1178 902 3540 2363 961 3431 89 2500 3008 3324 1599 427 2833 3575 1477 5 640 1044 3759 1728 1313 1348 1924 1964 2965 1208 1930 3015 989 2961 1696 1197 1630 968 3228 2078 1847 3257 1767 3377 2111 916 3510 3065 3842 1766 2635 1047 2717 1476 843 1504 1272 954 1537 3951 1860 690 628 2573 3702 2472 3461 3711 483 3405 1259 16 829 985 1010 2816 2285 950 1746 140 1905 2154 3916 1792 3736 676 3723 2458 188 490 3257 1311 639 2274 3871 803 553 2462 3457 628 801 3821 3513 168 747 703 243 1576 2178 3065 1994 2780 118 1913 225 888 39 2731 1541 2663 451 2029 577 2998 381 1694 994 3299 3342 1709 3117 1478 2673 3713 1629 2688 313 3236 3106 35 2230 3093 311 3041 681 2958 2754 2137 228 2545 273 3583 2630 1146 52 1738 117 3040 2006 3043 2205 2029 1856 1260 1673 1696 3152 1422 3648 2911 2454 807 3905 3683 1584 371 738 1470 2374 345 390 911 3497 1913 2397 1385 840 340 1441 1055 211 3484 2990 3668 1235 2589 706 3970 458 2379 2742 2793 3592 1357 156 2138 3534 1449 537 67 3174 402 3941 3740 2082 2510 1601 1330 2389 1388 3736 2836 976 998 2650 2684 3870 626 2165 3392 1218 495 3765 1913 1807 461 3261 3346 1480 349 2503 1172 1689 1434 1017 1296 2806 3927 2728 1998 3060 3082 2642 598 805 888 311 2332 2520 2307 2232 1937 2704 401 3059 2343 836 3902 990 2851 2807 69 2466 2409 440 489 1082 2500 2973 3338 140 213 3964 1861 2055 2909 3499 620 3742 2605 2394 3880 581 1165 557 3659 2538 587 862 3546 1365 3014 498 2841 131 2139 1627 2553 1088 3087 1487 1919 3140 3997 1895 3479 3663 226 1690 120 1352 1766 987 440 210
51 65 82 49 81 15 39 62 74 5 1 66 28 100 21 96 65 65 56 54 98 59 76 10 94 96 46 44 35 70 30 8 81 30 85 50 49 42 1 17 11 24 58 78 47 19 92 58 73 43 76 57 92 79 35 96 33 93 24 76 51 9 81 4 65 77 4 81 43 85 67 72 17 38 18 61 91 80 28 26 100 49 24 73 12 99 61 22 76 78 81 91 40 10 93 10 41 38 32 17 39 5 100 11 8 75 77 86 10 24 70 75 46 9 41 78 2 80 79 59 81 18 43 77 80 62 51 25 35 99 56 33 85 25 85 22 89 80 58 58 37 90 74 67 99 39 67 12 82 13 29 53 31 69 73 50 84 24 18 98 65 34 65 66 37 45 86 96 50 52 90 74 40 54 47 100 40 33 37 75 76 35 98 30 34 40 61 53 45 92 75 18 74 3 246 12 55 66 82 67 48 76 97 92 96 32 41 87 39 17 92 94 52 44 59 28 17 58 32 96 57 98 49 86 94 16 20 99 79 90 1 9 24 22 2 64 23 73 97 56 58 58 31 26 82 83 231 93 6 71 41 77 62 43 21 85 13 7 39 79 17 24 24 43 76 52 93 8 47 64 99 38 47 85 23 88 15 89 83 85 12 16 45 25 2 67 51 6 15 95 54 39 22 45 75 100 98 73 95 98 98 94 83 19 84 9 36 93 37 76 35 10 35 12 113 64 31 76 82 84 68 85 46 5 84 99 65 94 36 86 60 72 50 57 63 89 99 94 69 48 46 23 18 83 3 35 84 45 7 48 70 68 68 68 34 67 5 1 19 43 96 74 39 64 50 15 42 17 54 92 54 56 76 50 48 31 69 78 60 50 32 98 25 18 35 24 63 50 87 72 77 48 41 73 21 98 18 68 2 87 92 76 88 12 5 10 27 27 3 87 74 85 81 11 69 70 78 81 49 49 48 67 26 21 54 8 53 32 81 50 72 59 20 69 67 41 83 94 32 55 6 65 10 87 34 37 74 76 63 60 35 22 38 78 74 50 17 89 20 17 77 35 31 36 100 16 86 99 68 62 94 11 35 97 17 88 15 70 93 27 15 64 1 15 23 33 74 39 61 47 37 28 81 62 43 35 51 47 74 98
2 1
3 2
4 3
5 4
6 5
7 6
8 7
9 8
10 9
11 10
12 11
13 12
14 13
15 14
16 15
17 16
18 17
19 18
20 19
21 20
22 21
23 22
24 23
25 24
26 25
27 26
28 27
29 28
30 29
31 30
32 31
33 32
34 33
35 34
36 35
37 36
38 37
39 38
40 39
41 40
42 41
43 42
44 43
45 44
46 45
47 46
48 47
49 48
50 49
51 50
52 51
53 52
54 53
55 54
56 55
57 56
58 57
59 58
60 59
61 60
62 61
63 62
64 63
65 64
66 65
67 66
68 67
69 68
70 69
71 70
72 71
73 72
74 73
75 74
76 75
77 76
78 77
79 78
80 79
81 80
82 81
83 82
84 83
85 84
86 85
87 86
88 87
89 88
90 89
91 90
92 91
93 92
94 93
95 94
96 95
97 96
98 97
99 98
100 99
101 100
102 101
103 102
104 103
105 104
106 105
107 106
108 107
109 108
110 109
111 110
112 111
113 112
114 113
115 114
116 115
117 116
118 117
119 118
120 119
121 120
122 121
123 122
124 123
125 124
126 125
127 126
128 127
129 128
130 129
131 130
132 131
133 132
134 133
135 134
136 135
137 136
138 137
139 138
140 139
141 140
142 141
143 142
144 143
145 144
146 145
147 146
148 147
149 148
150 149
151 150
152 151
153 152
154 153
155 154
156 155
157 156
158 157
159 158
160 159
161 160
162 161
163 162
164 163
165 164
166 165
167 166
168 167
169 168
170 169
171 170
172 171
173 172
174 173
175 174
176 175
177 176
178 177
179 178
180 179
181 180
182 181
183 182
184 183
185 184
186 185
187 186
188 187
189 188
190 189
191 190
192 191
193 192
194 193
195 194
196 195
197 196
198 197
199 198
200 199
201 200
202 201
203 202
204 203
205 204
206 205
207 206
208 207
209 208
210 209
211 210
212 211
213 212
214 213
215 214
216 215
217 216
218 217
219 218
220 219
221 220
222 221
223 222
224 223
225 224
226 225
227 226
228 227
229 228
230 229
231 230
232 231
233 232
234 233
235 234
236 235
237 236
238 237
239 238
240 239
241 240
242 241
243 242
244 243
245 244
246 245
247 246
248 247
249 248
250 249
251 125
252 211
253 67
254 3
255 187
256 60
257 10
258 195
259 122
260 183
261 252
262 165
263 81
264 37
265 244
266 262
267 114
268 202
269 266
270 244
271 99
272 101
273 204
274 183
275 97
276 250
277 84
278 3
279 200
280 214
281 160
282 159
283 255
284 102
285 127
286 191
287 218
288 107
289 163
290 35
291 101
292 80
293 47
294 211
295 6
296 101
297 59
298 210
299 191
300 293
301 270
302 272
303 43
304 125
305 51
306 117
307 42
308 231
309 283
310 253
311 228
312 160
313 130
314 228
315 100
316 198
317 280
318 138
319 109
320 9
321 98
322 129
323 120
324 223
325 157
326 285
327 61
328 306
329 266
330 71
331 296
332 254
333 195
334 163
335 280
336 37
337 21
338 3
339 252
340 77
341 194
342 118
343 207
344 335
345 257
346 201
347 52
348 291
349 167
350 44
351 257
352 211
353 177
354 335
355 281
356 213
357 339
358 155
359 145
360 97
361 99
362 165
363 31
364 209
365 342
366 3
367 289
368 187
369 186
370 79
371 73
372 129
373 337
374 146
375 115
376 357
377 124
378 298
379 337
380 39
381 32
382 112
383 294
384 46
385 373
386 228
387 236
388 28
389 109
390 25
391 62
392 287
393 115
394 68
395 370
396 236
397 235
398 210
399 191
400 73
401 185
402 201
403 295
404 371
405 99
406 22
407 63
408 158
409 244
410 269
411 298
412 346
413 270
414 164
415 64
416 164
417 185
418 102
419 67
420 107
421 49
422 376
423 123
424 63
425 28
426 135
427 83
428 166
429 249
430 205
431 357
432 6
433 410
434 433
435 220
436 194
437 5
438 257
439 300
440 15
441 129
442 211
443 37
444 440
445 310
446 92
447 116
448 314
449 2
450 303
451 129
452 165
453 386
454 265
455 253
456 206
457 134
458 379
459 378
460 434
461 128
462 18
463 388
464 124
465 70
466 367
467 196
468 257
469 98
470 54
471 404
472 181
473 162
474 405
475 423
476 191
477 164
478 448
479 267
480 253
481 411
482 478
483 100
484 270
485 226
486 393
487 326
488 374
489 320
490 355
491 416
492 98
493 141
494 41
495 122
496 35
497 165
498 172
499 298
500 66
500 4000
2622 2537 1124 2438 1737 2641 1182 3867 189 3086 772 178 1626 2021 2105 2066 2542 3463 3111 3870 3570 2809 2423 2170 618 3872 3284 1112 2845 945 289 2150 818 3127 2072 2876 141 3525 3237 482 1768 2559 354 1152 1205 2723 373 3849 2099 860 1511 1641 3375 2634 2214 2094 2942 3723 1149 661 2040 3694 3539 2742 3128 3641 1698 3121 1809 3576 1721 1370 2643 201 3093 1762 2558 1637 699 2472 3718 849 1721 255 2793 773 3806 801 781 2907 3607 3859 1886 3291 2860 570 2662 1158 2011 1790 2093 353 2259 220 276 2660 2644 1458 2829 644 261 3974 1790 220 86 1336 3798 770 664 1865 3727 2632 3194 2154 1925 753 1349 2249 789 950 2618 889 1754 1689 2155 960 3620 2473 3192 3686 2267 1430 1611 476 2195 119 3478 43 2704 441 3468 639 3164 2763 349 3922 646 3367 3318 2172 670 1570 728 3354 2958 2615 696 1598 956 2064 1592 984 2526 117 2821 2178 3837 2810 1136 625 2765 1571 2577 1018 1964 2747 505 1699 409 3157 2294 811 2487 993 77 2587 515 435 83 1454 50 3439 461 2654 207 3097 105 2288 3412 1211 3901 1794 3111 216 3103 980 23 3920 997 2484 983 3348 1022 1646 1914 1547 1840 2610 1871 1957 2803 3623 1696 2496 783 625 3014 2264 2738 94 1872 3828 2676 726 3508 3630 1839 3043 565 3202 3225 3902 3542 2970 2693 3004 1949 2681 3418 2681 1420 422 1489 2818 476 3482 1141 520 60 716 598 963 1961 284 1198 453 2670 2879 1561 2272 766 938 1423 3577 367 258 3716 3759 1082 194 2882 2214 3889 109 3525 3224 2464 2998 3415 125 1863 3821 622 505 2679 1324 803 774 2412 3458 724 3043 1130 1055 2653 989 3451 2945 1714 3325 2056 3006 833 785 950 2802 3974 638 291 1066 622 454 2049 1681 3121 1942 50 2043 2890 3346 1958 368 3769 3044 1649 602 3579 3618 656 3505 3528 3199 3710 2694 1006 3668 3378 1486 652 3407 3613 528 306 1148 2721 1906 3927 1043 659 193 3996 289 1939 2879 351 1275 3340 210 930 2335 2952 3913 446 3885 2070 880 2434 2598 895 184 2289 3650 1573 2112 1914 311 318 840 2554 583 1040 1879 3952 3883 397 3465 575 511 1777 703 1802 942 1786 2113 971 734 487 3383 980 3166 3860 1352 3594 3566 1109 2897 2655 207 690 2793 496 2188 1826 787 2654 872 2475 1638 3761 841 25 953 2122 165 2942 2322 2055 876 3337 2832 3645 2965 2505 2486 1266 2668 3716 1851 3641 795 3860 2351 3697 792 2370 495 3136 2160 261 109 1676 433 2941 2489 1114 2429 2379 1491 2636 1517 2484 981 3957 2979 471 1819 2910 3476 842 3062 1279 2197 956 2833 3318 2340 583 3235 492 2042
2179 507 3661 3720 3863 3427 1166 3516 1020 707 753 2779 3627 1559 257 983 3462 865 2321 288 463 3680 561 3543 2895 2260 533 2452 2719 2480 3714 186 570 353 889 569 2757 2271 2088 3814 2238 2610 3919 2326 2309 1703 2351 1025 648 3507 3673 3188 595 3976 3957 183 1463 85 3153 3425 2937 515 2444 25 3486 1613 3458 3695 1236 2144 2426 3290 2307 1332 2638 1491 1077 1418 154 2450 420 615 2569 2152 867 2448 2555 766 1358 3527 922 1196 2357 1733 2591 3740 934 1784 3615 128 1818 2174 955 2065 643 3203 2056 2666 148 3801 3323 3109 1712 854 89 1972 2230 2738 2077 2211 844 2465 3274 3532 2315 1357 1907 60 3852 2232 2345 2885 497 1746 3268 1858 3125 1654 820 1458 280 202 937 2448 3461 3062 1121 3888 2021 3973 3058 1503 649 186 537 1883 2227 2869 3265 3152 102 2503 2134 2197 3343 498 2380 3686 1331 293 2315 1156 2009 3766 893 747 2458 3489 2522 3123 584 3072 3923 2761 1661 620 1149 1678 2053 308 1888 176 1709 2779 1440 1512 2509 3095 2123 2933 2227 136 3427 567 721 3125 1742 3119 1961 3021 347 3349 3575 1981 215 3866 3231 334 2448 31 2296 2434 2889 1430 2393 654 990 3960 1154 1530 985 3814 3246 2071 246 3876 2806 1472 3156 276 2152 1652 3229 3919 426 2899 3830 2601 3337 536 809 38 1542 1335 2194 2808 802 2359 2249 2651 1288 1745 1039 146 2747 394 3900 3555 2274 1485 391 3761 144 3853 1462 2169 952 2586 552 3279 3953 2146 1345 474 2149 587 3925 2734 511 1998 2648 681 693 1013 3012 1040 2484 2809 2252 3755 3371 406 2592 1950 2745 1200 3616 2186 442 2058 518 2116 912 2884 1135 3636 3790 790 3786 2769 2026 618 1891 3291 3234 95 2449 2745 2671 2428 3134 1845 425 497 22 3285 3387 1141 531 2203 1032 1819 2215 1855 2045 1718 299 1963 985 1104 295 536 2777 3909 3651 8 3783 1542 2317 37 453 3467 3882 3640 1846 2744 3297 3339 270 2068 1477 3971 1402 933 2788 3609 1042 3185 2157 2648 1725 177 934 3261 1893 662 1102 2506 828 161 400 2827 1902 1086 3337 172 3817 226 922 987 681 2245 3536 3387 776 257 3731 553 3589 2763 2766 2099 2388 1681 3999 2229 2662 2613 927 1974 3865 554 370 1859 482 2317 1074 459 3833 3974 1752 3931 3141 2880 2220 3098 1225 3365 2126 3464 1999 3805 1221 3635 2356 3080 136 3098 1299 2907 1771 1286 469 344 556 2406 1656 3601 637 1195 3167 1118 2995 3011 3098 2749 3311 3737 3063 1162 2477 3949 3816 3840 587 2097 3094 2095 1883 3588 3718 1022 556 3762 1993 1411 1333 2412 746 2784 3074 1060 2707 737 1284 2828 928 340 2099 1616
34 74 98 19 70 46 8 86 100 81 53 27 87 4 77 60 95 70 10 79 18 73 33 69 80 58 11 92 26 71 23 34 7 42 10 37 99 77 94 24 36 85 63 84 5 92 72 88 1 58 21 56 88 22 37 64 17 52 82 91 4 59 87 114 5 57 18 32 8 66 10 79 87 16 2 40 97 46 99 2 9 9 71 11 3 88 59 88 93 91 47 18 65 81 75 77 12 69 48 12 94 71 7 98 5 36 78 96 92 55 58 30 14 65 20 47 6 62 87 56 52 41 92 48 76 79 71 70 65 15 93 38 49 85 79 33 27 19 91 70 22 71 89 73 61 51 88 48 6 66 84 20 55 83 27 10 30 15 71 77 16 71 66 57 96 24 93 72 69 82 97 5 82 74 40 62 5 30 47 91 47 50 56 4 77 41 22 86 90 82 43 14 64 60 2 69 28 35 57 40 99 57 76 22 65 35 99 70 91 20 29 67 32 23 46 1 8 83 35 39 85 4 95 74 58 52 60 27 1 59 51 96 31 52 1 71 66 60 62 36 75 7 26 88 1 56 6 6 89 57 49 46 39 29 44 48 29 25 62 70 34 1 31 72 64 18 62 47 10 11 66 72 28 61 83 91 60 19 28 52 74 22 3 60 43 69 12 32 26 36 47 58 83 23 93 69 76 20 48 38 88 13 21 58 38 28 70 91 78 3 13 74 3 47 63 18 57 95 64 22 8 21 83 4 1 50 74 90 31 70 68 81 25 54 105 79 11 32 48 96 58 67 31 76 28 48 48 100 71 76 37 23 56 60 58 339 40 1 16 103 75 52 88 67 9 13 60 18 64 43 38 30 34 60 99 34 52 85 6 8 70 40 78 7 98 12 20 83 19 62 72 32 65 34 66 8 63 36 36 36 68 75 78 74 74 62 6 93 91 62 5 96 13 79 70 12 73 47 73 8 19 39 67 10 12 92 16 69 71 93 75 55 37 22 6 60 11 80 46 68 82 94 5 8 50 9 75 84 10 11 45 71 23 5 99 24 73 13 76 100 23 49 27 73 39 18 77 2 9 84 20 7 73 11 91 66 1 45 60 38 80 33 56 51 12 60 9 27 91 98 77 72 68 32 11 90 23 48 38 10
2 1
3 2
4 3
5 4
6 5
7 6
8 7
9 8
10 9
11 10
12 11
13 12
14 13
15 14
16 15
17 16
18 17
19 18
20 19
21 20
22 21
23 22
24 23
25 24
26 25
27 26
28 27
29 28
30 29
31 30
32 31
33 32
34 33
35 34
36 35
37 36
38 37
39 38
40 39
41 40
42 41
43 42
44 43
45 44
46 45
47 46
48 47
49 48
50 49
51 50
52 51
53 52
54 53
55 54
56 55
57 56
58 57
59 58
60 59
61 60
62 61
63 62
64 63
65 64
66 65
67 66
68 67
69 68
70 69
71 70
72 71
73 72
74 73
75 74
76 75
77 76
78 77
79 78
80 79
81 80
82 81
83 82
84 83
85 84
86 85
87 86
88 87
89 88
90 89
91 90
92 91
93 92
94 93
95 94
96 95
97 96
98 97
99 98
100 99
101 100
102 101
103 102
104 103
105 104
106 105
107 106
108 107
109 108
110 109
111 110
112 111
113 112
114 113
115 114
116 115
117 116
118 117
119 118
120 119
121 120
122 121
123 122
124 123
125 124
126 125
127 126
128 127
129 128
130 129
131 130
132 131
133 132
134 133
135 134
136 135
137 136
138 137
139 138
140 139
141 140
142 141
143 142
144 143
145 144
146 145
147 146
148 147
149 148
150 149
151 150
152 151
153 152
154 153
155 154
156 155
157 156
158 157
159 158
160 159
161 160
162 161
163 162
164 163
165 164
166 165
167 166
168 167
169 168
170 169
171 170
172 171
173 172
174 173
175 174
176 175
177 176
178 177
179 178
180 179
181 180
182 181
183 182
184 183
185 184
186 185
187 186
188 187
189 188
190 189
191 190
192 191
193 192
194 193
195 194
196 195
197 196
198 197
199 198
200 199
201 200
202 201
203 202
204 203
205 204
206 205
207 206
208 207
209 208
210 209
211 210
212 211
213 212
214 213
215 214
216 215
217 216
218 217
219 218
220 219
221 220
222 221
223 222
224 223
225 224
226 225
227 226
228 227
229 228
230 229
231 230
232 231
233 232
234 233
235 234
236 235
237 236
238 237
239 238
240 239
241 240
242 241
243 242
244 243
245 244
246 245
247 246
248 247
249 248
250 249
251 235
252 193
253 83
254 168
255 225
256 101
257 137
258 247
259 141
260 14
261 121
262 218
263 109
264 73
265 55
266 136
267 40
268 222
269 5
270 98
271 161
272 52
273 36
274 182
275 96
276 92
277 47
278 173
279 124
280 251
281 184
282 76
283 106
284 237
285 87
286 231
287 59
288 75
289 224
290 31
291 151
292 4
293 60
294 101
295 82
296 11
297 210
298 236
299 157
300 83
301 201
302 133
303 99
304 75
305 298
306 148
307 280
308 10
309 36
310 241
311 16
312 8
313 80
314 152
315 62
316 246
317 170
318 111
319 122
320 242
321 303
322 24
323 155
324 212
325 33
326 279
327 67
328 175
329 8
330 111
331 315
332 118
333 86
334 211
335 5
336 82
337 157
338 62
339 211
340 261
341 291
342 206
343 293
344 144
345 254
346 16
347 207
348 33
349 150
350 99
351 348
352 184
353 256
354 37
355 186
356 28
357 216
358 90
359 6
360 39
361 89
362 36
363 71
364 219
365 127
366 306
367 146
368 69
369 165
370 241
371 230
372 192
373 196
374 261
375 211
376 69
377 164
378 322
379 271
380 374
381 69
382 117
383 364
384 97
385 345
386 350
387 54
388 328
389 81
390 246
391 164
392 3
393 189
394 367
395 376
396 60
397 271
398 202
399 12
400 118
401 378
402 319
403 171
404 74
405 87
406 267
407 253
408 363
409 360
410 345
411 265
412 290
413 193
414 229
415 55
416 338
417 68
418 347
419 139
420 375
421 284
422 28
423 206
424 379
425 388
426 116
427 309
428 258
429 276
430 236
431 270
432 65
433 292
434 172
435 341
436 253
437 184
438 304
439 251
440 206
441 196
442 297
443 321
444 367
445 145
446 429
447 119
448 438
449 391
450 129
451 432
452 149
453 157
454 345
455 107
456 39
457 414
458 359
459 201
460 410
461 437
462 164
463 195
464 311
465 155
466 456
467 376
468 450
469 411
470 233
471 230
472 36
473 151
474 432
475 30
476 252
477 469
478 217
479 173
480 422
481 332
482 308
483 122
484 177
485 452
486 56
487 42
488 324
489 243
490 323
491 353
492 122
493 142
494 290
495 146
496 79
497 311
498 224
499 87
500 193
