500 500 28
218111245 123174058 73710714 192064931 156290108 201067549 9039310 87937312 113007670 103423880 267924628 103276636 10186553 26400899 33997381 263633274 66244762 112969183 17366262 213431528 153787422 137307130 126646366 103716964 173128216 135982912 69057236 245505624 30549594 160914041 138076350 188645270 14771712 202669014 29587417 229356595 16495780 20707763 135396297 220354777 79778431 170686230 34110770 131983695 59155009 11991633 201421395 10752910 146963887 32665791 151826363 184163970 143057955 155599688 236739354 150106699 29138834 161706528 39910702 177856468 128680595 195675435 167995692 43547730 256346304 24122401 223186791 113126214 83562241 103432202 246772290 93428440 104061197 30235524 6541877 195446664 85604414 258608132 148888164 109735816 78714952 137218891 29928895 187007130 231887277 185046481 177601264 101923731 39767157 95945418 160534938 63399732 50420826 48495257 204502733 53567967 103095792 212126308 64822566 71669632 199107971 193531705 197614782 174485015 63302557 45584839 43909438 74068747 94671151 152204569 191483490 241322692 209326029 79807562 57426149 129785322 256168345 249366061 36113151 250578029 99369060 88654422 86150862 73221385 72081007 37512522 205321252 56909822 72217007 39302176 89877878 107666536 210965868 78138801 190686137 266613617 160143306 30281504 42220042 158953620 69953378 19600330 85440902 156691433 261054839 63379772 211640724 36333544 221846545 82762247 122939978 241487084 67660350 22166132 155786043 8597417 112258567 140114045 131607296 257033408 50998672 73211234 31130145 38592513 191373152 19494227 85768425 110542635 245870422 17766288 232533845 215175290 113327131 83579936 182465701 246108115 172892959 247836769 132030247 176814238 28443160 91171041 177408226 69701117 157407013 100234577 94363580 187345939 178491720 76949676 97736357 128889780 264572978 26539118 231739658 89402330 9366442 127210676 260421316 237890426 198465769 35128038 151880888 74764814 222677960 97508545 184468458 194362282 64279690 115322731 32116698 253128878 206960904 178624226 193676477 155640670 121847639 85421436 64505021 254835281 161051283 169196290 215842851 112021013 156784670 267600379 33858739 231086194 236254480 198865604 167022392 240234653 23768569 39554674 68656815 265544287 13361432 145407939 248208475 45649270 115584792 75737571 237976857 66102814 93487575 209449062 35349959 36092265 15602470 256823648 9713543 109065768 134244858 126596799 12548562 134347469 105545605 242160731 209260415 7651481 170229996 26552287 2507044 191995772 96320966 132602543 267681519 108216005 11300527 252191741 138038517 224891927 73809243 164406879 227039943 222168907 20516290 194737593 189998804 152653343 195446172 77008589 255796852 257726861 169652987 74144613 261335803 92255935 241990672 159009894 124571386 118401123 66811133 13936301 165213940 126359171 203331368 39944541 48809034 242794882 54764466 260589292 112589907 88674944 186744853 161107240 193020128 168946890 154090062 30388114 135296998 58732978 94841749 94667990 235584926 27537290 78243485 58954895 83086572 82360312 104859683 69120841 234108943 255917235 190347920 224712501 68808207 140872707 11909266 160401727 191153171 264147024 56582517 85431457 194725184 24749336 137939952 197678639 193969604 144042024 128753907 48873592 33512769 87099713 99224619 169313746 85047709 85842878 13883997 265439521 206703824 165580960 260242576 215695519 85167985 103042228 111495584 111601502 4844107 177164607 83914875 224397279 231213 23763439 172617415 84983369 208403483 263480285 155756261 146792866 128287703 200137867 206816421 172979545 156297029 196447630 55476108 242441047 20303641 21024346 132140713 82044944 3618330 40546564 59088111 112506731 251787483 6538763 46023958 259951068 150386506 179022583 69384860 6565365 33387899 51229112 11103989 111074626 89371962 22653495 78749987 261235424 213833716 116881037 123260787 101791224 161004533 112200872 223879091 2435239 53080073 42237878 103815731 143162311 102925667 233536663 132573094 30182857 64971680 13701810 225762470 97695941 181244179 158702010 46161937 205541418 210345207 230115938 99692162 5276751 255842383 256282315 251261186 13873640 172831666 65787955 118409311 203966983 49498426 70110441 267325485 99607365 140986163 182427202 59832573 127117660 217503428 135461070 223860192 152031306 148845793 248322877 20139331 72429119 56938501 107863967 148224770 158959826 10983487 133984743 50909844 69576222 85694176 122478736 107939454 200151068 16599387 245247370 154233945 261240365 37567774 193311840 216297279 85553962 129449539 98396162 248390296 57016913 28601489 113224191 53300683 25465001 37609603 95097554 63933490 14047902 194474275 139183246 93974285 239189215 256459398 214308356 260214746 92080791 61753084 256652528 260831738 94064594 118554043 24623923
1 2
2 3
3 4
5 4
5 6
7 6
8 7
8 9
9 10
11 10
11 12
12 13
14 13
14 15
16 15
17 16
18 17
18 19
20 19
21 20
22 21
23 22
23 24
25 24
26 25
27 26
27 28
28 29
29 30
30 31
32 31
32 33
34 33
35 34
36 35
37 36
38 37
39 38
40 39
41 40
42 41
43 42
43 44
44 45
46 45
46 47
47 48
49 48
49 50
50 51
51 52
53 52
53 54
55 54
55 56
56 57
58 57
58 59
59 60
60 61
62 61
62 63
63 64
65 64
65 66
67 66
67 68
69 68
70 69
71 70
72 71
72 73
73 74
74 75
76 75
77 76
77 78
78 79
79 80
81 80
81 82
83 82
84 83
84 85
85 86
87 86
87 88
88 89
90 89
91 90
92 91
93 92
93 94
95 94
95 96
97 96
97 98
99 98
100 99
100 101
101 102
103 102
104 103
104 105
105 106
107 106
108 107
108 109
109 110
111 110
111 112
112 113
113 114
115 114
115 116
117 116
118 117
118 119
119 120
121 120
122 121
123 122
124 123
125 124
126 125
126 127
128 127
128 129
130 129
131 130
132 131
133 132
133 134
134 135
136 135
136 137
138 137
139 138
140 139
140 141
142 141
143 142
144 143
145 144
146 145
146 147
147 148
149 148
150 149
151 150
152 151
153 152
154 153
154 155
156 155
156 157
158 157
159 158
159 160
161 160
162 161
163 162
164 163
164 165
166 165
166 167
167 168
169 168
169 170
170 171
171 172
173 172
173 174
175 174
175 176
177 176
178 177
179 178
179 180
180 181
182 181
183 182
183 184
184 185
185 186
187 186
187 188
189 188
190 189
191 190
192 191
192 193
193 194
194 195
196 195
196 197
197 198
198 199
199 200
201 200
202 201
203 202
203 204
205 204
205 206
207 206
208 207
208 209
209 210
211 210
211 212
212 213
214 213
215 214
215 216
216 217
217 218
218 219
219 220
220 221
222 221
222 223
224 223
224 225
226 225
226 227
228 227
228 229
230 229
231 230
231 232
232 233
234 233
235 234
235 236
236 237
238 237
238 239
240 239
240 241
242 241
242 243
244 243
244 245
246 245
247 246
248 247
249 248
249 250
166 251
73 252
253 225
159 254
35 255
256 118
250 257
258 193
15 259
260 200
261 136
262 77
258 263
264 232
265 79
266 56
267 99
268 82
94 269
270 57
271 78
272 141
8 273
173 274
275 269
276 95
277 241
278 56
250 279
59 280
281 190
80 282
130 283
284 263
285 157
286 283
166 287
82 288
231 289
290 215
291 149
46 292
110 293
294 106
295 195
296 39
8 297
19 298
174 299
300 53
301 129
302 105
48 303
147 304
193 305
306 40
277 307
173 308
309 262
310 242
311 245
312 118
313 50
314 251
315 126
125 316
317 24
318 258
268 319
320 177
321 146
81 322
23 323
68 324
94 325
33 326
34 327
22 328
329 48
110 330
202 331
332 177
333 262
334 140
335 39
199 336
234 337
338 22
198 339
68 340
259 341
251 342
343 92
344 242
331 345
346 207
221 347
285 348
349 141
350 8
344 351
352 90
284 353
189 354
355 162
356 237
357 241
358 73
248 359
360 253
61 361
362 69
201 363
265 364
365 199
366 96
82 367
368 318
369 127
370 157
332 371
372 308
373 194
101 374
375 328
376 154
377 364
158 378
94 379
380 344
36 381
367 382
250 383
167 384
317 385
284 386
387 308
120 388
155 389
390 315
391 323
392 275
393 342
47 394
146 395
396 28
397 155
96 398
399 226
400 115
401 333
402 127
362 403
18 404
405 201
406 99
407 275
4 408
409 251
410 136
411 309
132 412
413 169
346 414
74 415
15 416
250 417
29 418
388 419
164 420
421 37
422 173
51 423
424 175
262 425
426 134
338 427
428 151
429 263
12 430
431 42
432 201
433 188
434 115
5 435
389 436
437 213
438 314
439 13
440 173
441 208
442 428
443 149
250 444
445 57
446 391
447 60
204 448
145 449
450 416
451 245
223 452
453 55
258 454
455 299
456 98
457 222
458 351
154 459
460 369
238 461
462 70
463 260
464 354
465 142
466 356
467 263
468 11
469 345
470 313
471 154
472 471
473 458
431 474
261 475
113 476
477 310
399 478
51 479
480 186
188 481
187 482
178 483
319 484
485 429
254 486
80 487
408 488
393 489
186 490
222 491
361 492
68 493
132 494
495 136
285 496
497 229
404 498
10 499
271 500
Query 7 177
Replace 472 228601220
Replace 116 110192473
Replace 242 218138794
Replace 407 32797564
Query 129 309
Replace 311 50964379
Replace 362 88795466
Query 141 12
Query 92 100
Replace 4 227920562
Query 75 345
Replace 367 134427842
Replace 216 136531196
Query 168 350
Query 189 246
Replace 429 8824094
Query 222 219
Replace 447 167183397
Query 3 298
Replace 98 266665879
Query 464 168
Query 7 99
Query 125 47
Query 171 423
Query 469 239
Query 429 278
Query 489 118
Replace 40 159030774
Query 433 307
Replace 331 133789956
Query 184 66
Query 370 149
Query 127 9
Query 274 65
Query 445 485
Replace 148 221512772
Query 273 342
Query 290 447
Replace 98 88186147
Replace 230 34689821
Query 464 305
Query 416 143
Replace 155 143278498
Query 52 145
Replace 296 168520067
Query 265 352
Query 191 211
Replace 343 1541456
Query 22 26
Query 296 165
Replace 486 168611311
Query 167 403
Query 106 358
Replace 43 31217278
Replace 291 7592949
Replace 120 22119691
Query 464 128
Query 35 70
Query 419 260
Query 442 143
Replace 226 221993713
Query 490 174
Replace 56 230998052
Query 267 81
Replace 87 54271879
Query 341 405
Query 453 48
Query 362 161
Query 459 441
Replace 95 31667590
Replace 327 167257875
Query 312 485
Query 87 81
Query 497 14
Query 39 348
Replace 445 138241847
Replace 352 189242557
Replace 182 151283601
Query 411 352
Replace 163 157245922
Replace 35 71215424
Replace 117 28288056
Query 165 165
Replace 135 135859379
Replace 260 238856935
Replace 4 158853330
Query 147 24
Replace 241 162845392
Query 214 13
Query 27 173
Query 299 240
Replace 204 242454014
Query 470 17
Replace 3 20134458
Query 91 473
Query 439 419
Query 363 270
Query 66 44
Replace 330 78257820
Query 291 278
Replace 30 133026403
Replace 477 248047324
Query 338 407
Replace 467 68391171
Query 29 352
Replace 88 8281628
Replace 482 151966827
Query 193 44
Replace 291 137928686
Query 445 321
Replace 99 156083900
Replace 14 265012316
Query 491 453
Replace 392 196124866
Replace 212 186207077
Replace 140 172686648
Query 97 113
Replace 497 261155074
Replace 259 25899334
Query 421 206
Query 215 114
Query 317 86
Replace 261 186786501
Replace 214 55129378
Replace 428 408396
Replace 205 201705418
Query 341 469
Query 446 71
Replace 230 176478045
Query 59 291
Query 378 483
Replace 482 68046958
Replace 214 117478223
Query 450 452
Replace 141 193255232
Query 254 470
Replace 461 103486524
Replace 13 24051003
Query 419 273
Query 154 32
Query 28 83
Query 451 174
Query 392 255
Query 93 241
Replace 466 234489363
Query 480 444
Query 453 203
Replace 98 152360568
Replace 5 115852753
Replace 216 172680304
Replace 328 237858612
Query 424 299
Replace 124 98509577
Query 188 111
Replace 401 113805516
Query 206 161
Query 194 416
Query 378 177
Replace 82 51015330
Query 394 171
Query 257 111
Query 148 25
Query 327 395
Replace 11 267600911
Query 41 26
Replace 411 84999261
Replace 107 178753176
Query 168 110
Replace 185 262011580
Replace 23 242763045
Replace 273 238072203
Query 386 309
Query 455 494
Query 425 164
Query 304 137
Query 124 94
Query 233 136
Query 451 275
Query 361 332
Query 421 222
Replace 294 170287474
Query 218 173
Query 185 471
Replace 384 216739878
Replace 348 140865667
Query 13 487
Replace 378 101500158
Replace 299 121971892
Query 475 9
Query 196 397
Replace 210 28231416
Replace 175 221365921
Query 363 98
Replace 265 229443131
Query 341 265
Replace 416 122226484
Replace 190 173425582
Query 50 473
Query 285 390
Query 321 25
Replace 116 142047560
Query 380 365
Replace 447 50612753
Replace 34 53495665
Query 432 468
Query 363 246
Replace 436 32711352
Replace 420 210511441
Replace 275 79825426
Replace 241 267231682
Replace 408 106080368
Replace 167 45267905
Replace 480 138812334
Replace 296 2195153
Replace 301 36003740
Replace 194 188914760
Replace 93 264054176
Query 91 236
Query 34 443
Replace 308 247792619
Query 255 258
Replace 259 194289706
Query 106 65
Query 375 210
Replace 386 179724304
Query 405 201
Query 233 264
Query 205 321
Query 173 57
Replace 45 193115096
Replace 377 105723061
Replace 450 238399101
Query 1 84
Replace 209 62944305
Replace 342 252296794
Replace 212 119894094
Replace 191 13152387
Replace 179 42374625
Replace 364 49623801
Query 110 106
Replace 157 204402116
Query 292 108
Replace 79 141622759
Replace 229 40821121
Replace 161 15062230
Replace 368 190182116
Query 231 119
Query 199 72
Replace 222 37691379
Replace 357 141437765
Replace 424 207013335
Replace 445 186037503
Query 107 232
Query 193 478
Replace 83 82516138
Query 204 391
Replace 325 165954063
Replace 495 94734827
Query 415 342
Query 25 29
Query 444 114
Query 312 448
Query 109 171
Replace 481 67717380
Query 286 85
Query 213 180
Query 357 392
Replace 431 200702882
Query 41 89
Query 91 175
Replace 348 128745849
Query 224 438
Query 454 396
Query 308 298
Query 69 14
Replace 486 42263492
Query 141 445
Replace 231 33699251
Replace 342 244360727
Replace 98 92236158
Replace 398 16590285
Replace 175 140480560
Query 389 170
Replace 85 97584337
Query 247 4
Query 368 288
Replace 328 183897456
Replace 363 138443215
Replace 394 52058349
Replace 76 180739216
Replace 166 117701020
Query 386 140
Replace 98 112076258
Replace 214 233351200
Replace 216 154039946
Query 302 186
Replace 451 197451040
Replace 217 103956960
Query 48 452
Query 48 23
Replace 310 176942406
Query 454 330
Query 1 470
Query 71 151
Replace 334 152225505
Replace 474 142767819
Query 52 192
Replace 84 240285117
Query 275 282
Query 353 322
Query 20 411
Query 390 286
Query 21 234
Query 392 71
Query 405 479
Query 36 265
Replace 182 238691516
Query 338 498
Query 105 160
Replace 247 24575840
Replace 361 202945858
Replace 99 223321996
Replace 46 7573301
Query 311 19
Replace 195 135955512
Query 40 180
Query 379 491
Replace 484 134887999
Replace 102 182310449
Replace 336 113853229
Query 305 491
Query 286 90
Query 109 397
Query 209 313
Query 102 334
Query 233 466
Replace 88 234806470
Query 60 383
Query 314 463
Query 10 482
Replace 196 252688604
Query 461 192
Query 57 420
Replace 12 11343325
Replace 5 208867582
Query 403 444
Replace 29 137994736
Query 132 102
Query 408 248
Replace 401 135484274
Replace 92 5682198
Query 23 41
Query 451 426
Replace 468 217135234
Query 393 146
Query 134 117
Replace 469 88589112
Query 341 495
Replace 238 30917715
Query 156 105
Query 454 339
Query 305 134
Replace 350 178149591
Replace 11 217274286
Replace 40 202586098
Replace 50 262257690
Replace 411 176141011
Replace 459 260074656
Query 72 382
Replace 302 197481613
Query 20 314
Replace 53 110124077
Replace 251 192808465
Query 149 156
Query 151 424
Query 188 498
Query 432 345
Replace 71 189680981
Replace 447 246429055
Replace 374 76586582
Replace 434 211003505
Replace 445 132632541
Query 258 437
Replace 21 140637739
Query 82 74
Query 51 101
Query 386 320
Replace 71 184056043
Replace 410 136949364
Query 102 183
Replace 273 103796292
Query 261 49
Replace 386 22877323
Replace 249 123985735
Query 296 27
Replace 15 207533736
Query 270 181
Query 263 249
Replace 398 33721056
Replace 187 33180208
Query 12 230
Replace 182 226325062
Query 395 325
Query 312 348
Replace 137 26967068
Query 53 141
Replace 329 2817039
Query 420 328
Query 178 342
Query 265 460
Query 253 391
Query 123 235
Query 379 342
Query 151 387
Query 259 492
Replace 454 49867676
Query 169 231
Replace 177 32082823
Query 149 235
Query 459 310
Query 185 131
Query 496 434
Query 130 238
Replace 311 214282618
Replace 497 119461203
Query 317 499
Replace 149 15861921
Query 292 478
Replace 227 133438453
Replace 332 196787559
Replace 440 216396392
Replace 311 21680173
Query 176 170
Query 51 163
Query 366 325
Replace 493 166703645
Replace 324 145926833
Query 179 235
Query 146 467
Query 225 445
Query 63 30
Replace 249 136941955
Query 123 302
Replace 332 186209743
Query 6 4
Query 126 68
Replace 175 5428386
Replace 51 245355789
Query 147 133
Replace 5 52450260
Query 139 293
Query 191 32
Replace 56 160623671
Query 67 276
Replace 18 114165795
Query 262 373
Replace 185 215535068
Replace 222 211642388
Replace 282 251888831
Query 26 202
Replace 317 116148461
Replace 298 21986973
Replace 473 81932054
Query 196 418
Replace 302 256717341
Query 240 141
Replace 164 156446999
Query 386 428
Query 219 249
Query 376 250
Query 347 111
Query 27 313
Replace 116 155075665
Query 136 384
Query 317 168
Query 435 407
Query 460 500
Query 344 333
Query 405 375
Replace 133 146079632
Query 239 166
Replace 387 108098941
Query 180 482
Replace 72 97565016
Query 257 249
Replace 210 190686548
Query 461 211
Query 155 409
Query 369 106
Replace 326 250235363
Replace 19 56631149
Query 59 69
Query 177 211
Replace 186 128444209
Replace 156 120058644
Query 361 265
Query 150 25
Query 439 376
Replace 155 52555130
