100 500
4856 2004 556 4890 2978 4835 3595 4574 4688 3800 4468 1398 2781 4980 3958 2704 1735 3786 4108 3389 4803 4347 2788 609 606 3956 142 3040 1162 3489 2301 2099 2823 3802 2962 404 2752 4738 2434 4493 2276 2228 3454 2945 1796 480 4802 3309 1836 633 299 3134 1831 3306 1090 3810 3193 1149 4310 3945 1742 3141 4684 4402 1505 2021 1298 160 1316 4391 2243 845 4628 4554 1850 3778 1088 3508 3527 3375 949 4297 4994 738 2278 1559 1161 1337 1812 4766 3026 46 4819 2752 884 2449 2015 1664 4419 1457
1 12 11
1 13 11
1 14 11
1 15 12
1 16 14
1 17 15
1 18 15
1 19 16
1 20 19
1 21 17
1 22 18
1 23 20
1 24 23
1 25 21
1 26 24
1 27 25
1 28 24
1 29 25
1 30 26
1 31 30
1 32 31
1 33 32
1 34 31
1 35 33
1 36 32
1 37 36
1 38 35
1 39 36
1 40 38
1 41 39
1 42 40
1 43 42
1 44 42
1 45 43
1 46 42
1 47 46
1 48 45
1 49 47
1 50 48
1 51 49
1 52 48
1 53 49
1 54 50
1 55 54
1 56 54
1 57 53
1 58 55
1 59 55
1 60 59
1 61 59
1 62 59
1 63 60
1 64 60
1 65 63
1 66 65
1 67 65
1 68 64
1 69 66
1 70 68
1 71 70
1 72 71
1 73 72
1 74 72
1 75 72
1 76 75
1 77 74
1 78 75
1 79 75
1 80 77
1 81 80
1 82 78
1 83 81
1 84 83
1 85 82
1 86 84
1 87 83
1 88 86
1 89 85
1 90 88
1 60 91
1 43 92
1 61 93
1 13 94
1 52 95
1 24 96
1 40 97
1 66 98
1 24 99
1 20 100
3 92 75
1 11 12
3 18 79
2 79 85
1 3 2
1 4 2
1 5 4
1 6 3
1 7 5
1 8 4
1 9 6
1 7 10
3 13 92
1 84 86
3 73 12
2 1 600
3 81 93
3 17 27
2 79 1176
2 7 1261
2 64 3080
2 27 4740
2 43 4715
3 78 4
3 31 47
3 80 60
3 5 81
2 39 2377
3 50 41
2 87 2633
3 74 25
3 81 99
3 72 100
2 16 3921
3 15 95
3 60 71
3 44 98
2 44 2128
3 64 98
2 26 1983
2 63 2257
2 88 82
2 29 46
2 18 1296
3 26 53
3 53 75
2 85 4402
2 3 1338
2 35 581
2 24 4929
2 85 3154
3 64 89
3 71 43
3 9 23
2 64 604
2 99 4654
2 82 3051
3 2 70
3 33 3
3 19 11
2 64 2455
3 4 22
2 34 3618
3 57 28
3 77 68
2 83 1104
3 28 28
3 90 49
2 90 4768
3 28 59
3 74 99
2 60 2326
2 16 1878
2 86 2533
3 78 94
2 47 2728
2 81 4558
3 35 13
3 70 84
3 93 58
3 1 36
3 83 94
3 60 6
3 36 90
2 22 1215
2 53 3966
3 82 59
2 100 4451
3 40 99
2 64 482
2 33 4382
2 81 2564
3 83 19
3 25 65
2 48 1905
3 5 12
3 50 62
2 73 3103
2 98 3211
3 58 79
2 22 4091
3 39 64
3 65 90
3 64 96
2 16 1681
3 53 40
2 9 854
3 55 30
3 45 57
3 25 51
3 61 44
3 81 14
3 7 7
2 70 704
2 85 868
2 51 1815
3 48 39
3 80 88
2 15 2067
3 14 67
2 45 4318
2 79 1209
3 58 13
3 94 10
3 57 79
2 96 1443
2 94 2200
3 19 19
3 85 82
2 41 2685
3 38 82
2 43 1765
2 33 4087
3 28 18
3 18 65
3 67 38
3 54 63
3 2 26
3 10 66
3 42 76
3 35 100
2 20 1223
2 59 350
3 40 14
3 47 2
3 36 92
2 26 4459
2 18 1356
2 57 547
3 84 81
2 81 3491
3 95 95
3 89 84
2 67 3176
2 45 4736
3 42 69
2 14 3109
2 30 3626
3 25 32
2 40 3157
3 34 4
3 72 9
2 26 2753
3 76 29
3 39 21
2 67 2399
2 12 914
3 80 91
3 33 41
2 43 4683
2 25 139
3 84 94
3 51 46
2 42 2907
2 61 927
3 58 91
3 8 35
3 69 55
3 74 58
3 78 50
2 17 4379
3 85 51
3 89 47
2 95 2409
3 11 9
3 64 87
3 92 26
3 45 86
3 97 100
2 16 2510
3 44 34
2 4 4198
2 73 3635
2 40 4504
2 2 1487
2 82 1711
3 54 67
3 64 41
3 58 41
3 96 82
2 86 2793
2 56 3172
2 63 977
2 46 2927
2 47 2558
2 64 133
2 82 1140
3 57 65
3 3 32
2 19 339
3 74 54
2 11 1398
2 21 4741
2 12 1939
3 75 67
3 99 5
3 59 68
3 84 25
3 23 18
3 95 76
3 52 35
2 30 1235
2 40 2725
1 74 77
3 96 34
3 62 3
2 89 3414
3 52 79
3 73 56
2 24 2291
3 23 39
3 44 61
2 4 1563
3 26 57
2 93 3290
2 2 1134
3 100 34
2 54 3683
1 3 4
3 4 58
2 52 1901
3 88 10
2 41 2534
3 50 59
2 58 94
3 11 20
2 85 1271
3 19 58
3 2 79
3 96 49
3 23 63
3 98 98
3 39 13
3 100 9
3 100 59
3 31 12
3 26 84
1 52 53
3 31 74
2 91 3979
2 24 402
3 8 74
2 97 963
2 76 3795
1 2 3
3 17 9
2 84 1800
2 70 2181
1 55 57
3 46 81
2 6 2946
2 31 3547
3 77 18
2 34 1820
3 80 89
3 63 45
3 69 99
2 68 4204
3 52 37
2 47 182
1 13 14
2 46 3288
2 40 1342
2 47 4052
3 57 95
2 64 2215
3 73 96
2 80 3939
2 90 3649
3 91 60
2 29 1483
3 17 99
2 27 3500
3 86 59
3 93 88
3 41 22
2 20 4835
3 68 73
3 70 32
3 88 93
3 43 46
3 19 30
3 37 85
3 83 21
1 98 100
2 64 3390
2 8 1932
1 28 28
3 35 19
2 47 2779
2 12 1124
3 12 2
2 54 2267
3 93 50
2 19 4565
2 93 929
2 81 1581
3 11 23
1 77 79
2 34 2502
3 57 71
2 18 422
3 20 39
3 2 26
3 4 44
3 65 50
3 44 38
2 97 2576
3 67 66
2 77 2372
3 36 43
2 67 424
3 81 22
3 44 35
2 58 265
2 48 195
3 44 22
2 94 2694
2 79 1340
3 27 76
3 90 70
3 9 37
3 92 92
3 48 92
3 73 15
2 85 1315
2 23 4801
2 36 3900
3 33 21
2 29 3257
2 8 3665
3 75 3
2 53 771
2 63 2070
2 30 1220
3 59 23
3 95 50
3 63 50
3 9 44
3 22 81
3 74 42
2 3 446
3 96 12
3 10 3
3 19 83
3 63 9
3 6 55
3 37 82
3 53 78
2 79 3595
1 13 15
3 14 55
3 46 64
3 7 42
3 81 83
3 57 51
3 1 56
2 2 2335
2 71 2084
3 85 41
1 3 6
3 56 84
2 39 2088
2 21 1212
3 27 62
2 78 2163
3 3 61
3 72 73
3 56 67
3 97 94
2 68 2066
3 95 38
2 15 2536
2 46 1689
3 46 32
3 51 54
2 42 3920
3 66 7
3 6 50
3 2 6
3 38 34
3 51 20
2 57 2407
3 85 19
2 39 110
3 93 89
2 79 829
3 71 58
1 4 6
3 31 65
3 49 63

