1000 5000
3009 1911 3959 1640 1893 2933 871 2103 1425 4600 2971 1755 4061 585 380 404 1614 2826 4991 3068 4531 2777 4755 1198 1305 1746 2957 3803 1111 3136 461 1681 3954 4663 4979 4228 82 4972 4686 4241 2733 2548 2113 876 801 3894 619 663 368 279 4751 369 1444 1761 1283 1781 2367 539 3579 4585 758 4199 2484 392 2282 4433 350 437 4758 504 877 3949 4847 1197 3609 4947 3379 1595 4064 2008 1149 2679 3842 1499 1937 338 2368 1968 2041 708 2912 341 2166 4263 1603 1943 2700 1856 167 270 3577 4225 3037 357 3707 3154 3500 4035 301 828 394 2395 4842 1078 725 4258 275 94 3685 162 3305 3228 30 318 1309 1502 2678 90 3990 1690 1264 1564 1220 2370 1684 622 2612 1712 1135 1040 1057 1325 2935 711 4168 4981 4415 2040 509 3637 597 1220 2539 952 1800 549 1185 638 3021 4374 3336 4377 4829 3274 2301 3920 4269 2825 4980 2050 1414 3938 4392 35 2984 581 2491 2485 2229 3314 4382 4598 2638 4215 196 3620 1151 3709 4052 4130 2394 1980 2519 4480 4313 3901 1738 2160 2404 4265 2106 3987 2542 1296 2791 454 2723 4321 531 4621 4800 2141 3418 2635 1790 2430 2897 1656 4329 2020 4861 3748 1443 3116 1199 1207 2525 4784 2143 3116 2922 1452 4887 2509 1037 2277 4717 4862 2309 697 4131 2057 3303 2656 122 3427 1444 2842 4094 4084 2599 1063 586 4522 1027 3395 4159 1693 1774 1136 910 4360 4054 2352 2095 4484 1202 3879 132 1039 3303 978 4246 109 2226 110 737 915 1918 2166 120 615 3825 1490 2462 2506 3935 930 771 2193 963 4965 3130 4490 964 4666 2625 4184 3412 407 3260 553 1434 2360 4194 1495 4366 1544 242 590 979 3568 4669 605 3652 2310 1653 2020 4358 2524 3818 4128 4022 1627 1433 361 744 4263 2727 524 1348 49 1539 3234 4883 1253 171 3577 305 637 2879 1203 3328 1666 1548 2530 516 4840 2396 3925 3942 4195 2389 1321 947 4841 3909 4861 2938 2273 1008 2586 1481 2778 1668 456 1518 3283 3495 1119 1698 2859 1102 2528 2305 3056 2449 2791 4447 993 1092 1826 1258 3936 2263 3959 2810 108 143 4653 3493 2995 2244 1331 1352 4687 1323 4097 94 3289 74 3533 745 4793 4394 2602 4229 261 1420 2435 2732 1042 4455 3633 1811 3433 2770 673 704 1814 3986 4668 286 463 2517 129 4049 2461 4683 2055 101 3084 1465 4870 720 336 445 3250 1819 1067 2629 2150 4260 4804 1884 2760 2508 1344 4405 1459 4036 4413 2498 860 1409 166 793 1988 3207 2337 2421 1542 2433 2653 3817 2108 4920 2264 1214 2315 4730 3666 4839 2269 2940 454 2046 1403 3229 23 4494 4237 3278 192 4769 208 835 4045 4441 2325 1295 1668 1190 1980 1628 4476 1159 826 472 2379 4632 909 2301 1506 2977 3290 3752 4525 103 22 2502 1557 3770 3807 4455 4276 3097 1235 511 1015 4903 1196 285 2881 1905 2105 724 249 2642 50 2296 1360 131 1686 3041 3971 1044 2591 2226 335 4961 2864 3544 1727 2037 4615 1374 4618 3524 2444 3268 1445 1499 1064 2025 1232 1456 4433 3640 4837 4772 2929 1376 2724 1405 2802 2909 4656 3685 4958 4440 84 4256 196 1497 3287 267 1272 4440 2530 1872 1644 4911 4919 1434 1797 2343 2577 3233 1985 3984 3363 1934 13 1486 2294 2601 3438 4271 4130 137 2577 2538 3281 4369 550 1199 2685 740 3034 1317 1635 1660 2671 4888 233 4268 143 1420 602 1604 3804 55 1881 352 1498 2470 4252 2127 4321 4183 4419 283 1759 1980 2789 3178 1243 1651 3343 4665 1034 1268 1151 3425 4859 2861 4877 4679 255 4467 4592 196 4956 4323 3421 174 4983 1959 611 4892 3916 1628 3997 3600 2263 485 3787 4539 91 1023 2897 2321 4338 815 888 3683 1328 4900 1075 4704 3692 3284 3374 4139 2055 1180 225 98 471 1416 1221 4541 4999 2520 556 2444 205 130 4806 2089 4222 458 436 4633 1127 2553 3494 449 1224 3999 2507 1497 1652 1935 2423 4013 4456 1950 468 2749 2612 2327 1001 3458 843 4700 1524 4292 4109 776 2211 4402 1259 1983 4265 2117 2513 2909 1683 3240 2475 606 1541 2858 2743 558 3997 184 294 3171 2583 4823 2932 2252 3751 5 750 699 2495 1216 2139 71 2441 2590 2094 76 1899 936 964 3334 3771 2546 3511 1577 3045 1179 2450 4838 1474 1235 4258 2261 3171 898 888 2058 56 2329 2803 4979 3804 3694 389 1735 290 3225 4685 1143 4549 1848 4641 827 3663 358 1548 3454 2818 1212 4189 4287 3304 2245 1530 4092 3571 3435 2818 399 1100 4028 3349 3404 4997 1273 4072 2797 623 2660 1443 3521 3159 3487 3582 3461 337 170 2588 4709 871 588 493 687 767 2557 561 463 3813 2248 4703 2002 4182 200 4759 4292 4312 1906 804 832 1140 4941 2377 4712 2367 1850 2470 374 609 3687 370 742 1954 4819 1302 4651 744 1967 1346 2865 3664 2273 2689 2138 3912 2445 948 2888 1963 3143 608 1727 136 1137 2469 2430 1548 3051 3394 2973 2408 4637 703 1647 1745 1251 1720 98 2945 55 2141 1431 3822 801 2566 2152 4971 3861 814 1367 2379 3172 3150 4155 1499 3817 3251 274 1004 1082 844 1493 451 489 4378 1680 137 634 974 976 2152 4095 2227 2030 4719 3008 2005 649 3160 3524 3082 3834 3680 4258 498 618 1429 3764 1753 4818 3017 2297 1196 4483 3337 1927 3726 2029 1762 3315 3976 2301 4267 1663 4673 3655 3243 1421 1606 594 4350 4245 3695 3557 958 2590 4366 4171 4484 1023 3794 4039 4078 404 988 3273 4211 1654 4869 3569 2177
1 102 101
1 103 101
1 104 102
1 105 103
1 106 105
1 107 105
1 108 106
1 109 106
1 110 107
1 111 110
1 112 108
1 113 109
1 114 110
1 115 112
1 116 112
1 117 116
1 118 115
1 119 118
1 120 117
1 121 119
1 122 120
1 123 121
1 124 123
1 125 123
1 126 124
1 127 125
1 128 124
1 129 128
1 130 127
1 131 127
1 132 129
1 133 129
1 134 133
1 135 134
1 136 132
1 137 134
1 138 136
1 139 137
1 140 136
1 141 139
1 142 140
1 143 142
1 144 143
1 145 144
1 146 145
1 147 146
1 148 145
1 149 147
1 150 146
1 151 150
1 152 148
1 153 150
1 154 153
1 155 154
1 156 154
1 157 156
1 158 156
1 159 158
1 160 159
1 161 158
1 162 160
1 163 159
1 164 162
1 165 164
1 166 162
1 167 165
1 168 167
1 169 168
1 170 168
1 171 168
1 172 169
1 173 172
1 174 171
1 175 173
1 176 175
1 177 175
1 178 177
1 179 177
1 180 176
1 181 178
1 182 178
1 183 182
1 184 181
1 185 184
1 186 185
1 187 183
1 188 184
1 189 185
1 190 186
1 191 187
1 192 188
1 193 189
1 194 191
1 195 191
1 196 194
1 197 195
1 198 197
1 199 195
1 200 197
1 201 199
1 202 199
1 203 199
1 204 203
1 205 201
1 206 204
1 207 204
1 208 204
1 209 205
1 210 207
1 211 207
1 212 209
1 213 209
1 214 212
1 215 211
1 216 215
1 217 215
1 218 214
1 219 216
1 220 219
1 221 217
1 222 221
1 223 220
1 224 223
1 225 223
1 226 224
1 227 223
1 228 224
1 229 226
1 230 226
1 231 229
1 232 228
1 233 229
1 234 231
1 235 234
1 236 235
1 237 233
1 238 234
1 239 235
1 240 236
1 241 239
1 242 238
1 243 240
1 244 243
1 245 243
1 246 244
1 247 246
1 248 247
1 249 248
1 250 249
1 251 249
1 252 251
1 253 250
1 254 251
1 255 253
1 256 255
1 257 253
1 258 254
1 259 255
1 260 259
1 261 260
1 262 261
1 263 259
1 264 260
1 265 262
1 266 265
1 267 265
1 268 264
1 269 266
1 270 266
1 271 270
1 272 269
1 273 272
1 274 271
1 275 274
1 276 275
1 277 273
1 278 277
1 279 278
1 280 277
1 281 278
1 282 278
1 283 282
1 284 282
1 285 282
1 286 285
1 287 286
1 288 286
1 289 286
1 290 286
1 291 290
1 292 288
1 293 290
1 294 293
1 295 292
1 296 295
1 297 296
1 298 296
1 299 295
1 300 296
1 301 298
1 302 300
1 303 300
1 304 300
1 305 302
1 306 302
1 307 303
1 308 305
1 309 307
1 310 309
1 311 309
1 312 308
1 313 311
1 314 312
1 315 314
1 316 314
1 317 313
1 318 314
1 319 318
1 320 317
1 321 320
1 322 320
1 323 321
1 324 322
1 325 324
1 326 323
1 327 325
1 328 327
1 329 325
1 330 326
1 331 329
1 332 329
1 333 329
1 334 332
1 335 334
1 336 333
1 337 335
1 338 335
1 339 336
1 340 336
1 341 337
1 342 338
1 343 340
1 344 341
1 345 341
1 346 344
1 347 346
1 348 344
1 349 345
1 350 349
1 351 350
1 352 351
1 353 349
1 354 352
1 355 352
1 356 355
1 357 353
1 358 355
1 359 358
1 360 358
1 361 358
1 362 361
1 363 359
1 364 363
1 365 361
1 366 365
1 367 364
1 368 364
1 369 368
1 370 366
1 371 369
1 372 369
1 373 370
1 374 372
1 375 371
1 376 372
1 377 373
1 378 374
1 379 378
1 380 376
1 381 380
1 382 381
1 383 381
1 384 383
1 385 381
1 386 385
1 387 383
1 388 385
1 389 387
1 390 389
1 391 387
1 392 389
1 393 391
1 394 393
1 395 393
1 396 392
1 397 396
1 398 396
1 399 398
1 400 396
1 401 397
1 402 398
1 403 402
1 404 400
1 405 403
1 406 405
1 407 405
1 408 405
1 409 406
1 410 406
1 411 409
1 412 409
1 413 412
1 414 411
1 415 413
1 416 412
1 417 414
1 418 416
1 419 417
1 420 417
1 421 420
1 422 420
1 423 419
1 424 423
1 425 423
1 426 424
1 427 426
1 428 426
1 429 427
1 430 429
1 431 427
1 432 430
1 433 429
1 434 432
1 435 434
1 436 433
1 437 436
1 438 435
1 439 436
1 440 436
1 441 438
1 442 439
1 443 440
1 444 440
1 445 442
1 446 442
1 447 444
1 448 447
1 449 446
1 450 449
1 451 448
1 452 450
1 453 449
1 454 453
1 455 451
1 456 454
1 457 456
1 458 456
1 459 455
1 460 458
1 461 458
1 462 459
1 463 460
1 464 462
1 465 461
1 466 464
1 467 466
1 468 464
1 469 465
1 470 467
1 471 470
1 472 468
1 473 471
1 474 471
1 475 471
1 476 473
1 477 473
1 478 476
1 479 475
1 480 479
1 481 478
1 482 480
1 483 482
1 484 482
1 485 481
1 486 484
1 487 483
1 488 484
1 489 488
1 490 486
1 491 488
1 492 488
1 493 492
1 494 492
1 495 493
1 496 495
1 497 493
1 498 497
1 499 498
1 500 496
1 501 497
1 502 501
1 503 500
1 504 502
1 505 503
1 506 504
1 507 506
1 508 504
1 509 507
1 510 507
1 511 510
1 512 510
1 513 510
1 514 512
1 515 511
1 516 515
1 517 513
1 518 517
1 519 515
1 520 518
1 521 519
1 522 518
1 523 521
1 524 520
1 525 522
1 526 522
1 527 526
1 528 527
1 529 525
1 530 529
1 531 530
1 532 530
1 533 529
1 534 532
1 535 533
1 536 533
1 537 534
1 538 534
1 539 536
1 540 536
1 541 537
1 542 540
1 543 540
1 544 542
1 545 542
1 546 542
1 547 545
1 548 546
1 549 545
1 550 547
1 551 550
1 552 551
1 553 551
1 554 552
1 555 553
1 556 553
1 557 556
1 558 554
1 559 558
1 560 556
1 561 560
1 562 558
1 563 561
1 564 562
1 565 561
1 566 562
1 567 566
1 568 567
1 569 566
1 570 567
1 571 567
1 572 571
1 573 571
1 574 571
1 575 574
1 576 572
1 577 573
1 578 574
1 579 578
1 580 578
1 581 577
1 582 579
1 583 581
1 584 581
1 585 582
1 586 583
1 587 585
1 588 584
1 589 586
1 590 587
1 591 590
1 592 590
1 593 592
1 594 593
1 595 592
1 596 595
1 597 593
1 598 597
1 599 595
1 600 598
1 601 597
1 602 601
1 603 601
1 604 602
1 605 601
1 606 603
1 607 604
1 608 604
1 609 608
1 610 608
1 611 607
1 612 609
1 613 609
1 614 613
1 615 612
1 616 613
1 617 613
1 618 616
1 619 617
1 620 617
1 621 620
1 622 618
1 623 622
1 624 623
1 625 623
1 626 625
1 627 623
1 628 627
1 629 628
1 630 629
1 631 628
1 632 631
1 633 632
1 634 633
1 635 634
1 636 632
1 637 634
1 638 637
1 639 638
1 640 637
1 641 639
1 642 639
1 643 639
1 644 641
1 645 644
1 646 645
1 647 643
1 648 647
1 649 648
1 650 647
1 651 649
1 652 648
1 653 649
1 654 652
1 655 653
1 656 653
1 657 653
1 658 655
1 659 657
1 660 656
1 661 660
1 662 660
1 663 661
1 664 662
1 665 662
1 666 663
1 667 664
1 668 664
1 669 667
1 670 669
1 671 668
1 672 668
1 673 670
1 674 673
1 675 672
1 676 675
1 677 675
1 678 674
1 679 677
1 680 679
1 681 678
1 682 680
1 683 680
1 684 680
1 685 682
1 686 682
1 687 685
1 688 685
1 689 688
1 690 687
1 691 688
1 692 690
1 693 691
1 694 692
1 695 693
1 696 694
1 697 693
1 698 694
1 699 697
1 700 697
1 701 700
1 702 699
1 703 701
1 704 701
1 705 704
1 706 704
1 707 704
1 708 706
1 709 706
1 710 709
1 711 707
1 712 708
1 713 709
1 714 710
1 715 711
1 716 714
1 717 715
1 718 715
1 719 716
1 720 719
1 721 718
1 722 721
1 723 722
1 724 723
1 725 721
1 726 722
1 727 725
1 728 725
1 729 727
1 730 727
1 731 730
1 732 728
1 733 729
1 734 730
1 735 734
1 736 732
1 737 734
1 738 736
1 739 736
1 740 736
1 741 740
1 742 738
1 743 741
1 744 743
1 745 743
1 746 742
1 747 746
1 748 746
1 749 747
1 750 749
1 751 747
1 752 751
1 753 752
1 754 753
1 755 751
1 756 753
1 757 756
1 758 754
1 759 757
1 760 757
1 761 757
1 762 758
1 763 759
1 764 761
1 765 761
1 766 764
1 767 766
1 768 764
1 769 768
1 770 767
1 771 768
1 772 771
1 773 771
1 774 773
1 775 771
1 776 772
1 777 776
1 778 776
1 779 777
1 780 776
1 781 779
1 782 781
1 783 781
1 784 780
1 785 782
1 786 782
1 787 785
1 788 785
1 789 786
1 790 787
1 791 788
1 792 790
1 793 790
1 794 791
1 795 791
1 796 795
1 797 793
1 798 794
1 799 795
1 800 798
1 801 797
1 802 799
1 803 799
1 804 800
1 805 801
1 806 805
1 807 804
1 808 807
1 809 806
1 810 808
1 811 807
1 812 811
1 813 811
1 814 811
1 815 812
1 816 815
1 817 815
1 818 817
1 819 818
1 820 819
1 821 820
1 822 819
1 823 820
1 824 822
1 825 824
1 826 822
1 827 824
1 828 827
1 829 825
1 830 827
1 831 827
1 832 830
1 833 831
1 834 833
1 835 834
1 836 834
1 837 835
1 838 836
1 839 838
1 840 839
1 841 839
1 842 841
1 843 841
1 844 840
1 845 843
1 846 843
1 847 846
1 848 844
1 849 848
1 850 846
1 851 847
1 852 850
1 853 849
1 854 852
1 855 851
1 856 855
1 857 853
1 858 854
1 859 856
1 860 857
1 861 857
1 862 858
1 863 859
1 864 860
1 865 864
1 866 864
1 867 865
1 868 867
1 869 868
1 870 867
1 871 870
1 872 869
1 873 872
1 874 872
1 875 871
1 876 875
1 877 874
1 878 876
1 879 876
1 880 878
1 881 877
1 882 880
1 883 880
1 884 880
1 885 883
1 886 882
1 887 885
1 888 886
1 889 886
1 890 888
1 891 887
1 892 889
1 893 892
1 894 890
1 895 891
1 896 895
1 897 893
1 898 894
1 899 896
1 900 897
1 608 901
1 855 902
1 298 903
1 580 904
1 768 905
1 818 906
1 616 907
1 717 908
1 699 909
1 225 910
1 676 911
1 321 912
1 219 913
1 379 914
1 356 915
1 557 916
1 653 917
1 676 918
1 445 919
1 865 920
1 179 921
1 601 922
1 320 923
1 738 924
1 698 925
1 369 926
1 751 927
1 177 928
1 432 929
1 692 930
1 867 931
1 893 932
1 679 933
1 869 934
1 759 935
1 158 936
1 308 937
1 902 938
1 745 939
1 540 940
1 248 941
1 385 942
1 797 943
1 186 944
1 423 945
1 144 946
1 680 947
1 446 948
1 388 949
1 725 950
1 743 951
1 567 952
1 154 953
1 119 954
1 923 955
1 912 956
1 823 957
1 872 958
1 955 959
1 109 960
1 824 961
1 237 962
1 370 963
1 468 964
1 382 965
1 504 966
1 197 967
1 910 968
1 795 969
1 390 970
1 230 971
1 666 972
1 118 973
1 127 974
1 781 975
1 779 976
1 670 977
1 348 978
1 398 979
1 482 980
1 379 981
1 453 982
1 459 983
1 871 984
1 294 985
1 394 986
1 686 987
1 722 988
1 708 989
1 228 990
1 715 991
1 552 992
1 839 993
1 723 994
1 645 995
1 736 996
1 101 997
1 367 998
1 953 999
1 279 1000
3 707 256
1 967 969
3 679 226
2 707 832
1 12 11
1 13 11
1 14 13
1 15 11
1 16 14
1 17 16
1 18 16
1 19 17
1 20 19
1 21 18
1 22 20
1 23 21
1 24 21
1 25 24
1 26 22
1 27 23
1 28 25
1 29 25
1 30 28
1 31 27
1 32 31
1 33 30
1 34 33
1 35 32
1 36 34
1 37 33
1 38 34
1 39 36
1 40 37
1 41 37
1 42 41
1 43 41
1 44 42
1 45 42
1 46 43
1 47 44
1 48 44
1 49 48
1 50 48
1 51 48
1 52 51
1 53 51
1 54 53
1 55 53
1 56 52
1 57 54
1 58 55
1 59 55
1 60 56
1 61 59
1 62 59
1 63 62
1 64 60
1 65 63
1 66 65
1 67 63
1 68 64
1 69 68
1 70 67
1 71 67
1 72 71
1 73 69
1 74 70
1 75 73
1 76 75
1 77 74
1 78 74
1 79 75
1 80 79
1 81 79
1 82 81
1 83 81
1 84 83
1 85 84
1 86 82
1 87 84
1 88 85
1 89 88
1 90 88
1 87 91
1 70 92
1 69 93
1 31 94
1 88 95
1 68 96
1 42 97
1 79 98
1 57 99
1 61 100
3 565 613
1 334 337
3 783 410
2 994 2160
1 3 2
1 4 3
1 5 2
1 6 5
1 7 3
1 8 6
1 9 7
1 7 10
3 536 417
1 652 653
3 354 221
2 851 4163
3 903 926
2 838 3249
3 653 378
3 276 791
2 177 3873
3 491 480
3 546 911
3 594 307
3 963 146
3 215 383
2 488 1731
2 830 2248
2 409 3471
3 731 588
2 164 2792
3 38 62
3 782 810
2 160 1877
2 254 1116
3 785 785
3 42 630
2 880 1144
2 621 3200
3 461 872
3 676 332
3 145 758
3 157 151
3 263 813
3 849 247
3 920 484
2 982 2057
3 360 266
2 754 1707
2 663 3726
3 155 240
3 972 210
3 681 57
2 149 4171
2 692 2190
3 416 678
3 741 981
3 368 210
3 348 978
3 662 415
2 636 441
3 269 201
3 181 668
3 514 154
2 161 1968
3 356 351
2 332 458
2 154 574
2 517 3696
3 550 72
2 636 522
3 173 810
3 74 892
3 610 520
3 723 590
3 692 817
3 708 337
2 777 208
3 727 947
2 260 4723
2 667 2636
2 373 1928
3 412 652
3 62 212
3 904 379
2 888 4212
2 405 1150
2 21 3042
3 775 527
2 325 1657
3 371 620
2 255 2949
3 257 55
2 547 4708
3 542 354
2 992 3315
3 541 979
3 558 691
3 437 729
2 361 31
3 617 738
2 794 4456
3 620 158
3 973 980
3 657 40
3 692 749
3 946 510
2 324 62
2 954 2382
2 97 3771
2 719 2564
2 431 1639
3 521 316
3 835 578
3 914 661
2 255 645
3 425 442
3 433 647
3 909 336
2 919 2581
3 141 720
2 272 3016
3 113 899
2 48 1025
3 688 28
3 321 412
3 452 365
3 251 510
3 479 744
2 461 1115
2 267 4016
2 15 3779
3 626 771
2 330 4967
2 663 3853
3 56 189
2 501 1203
2 421 3374
3 379 898
3 770 833
2 375 2752
3 860 496
2 573 2736
3 771 330
3 212 134
3 841 449
3 731 695
2 857 395
3 816 978
2 481 4295
2 514 846
3 90 54
3 371 1
3 598 859
3 274 731
3 806 349
3 19 363
2 697 784
2 937 828
2 974 4648
2 513 4677
3 291 841
2 760 1174
3 1 834
2 179 254
2 92 1092
3 949 35
3 862 1000
3 853 87
2 716 391
3 643 17
2 855 916
2 214 1900
3 727 331
2 845 3775
3 963 778
3 965 490
2 390 4795
3 255 76
2 825 3807
3 700 170
2 658 2746
2 549 2088
3 357 18
3 284 288
3 646 616
3 707 266
3 95 896
3 371 769
2 37 857
3 280 98
3 993 753
3 127 441
3 946 169
3 24 72
2 15 4201
3 226 486
3 937 945
3 305 641
2 459 233
3 922 285
3 65 453
3 47 47
2 577 3257
3 860 244
2 747 2326
3 464 579
2 430 4242
2 249 2387
3 164 508
2 322 3958
2 714 2980
3 308 853
3 600 399
3 690 434
2 479 2110
3 337 198
3 763 534
2 914 2436
3 36 638
3 625 24
3 155 600
3 503 438
2 41 4933
3 808 417
3 798 932
2 927 1499
3 973 849
2 559 769
2 313 808
3 187 140
3 433 126
2 569 2277
2 49 2110
3 531 698
3 393 66
3 189 556
3 500 311
3 462 1
3 961 608
3 739 296
3 83 128
2 834 3941
3 995 852
3 327 436
3 339 664
2 954 2161
3 750 767
3 478 990
2 663 2442
2 798 3654
2 824 3676
2 635 583
3 292 416
2 573 4086
2 534 2551
3 363 596
2 905 3709
3 557 835
3 52 526
2 571 436
2 226 120
3 881 896
2 434 607
3 905 783
3 330 750
3 316 260
3 275 893
3 564 884
2 248 4372
3 229 847
3 608 577
3 675 208
2 458 444
3 818 907
2 788 3306
2 678 4343
2 29 2016
3 502 844
3 787 526
2 772 357
3 364 140
2 936 833
3 661 672
3 180 667
2 204 1102
3 360 229
3 489 508
3 385 719
3 671 210
3 174 440
3 787 382
2 248 476
3 317 773
3 891 268
3 772 430
2 628 3407
3 94 91
2 189 1072
2 52 351
2 361 1669
2 694 2847
3 959 572
2 89 280
2 628 4710
2 822 1201
3 159 274
2 864 3579
3 746 456
3 651 330
3 186 334
2 696 980
3 809 352
3 824 682
2 394 1797
2 206 779
2 740 4403
2 22 2244
3 621 773
3 14 14
3 581 103
3 590 331
3 864 778
2 832 1990
3 456 861
2 125 2768
2 61 1076
3 208 835
3 573 571
3 375 508
3 620 687
3 111 746
2 907 3946
2 547 2929
2 782 1836
2 932 363
2 506 4702
3 393 877
3 256 673
2 250 1360
3 768 331
3 148 812
3 254 759
3 532 277
3 551 193
2 463 4795
3 823 797
2 170 541
2 537 738
3 173 838
3 327 900
3 930 452
2 93 1712
2 141 2736
2 427 4086
2 592 4893
3 315 363
3 671 159
3 228 527
3 351 881
3 424 354
3 370 933
3 990 227
3 73 662
3 33 734
2 753 4120
2 311 1471
3 78 225
3 824 149
3 822 791
3 860 964
3 237 740
3 301 515
3 301 705
3 891 842
3 383 687
2 541 3678
2 622 1501
3 355 107
2 840 162
2 390 2563
2 441 2347
2 830 1456
3 530 944
3 554 957
3 615 59
3 443 805
2 864 3032
3 653 423
2 331 2626
2 612 802
2 197 2496
3 682 297
3 75 607
2 521 3856
2 539 474
2 253 3142
3 845 546
3 891 42
3 810 556
3 550 32
3 39 715
3 571 179
3 321 4
3 326 518
3 516 868
2 232 3851
2 151 349
2 158 49
2 371 3522
3 557 743
3 424 437
3 905 819
2 560 2589
2 853 80
3 210 199
2 738 2746
2 863 2582
3 566 369
3 109 80
3 570 734
3 236 996
2 893 3894
2 663 3871
2 60 972
3 290 520
2 121 572
2 686 48
2 486 4225
3 586 636
3 290 349
3 743 857
3 956 206
2 819 2168
3 224 456
3 156 393
2 459 1391
3 371 840
2 573 4227
2 217 2315
3 173 694
3 208 95
3 279 734
2 440 1723
3 946 102
2 273 4844
3 582 629
3 461 919
3 478 317
3 724 101
3 436 570
2 402 921
3 580 195
2 691 315
3 533 997
3 239 931
3 281 713
2 756 4196
2 891 4397
3 139 546
3 810 451
3 119 243
2 721 4917
2 728 2447
2 385 1911
3 471 59
2 264 4660
3 64 710
3 39 831
2 204 1978
3 690 470
2 693 3037
2 489 2160
3 263 705
3 708 884
2 616 2288
3 30 732
2 925 1044
3 265 974
2 489 1009
2 485 3018
3 384 5
3 104 480
3 569 526
3 279 867
3 298 87
2 227 3926
3 916 242
3 235 764
2 303 602
3 609 247
3 905 62
2 118 1053
3 112 271
3 87 8
2 358 537
3 207 593
3 861 570
3 552 217
3 306 72
2 676 3527
3 271 181
3 569 256
3 455 619
2 396 2709
3 481 126
2 763 1969
2 344 2142
3 433 880
3 252 669
2 689 1321
3 538 25
3 945 901
2 815 3675
2 334 3555
3 211 448
3 588 273
3 34 282
3 41 938
2 664 1343
3 866 413
2 262 2686
2 590 3506
3 391 490
3 992 666
3 788 442
3 275 178
3 66 389
3 152 481
2 873 4702
3 770 155
2 166 1922
2 774 4664
2 178 3585
2 466 452
2 818 166
3 119 863
3 895 951
3 938 952
3 586 478
2 141 3093
2 132 2002
2 450 2738
3 720 67
3 908 300
2 823 227
3 563 971
3 277 419
2 116 331
3 876 458
2 545 2561
2 927 1727
3 882 113
3 75 943
2 184 2811
3 758 598
3 849 893
3 56 25
2 65 2308
3 508 755
3 930 285
3 442 10
3 825 601
3 512 567
3 35 154
3 124 399
2 94 491
3 107 621
3 656 548
2 583 830
2 377 2127
2 44 4847
2 641 4073
3 489 406
3 649 97
2 373 2867
2 172 2851
3 370 790
3 289 162
3 765 16
2 321 2511
3 327 3
2 956 3508
3 586 194
3 540 462
2 422 500
2 392 3051
2 210 134
3 887 759
2 328 3161
3 77 70
3 571 849
3 650 536
3 962 525
3 859 373
2 781 1561
3 768 849
3 542 85
2 216 4365
3 475 236
3 231 148
3 322 254
3 488 610
3 687 8
3 428 505
3 52 323
2 556 1676
2 999 4438
2 308 1250
2 464 1513
2 68 361
3 249 903
3 351 77
2 123 1086
3 770 419
2 199 1753
2 703 3406
2 590 623
3 956 777
3 638 354
2 497 2197
2 509 3921
3 557 850
3 353 216
2 637 2224
2 923 900
3 852 146
3 589 56
3 865 94
2 495 1479
3 322 508
3 363 708
3 352 20
3 971 139
3 587 391
3 889 729
3 491 974
2 671 4323
3 389 624
2 224 1770
3 859 344
3 165 586
2 397 2801
3 331 167
3 776 646
3 69 517
3 501 708
2 349 3478
3 992 195
3 951 564
3 403 4
2 782 867
2 459 4858
2 199 4036
3 43 763
3 154 735
3 938 854
3 909 835
2 915 1926
2 170 373
3 862 380
2 83 4705
3 926 34
3 262 616
3 643 782
3 110 550
3 568 510
3 356 240
2 705 4047
3 591 378
3 982 661
3 891 11
3 750 808
2 734 3537
3 789 715
3 518 178
3 512 563
3 25 582
3 581 229
2 334 2031
3 153 568
3 539 566
3 662 380
3 463 746
3 992 358
3 63 560
3 622 908
2 883 4065
3 267 94
2 790 993
2 481 4306
3 279 799
2 322 4371
3 740 861
2 310 40
3 918 527
3 412 710
3 977 503
3 750 255
2 224 862
3 348 147
3 867 805
3 194 656
2 308 549
3 617 753
3 590 599
2 728 4494
3 961 270
2 525 4414
2 313 1376
3 507 496
2 753 3606
3 792 13
2 933 3526
3 907 577
3 350 569
3 61 61
3 388 28
2 170 328
3 223 254
3 858 284
3 756 678
3 405 760
3 326 924
3 677 799
3 252 315
3 19 963
3 290 714
3 743 996
2 372 3812
3 317 85
3 729 757
3 781 273
3 398 498
3 834 905
3 887 718
2 761 931
3 622 290
3 653 661
2 908 381
2 447 1296
3 358 856
3 552 743
2 768 3555
3 129 634
3 607 803
2 412 882
3 357 164
3 281 979
3 354 745
2 545 1569
2 441 343
3 641 659
3 931 225
3 216 432
3 712 254
3 795 835
3 744 333
2 959 4615
3 618 801
3 387 759
2 860 4547
2 636 2271
3 179 94
2 874 97
3 928 606
3 416 541
3 314 64
2 949 1971
3 239 102
3 349 69
3 308 322
3 654 33
3 305 146
2 41 2423
2 602 1154
2 349 2107
3 323 341
2 259 2514
2 990 4739
3 113 22
2 422 1951
3 156 803
3 282 906
2 257 640
2 106 2178
2 853 1321
2 742 933
3 621 235
3 743 786
2 722 3183
2 773 3448
2 380 149
2 70 233
3 8 839
2 104 97
2 760 838
3 5 113
3 150 332
2 908 3417
3 598 791
3 758 252
3 675 631
2 886 594
3 270 758
3 72 861
3 878 587
3 608 370
3 936 926
3 509 378
2 426 1397
3 532 396
3 102 506
3 402 348
3 911 402
3 277 355
2 272 487
3 934 580
3 212 708
2 855 2390
3 308 843
2 848 3097
3 111 935
3 695 141
2 697 567
3 73 264
3 844 747
2 966 1777
3 121 858
3 516 460
3 710 815
3 1000 904
3 927 590
2 154 4034
2 382 29
3 738 666
3 562 381
3 369 100
3 180 873
3 550 369
3 455 126
3 801 702
2 698 4977
2 912 4128
3 822 325
3 657 793
2 691 4170
2 877 2670
3 296 293
3 779 105
3 222 465
3 270 909
3 963 288
2 387 611
3 732 591
2 218 4902
3 354 531
3 800 514
3 404 303
2 672 4123
3 644 863
2 8 4553
3 65 369
3 668 458
3 869 774
3 665 344
3 236 115
3 932 67
2 306 1424
2 634 2343
3 862 907
2 908 4790
3 109 177
3 536 330
3 218 19
3 394 140
2 896 1901
2 265 2480
2 45 4285
2 243 4449
3 437 437
2 281 3120
3 721 811
3 998 707
2 296 3775
2 275 4847
3 59 612
3 51 115
3 997 462
2 373 1530
2 637 1066
2 788 4
2 232 662
2 301 2594
3 128 432
2 761 1214
3 624 969
3 243 530
3 358 364
3 68 924
3 602 259
3 177 756
3 296 592
3 583 949
2 940 367
2 468 3802
3 379 627
3 934 999
2 681 740
3 800 464
3 995 181
3 360 580
3 522 28
2 953 1256
3 580 939
2 667 4565
3 324 453
2 579 1592
2 452 1372
2 596 1364
3 682 421
3 50 638
2 100 2215
3 368 371
2 981 2750
3 109 109
2 106 3421
2 912 2996
3 721 832
2 776 1105
3 158 158
2 223 2026
3 829 487
3 938 907
2 980 4194
2 971 2437
2 183 2127
3 166 709
2 842 114
2 607 1009
3 902 500
3 321 158
3 192 298
2 867 27
2 666 4733
2 855 1285
2 88 3448
3 45 833
3 185 835
2 455 4124
3 173 590
3 215 283
3 205 179
3 980 547
2 157 4121
2 543 2503
3 999 293
3 130 139
3 234 935
3 819 913
3 405 21
3 613 427
2 473 1580
3 568 79
3 805 872
2 186 2086
3 886 204
3 933 100
3 842 690
3 104 335
3 698 678
3 134 873
3 677 205
3 804 706
3 6 972
3 496 788
2 863 2279
3 34 471
3 360 141
3 259 463
3 846 749
3 326 524
3 819 308
2 649 3334
3 458 851
3 838 294
3 457 86
3 281 523
3 664 4
2 796 1095
2 985 2529
3 290 627
3 798 353
3 53 336
2 918 2014
2 856 2948
3 342 611
2 458 2689
3 408 680
3 544 543
2 638 1008
2 55 462
2 595 3203
2 425 3861
2 678 3477
3 309 517
3 253 34
2 561 2141
2 972 1600
3 652 210
2 844 123
2 809 2164
3 881 289
3 693 555
3 695 779
3 60 939
3 14 799
2 217 3223
3 871 231
3 687 737
2 627 1988
3 70 939
2 450 1210
2 814 1693
3 912 765
2 195 328
2 533 2500
2 808 2967
2 802 4392
3 662 918
3 857 1000
3 284 942
2 345 563
3 962 100
3 537 869
3 992 829
2 900 3931
3 353 443
3 685 154
3 979 333
2 333 106
3 887 414
2 743 863
3 733 998
3 938 86
2 938 2417
3 880 883
3 962 615
3 501 916
2 875 1686
3 582 537
3 979 974
2 119 3939
3 266 821
2 933 606
3 284 447
3 115 838
3 711 739
3 219 291
2 904 3430
3 916 734
3 561 510
3 688 374
3 863 724
3 782 376
2 872 1996
3 69 268
2 139 2699
3 803 166
3 953 803
2 189 942
3 439 998
3 66 690
2 286 1316
3 504 372
2 536 4316
2 753 713
2 512 4345
2 712 3381
3 621 318
3 118 151
2 854 1272
3 863 550
3 754 328
3 525 369
2 975 4032
2 230 4349
3 555 451
2 853 544
3 446 915
3 457 55
3 65 314
3 622 395
2 23 2019
3 173 179
2 601 486
2 807 724
2 676 352
3 980 154
3 536 141
3 891 460
3 321 340
3 636 278
3 681 574
3 104 59
3 647 10
3 976 795
3 782 322
3 732 102
2 300 1330
3 272 694
3 394 290
3 870 81
3 123 910
3 171 150
3 236 579
3 186 58
2 679 3538
3 897 630
2 1 2365
2 21 3889
3 491 477
3 798 94
2 407 2663
3 911 301
3 914 566
3 958 978
3 514 878
2 277 3407
2 150 3741
3 119 51
3 551 213
3 884 794
3 544 207
2 195 2146
3 458 774
2 326 2770
2 677 4826
3 819 14
3 252 26
2 424 4139
2 181 4979
3 965 539
2 597 918
3 996 873
3 918 179
3 427 335
2 439 3161
2 260 3965
3 317 827
3 952 339
3 946 697
3 325 441
2 653 1135
3 953 686
3 375 94
2 515 448
3 684 827
2 87 4617
3 793 440
3 25 934
3 8 660
3 620 270
3 121 557
2 24 2671
2 816 3511
2 252 1384
2 395 2905
2 293 1379
3 251 3
3 130 201
3 604 740
2 219 2328
2 860 3634
2 351 1739
2 91 870
2 673 1664
3 494 43
2 426 488
3 124 404
3 139 112
3 339 763
2 382 1214
3 560 189
3 748 352
3 643 521
3 80 891
2 21 4723
2 911 1402
3 574 491
2 819 682
3 116 116
3 223 947
3 406 265
2 891 1789
2 481 2552
3 690 746
3 529 462
3 70 581
3 27 435
2 292 78
2 798 3812
2 276 288
3 893 314
2 628 3675
3 120 17
3 10 134
2 11 4151
2 755 4997
3 644 461
3 308 549
3 392 628
3 786 937
3 352 180
2 991 2392
3 186 795
2 551 1779
3 431 890
2 946 1878
3 154 982
2 84 330
3 711 979
3 19 611
2 914 3033
3 530 406
3 94 45
3 563 987
2 577 984
3 363 735
2 147 1552
2 331 345
3 144 426
3 43 405
2 11 3447
3 787 893
3 987 969
3 89 413
3 589 497
2 452 4665
3 196 401
2 328 1952
3 811 526
3 574 210
3 80 16
2 232 3539
2 817 181
2 485 4551
3 434 875
3 186 454
3 204 894
2 606 1025
3 970 60
3 180 893
2 47 1321
2 414 1663
2 789 4609
3 634 349
3 933 466
3 46 381
3 109 407
3 293 101
3 484 689
2 823 4864
2 994 352
2 789 2817
3 938 715
2 769 1379
2 692 968
3 937 486
2 119 1846
3 779 724
3 339 344
3 788 670
3 63 217
3 594 219
3 374 879
3 802 911
3 175 142
3 218 735
3 878 693
2 492 242
3 511 997
3 356 150
3 502 189
3 633 916
3 798 404
2 371 3653
2 274 1139
3 890 999
3 573 930
3 589 203
3 433 705
3 66 851
3 455 56
2 515 3184
2 306 1499
3 167 72
3 307 284
2 745 243
3 574 323
2 131 4936
3 264 722
3 721 587
3 549 645
3 624 812
2 480 2177
2 696 4735
3 150 904
2 515 610
3 701 562
2 183 2644
3 345 679
2 628 158
3 397 866
3 945 772
2 667 4359
3 225 704
3 422 538
3 621 261
3 653 694
3 313 816
3 176 208
3 37 361
2 173 442
2 20 1910
3 755 620
3 200 343
2 717 3037
3 423 334
2 128 876
3 564 798
3 391 914
2 574 2721
2 428 602
2 68 1790
2 325 2523
3 775 766
3 268 309
3 949 564
3 108 38
2 267 1804
3 702 539
2 714 1158
3 939 88
3 499 110
2 746 778
3 977 409
2 734 1835
2 190 911
2 405 803
3 633 366
2 955 2094
2 2 1075
3 266 985
3 446 726
3 124 230
2 849 446
3 333 916
3 832 223
3 293 259
3 518 103
3 21 727
3 166 491
3 507 863
3 679 281
3 299 903
2 69 4796
3 326 146
2 99 3589
3 791 339
2 99 784
2 341 3958
3 338 299
3 916 113
3 834 145
3 704 408
2 361 3800
3 608 288
2 876 1829
3 44 193
3 354 117
3 994 793
2 27 1744
3 934 135
2 931 313
3 79 722
3 314 411
3 993 229
3 557 857
2 678 2899
2 829 3309
2 91 680
3 144 610
2 281 2200
3 332 643
2 790 3495
3 288 595
3 866 91
3 675 350
2 250 2118
2 547 3515
3 553 30
3 475 344
3 182 962
2 594 58
2 330 1285
2 707 905
3 789 496
3 884 636
3 952 804
2 695 3943
3 778 703
2 625 4724
2 701 4483
2 91 3472
2 498 1351
2 239 3072
3 204 945
2 442 2319
3 913 143
3 310 921
3 708 436
3 445 940
3 570 913
3 967 68
2 672 2568
3 501 495
2 262 1405
3 596 644
3 408 42
3 361 866
3 437 101
3 477 774
2 970 4440
2 70 2826
2 897 4525
3 665 184
3 862 700
3 433 319
3 420 491
3 578 438
3 386 763
2 766 1990
3 221 394
3 895 591
2 477 4795
3 194 773
2 982 3233
3 137 355
3 634 554
3 458 495
3 781 15
3 43 639
3 673 821
2 587 1193
2 864 73
2 392 1891
3 717 885
2 473 3919
2 47 371
3 153 951
3 371 924
3 445 663
3 65 125
3 41 90
3 791 220
3 75 406
3 864 47
3 239 648
2 965 4162
3 82 696
3 702 739
3 616 909
3 266 864
2 455 2583
2 321 4024
3 770 792
3 669 439
3 238 90
2 782 1480
3 940 940
3 111 627
2 34 2556
3 288 229
2 23 2984
3 331 471
2 183 2018
2 144 1741
3 736 658
2 922 2890
2 603 2576
3 102 55
2 782 1930
2 656 3396
3 86 781
2 23 4134
3 274 595
2 658 4248
3 350 598
3 164 79
2 710 3365
3 10 941
2 419 740
3 89 579
2 613 292
3 48 753
3 464 377
2 852 3005
2 66 1715
3 18 175
3 128 648
3 130 723
2 241 1874
3 176 741
2 264 23
3 147 897
3 27 122
3 238 254
3 587 708
2 645 880
3 867 235
2 428 4655
2 636 1985
3 618 810
2 617 374
3 642 105
2 346 544
3 879 997
3 852 512
2 417 4215
3 19 989
2 51 4012
3 747 158
2 638 4693
3 113 371
3 827 532
3 241 889
3 597 595
2 186 4441
2 140 2380
3 948 484
3 650 246
2 468 2776
3 618 836
3 777 44
3 773 139
2 167 1261
3 199 108
2 859 3205
3 462 415
3 152 132
3 541 891
2 531 37
3 76 247
2 309 111
2 226 430
3 747 518
2 199 4017
3 160 579
3 760 672
3 634 297
3 996 991
2 776 2047
3 429 995
3 188 615
2 405 3087
2 417 754
3 991 662
2 460 3263
3 26 129
2 861 3679
2 823 444
3 507 569
2 602 4250
3 104 119
2 762 3693
3 750 484
3 404 736
2 67 4504
3 862 939
2 282 3434
2 323 108
3 222 47
3 474 773
2 829 2869
2 945 1769
3 604 785
3 180 55
3 894 122
3 377 409
3 946 118
3 281 378
2 414 467
3 764 297
2 367 4249
2 669 74
2 192 3091
2 574 4332
3 961 865
2 428 4773
2 667 2717
3 543 693
2 68 2275
3 393 371
2 348 4406
3 726 66
3 902 368
3 989 755
2 461 4360
3 649 883
3 995 641
2 98 2678
2 675 1582
3 255 586
3 506 645
2 618 3960
3 170 464
3 944 398
3 965 877
3 563 458
3 18 928
3 511 509
2 581 2310
2 544 3879
3 199 241
3 708 482
2 55 2077
3 777 808
2 854 4331
2 98 4727
3 925 402
3 638 990
2 345 3414
2 93 3905
2 892 4311
3 62 519
3 681 877
3 203 605
3 906 261
2 104 204
3 740 840
3 421 359
2 855 1849
3 615 244
3 615 239
2 952 2038
3 53 863
3 550 817
2 690 3661
2 139 308
3 480 696
2 944 1576
3 226 703
3 303 263
3 709 600
3 286 22
3 842 156
3 235 167
3 520 992
3 787 734
2 83 1514
3 573 88
2 21 2993
3 634 872
2 691 2385
3 300 467
2 545 1234
3 364 76
3 459 763
3 349 863
3 329 533
3 421 179
2 113 4062
2 753 1682
3 890 633
2 209 1956
2 983 936
3 715 994
3 712 849
3 235 839
2 394 721
3 776 478
2 837 1487
3 735 685
2 260 1972
3 131 551
2 478 3983
3 250 474
3 658 749
2 809 4163
2 853 340
3 300 918
2 961 1674
3 180 708
2 567 1590
3 891 277
3 375 300
3 613 564
2 894 1761
3 828 130
3 763 207
3 177 174
3 16 535
2 951 1725
2 353 452
3 47 703
3 144 14
2 177 1936
2 354 3061
3 814 505
3 64 122
3 209 988
3 892 122
3 715 379
3 200 594
2 729 2884
2 351 3345
2 398 2458
2 915 3892
2 678 2004
2 421 2805
3 805 674
2 781 258
3 52 403
3 102 162
2 528 843
2 708 334
3 482 73
3 447 31
2 254 1114
3 318 31
2 902 1146
3 16 632
3 975 135
2 457 1585
3 812 32
2 89 1664
3 170 521
3 72 967
2 720 4890
2 40 3009
3 392 913
2 285 366
3 991 147
3 506 359
3 760 834
2 323 830
3 437 448
3 681 870
2 332 1381
3 912 394
3 433 792
2 215 4651
3 705 210
3 532 557
2 103 4907
3 736 328
3 1000 122
3 933 452
2 614 3369
3 612 410
2 584 939
2 386 1259
3 672 250
3 677 677
2 596 2234
3 838 100
3 447 248
3 328 659
3 858 901
2 254 3220
2 374 350
3 871 69
3 766 967
2 67 3115
2 363 1177
2 971 4287
2 214 4779
2 84 3717
3 12 102
2 582 2517
3 706 638
3 707 335
2 900 3245
3 733 919
2 745 1512
3 922 623
3 233 323
3 687 160
3 352 865
3 436 293
3 302 632
2 894 2210
2 861 4691
2 633 1384
3 679 633
3 34 383
3 131 709
3 642 478
2 286 4868
2 345 3575
3 932 950
3 739 541
2 217 728
3 197 90
3 12 879
3 606 686
2 377 4507
2 379 1284
2 712 2775
3 697 723
3 944 693
3 4 452
2 842 1615
2 292 1913
2 954 1569
3 910 407
3 263 683
3 771 628
2 124 4402
3 915 492
3 631 69
3 37 567
3 916 910
2 10 931
3 864 507
3 279 482
3 85 302
3 589 40
3 806 287
3 723 604
2 978 4621
3 284 993
3 386 99
3 170 157
3 877 364
3 214 191
3 542 434
3 427 989
2 894 2064
2 236 2962
2 982 1120
2 81 2416
3 962 84
2 609 2695
3 579 717
3 485 797
3 406 146
3 456 902
3 240 901
3 130 904
3 746 13
2 239 474
2 276 2249
3 19 613
3 407 744
3 15 722
3 166 181
3 364 505
3 516 7
2 914 4617
3 324 819
3 631 538
3 96 492
2 748 138
3 915 432
2 240 2702
3 639 129
3 529 503
2 15 4216
2 920 2936
3 373 104
2 9 3881
2 553 2528
2 924 2534
3 145 185
2 353 1494
3 348 81
3 708 414
2 409 1069
3 343 86
3 27 529
3 291 977
3 308 826
3 991 465
3 614 171
2 589 4562
3 357 606
3 449 931
2 490 124
3 378 736
2 285 2176
3 792 713
2 396 384
2 915 523
3 593 831
2 13 3072
3 115 831
3 645 322
2 337 3304
3 485 634
2 79 4654
3 329 59
3 447 767
3 492 312
2 779 1889
3 779 543
3 592 327
3 203 426
2 60 3646
3 578 699
3 140 338
2 516 2811
3 672 252
2 237 2968
3 363 556
2 171 1633
3 57 954
3 616 48
2 939 4221
3 161 684
3 714 518
2 50 1999
3 858 858
3 840 372
2 564 4944
3 859 825
3 683 857
3 774 883
2 22 2587
2 817 3003
2 82 4485
3 946 711
3 410 676
3 841 110
2 51 643
3 964 232
2 591 2041
2 515 1891
3 452 402
3 202 342
3 216 413
3 550 357
3 686 240
3 600 389
2 827 2844
3 785 521
2 574 1015
3 264 148
3 498 84
3 304 110
3 571 928
3 622 534
2 670 116
3 525 603
3 48 313
2 628 3125
2 40 4031
3 172 977
2 135 3122
3 653 828
2 927 3396
3 253 676
3 450 419
3 209 282
3 443 475
3 114 380
3 703 105
3 798 32
3 861 483
2 396 3063
2 469 2284
3 294 144
3 917 847
3 333 614
3 456 592
3 930 980
2 165 1264
2 609 1146
3 709 113
2 815 1983
2 314 251
3 460 181
3 955 977
3 396 234
3 802 686
3 852 175
3 237 939
3 283 586
3 785 44
3 101 809
2 789 11
2 898 302
3 72 879
2 983 1888
3 66 154
3 602 509
3 579 777
3 43 732
2 433 225
2 53 2363
3 197 12
3 674 575
2 298 2038
3 622 130
2 540 4000
2 968 4836
3 822 734
3 813 848
3 357 728
2 359 4210
3 188 143
2 167 806
3 57 173
2 392 3641
2 410 1488
2 349 2603
3 479 471
1 624 625
1 896 897
2 73 3709
3 918 729
3 912 28
1 167 168
2 995 2422
3 333 967
2 959 996
2 754 2275
3 688 877
3 633 477
1 899 900
3 147 83
3 779 953
3 109 640
3 426 770
2 103 3637
3 774 300
3 469 53
2 773 2643
2 342 447
2 608 908
3 287 872
2 223 2059
3 338 954
3 698 861
2 351 1943
2 613 1977
2 74 600
3 412 21
1 389 390
2 966 2400
3 446 777
3 655 637
2 414 923
2 180 4807
3 682 767
3 58 175
3 218 667
3 581 319
3 166 917
3 149 921
1 774 774
2 757 955
3 934 293
3 910 448
1 995 995
2 379 4814
3 137 328
3 33 908
3 812 541
3 192 822
3 391 128
3 150 193
3 204 530
2 659 3923
3 367 867
3 925 35
2 273 3109
3 805 606
2 239 740
3 467 454
3 647 826
2 509 4563
2 908 1159
3 466 200
3 761 302
2 167 3295
1 144 146
3 729 842
2 484 3336
1 570 571
2 104 2224
2 808 664
3 823 181
2 226 4109
3 960 468
2 649 4121
2 179 3396
3 940 35
1 485 486
3 644 644
3 261 886
3 807 7
1 85 87
2 322 2092
2 282 1234
3 52 4
1 673 675
1 723 830
3 195 505
2 871 3711
1 534 535
3 705 428
2 746 3904
2 515 1041
1 507 510
3 690 314
2 554 2435
2 585 2282
3 323 767
3 210 622
3 171 201
1 971 974
1 893 894
3 595 973
2 144 3625
3 261 867
2 420 2457
3 426 983
3 845 394
2 546 4146
2 475 1030
3 382 939
2 698 3136
2 798 816
2 579 3606
2 852 122
2 92 4058
3 573 178
2 644 3013
1 481 482
3 31 30
1 24 25
3 812 723
2 262 202
2 723 3455
3 801 513
1 293 293
2 806 1869
3 196 904
2 773 1211
3 825 383
2 348 1813
3 300 784
2 929 3336
2 394 1309
3 438 862
2 104 4498
3 550 847
3 137 386
2 374 2472
2 762 3069
3 149 478
3 429 558
2 765 1133
2 451 4615
3 376 971
2 437 4961
2 627 3364
2 866 695
2 677 4639
3 383 441
2 782 4402
3 454 399
3 317 19
3 507 613
2 884 908
2 61 1633
3 457 926
1 807 808
2 570 503
3 480 263
2 376 2511
3 925 213
3 185 685
3 371 458
2 164 1360
3 93 933
2 230 27
3 803 512
3 520 24
2 167 3302
3 403 954
2 347 1604
2 571 1372
1 125 128
2 63 3397
3 352 646
1 875 877
3 530 987
2 291 1467
2 985 3408
2 539 181
2 942 2213
2 179 4287
2 909 2474
3 44 725
2 992 1603
3 870 286
3 88 396
3 166 694
3 955 253
3 354 916
2 387 1701
2 780 3277
3 614 325
3 97 899
1 525 526
2 909 3744
3 798 791
2 501 241
3 618 271
3 194 538
2 137 2272
2 483 4460
1 843 851
2 1 2425
3 325 52
2 721 2266
1 859 859
2 676 4073
3 885 903
3 506 713
2 351 716
2 642 801
2 236 2186
2 544 281
2 584 3404
3 494 877
2 779 2088
2 282 818
2 686 1226
2 372 4744
2 201 4592
3 311 578
2 131 3101
2 714 1924
3 99 613
2 185 2168
3 789 189
3 275 403
2 578 2275
3 378 79
3 837 893
3 951 206
3 5 801
2 40 519
1 330 331
2 136 684
2 981 305
1 733 734
2 708 1069
1 447 449
3 635 792
2 215 3800
1 440 442
2 225 72
3 81 900
3 97 165
3 202 517
3 58 494
3 543 900
3 91 296
3 228 660
3 130 169
2 443 2826
3 867 127
3 85 141
2 170 2023
3 302 352
2 249 2736
2 765 1309
3 270 610
2 143 722
3 318 423
2 332 773
1 530 531
3 496 165
2 553 4566
3 840 548
3 11 756
2 894 1550
2 54 1697
3 115 737
3 277 306
2 52 4734
3 308 895
3 905 385
2 574 3775
3 557 610
3 591 86
2 230 695
3 135 961
3 209 307
2 256 4803
2 703 3444
3 998 955
3 63 770
2 896 3701
2 612 244
2 874 2700
3 96 37
3 460 997
2 288 1861
1 917 918
2 177 1619
3 150 264
1 998 1000
2 503 603
3 254 641
1 861 863
1 566 567
1 308 311
3 268 943
3 875 228
2 867 1096
3 771 133
2 162 2959
1 830 831
3 207 245
2 449 4316
3 74 974
2 301 3964
3 986 978
3 715 569
2 182 918
2 816 867
2 180 1004
3 795 835
1 828 829
3 810 565
2 225 2171
3 481 570
2 526 2680
2 148 3896
3 864 109
1 117 120
3 360 498
2 750 4240
3 588 602
2 718 1590
2 971 8
3 745 745
3 990 328
3 962 538
2 878 2522
3 357 891
3 866 932
1 70 74
3 904 991
3 82 107
2 890 484
2 288 1810
2 928 120
2 409 4231
2 356 2013
2 479 1405
3 179 718
3 204 560
3 755 376
2 746 2235
1 968 969
2 607 4910
3 260 574
3 476 325
2 897 2024
3 210 350
3 420 544
2 485 2468
2 401 4649
3 971 763
3 869 29
2 696 352
3 213 464
2 317 257
3 492 55
2 368 1991
2 934 4618
3 988 981
2 556 4618
3 6 701
3 404 496
2 268 1911
1 923 924
2 548 789
1 354 357
3 460 477
2 958 3426
3 79 720
3 654 809
3 336 182
3 156 635
2 595 4860
2 802 887
3 916 707
2 419 627
2 744 3979
2 160 2007
3 457 819
2 183 1861
3 906 480
2 418 2395
2 510 2282
1 770 772
2 918 1161
3 162 907
1 852 853
2 133 432
3 506 80
2 81 3593
2 254 4136
3 663 406
2 791 957
3 653 856
3 819 756
3 486 817
3 64 355
1 940 941
1 471 473
2 754 3476
3 191 332
3 745 999
3 435 585
2 909 2779
2 462 2589
2 899 1294
2 719 2720
2 876 4789
1 768 769
1 829 830
3 605 895
3 300 590
3 841 424
2 75 1095
3 352 541
3 727 425
3 744 225
2 162 4274
3 975 861
3 989 631
2 82 3749
2 995 1985
3 485 425
3 513 249
2 528 3009
1 715 716
3 213 960
1 439 441
3 889 612
3 11 334
2 49 160
3 494 524
3 680 183
2 677 2414
3 6 36
3 227 748
2 951 2343
2 902 4801
2 735 4493
2 57 3397
3 342 319
2 810 542
3 160 980
2 114 2999
2 563 3989
3 964 949
3 455 560
3 651 941
2 820 507
3 116 332
2 644 280
3 338 259
3 805 642
2 855 4792
3 676 235
3 930 306
3 472 278
2 561 504
3 716 259
3 545 278
2 217 2300
2 992 4053
3 252 897
3 583 552
3 761 11
3 901 128
3 197 290
3 707 195
1 811 814
3 789 227
3 716 164
1 451 454
3 957 382
2 835 2442
2 264 75
2 859 3984
3 250 22
2 80 315
2 401 3732
3 28 496
1 4 6
3 754 621
3 424 307
3 209 138
2 272 4060
2 917 1954
3 31 844
2 571 158
1 431 433
2 146 3779
3 434 547
2 788 4204
3 729 207
1 990 993
3 203 447
1 873 873
3 36 760
3 843 804
3 992 241
2 1000 4888
3 238 84
3 317 72
3 568 808
3 61 144
2 727 481
3 560 491
2 207 1162
3 952 228
2 783 277
3 673 119
3 647 281
3 76 853
2 384 1432
2 387 736
3 702 695
3 446 764
2 594 4371
3 870 482
2 827 64
3 300 216
2 236 4023
3 784 310
3 607 389
2 441 2124
2 569 2465
2 982 1440
3 541 617
2 982 2713
3 563 207
3 368 680
2 48 4836
2 89 1961
3 591 782
1 327 328
2 870 1563
3 35 788
3 345 54
3 257 257
3 547 713
2 135 1366
3 305 836
3 30 530
3 620 58
3 825 527
2 296 373
1 598 601
2 218 1415
3 826 138
3 313 54
3 854 811
2 594 1119
2 765 678
3 100 128
3 440 947
3 188 28
2 415 2443
2 566 3819
3 276 333
3 804 142
2 522 4168
1 277 278
2 296 1882
3 779 910
2 24 1750
2 475 4628
3 558 304
1 172 173
3 670 744
2 391 4655
3 593 747
3 756 399
3 280 280
1 995 997
3 233 643
2 417 3732
2 67 546
3 16 566
3 556 899
3 547 72
2 100 1949
3 865 455
3 694 882
3 158 213
3 272 377
1 356 356
2 960 4485
2 875 3239
2 769 2520
1 14 15
2 848 1406
3 125 415
2 700 1905
2 600 2716
3 929 16
1 528 532
1 773 775
3 356 146
2 363 4406
2 484 1724
1 1000 1000
3 576 132
1 620 621
2 760 3750
3 439 927
3 617 468
2 18 1663
2 442 429
3 664 400
3 403 534
2 558 1052
3 769 796
3 862 860
3 747 896
2 139 882
2 788 3723
3 60 952
2 613 1919
3 975 622
3 646 415
2 368 1157
3 32 79
2 766 4042
2 810 2989
2 299 1997
2 720 208
3 500 425
1 431 431
2 890 1195
1 618 619
2 269 3699
3 163 90
2 811 2044
3 577 719
3 842 362
3 466 222
3 602 772
3 770 940
2 487 3124
2 84 2318
2 600 3737
1 586 588
2 30 4314
3 694 244
3 105 521
2 188 4590
2 436 793
2 888 4933
3 724 584
3 731 212
3 174 497
2 705 2285
3 83 83
1 947 948
3 179 380
3 524 381
2 753 3630
3 80 56
3 454 349
3 550 679
3 426 620
1 388 390
3 229 19
2 569 307
3 155 419
1 768 769
2 874 653
2 356 4906
2 828 1442
2 883 1096
3 533 568
2 234 2393
3 178 682
3 686 369
3 469 23
1 779 780
2 405 2147
2 161 4896
1 670 671
3 490 900
3 712 712
2 492 3510
2 942 2231
3 163 12
1 935 936
2 30 4473
2 500 1691
3 51 838
3 255 737
3 94 58
2 218 956
3 124 526
2 794 1013
2 609 4918
2 840 3636
2 861 619
2 929 4025
2 937 935
2 384 748
2 14 1407
3 537 410
2 548 3632
2 144 1018
3 882 711
3 804 749
3 606 847
3 201 144
3 246 630
3 430 555
2 564 3710
1 323 324
3 969 540
2 484 3982
2 291 111
2 983 2243
1 221 223
2 338 4981
1 628 630
3 88 308
3 54 356
2 119 4615
2 582 1728
1 298 299
3 867 452
3 380 211
2 384 2013
2 565 4183
1 250 254
1 221 223
2 222 1922
3 395 79
3 427 359
1 836 837
3 34 651
3 18 427
3 317 132
3 916 327
3 617 310
2 958 2754
3 128 377
2 902 3128
2 103 4170
3 191 109
3 225 849
2 340 4482
3 701 180
2 873 2684
3 715 921
3 744 341
3 993 30
3 12 368
1 213 217
1 527 530
2 719 3757
1 257 261
3 605 593
2 447 2850
3 421 661
3 230 230
1 481 483
3 489 302
2 873 1050
3 331 954
3 183 371
3 83 827
3 466 610
2 808 1880
2 851 3487
2 406 4251
3 151 151
2 146 1158
2 937 2214
3 687 965
3 788 466
2 298 4487
3 779 60
1 626 626
2 134 4494
1 216 216
2 868 2376
2 841 2168
3 695 901
2 64 1692
3 427 181
3 619 751
3 743 368
3 866 316
3 64 325
2 478 4800
3 243 334
3 926 259
3 587 224
3 399 793
2 617 3177
3 665 417
3 467 813
2 257 980
3 351 196
2 957 170
3 114 419
3 416 633
3 527 551
3 854 259
2 212 2580
2 413 4586
3 874 804
3 197 341
3 481 543
3 263 679
2 121 2443
2 203 475
1 242 245
1 412 414
2 2 31
3 58 888
2 31 1483
2 717 2592
2 427 2150
1 603 603
2 400 858
2 660 3592
1 688 690
3 640 283
3 322 457
2 890 4461
2 396 1964
3 38 518
2 795 222
2 471 2097
2 754 3168
3 215 80
3 189 77
2 861 3172
3 352 127
2 718 1657
2 210 2742
2 664 1088
2 823 4967
2 62 1175
3 674 818
2 169 3057
3 112 969
1 433 435
2 845 4412
1 737 739
1 971 976
2 496 2689
2 745 4439
2 253 4312
3 175 616
2 706 230
2 996 2839
2 897 3827
3 816 650
3 322 971
2 948 132
3 974 152
1 509 511
3 484 550
3 414 555
2 924 2814
3 829 379
3 597 717
2 426 4002
3 400 399
3 942 995
2 359 4184
1 426 429
2 892 3992
2 741 4306
1 238 239
2 193 4257
3 608 893
3 774 629
2 945 2418
3 480 328
2 571 1209
3 298 430
3 733 114
3 421 999
2 764 2211
2 188 2640
2 136 4674
2 104 2370
2 893 1827
2 858 894
2 428 2394
3 874 276
2 445 4614
3 546 609
2 606 1971
3 914 34
2 826 1979
3 739 65
3 577 52
3 646 507
3 293 810
2 484 4842
2 728 1353
3 273 484
3 960 339
3 646 923
3 5 89
3 117 29
3 112 103
3 257 629
3 514 548
2 492 2931
3 515 87
2 512 4985
2 871 1696
2 345 1616
3 634 771
3 838 512
3 554 53
3 577 787
2 347 4617
3 128 207
1 342 343
3 457 23
3 738 261
3 601 493
3 238 91
2 844 4679
1 175 176
3 593 108
2 932 4693
3 5 102
2 932 1243
2 542 3672
3 581 291
3 392 507
3 363 919
2 959 2115
3 413 488
2 309 4155
2 420 360
2 19 2459
3 666 231
2 21 2665
3 637 644
2 674 4996
2 824 3235
3 991 782
3 975 83
3 618 356
2 211 4110
1 525 526
3 915 201
2 726 1803
3 162 986
1 918 920
3 341 417
2 397 3100
3 297 550
2 806 2831
3 3 79
2 286 1120
2 448 4155
1 458 461
3 849 911
3 471 359
2 135 2705
3 458 179
3 653 73
3 924 647
2 797 3876
1 608 609
3 717 384
3 371 770
2 744 2551
1 788 790
2 321 3542
3 865 21
2 404 4803
2 321 1366
2 474 297
3 104 390
2 587 2530
3 834 968
3 505 886
3 970 978
3 173 359
3 215 497
3 940 593
3 999 381
3 178 340
3 404 411
3 891 399
3 404 335
3 420 534
2 678 1979
2 70 3044
2 548 4741
2 308 1938
2 731 3751
1 725 726
1 568 569
3 217 433
1 264 266
2 505 26
2 546 2666
1 731 733
2 628 900
1 108 109
1 104 105
3 941 533
3 892 830
2 801 1227
1 504 507
2 249 305
2 831 2856
2 147 1175
2 830 2334
2 670 4253
2 649 613
3 900 867
3 241 533
2 444 150
3 915 285
3 294 416
3 254 592
3 941 602
2 890 1575
2 89 1974
1 528 529
3 999 207
2 62 917
2 120 3941
2 544 2636
2 567 1374
2 727 3382
2 807 3827
2 35 2073
2 923 66
2 885 2189
3 548 979
2 507 1358
3 682 327
2 515 3465
2 657 2036
3 911 90
3 290 424
3 73 276
3 947 483
2 589 1839
3 256 197
2 442 4768
3 11 772
2 405 4535
3 601 652
3 318 563
3 100 980
3 239 771
3 259 239
2 984 3631
3 311 638
3 650 468
3 691 456
2 663 3695
3 551 928
2 469 2347
3 727 215
3 691 789
3 683 375
3 580 600
3 460 903
3 312 624
3 10 994
3 673 145
3 440 443
1 117 118
1 830 831
3 145 100
3 579 325
2 195 4399
2 172 2243
3 744 575
2 636 1302
3 966 753
1 941 943
3 701 409
3 567 828
3 252 745
3 117 90
2 657 725
3 201 126
3 494 812
2 947 3351
3 462 702
2 605 2966
3 490 257
3 726 162
3 602 410
3 771 541
3 756 257
2 676 1780
1 9 10
3 491 677
1 378 379
3 16 313
2 930 4945
1 909 912
3 4 695
3 329 137
3 41 5
2 759 1470
2 547 4788
2 358 3234
3 993 752
1 282 284
3 37 283
1 51 52
3 979 879
2 601 2418
2 986 2670
3 708 756
3 940 750
3 32 373
2 721 3643
2 113 1316
3 919 87
2 553 3687
2 109 4275
2 299 858
3 23 211
2 265 1352
3 677 743
2 54 4346
3 614 778
3 854 255
2 410 3198
2 599 4114
1 556 556
1 454 455
3 384 973
3 410 639
3 457 342
3 457 486
2 177 1888
2 178 636
3 31 722
3 762 578
3 948 178
3 565 154
3 21 351
2 112 2297
1 344 347
1 421 424
3 868 363
2 977 1924
3 996 22
2 441 2849
2 455 1197
2 458 70
2 837 4984
3 606 620
2 720 4914
2 613 4684
3 606 709
3 710 57
1 343 345
2 511 226
1 995 997
3 357 158
3 148 239
3 417 689
3 375 540
2 574 2329
2 221 175
3 182 677
3 657 38
2 235 3597
2 841 2165
2 904 2109
3 953 998
2 85 1433
2 67 1105
2 280 3638
2 678 2901
2 439 542
3 752 606
2 112 4796
1 964 966
1 122 123
3 69 422
3 664 222
1 318 320
1 437 438
2 625 2123
3 256 83
3 874 314
1 952 953
3 584 77
3 873 767
2 391 2264
2 697 639
2 372 219
2 601 4048
3 809 428
2 83 4717
3 997 801
2 596 241
3 232 17
3 918 934
3 509 731
2 969 2896
2 849 3277
3 787 232
2 691 919
3 274 147
3 798 373
2 935 3009
2 57 450
3 494 918
3 476 523
3 732 230
3 96 518
3 983 89
3 599 167
3 859 216
3 90 731
3 48 347
1 45 46
3 405 265
3 403 682
2 729 4364
2 897 1669
2 113 3930
3 271 230
2 821 633
3 358 835
3 454 278
3 974 183
3 512 589
3 83 419
3 859 184
3 238 27
2 487 3033
3 552 595
3 726 156
3 103 126
3 996 809
3 148 629
3 802 835
2 585 667
3 596 601
3 356 186
3 497 533
3 146 839
3 554 658
3 733 756
3 931 463
3 601 148
2 921 3781
3 343 772
2 329 3555
2 200 3817
3 638 499
3 4 157
3 539 402
2 971 4228
3 567 446
3 843 85
3 723 456
2 418 4468
3 109 619
2 514 1629
3 728 369
3 350 763
1 701 703
3 224 821
3 745 964
3 64 624
1 437 440
3 657 178
3 899 824
1 172 174
3 565 982
3 472 472
3 754 649
2 548 4236
2 700 1447
3 212 979
3 15 117
2 124 4330
3 869 46
3 843 915
2 477 1011
1 545 546
2 343 483
3 388 469
3 121 438
3 723 363
3 959 344
2 553 276
1 736 738
3 978 939
2 863 1752
3 297 406
2 302 3272
3 189 135
2 254 3162
3 739 950
3 968 751
2 149 1491
3 541 79
3 770 318
2 149 4202
3 40 203
3 986 640
2 955 2843
2 572 4576
3 337 756
3 312 190
3 722 434
3 560 157
3 873 803
3 989 964
3 845 747
2 568 1288
3 210 561
2 638 986
2 931 252
1 878 881
1 438 440
2 373 1568
3 989 526
3 420 24
3 294 294
2 768 2092
1 799 801
3 942 204
2 68 979
3 329 656
1 703 489
2 135 105
3 826 682
1 123 124
2 124 2855
2 388 486
1 873 877
2 377 3917
2 237 4056
3 232 361
3 900 706
3 903 338
2 361 220
2 287 3219
2 476 3753
1 197 198
3 199 756
2 928 4099
3 159 175
3 277 672
2 861 1273
3 382 315
2 799 1639
3 200 62
2 174 3704
1 762 763
3 82 969
1 517 519
2 272 2333
3 528 314
3 291 711
2 820 3789
2 338 4595
3 154 965
3 858 256
2 91 629
1 536 537
3 689 933
2 148 4400
3 736 435
3 555 765
3 468 298
3 655 727
2 387 2092
2 700 41
3 179 431
3 81 64
2 709 1161
2 427 3227
3 462 589
3 908 270
3 646 21
2 981 2098
3 803 782
3 88 817
3 363 593
2 249 2265
3 213 407
3 355 107
2 633 624
3 13 256
3 586 632
2 708 4840
3 741 770
3 565 535
2 594 2745
3 75 384
2 596 3479
3 789 821
3 9 399
2 163 875
2 609 2224
3 419 121
3 730 114
2 997 34
2 91 2540
2 416 1332
3 321 417
3 219 371
3 931 586
2 706 1481
2 134 2260
3 494 223
3 395 216
2 856 4712
3 525 91
2 44 3801
2 755 2245
1 821 823
3 646 790
2 404 2730
2 127 2643
2 336 3215
2 310 2153
3 728 331
3 833 890
2 658 3645
2 782 2983
3 888 68
3 582 472
3 55 432
1 400 404
2 73 4818
3 222 346
3 834 334
1 494 496
2 749 2931
2 259 887
1 251 256
2 791 3434
2 494 926
3 656 134
3 171 186
2 214 224
3 217 25
3 934 810
2 572 1674
2 802 342
2 586 1980
3 498 154
1 800 802
2 113 1486
1 968 970
2 986 1187
1 184 186
3 212 648
3 496 268
3 757 13
2 307 802
2 272 513
2 475 1099
3 564 359
3 623 340
3 776 859
3 553 874
2 172 2577
2 273 958
2 657 3175
3 423 915
3 387 394
3 228 668
3 617 250
2 664 2402
1 349 351
3 164 42
2 190 2087
3 333 259
2 327 4127
3 148 789
3 262 304
3 829 200
2 104 4282
3 666 50
1 902 904
2 266 222
3 813 63
3 224 593
3 948 524
2 116 1632
3 921 978
3 804 936
2 677 2508
3 405 111
2 878 4048
2 762 779
3 745 358
2 996 2149
2 102 1982
3 49 116
2 847 861
3 847 405
3 29 436
3 364 972
2 556 1421
3 541 330
3 323 877
3 374 193
3 920 757
3 45 298
1 689 690
3 136 713
3 339 659
3 256 466
2 889 4986
3 829 347
2 920 3546
3 680 978
3 239 114
2 910 2126
2 724 2098
2 906 1560
3 234 957
2 977 2953
3 580 119
2 730 4867
2 816 4212
2 267 501
1 918 920
2 757 4688
2 683 551
2 188 3012
2 793 1529
3 291 203
2 281 3087
2 260 2481
3 91 806
1 709 713
2 369 3564
2 814 533
1 912 914
2 502 4358
1 664 667
3 464 511
3 909 145
3 875 334
1 413 414
3 683 111
3 687 468
2 783 2418
2 532 966
3 602 101
2 178 929
3 358 877
3 151 40
1 592 595
1 763 765
1 372 373
2 402 4353
3 404 943
2 406 84
2 280 1839
3 809 915
3 63 754
3 668 912
3 791 699
3 1 777
2 105 4657
2 675 3507
3 495 815
3 612 113
2 598 4184
2 501 2315
2 657 4328
3 248 971
1 56 57
3 979 674
3 227 885
2 149 694
3 153 280
2 786 741
2 464 1379
1 706 708
3 156 412
3 525 728
2 869 4764
2 559 863
1 277 282
2 437 4002
2 310 1527
1 652 652
3 759 363
3 30 190
2 77 109
3 868 325
1 90 91
2 488 488
2 355 2100
1 4 5
3 315 678
1 911 915
2 671 473
2 227 959
3 616 150
3 239 311
1 198 199
2 351 3207
1 305 306
3 259 500
2 6 116
3 910 745
2 410 1165
2 89 3549
3 409 251
3 262 798
3 908 224
3 863 337
3 861 708
3 938 875
3 927 291
2 797 4961
3 797 13
3 101 493
2 518 1086
1 666 667
2 397 1277
3 115 797
3 396 519
3 253 10
1 284 285
2 462 2491
3 889 889
2 299 75
3 51 13
3 76 853
2 494 1374
2 401 2027
3 142 886
3 506 665
2 68 2270
3 140 277
2 840 308
3 175 368
1 229 230
3 68 426
3 508 343
1 852 853
2 871 2029
2 146 3168
2 152 4246
3 919 521
2 441 1048
2 689 1301
3 154 967
2 892 216
1 994 994
3 258 509
2 921 3083
3 527 525
3 551 924
3 496 67
2 710 4551
2 146 2181
3 478 117
3 895 247
2 448 404
2 892 1440
3 932 124
3 246 82
3 686 726
2 280 3313
2 316 1165
3 447 990
2 669 4765
1 839 844
3 470 309
2 983 3472
1 82 83
2 876 1452
3 767 777
3 726 322
2 858 1786
3 175 397
2 582 3691
2 54 3371
2 638 3618
2 785 2727
3 266 947
1 289 290
2 314 3886
2 658 1914
2 985 2038
2 591 1801
2 984 662
2 594 4567
2 142 1653
3 149 316
3 345 747
2 382 1897
3 44 656
3 22 400
2 678 4409
2 576 4256
3 785 981
3 856 182
3 68 132
2 767 174
1 659 702
2 702 3948
1 724 726
1 916 917
2 522 504
2 625 1848
2 124 4344
3 470 350
3 452 396
2 354 3775
3 638 406
2 222 3315
3 678 70
3 524 758
3 988 617
2 403 4669
3 592 39
2 292 2907
1 182 184
1 627 629
2 825 3691
3 273 581
3 668 161
3 410 325
3 467 964
3 444 632
2 756 1717
2 673 2313
3 967 1000
1 661 662
2 161 4788
3 106 918
2 259 2396
3 792 188
2 508 3417
3 270 487
2 819 2622
2 647 3947
3 874 604
3 311 452
1 955 956
2 322 4404
3 173 339
2 402 2052
3 189 121
3 53 118
2 736 4250
3 302 303
3 709 558
3 888 254
3 289 404
3 185 371
3 435 612
2 835 1988
3 302 620
3 411 940
2 760 3277
3 684 592
2 148 238
2 7 3770
3 309 802
2 728 2778
3 149 984
3 891 694
2 236 2412
2 398 3110
3 289 826
1 347 348
3 953 951
3 24 39
3 980 755
3 784 430
2 127 2735
3 408 829
2 667 4394
3 23 218
2 537 2183
3 45 342
3 995 914
2 923 2279
3 709 299
3 657 874
3 588 11
3 298 393
3 852 542
1 544 545
1 889 891
1 952 954
3 719 661
2 993 2328
1 537 539
3 30 853
2 101 4333
2 610 582
2 406 3360
3 177 770
2 900 2149
2 613 4891
2 175 7
2 239 1390
3 750 590
2 604 2928
3 924 994
2 315 3973
2 555 45
1 108 111
2 506 831
1 932 933
2 738 4367
2 967 2165
1 389 391
3 35 548
2 185 743
3 545 227
3 502 328
3 203 376
3 646 52
3 654 989
2 702 522
2 679 4550
1 562 563
1 651 652
3 901 928
3 629 792
3 178 868
3 751 551
2 635 2452
3 210 510
3 676 878
3 862 427
2 742 1600
3 266 976
3 626 866
1 293 297
3 873 908
3 447 557
2 97 43
3 268 744
3 499 930
2 246 1402
3 32 649
3 303 578
3 354 978
2 865 3005
1 884 885
3 991 895
2 299 2656
3 235 287
1 797 798
3 746 26
3 432 711
3 917 487
3 715 918
2 98 2246
3 91 213
1 467 469
3 658 526
3 255 614
2 353 3478
2 27 1232
2 141 2386
3 819 911
1 851 853
2 570 1741
3 156 981
3 156 174
3 107 692
2 763 2867
2 774 3805
2 600 1169
3 97 394
2 170 996
3 71 584
3 347 867
2 652 4922
3 620 53
1 30 33
1 243 246
2 283 2956
2 937 1354
1 329 330
3 142 142
2 264 4401
3 475 674
3 46 890
3 8 839
2 302 2575
2 965 2575
1 187 189
2 361 1561
2 134 4861
2 154 1019
1 758 759
3 642 877
2 377 4243
2 641 4424
2 116 935
3 116 489
3 949 219
2 285 1923
3 719 46
3 66 175
3 7 650
3 287 349
3 109 854
3 743 238
1 723 725
3 562 926
1 765 767
2 227 585
2 931 1412
3 359 914
3 296 926
3 602 307
2 668 748
3 209 789
2 565 3377
2 644 1924
3 746 486
2 944 1852
3 822 409
3 956 511
2 282 2803
3 249 515
2 740 3543
2 331 4763
3 616 352
1 481 486
2 923 4234
3 47 104
2 423 3371
3 308 26
2 539 4363
2 769 3453
2 319 3540
3 788 759
1 465 466
2 157 2691
3 947 664
2 94 4513
1 798 802
3 971 675
2 376 2539
2 430 2235
1 619 620
2 173 1279
3 309 888
3 141 913
3 581 109
2 649 1627
2 794 3686
3 25 41
3 212 758
1 190 196
1 372 373
3 138 28
2 109 2779
2 475 4385
1 116 117
3 915 419
3 670 993
2 895 2738
3 291 383
3 21 666
3 561 721
3 90 946
2 415 2878
2 108 1378

