1644 5000
1685 1694
2457 2461
4806 4808
3423 3425
675 682
4859 4863
606 613
4589 4594
1839 1850
1033 1037
2731 2741
3266 3274
4822 4827
3591 3597
4930 4933
2025 2030
1789 1800
3118 3121
2303 2307
4189 4194
1564 1566
4307 4312
617 627
3053 3056
4093 4095
3178 3190
547 552
3387 3395
3021 3027
1971 1978
3798 3801
4550 4553
3237 3241
3310 3315
3081 3087
2315 2322
1725 1730
1547 1556
4170 4174
839 841
2426 2427
4919 4922
541 544
2100 2104
216 220
4380 4383
4351 4353
1860 1868
158 161
4284 4293
3166 3171
4961 4970
3418 3422
843 847
1388 1397
2416 2418
1770 1774
209 211
3216 3225
390 392
2114 2119
458 463
4250 4258
3904 3914
3869 3873
3981 3985
4690 4693
3161 3165
3520 3525
2396 2398
1827 1833
2369 2377
2585 2596
3472 3478
4835 4843
4445 4448
2719 2729
3366 3370
4492 4498
4411 4419
2236 2240
4292 4303
4795 4804
869 875
2545 2556
2458 2464
443 448
4106 4113
915 924
2102 2105
1989 1991
3157 3162
2474 2475
734 743
3514 3520
4223 4229
2706 2711
4077 4079
471 476
3139 3149
371 378
2701 2705
1052 1060
789 791
4395 4398
587 592
2756 2759
2441 2443
1111 1121
1301 1303
4163 4168
382 386
3003 3008
2151 2162
1245 1253
2437 2441
3050 3052
990 998
3092 3096
640 643
3361 3363
1884 1886
4956 4961
2210 2216
540 542
3784 3788
2914 2916
4013 4024
3319 3325
2449 2451
4995 4998
4873 4877
2631 2633
642 645
753 762
651 657
3122 3125
175 180
2066 2068
3277 3283
4220 4226
1987 1989
4902 4906
3783 3785
4141 4149
2757 2761
4892 4897
290 301
3962 3966
4431 4435
4962 4974
3041 3045
4886 4889
4400 4404
4576 4578
4355 4360
1757 1759
3976 3979
1650 1652
718 722
4248 4253
646 648
4036 4040
4235 4243
1378 1382
1261 1264
2338 2346
4703 4709
829 833
4758 4764
3827 3830
2021 2027
2854 2857
3345 3349
3433 3438
1906 1911
308 317
1140 1145
3247 3250
1900 1906
711 719
3147 3151
1239 1248
920 927
2332 2341
3127 3133
317 321
2176 2186
2774 2780
2367 2372
4792 4799
3567 3570
3347 3352
2941 2943
4371 4372
3226 3231
4322 4326
3338 3343
3318 3320
1612 1619
1916 1922
1126 1128
791 792
3865 3869
452 454
225 231
2489 2491
3185 3192
4895 4903
2957 2963
171 173
1234 1237
1352 1356
2636 2638
4753 4759
2638 2642
2532 2537
3793 3798
4085 4088
2959 2967
149 156
173 176
4437 4441
3325 3333
4532 4535
2471 2474
1288 1296
650 652
806 809
4202 4211
4043 4048
199 200
1471 1481
4436 4437
321 322
1322 1333
2891 2894
4670 4683
634 639
1105 1109
3027 3030
3779 3781
2497 2499
2155 2167
1417 1421
3611 3614
1538 1546
4541 4545
1914 1917
4231 4241
1214 1215
1536 1538
2495 2497
1182 1189
3984 3987
3292 3300
189 199
1962 1966
2267 2270
117 121
2656 2660
299 308
119 126
2581 2589
3343 3345
700 702
2207 2210
2452 2455
1600 1605
2524 2531
3548 3551
1772 1778
4321 4324
4187 4190
359 367
2732 2742
4521 4529
4785 4788
2421 2423
3103 3110
834 840
3755 3759
2115 2121
4651 4662
4495 4501
1093 1100
3751 3758
1320 1328
2927 2932
4094 4097
1697 1704
445 451
4096 4102
1249 1254
4914 4917
1385 1393
2121 2131
4121 4129
2856 2862
4580 4590
2507 2514
1191 1196
596 598
1082 1085
3947 3954
4920 4926
4160 4163
7 9
1269 1278
4574 4576
4155 4156
1303 1308
989 996
4022 4032
604 609
1660 1668
505 510
3661 3666
469 473
4801 4807
2789 2797
1394 1402
3386 3391
41 46
3198 3203
1878 1884
1920 1928
40 45
2150 2160
974 982
3074 3082
3351 3357
1215 1218
1422 1429
4644 4651
1071 1077
1196 1201
2012 2016
1397 1408
1930 1934
2013 2021
3193 3198
2803 2807
3454 3456
781 789
4664 4674
4254 4261
673 677
3297 3301
3705 3711
2663 2666
3164 3170
2847 2852
733 739
89 92
1006 1012
51 59
4381 4385
870 879
2119 2126
1991 1992
2442 2445
4775 4782
1038 1050
1522 1525
2818 2822
3886 3892
706 709
1714 1718
4597 4605
1429 1435
491 493
3625 3633
2232 2237
4151 4155
1653 1660
3250 3251
3844 3853
3854 3862
419 422
2897 2902
1143 1149
342 347
127 136
187 189
4577 4581
4429 4434
3619 3620
4440 4444
707 714
1199 1202
1672 1679
4832 4837
2704 2706
2761 2771
2599 2605
1792 1807
662 665
3730 3737
2295 2301
1463 1468
2607 2612
2693 2695
64 71
2491 2496
4837 4848
2282 2287
3458 3463
1939 1946
1633 1636
1100 1103
1069 1074
906 912
1870 1873
237 242
3954 3958
2249 2254
4513 4518
1257 1262
1002 1007
4808 4810
1460 1463
1763 1767
2161 2175
1677 1683
2559 2563
3481 3489
152 158
2391 2397
4751 4753
4228 4236
3691 3693
4120 4126
720 726
2516 2525
535 538
251 256
3399 3404
1944 1950
2132 2139
2344 2352
360 370
2793 2799
3802 3805
1530 1535
1602 1610
1284 1289
4983 4990
4829 4833
4501 4506
3265 3273
4172 4177
4761 4768
4144 4152
128 140
3967 3972
1525 1530
4242 4248
103 107
3942 3943
3589 3593
879 884
3264 3271
1513 1522
2950 2955
3879 3884
3299 3303
392 397
1452 1454
527 533
1586 1590
1627 1632
973 981
3262 3268
1291 1300
2147 2148
233 236
4415 4424
223 227
1736 1745
4623 4632
459 466
3371 3377
766 774
3355 3361
2574 2580
1355 1357
1277 1283
4318 4321
2686 2689
4179 4184
3058 3064
2220 2224
2604 2608
887 894
1156 1158
3663 3671
3780 3783
1746 1752
4506 4511
3681 3688
2535 2541
399 407
4710 4714
2894 2896
3282 3291
3826 3827
1717 1719
2385 2386
818 824
2844 2846
2073 2077
1985 1988
3321 3329
526 532
2550 2559
4019 4030
2518 2530
971 978
1075 1082
276 281
2198 2201
1952 1960
1667 1670
4667 4678
947 955
1978 1980
2829 2838
4457 4458
1573 1577
3944 3951
2667 2676
2411 2417
660 662
4693 4696
4560 4567
2345 2357
1767 1770
522 525
3084 3088
2571 2574
3918 3924
4484 4487
3569 3575
3678 3683
937 941
4828 4829
3787 3792
1927 1931
3129 3137
1420 1425
4631 4641
4985 4993
1891 1894
4374 4378
3892 3897
1783 1793
4404 4413
2028 2034
2195 2199
3638 3641
4928 4930
1968 1973
3524 3530
4905 4907
4134 4138
793 797
4277 4283
2999 3002
689 696
1438 1445
639 642
1025 1033
2383 2384
3632 3637
4078 4083
42 51
1947 1955
1453 1459
4976 4980
4551 4555
1412 1417
3614 3617
3214 3222
4731 4736
1502 1507
1582 1583
4707 4711
4972 4976
3209 3211
1851 1853
4360 4366
33 37
1213 1214
913 919
2219 2221
322 326
1419 1422
374 382
3254 3264
165 171
4941 4944
4605 4610
4311 4317
2091 2095
4486 4494
3440 3443
648 649
3972 3977
893 896
3125 3127
478 484
3044 3047
3223 3226
1173 1179
1068 1069
1228 1234
4876 4881
2420 2421
1621 1628
3519 3522
3582 3584
4156 4160
4695 4699
1370 1376
54 63
1791 1805
2618 2622
4376 4381
1816 1823
2994 2997
2589 2599
2170 2179
2317 2325
2827 2834
3562 3568
1584 1589
2368 2373
2068 2073
3446 3451
81 83
1761 1765
302 313
1470 1477
2082 2090
3365 3369
476 479
633 638
2740 2746
451 452
4109 4117
4012 4020
14 19
2874 2877
4718 4724
2041 2045
2916 2917
2758 2766
2679 2687
4173 4178
3404 3406
2846 2849
644 646
2008 2013
243 252
3747 3751
4046 4050
1160 1165
4769 4773
4610 4612
3997 3999
1632 1635
1402 1412
2148 2152
1733 1739
3469 3474
334 340
3659 3665
2399 2402
2271 2274
4330 4332
3006 3011
2238 2245
3642 3648
4696 4704
1110 1116
106 111
1359 1367
580 585
4270 4275
4993 4997
4401 4409
616 623
564 569
1966 1967
1967 1971
1331 1339
2560 2564
3244 3246
385 391
2244 2249
2095 2097
2597 2602
3205 3209
1853 1855
574 577
3012 3018
1670 1671
4283 4288
4763 4772
1728 1735
4539 4542
2005 2009
944 951
4135 4142
4555 4560
3916 3923
4116 4121
4301 4308
2192 2197
3370 3375
208 210
3994 3997
3380 3385
4980 4986
29 34
3429 3431
934 935
77 79
3757 3761
2862 2866
4183 4185
1356 1362
2006 2012
3477 3482
4878 4883
685 691
3860 3865
3928 3932
1867 1872
2932 2934
509 518
1119 1126
4816 4817
3513 3516
1619 1620
2189 2191
430 433
538 541
2582 2594
4214 4219
2860 2865
1545 1551
2867 2871
3525 3533
2107 2109
401 410
2990 2995
3442 3446
4197 4203
2083 2094
955 957
1635 1641
1149 1152
2037 2042
3406 3410
2384 2385
3169 3173
4906 4911
821 829
3438 3440
3040 3044
3991 3994
2716 2721
4909 4913
3741 3746
3777 3780
1608 1614
2871 2872
405 418
3480 3486
370 373
1873 1880
3022 3029
212 216
4258 4265
524 528
2234 2238
1435 1436
3799 3804
582 588
4435 4436
2934 2938
2410 2415
1237 1239
1437 1440
1183 1190
2527 2532
2214 2219
324 331
3052 3054
93 97
4442 4447
2788 2792
774 780
441 444
3054 3058
1955 1963
2361 2367
1154 1157
1741 1747
2500 2509
1659 1663
1318 1324
4686 4692
2429 2434
765 770
3407 3413
1238 1244
3291 3295
3720 3727
4812 4816
4341 4347
1652 1657
865 868
2769 2774
2342 2349
1484 1494
852 857
289 297
1220 1222
3155 3158
1226 1227
625 629
1558 1565
23 27
2717 2726
2498 2501
2998 3001
3455 3458
3599 3601
1506 1515
1101 1104
2639 2643
4113 4119
4196 4200
1695 1699
3251 3256
3462 3466
1008 1018
2423 2426
4490 4496
3531 3539
3686 3690
1568 1572
2104 2108
2945 2950
2294 2297
902 908
1983 1985
1704 1707
3177 3185
1941 1947
4102 4110
2000 2005
1994 1996
1307 1311
210 212
4397 4403
4723 4728
4500 4502
2355 2362
1381 1385
3811 3816
2499 2504
1219 1221
1581 1582
4583 4592
2616 2619
4777 4787
1287 1291
4730 4731
4646 4658
1 6
1859 1865
281 284
262 266
34 40
3087 3092
4281 4287
4041 4043
2752 2757
3874 3880
1064 1067
4479 4480
3060 3065
4359 4364
3635 3638
4185 4187
3065 3070
4460 4463
1202 1207
4740 4747
847 850
2308 2317
433 437
4368 4371
2826 2831
4385 4389
3714 3719
2979 2983
1800 1819
3722 3728
4852 4859
3818 3822
1888 1893
123 130
3150 3152
626 634
4073 4077
696 701
3448 3455
1424 1433
3246 3249
234 239
861 866
3792 3797
4732 4739
4363 4368
1168 1172
2875 2879
3583 3589
1682 1688
1919 1923
4219 4224
762 767
4820 4823
2906 2911
3979 3982
2866 2870
4579 4589
1252 1257
1216 1219
3072 3078
3677 3680
4627 4636
1886 1889
3688 3691
4005 4012
2917 2922
4478 4479
4169 4173
339 345
1035 1042
3963 3970
4641 4646
3575 3578
2695 2700
1643 1650
2813 2817
4657 4666
912 914
607 618
2743 2751
3702 3706
1934 1938
938 942
2640 2645
4076 4078
1601 1606
965 974
4053 4057
1266 1269
2625 2627
457 462
4066 4071
498 499
3577 3582
2047 2053
1311 1319
769 777
3871 3875
1483 1490
1777 1783
4918 4919
4177 4179
1752 1756
3707 3713
1793 1812
4101 4107
4473 4476
896 897
2669 2677
2285 2291
4545 4546
70 78
2264 2267
329 335
1222 1226
3413 3419
4389 4393
850 852
4791 4795
4470 4475
1756 1758
3847 3857
1594 1597
1706 1712
4061 4067
2418 2420
2783 2789
3609 3613
1265 1268
3107 3114
3639 3643
3986 3990
1024 1031
4773 4777
47 56
1690 1698
4333 4340
4514 4522
3696 3698
2386 2387
3382 3387
28 31
1577 1581
1061 1064
2881 2890
4269 4271
2872 2874
1451 1452
2888 2891
1898 1902
823 830
3697 3702
3137 3144
4853 4860
537 539
350 357
4945 4950
499 504
266 273
3822 3823
3932 3937
492 498
139 147
2326 2331
1065 1068
3317 3318
4887 4892
2149 2155
1980 1983
1103 1106
99 103
884 889
1348 1351
3483 3491
1169 1176
3937 3940
554 562
4194 4196
3486 3492
3096 3101
1039 1053
4527 4533
4615 4622
4935 4939
4595 4600
3645 3650
532 537
3978 3980
239 247
1384 1388
4481 4484
4942 4945
2406 2412
598 601
4519 4525
2229 2235
1396 1403
1781 1787
2300 2306
796 802
1045 1055
4261 4268
3595 3600
3646 3652
124 131
3939 3942
1128 1131
3306 3309
779 784
940 946
3236 3239
3307 3312
3914 3918
2633 2637
296 304
933 934
3276 3279
3231 3236
3896 3900
3425 3430
1298 1301
833 835
2094 2096
2274 2276
3510 3515
681 686
2053 2062
2711 2715
857 861
1846 1851
1871 1876
1587 1595
2030 2036
508 513
2750 2756
2451 2453
1721 1726
108 116
3828 3832
3767 3772
2208 2211
391 394
259 265
3924 3928
4557 4563
1179 1183
3101 3104
1795 1816
2475 2479
2626 2628
2045 2048
1498 1502
1334 1344
1512 1519
68 75
1549 1561
4810 4812
2462 2468
2397 2400
4165 4169
3587 3590
396 406
1481 1486
2034 2038
599 604
2431 2440
424 430
4848 4854
1129 1132
3188 3197
807 814
2611 2617
752 758
4591 4595
3151 3153
3126 3128
666 671
4668 4682
2983 2987
702 706
4123 4130
255 261
4662 4671
4787 4792
4642 4649
3328 3335
2400 2406
649 650
420 425
3553 3559
4979 4981
4464 4472
1857 1863
2327 2335
2205 2209
1535 1536
3007 3013
1897 1899
3823 3826
2060 2067
931 933
1091 1096
2621 2624
975 983
4312 4319
935 936
4139 4145
3102 3105
3132 3140
1501 1506
3841 3848
2963 2972
2852 2854
86 90
812 822
984 988
1671 1676
3498 3502
2477 2486
3235 3238
741 750
637 641
2798 2804
1569 1574
3901 3910
1227 1229
3303 3307
3430 3432
3468 3470
3032 3040
3620 3623
4847 4853
1188 1191
2834 2839
2568 2570
1018 1021
1163 1170
2973 2980
4938 4942
2671 2680
465 469
2191 2196
2461 2466
2263 2264
4450 4456
4612 4617
200 203
2627 2630
347 350
1207 1211
2977 2982
964 970
3622 3628
2224 2230
2201 2202
2430 2438
2387 2392
2942 2946
4458 4460
4089 4093
434 442
4030 4036
3529 3534
1344 1348
4933 4938
3650 3654
520 523
1302 1304
413 420
3804 3806
1007 1014
569 574
1158 1163
2141 2147
1180 1186
60 69
2175 2181
1494 1500
4817 4820
2922 2927
4833 4842
1782 1789
3615 3619
3716 3722
867 872
1995 2001
3600 3606
1713 1715
3834 3839
1910 1914
802 804
2569 2571
1264 1265
4671 4685
1109 1111
4057 4062
3805 3810
959 964
4485 4490
213 218
2741 2748
792 795
2511 2516
1566 1568
731 738
550 557
3212 3221
3069 3074
2185 2189
4841 4852
2153 2163
1339 1345
2453 2457
2020 2025
1326 1334
3269 3276
1367 1372
4070 4074
3731 3742
3283 3293
4620 4627
3558 3564
3210 3216
4737 4742
2269 2272
3079 3086
4863 4868
728 734
1595 1602
4932 4934
271 276
2276 2281
27 29
2664 2671
4578 4584
2126 2133
336 342
2467 2473
3173 3177
4959 4966
1735 1742
3112 3116
998 1002
987 992
1081 1084
803 805
4447 4451
2539 2544
3831 3833
2995 3000
4018 4027
32 36
3466 3468
3116 3118
16 24
1310 1314
4536 4541
2726 2736
1090 1091
131 142
2715 2716
3958 3962
1474 1483
2972 2975
4996 1
159 165
665 668
3692 3696
3412 3414
1211 1213
4456 4457
3431 3435
3394 3399
2052 2057
2222 2227
4393 4395
3501 3505
2901 2906
3884 3887
287 293
1443 1451
502 505
517 520
3760 3770
4998 3
4634 4642
4509 4513
727 729
3990 3991
264 268
141 151
4685 4688
2838 2844
2329 2336
3768 3777
3666 3679
3833 3835
1583 1585
2579 2585
2077 2082
4280 4286
1784 1797
285 291
2573 2578
3001 3003
4326 4329
1060 1062
2252 2259
4894 4898
96 100
3363 3366
3312 3316
231 233
1718 1723
3538 3541
1205 1209
349 352
2113 2114
4083 4084
740 745
4534 4536
3653 3658
3202 3207
2375 2383
4346 4352
1822 1828
4563 4570
4880 4887
4325 4327
957 962
202 208
3496 3498
2401 2409
4227 4234
2687 2694
4054 4059
404 414
840 846
4353 4358
2709 2712
3709 3714
4331 4337
4645 4653
658 660
3604 3609
2577 2581
2325 2326
4921 4928
2910 2915
2055 2065
1831 1842
79 81
2304 2312
2955 2957
1281 1284
182 187
3491 3497
1620 1624
750 754
4334 4345
3621 3624
3314 3317
3056 3060
2067 2069
4476 4477
2805 2811
3036 3042
1441 1447
4546 4548
2538 2542
2773 2779
1148 1151
4274 4279
2630 2632
1969 1976
4038 4041
4461 4468
1037 1045
4086 4089
2672 2683
2749 2753
3998 4004
4244 4249
2820 2824
4912 4914
936 937
555 565
218 224
2643 2650
2651 2657
4328 4330
1992 1995
3013 3022
58 67
4917 4918
897 901
2078 2087
4198 4207
4405 4416
3047 3050
3373 3380
164 166
1938 1942
3900 3905
1232 1236
1020 1026
4285 4298
1836 1847
983 986
4948 4952
4752 4754
2130 2135
3174 3182
1855 1859
3541 3543
1468 1473
116 120
432 435
4416 4429
2700 2701
2956 2958
4827 4828
4949 4957
3163 3166
2097 2102
581 586
2259 2263
3225 3227
4547 4551
1084 1090
3504 3510
3943 3946
2481 2489
283 286
2513 2521
4047 4054
960 969
2371 2382
1894 1896
3612 3616
3664 3674
1371 1379
2623 2626
3030 3035
3281 3286
2445 2449
1074 1080
481 488
485 492
2987 2992
670 673
454 458
393 402
2138 2143
3838 3844
521 524
1135 1138
3746 3750
1830 1838
3543 3548
2660 2665
2776 2781
645 647
2646 2653
3420 3423
2158 2171
811 818
1683 1689
1505 1512
3467 3469
2529 2534
2562 2567
2544 2551
726 727
2948 2951
1366 1370
3153 3156
1896 1897
427 431
3748 3754
4372 4374
4100 4105
1537 1541
1636 1645
4477 4478
589 596
1759 1762
1351 1354
2109 2113
1217 1220
4130 4134
2288 2296
3121 3122
656 658
3240 3245
3252 3259
3700 3703
956 959
91 93
3657 3660
4255 4263
805 808
1708 1714
84 86
2896 2898
4714 4719
4211 4214
4568 4574
2666 2673
2540 2548
576 580
1131 1137
2108 2110
1268 1273
4491 4497
603 605
578 584
4480 4481
3723 3732
2476 2483
4836 4844
2822 2827
3758 3765
4728 4730
83 84
900 904
2877 2884
4747 4752
8 14
1436 1439
4084 4085
2 8
2935 2942
4004 4008
1137 1140
544 548
4009 4017
351 362
2567 2568
3816 3821
2720 2732
1459 1462
4868 4873
926 931
3550 3556
1488 1498
2780 2785
2811 2815
2879 2887
3809 3814
4267 4269
3333 3340
2202 2205
3878 3881
188 194
2427 2429
2815 2818
2281 2284
177 185
1150 1156
