100 5000
1333 1403
2656 2767
4974 4990
600 711
4872 4974
122 257
2476 2603
747 856
1730 1851
1986 2086
3179 3285
875 987
2799 2956
3931 4121
1528 1590
4242 4350
3395 3413
1401 1565
3916 3962
2133 2203
1066 1184
815 884
2168 2291
3553 3629
644 738
2593 2688
3139 3192
3692 3823
1987 2166
2269 2293
4760 4849
4309 4369
4484 4540
416 438
4436 4500
3444 3584
4175 4320
1587 1674
3687 3774
4558 4697
328 352
4988 87
2448 2513
2923 3041
1691 1822
4103 4214
2274 2377
691 768
2723 2824
3901 3919
4141 4307
2744 2841
744 784
4608 4756
1197 1294
2998 3107
1651 1763
3601 3638
4842 4901
329 434
3152 3256
283 348
3344 3395
830 958
1945 1992
3427 3522
3412 3427
86 174
535 624
4519 4607
3819 3899
3189 3349
2758 2939
1288 1357
3929 4059
2540 2619
1797 1945
1177 1263
2352 2421
1 101
229 317
3080 3122
2085 2200
4340 4463
3531 3612
4942 4976
3810 3885
1147 1248
4631 4759
973 1064
3612 3700
3858 3902
4752 4763
3106 3160
429 467
447 537
2398 2481
1377 1477
1013 1155
4052 4145
