340 1000
424 429
385 392
288 294
932 939
866 868
407 412
940 945
862 865
475 480
877 888
561 563
168 173
217 220
907 910
378 379
918 929
14 18
727 733
507 513
362 367
354 360
508 517
791 797
529 535
692 697
849 855
979 985
314 316
113 122
870 871
758 764
607 611
828 833
740 743
219 224
684 688
493 497
662 665
1 6
417 423
603 608
798 803
155 159
176 179
800 805
755 761
28 31
64 69
429 434
563 567
945 951
470 475
865 866
366 369
372 374
522 527
323 327
363 368
442 443
912 919
745 746
369 373
768 776
930 934
401 405
333 339
578 580
688 693
902 906
400 404
594 598
674 683
764 767
238 244
89 95
555 559
635 639
651 656
344 345
871 876
744 745
234 240
704 708
137 148
283 291
426 433
751 755
616 622
53 58
499 501
734 740
747 749
272 280
964 969
231 235
116 127
949 956
668 674
440 442
713 718
748 751
267 273
241 245
672 678
746 747
806 813
705 711
374 378
829 836
126 129
629 631
693 698
973 980
961 964
109 112
384 387
642 647
210 219
351 356
897 900
620 625
319 325
293 298
332 334
312 315
879 892
954 962
49 55
551 554
976 983
613 614
709 713
539 542
31 34
783 785
669 676
610 612
726 730
295 301
495 498
147 153
712 714
287 292
946 954
813 817
230 231
966 970
180 181
601 606
584 586
872 880
6 12
181 182
72 81
544 549
301 307
739 741
547 551
200 208
994 4
775 783
796 798
229 230
681 685
198 203
419 424
541 544
832 841
928 931
327 332
251 253
4 11
701 703
939 941
269 277
453 459
310 314
962 965
209 218
379 380
153 157
590 597
179 180
565 570
67 78
573 577
809 814
917 924
786 792
75 88
107 109
770 777
73 83
27 30
502 509
732 737
264 268
259 263
720 726
820 828
164 168
554 558
35 43
785 787
618 623
623 630
817 821
359 362
574 578
805 809
447 450
853 863
479 485
451 455
91 98
57 63
614 618
511 519
17 20
338 344
19 23
766 771
326 330
580 584
253 257
660 662
191 198
645 651
703 707
184 192
742 744
263 266
433 441
43 47
910 914
228 229
271 278
34 38
256 262
582 585
443 447
45 52
136 144
102 107
598 601
989 996
852 858
982 988
408 414
518 523
469 472
663 669
569 574
953 960
848 854
952 957
224 228
134 140
154 158
159 160
767 774
534 540
315 317
317 320
819 824
868 870
124 128
413 416
207 216
132 135
612 613
968 975
638 641
997 5
128 134
23 27
943 949
245 247
904 907
876 883
839 844
233 237
696 702
773 779
983 993
752 758
414 420
280 288
160 165
883 897
585 587
190 196
167 170
600 603
460 470
449 451
524 531
630 636
901 904
825 831
9 15
432 437
459 469
172 175
485 494
345 348
203 212
347 352
98 102
182 187
715 723
847 851
641 642
644 648
483 489
456 464
77 90
898 902
844 847
173 176
656 660
402 407
500 505
559 561
587 589
993 1
60 68
278 284
65 74
110 117
396 401
389 397
762 765
380 384
246 252
298 303
497 499
305 312
615 620
589 592
