100 123
31 13 30 6 10 18 25 27 32 4 25 14 3 24 11 11 10 20 15 19 31 20 26 27 31 6 19 14 30 14 22 6 1 2 20 23 1 14 17 5 14 17 5 8 10 31 28 15 10 29 22 26 25 8 7 30 21 14 24 5 15 19 4 12 15 14 28 4 14 10 3 17 26 5 19 14 22 20 22 6 23 29 14 28 8 27 14 5 7 30 30 9 6 8 27 5 11 17 21 12
1 24 30
1 5 31
2
2
2
2
1 6 12
1 2 13
1 14 4
1 23 20
1 12 13
2
2
1 22 19
2
1 18 9
2
1 19 31
2
2
1 17 4
1 29 13
1 32 3
1 26 10
2
1 7 20
2
1 9 20
2
2
1 25 15
1 13 28
1 28 8
1 1 8
1 15 27
1 4 10
1 31 21
1 8 27
2
1 27 20
1 30 10
1 20 11
1 10 3
2
2
2
2
1 11 21
1 21 3
2
1 3 3
1 3 3
2
1 3 3
1 3 3
2
1 3 3
1 3 3
2
1 3 3
1 3 3
2
2
2
1 3 3
2
1 3 3
2
2
2
2
2
2
2
2
1 3 3
1 3 3
1 3 3
1 3 3
2
1 3 3
2
1 3 3
1 3 3
2
2
2
1 3 3
2
2
1 3 3
2
2
2
2
2
2
2
2
2
2
2
2
1 3 3
1 3 3
2
1 3 3
2
2
2
2
2
2
1 3 3
1 3 3
2
2
1 3 3
2
1 3 3
2
2
2
