432 1414
286 437 482 115 376 475 338 176 471 40 102 369 61 265 500 337 299 106 10 253 335 37 377 246 307 460 115 93 88 35 98 401 492 248 182 245 393 441 291 123 476 381 225 314 370 288 111 353 166 186 148 198 49 340 493 160 280 67 328 261 218 399 327 377 391 289 203 477 466 305 225 161 445 77 317 329 312 460 341 280 365 464 435 453 454 329 13 220 377 500 438 372 303 352 27 383 179 412 232 447 44 55 47 376 462 11 453 419 73 143 108 1 44 249 434 118 60 196 433 367 215 419 352 188 133 356 469 103 274 346 137 23 326 112 293 422 328 95 301 39 152 304 208 328 128 412 361 446 78 462 273 220 248 56 247 476 184 298 318 65 490 446 186 54 197 294 344 162 97 482 133 42 270 355 83 2 112 209 457 376 141 326 422 311 102 84 109 9 2 303 228 126 274 464 176 347 151 11 50 304 431 11 190 66 261 481 483 182 392 100 108 320 155 424 354 420 261 494 444 249 321 1 213 17 498 113 162 374 82 323 121 120 402 22 411 193 475 181 79 172 492 10 5 10 290 448 343 8 51 214 499 59 72 82 16 50 167 351 376 51 245 220 61 275 204 123 500 238 255 487 179 336 461 86 493 175 122 139 17 58 254 244 487 107 499 369 454 126 123 416 499 91 468 4 68 228 151 170 62 441 22 79 480 391 294 244 209 1 409 32 378 282 277 221 338 49 203 323 493 459 436 388 173 293 100 406 120 207 458 400 172 487 125 41 320 351 263 284 298 26 33 159 64 468 264 172 346 206 130 238 335 495 474 97 456 273 144 450 156 181 330 372 230 318 53 206 261 334 52 355 11 414 125 180 338 389 475 345 294 57 358 192 455 297 359 409 195 132 216 376 92 365 149 286 312 76 89 309 311 152 318 191 196 263 5 148 328 360 159 244 302 178 395 185 162 158 381 211 107 48 376 5 484 203 61 239 138 285 302 442 164 399
1 232 400
2
2
1 347 354
1 474 155
1 51 207
2
1 359 499
1 317 78
1 161 106
1 311 54
2
1 93 244
1 245 182
1 254 103
2
1 435 152
2
1 304 203
1 393 249
1 360 477
1 459 265
2
1 376 144
2
1 35 196
2
1 88 57
2
1 354 192
2
1 149 139
2
2
1 122 476
2
2
2
1 307 27
1 126 176
2
1 58 412
2
2
2
2
1 125 39
1 95 273
1 247 155
2
2
2
2
2
1 490 137
1 44 289
1 118 162
1 209 11
2
2
1 288 67
1 41 280
2
2
1 137 263
2
1 286 392
2
2
2
1 52 338
2
2
2
1 289 67
1 438 285
1 422 66
2
2
1 37 214
2
1 144 179
1 182 64
2
1 420 436
1 419 33
1 42 321
2
1 160 73
2
1 455 115
1 293 499
1 460 448
1 378 493
2
2
2
2
2
2
2
2
1 284 471
2
1 133 401
2
1 476 162
1 481 457
1 115 500
2
2
2
2
1 445 121
1 441 155
1 468 411
2
1 246 433
2
2
2
1 414 270
1 193 493
1 72 191
1 76 198
1 355 314
1 335 67
1 282 103
2
2
1 16 230
1 369 381
2
1 477 113
2
2
2
2
2
1 461 321
2
1 401 336
2
1 27 185
1 192 305
1 62 170
1 469 61
1 132 65
1 309 409
2
1 103 291
2
2
2
1 102 111
1 97 197
2
2
2
1 330 57
1 178 188
1 400 495
2
2
2
1 166 188
1 314 123
1 446 186
2
1 215 365
1 83 352
1 447 466
2
1 483 499
1 253 458
1 305 1
2
1 26 411
2
1 213 275
2
1 180 22
2
2
1 388 352
1 206 411
1 464 336
1 216 453
2
1 436 431
1 170 175
1 79 411
2
2
2
2
1 301 275
1 111 172
1 255 172
2
1 334 484
1 391 73
1 73 188
2
1 9 424
1 77 238
2
2
2
2
1 329 274
2
2
1 159 181
1 86 23
1 164 499
1 274 261
2
1 302 4
1 374 64
2
2
2
2
2
2
2
1 47 225
1 238 381
1 291 294
1 167 323
2
2
1 195 173
2
1 211 328
1 143 123
2
1 40 214
2
1 494 107
1 475 218
2
2
1 230 453
2
1 17 120
1 353 381
1 480 59
2
2
1 204 498
1 228 320
2
2
1 203 303
2
1 340 444
1 84 482
2
2
1 343 299
1 188 218
2
1 338 162
1 265 303
2
2
1 128 249
1 471 112
2
2
2
1 298 23
1 498 344
2
1 263 225
2
2
2
1 60 244
1 372 186
2
1 277 59
2
1 175 13
1 172 59
1 55 33
1 112 454
2
2
1 64 218
1 156 244
1 323 181
2
1 148 139
2
1 244 50
1 457 492
1 337 318
2
1 395 454
1 33 434
1 89 377
2
1 321 48
2
2
1 294 406
2
2
1 434 285
1 197 1
2
2
2
1 275 487
2
2
2
1 442 66
1 208 239
1 67 290
2
1 248 444
2
1 106 290
1 23 179
1 11 190
1 448 2
1 158 500
1 214 190
1 402 239
1 345 365
1 389 444
2
2
1 181 444
2
2
2
2
1 492 454
2
2
1 495 176
2
2
1 409 66
1 179 326
2
2
2
1 138 113
2
2
1 220 39
1 53 365
1 264 2
2
2
2
1 91 381
2
2
2
1 367 61
1 141 54
2
1 361 10
1 320 173
2
1 120 285
2
2
1 249 56
1 450 290
1 433 59
1 411 370
1 454 162
2
2
1 68 92
1 484 312
2
2
2
2
1 290 493
1 303 328
2
2
2
2
1 328 406
2
2
1 327 185
2
2
2
1 351 56
2
2
2
2
2
1 50 113
1 261 65
1 358 155
1 109 493
2
2
2
1 424 184
1 173 221
2
2
1 5 98
1 444 196
1 82 383
2
1 92 107
2
1 100 56
2
2
1 57 437
2
1 273 8
1 22 176
1 297 352
1 346 453
1 155 392
2
2
2
1 65 326
1 1 10
2
1 78 113
2
1 2 406
2
1 412 499
1 431 66
2
1 453 123
2
1 48 39
2
1 392 113
2
1 152 370
2
1 123 280
2
1 377 39
1 207 196
1 416 59
1 406 186
1 4 482
2
1 8 462
1 61 456
1 352 462
1 198 59
2
2
2
2
1 499 299
1 458 59
2
1 184 280
1 399 370
2
1 225 383
2
2
1 370 500
1 487 344
2
2
2
2
2
2
1 191 39
2
2
1 190 466
1 466 185
2
2
1 356 59
2
2
2
2
2
1 107 185
1 196 299
1 299 383
1 218 39
2
2
1 280 336
1 285 130
2
2
1 482 365
1 336 186
1 326 139
1 221 365
2
2
1 437 162
2
1 59 381
1 49 341
1 108 130
2
2
2
2
2
2
1 312 98
2
2
2
2
1 121 344
2
1 139 98
2
2
2
2
1 130 13
1 270 32
2
2
2
1 162 456
2
2
1 98 341
1 500 151
2
1 151 383
2
2
1 462 54
1 365 176
2
2
1 341 176
1 176 186
1 39 56
1 54 186
2
2
1 186 113
1 10 344
2
1 493 239
2
2
1 456 383
1 13 383
2
2
1 381 185
2
1 318 185
2
2
2
2
2
1 185 113
2
2
2
2
1 32 56
2
2
2
2
1 383 113
2
1 239 56
2
1 66 113
2
2
2
2
2
1 113 344
2
2
1 56 344
1 344 344
2
1 344 344
1 344 344
2
1 344 344
1 344 344
2
1 344 344
1 344 344
2
1 344 344
1 344 344
1 344 344
1 344 344
1 344 344
2
2
1 344 344
1 344 344
2
2
2
1 344 344
1 344 344
2
1 344 344
1 344 344
1 344 344
2
1 344 344
1 344 344
2
1 344 344
2
2
2
1 344 344
2
1 344 344
1 344 344
1 344 344
1 344 344
1 344 344
1 344 344
2
1 344 344
1 344 344
1 344 344
1 344 344
2
2
1 344 344
2
2
2
1 344 344
2
1 344 344
2
1 344 344
2
2
1 344 344
1 344 344
2
1 344 344
1 344 344
1 344 344
1 344 344
1 344 344
1 344 344
1 344 344
2
1 344 344
2
2
1 344 344
2
1 344 344
2
1 344 344
2
1 344 344
2
2
2
2
2
2
1 344 344
1 344 344
1 344 344
2
1 344 344
2
2
2
1 344 344
2
2
1 344 344
1 344 344
2
2
1 344 344
2
2
2
2
1 344 344
2
1 344 344
1 344 344
2
1 344 344
1 344 344
1 344 344
1 344 344
1 344 344
2
1 344 344
2
1 344 344
1 344 344
2
1 344 344
2
1 344 344
2
2
2
2
2
2
2
2
1 344 344
2
2
1 344 344
1 344 344
2
2
2
2
1 344 344
2
1 344 344
2
1 344 344
2
2
2
2
1 344 344
1 344 344
2
2
2
2
2
1 344 344
2
2
2
1 344 344
1 344 344
1 344 344
2
2
2
2
1 344 344
2
1 344 344
1 344 344
1 344 344
1 344 344
1 344 344
1 344 344
1 344 344
2
1 344 344
2
2
1 344 344
1 344 344
2
1 344 344
2
2
2
1 344 344
1 344 344
2
1 344 344
2
2
1 344 344
1 344 344
2
2
2
2
1 344 344
2
2
1 344 344
2
2
2
2
1 344 344
2
1 344 344
1 344 344
1 344 344
1 344 344
2
1 344 344
2
2
1 344 344
1 344 344
2
2
1 344 344
2
1 344 344
2
2
1 344 344
1 344 344
1 344 344
2
2
1 344 344
2
1 344 344
1 344 344
1 344 344
2
1 344 344
2
2
1 344 344
2
1 344 344
1 344 344
1 344 344
1 344 344
1 344 344
2
2
1 344 344
2
2
2
2
2
1 344 344
2
1 344 344
2
2
1 344 344
2
2
1 344 344
2
2
2
2
2
1 344 344
1 344 344
1 344 344
2
2
2
1 344 344
2
1 344 344
2
1 344 344
2
2
1 344 344
2
2
1 344 344
1 344 344
1 344 344
2
2
2
2
2
1 344 344
2
1 344 344
2
1 344 344
2
2
2
1 344 344
2
1 344 344
2
2
1 344 344
2
1 344 344
1 344 344
2
1 344 344
2
2
2
1 344 344
1 344 344
1 344 344
1 344 344
2
1 344 344
1 344 344
1 344 344
2
1 344 344
1 344 344
2
1 344 344
2
2
1 344 344
1 344 344
2
1 344 344
2
1 344 344
2
2
1 344 344
1 344 344
2
1 344 344
2
2
1 344 344
1 344 344
2
1 344 344
1 344 344
1 344 344
1 344 344
2
1 344 344
1 344 344
2
2
1 344 344
2
2
1 344 344
2
2
2
2
2
1 344 344
2
2
1 344 344
1 344 344
2
1 344 344
1 344 344
2
2
2
2
2
1 344 344
1 344 344
1 344 344
1 344 344
2
2
2
1 344 344
2
2
1 344 344
2
2
2
1 344 344
2
1 344 344
2
2
2
2
2
2
2
1 344 344
1 344 344
1 344 344
2
1 344 344
2
2
1 344 344
2
1 344 344
1 344 344
2
1 344 344
1 344 344
2
1 344 344
1 344 344
1 344 344
1 344 344
2
1 344 344
1 344 344
2
1 344 344
1 344 344
1 344 344
2
1 344 344
1 344 344
2
2
2
1 344 344
1 344 344
2
2
1 344 344
2
1 344 344
1 344 344
2
2
2
1 344 344
1 344 344
1 344 344
1 344 344
1 344 344
1 344 344
1 344 344
1 344 344
2
1 344 344
1 344 344
1 344 344
2
1 344 344
2
1 344 344
1 344 344
2
2
2
2
2
2
2
2
2
1 344 344
2
2
1 344 344
2
1 344 344
2
1 344 344
2
1 344 344
2
1 344 344
1 344 344
1 344 344
2
2
2
1 344 344
1 344 344
2
1 344 344
2
2
1 344 344
1 344 344
2
1 344 344
1 344 344
1 344 344
2
1 344 344
1 344 344
2
2
1 344 344
1 344 344
1 344 344
2
1 344 344
2
1 344 344
1 344 344
2
2
1 344 344
2
1 344 344
2
2
1 344 344
2
1 344 344
1 344 344
1 344 344
1 344 344
1 344 344
2
1 344 344
2
1 344 344
2
1 344 344
1 344 344
2
1 344 344
2
2
1 344 344
1 344 344
1 344 344
1 344 344
1 344 344
1 344 344
1 344 344
1 344 344
2
2
2
2
2
2
1 344 344
1 344 344
1 344 344
1 344 344
1 344 344
1 344 344
2
2
1 344 344
2
2
1 344 344
2
2
1 344 344
1 344 344
2
1 344 344
1 344 344
1 344 344
2
1 344 344
2
1 344 344
2
1 344 344
2
2
1 344 344
1 344 344
1 344 344
2
1 344 344
1 344 344
2
1 344 344
2
2
1 344 344
2
2
2
2
1 344 344
2
1 344 344
1 344 344
1 344 344
2
2
2
1 344 344
1 344 344
2
2
1 344 344
2
2
1 344 344
2
2
2
1 344 344
2
2
2
1 344 344
1 344 344
2
2
2
2
2
2
2
1 344 344
1 344 344
1 344 344
2
1 344 344
2
2
2
2
2
1 344 344
2
1 344 344
2
1 344 344
2
2
2
2
1 344 344
1 344 344
1 344 344
2
1 344 344
2
1 344 344
1 344 344
1 344 344
2
2
1 344 344
1 344 344
2
2
2
1 344 344
2
2
2
2
2
1 344 344
1 344 344
1 344 344
1 344 344
2
2
2
1 344 344
1 344 344
1 344 344
1 344 344
2
2
1 344 344
1 344 344
1 344 344
1 344 344
2
1 344 344
2
1 344 344
2
2
2
1 344 344
2
2
1 344 344
2
1 344 344
2
1 344 344
2
2
2
1 344 344
2
2
1 344 344
1 344 344
2
2
2
2
2
1 344 344
1 344 344
2
2
1 344 344
2
2
2
2
2
1 344 344
1 344 344
2
2
2
2
1 344 344
2
2
2
1 344 344
1 344 344
2
2
2
2
2
1 344 344
1 344 344
1 344 344
2
2
2
1 344 344
2
1 344 344
1 344 344
1 344 344
2
1 344 344
1 344 344
1 344 344
2
2
2
2
2
2
2
2
1 344 344
2
2
2
1 344 344
1 344 344
1 344 344
2
1 344 344
1 344 344
1 344 344
2
2
1 344 344
2
1 344 344
1 344 344
2
2
2
1 344 344
1 344 344
1 344 344
1 344 344
1 344 344
1 344 344
2
2
1 344 344
1 344 344
1 344 344
1 344 344
1 344 344
1 344 344
1 344 344
2
2
1 344 344
2
