1000 1414
90 440 198 293 453 113 186 437 385 353 263 433 75 444 361 500 131 29 283 331 233 302 69 117 427 379 333 447 296 378 383 293 196 325 412 124 466 188 59 198 40 395 167 305 495 165 71 312 276 284 42 492 324 214 419 344 2 293 263 22 371 81 98 272 65 36 273 424 337 201 495 4 87 134 3 70 370 304 160 293 121 91 465 382 95 60 29 273 76 169 116 306 54 424 248 235 485 265 158 404 488 347 86 243 281 411 498 400 172 328 108 231 129 84 275 278 2 278 26 322 262 494 273 186 92 341 438 173 97 54 173 451 358 322 41 431 162 221 205 112 478 30 351 395 228 26 188 311 491 430 386 353 427 65 213 301 154 51 407 35 195 9 304 42 163 270 174 225 331 216 10 497 463 297 345 316 18 222 313 321 408 19 85 162 391 429 440 252 154 139 3 26 353 397 58 27 139 308 151 204 35 212 251 395 287 321 355 178 88 266 336 216 224 309 56 283 22 266 451 409 414 359 46 223 255 250 296 325 295 123 367 112 62 257 379 214 367 106 300 238 229 308 215 257 167 153 86 78 325 328 225 223 145 369 97 193 179 69 372 408 482 163 487 137 408 256 231 142 218 320 305 330 329 7 166 415 354 290 135 198 359 147 266 418 256 288 475 33 215 312 300 141 60 293 326 112 490 488 425 44 96 440 80 8 72 220 419 386 252 364 447 119 136 420 366 126 73 452 144 69 58 257 463 282 297 75 360 180 327 26 399 127 25 425 63 43 363 273 4 382 273 231 471 109 161 178 93 332 478 2 345 31 360 100 21 45 170 83 145 281 219 264 120 20 93 335 153 76 65 32 360 92 373 420 210 385 168 109 444 495 354 217 332 470 486 255 327 81 270 316 337 379 430 92 461 261 405 51 262 273 410 476 431 290 361 465 124 422 351 253 370 359 286 209 259 86 26 96 48 335 393 499 73 247 304 153 248 204 368 244 395 176 318 426 329 407 155 128 241 336 205 183 20 356 344 170 25 200 354 142 348 254 371 362 16 196 22 423 147 396 498 205 231 329 282 13 151 28 269 417 226 112 423 170 300 411 70 241 139 451 178 369 47 42 29 15 242 290 27 291 485 305 240 469 250 430 49 296 32 2 159 82 314 225 204 342 492 151 15 497 87 451 368 350 398 439 314 225 468 317 368 132 339 60 464 225 308 345 351 170 276 354 299 409 53 495 248 4 299 188 43 318 175 136 454 224 428 41 434 297 45 162 315 342 304 227 428 247 386 97 20 48 288 495 7 265 383 498 311 106 369 150 375 180 35 387 427 231 217 261 366 230 181 372 394 181 35 284 328 110 34 486 197 4 102 158 282 158 469 350 405 158 91 434 294 288 289 74 311 155 429 78 232 283 344 403 364 334 399 359 310 294 362 420 249 212 416 97 260 1 402 240 151 148 291 347 368 429 223 375 367 216 269 252 146 423 10 443 205 444 405 250 364 80 126 352 488 127 90 466 34 293 106 367 88 458 199 117 265 467 112 278 209 395 219 120 243 459 120 5 314 227 35 167 309 150 492 449 278 450 354 424 275 62 145 339 160 14 275 156 54 14 320 81 99 119 13 468 372 333 445 159 410 151 239 245 17 82 158 367 292 147 122 44 11 84 328 5 439 299 453 381 466 323 239 470 409 404 207 374 303 328 417 240 361 345 60 304 424 176 343 14 429 408 393 392 326 200 122 376 478 441 275 231 121 357 38 452 13 231 139 205 450 356 21 121 467 31 243 157 287 478 371 255 493 316 143 6 300 480 287 160 56 4 200 202 71 136 304 103 333 151 419 362 500 221 303 252 109 492 382 239 281 318 487 113 64 72 4 261 142 122 407 97 293 153 64 298 65 496 269 72 288 224 162 344 450 112 457 143 342 105 324 158 242 359 398 476 187 50 285 385 87 342 59 19 346 471 196 192 358 86 81 170 322 90 441 363 370 448 467 73 74 263 37 178 411 437 288 165 325 444 1 355 179 190 334 83 245 342 98 155 162 293 1 337 312 53 78 179 138 201 147 327 193 159 329 491 354 92 245 42 50 101 20 390 459 296 100 340 120 379 297 155 1 149 320 29 372 190 31 128 446 391 191 167 487 168 477 474 401 393 198 41 407 98 299 26 26 327 209 194 322 100 242 277 116 194 270 491 344 188 183 35 140 163 134 443 401 19 348 178 220 299 313 141 38 489 52 315 68 319 326 310 252 303 170 51 269 221 260 230 324 151 70 83 82 148 356 22
1 78 31
2
2
1 129 497
1 499 448
1 361 239
2
2
2
1 8 135
1 59 159
1 467 49
2
1 390 65
1 157 261
2
2
1 275 296
1 468 397
1 11 64
1 42 312
2
1 311 99
2
2
1 465 336
2
2
1 459 141
1 352 174
2
1 84 485
2
1 340 402
1 331 398
2
2
1 40 304
2
2
1 134 15
2
1 95 252
2
2
2
2
1 281 219
2
1 34 408
1 26 495
2
1 196 430
2
1 379 398
1 330 44
1 116 403
1 75 354
2
2
1 235 444
2
1 200 245
2
1 96 441
1 403 30
1 141 256
2
1 4 215
2
2
1 426 369
2
2
1 347 183
2
2
1 344 295
2
1 300 370
2
2
2
1 231 482
1 49 222
1 169 223
1 50 494
2
1 90 346
1 278 44
1 204 124
2
2
1 205 194
1 366 409
1 81 254
1 33 136
1 17 48
1 264 378
1 371 195
2
2
1 223 229
1 295 422
1 448 31
2
1 162 322
2
1 54 163
2
2
1 375 351
1 194 31
1 305 92
2
1 113 373
1 414 416
2
2
2
1 109 148
1 213 315
1 122 392
2
2
1 470 485
2
2
1 369 56
1 341 440
1 71 485
1 187 195
1 252 382
2
2
2
2
1 178 487
2
2
1 131 469
1 265 102
2
2
1 393 138
2
2
2
1 362 151
2
1 155 381
1 16 337
1 148 227
2
2
2
1 452 272
1 168 373
1 392 458
1 175 286
2
2
2
2
1 173 137
2
2
2
2
2
2
1 15 128
2
2
2
1 316 174
1 320 142
2
1 285 343
2
2
1 301 43
2
1 416 159
2
1 217 137
1 193 364
1 30 288
2
2
1 76 6
1 233 91
2
1 29 232
2
2
1 310 62
2
2
1 353 385
2
2
1 255 469
1 5 463
1 22 163
2
1 397 306
1 287 299
1 378 297
1 304 201
2
1 309 14
2
1 342 326
2
2
2
1 385 374
1 360 312
1 53 51
2
2
1 229 99
1 247 46
1 290 430
2
1 28 191
1 291 41
1 98 386
1 19 303
1 149 86
2
2
2
1 411 424
2
1 35 6
2
2
2
2
2
1 241 297
2
2
2
1 82 334
1 99 299
1 288 36
2
1 449 191
2
1 142 46
1 47 323
2
2
2
2
1 137 334
2
1 458 261
2
1 88 126
1 405 180
1 201 359
1 227 207
1 348 64
2
1 167 273
1 160 387
2
2
2
1 225 283
1 63 230
2
1 165 38
2
1 356 387
1 93 163
2
2
2
1 126 2
1 429 68
1 48 434
2
2
1 253 215
2
2
2
2
2
2
2
2
2
2
2
2
1 363 303
2
1 447 159
1 117 407
2
2
2
2
1 230 112
2
1 424 438
1 9 156
1 286 52
2
1 172 420
2
1 174 373
1 147 188
2
1 73 239
2
1 124 51
2
1 428 31
1 143 248
2
2
2
2
1 497 136
1 475 464
1 31 222
1 58 20
1 158 496
2
1 192 10
2
2
2
2
2
2
2
2
2
1 487 328
1 108 62
1 284 32
1 382 401
2
2
1 119 391
1 323 441
1 357 400
2
1 219 250
2
1 466 121
2
2
1 190 232
2
2
1 181 327
1 51 477
2
1 430 438
1 474 327
1 373 381
2
2
2
1 2 10
2
1 186 412
2
2
2
2
2
2
1 402 100
1 45 444
2
1 317 154
2
2
1 6 394
1 289 454
1 87 161
2
2
2
1 321 242
2
1 457 298
1 250 199
1 103 60
2
1 308 146
1 464 216
1 476 21
2
2
2
2
2
2
1 339 350
2
2
1 368 74
2
2
1 85 259
1 243 322
1 336 254
1 398 153
2
1 376 262
1 27 394
2
2
1 327 297
1 156 214
1 249 359
2
1 367 346
2
1 391 138
1 325 387
1 461 100
1 370 423
1 18 293
2
2
1 257 489
1 404 437
2
2
1 478 128
2
2
2
2
2
2
1 399 333
2
1 3 354
1 153 7
1 56 221
2
1 293 306
2
2
1 451 72
1 44 80
2
2
2
1 224 183
1 407 140
1 14 329
2
2
2
1 495 132
2
2
2
1 97 266
1 425 83
1 486 144
2
1 437 322
2
2
1 346 454
2
2
1 477 433
1 110 282
2
1 65 159
1 272 170
1 222 438
1 21 92
1 202 319
2
1 176 214
1 69 299
1 13 419
1 135 62
1 251 261
1 145 244
2
2
1 140 161
2
2
2
2
1 62 343
1 314 46
1 46 500
2
1 179 500
1 212 298
1 333 100
1 197 282
1 80 387
1 351 123
1 471 199
1 334 83
1 207 226
1 500 43
1 302 355
1 159 105
2
1 106 409
1 180 491
2
1 70 92
2
2
2
1 139 482
2
1 423 335
2
1 240 100
2
2
1 359 492
2
1 195 318
2
1 282 324
2
2
2
1 198 38
1 20 74
2
1 276 299
1 489 10
2
2
2
1 68 439
2
1 494 262
1 395 41
1 372 374
1 343 431
1 128 166
1 328 415
2
1 270 260
1 263 318
2
1 101 256
2
2
1 335 269
2
2
1 296 163
2
1 383 7
1 491 146
2
2
2
1 36 256
1 444 394
1 191 292
2
1 303 418
2
2
1 419 210
1 439 32
1 306 345
2
2
1 299 297
1 409 498
1 74 232
2
1 214 136
1 417 324
1 161 408
2
1 245 72
2
1 100 345
1 218 269
2
1 350 238
1 273 394
2
1 1 228
2
1 120 488
2
1 64 199
1 480 441
2
2
1 209 215
1 144 210
1 199 324
1 441 261
2
2
1 183 239
2
2
2
2
1 269 220
1 215 400
1 498 238
2
2
1 242 445
1 313 166
2
2
1 32 322
1 105 400
2
2
1 345 410
1 10 374
2
1 387 166
1 37 337
1 132 438
1 262 358
1 445 412
1 216 259
2
1 52 355
2
2
1 188 146
1 83 277
1 319 154
2
1 329 446
2
1 248 396
2
1 453 239
1 123 239
2
2
1 312 394
2
2
2
1 401 318
2
2
1 92 324
1 298 121
2
1 418 496
1 220 364
2
1 374 485
1 238 412
1 292 38
2
2
2
2
1 396 146
2
2
2
1 112 324
2
2
1 485 493
2
2
2
1 60 127
2
2
1 136 72
1 443 254
2
1 446 463
2
1 266 239
1 427 127
2
1 438 72
2
2
2
2
2
1 434 41
2
1 72 412
1 488 38
2
2
2
1 450 294
2
1 433 420
1 91 294
1 454 228
1 408 121
2
1 210 43
2
1 332 415
1 244 121
2
2
2
1 394 358
1 261 422
1 326 38
1 127 102
1 239 440
1 226 232
1 410 283
2
2
2
1 150 469
1 41 490
1 358 322
2
2
2
1 322 496
2
1 420 324
1 260 318
2
1 337 170
2
1 355 38
1 25 283
1 412 482
1 324 138
1 422 146
2
1 7 493
1 354 315
2
1 490 138
1 121 170
1 146 400
2
1 277 138
2
2
1 415 43
2
1 482 43
1 102 228
2
1 163 431
1 170 138
2
2
2
1 221 154
1 493 381
1 38 492
1 154 431
1 254 86
2
2
2
2
2
2
2
2
2
2
1 297 386
2
2
1 166 364
1 364 386
2
1 381 138
1 228 315
2
1 232 283
2
1 138 318
2
2
2
2
2
2
1 315 294
1 492 256
1 440 151
1 400 256
1 86 386
1 463 256
1 318 469
1 469 386
2
2
1 151 256
1 283 496
2
2
2
1 294 386
1 256 431
1 386 259
2
2
2
2
1 43 431
2
2
1 259 431
1 496 431
2
1 431 431
2
1 431 431
1 431 431
2
2
1 431 431
1 431 431
1 431 431
1 431 431
1 431 431
1 431 431
2
2
2
1 431 431
2
1 431 431
2
1 431 431
2
2
1 431 431
1 431 431
2
2
2
1 431 431
1 431 431
1 431 431
1 431 431
2
2
2
2
1 431 431
2
1 431 431
1 431 431
2
2
1 431 431
1 431 431
1 431 431
2
1 431 431
2
2
1 431 431
2
1 431 431
1 431 431
1 431 431
1 431 431
2
1 431 431
1 431 431
1 431 431
1 431 431
2
2
2
2
1 431 431
1 431 431
2
2
1 431 431
2
2
2
2
1 431 431
1 431 431
1 431 431
2
2
2
1 431 431
2
1 431 431
2
1 431 431
2
1 431 431
1 431 431
1 431 431
1 431 431
2
1 431 431
1 431 431
2
2
2
2
1 431 431
1 431 431
1 431 431
1 431 431
2
1 431 431
1 431 431
2
2
2
1 431 431
1 431 431
1 431 431
1 431 431
2
1 431 431
1 431 431
1 431 431
1 431 431
1 431 431
1 431 431
2
2
2
2
1 431 431
2
2
1 431 431
2
2
1 431 431
2
1 431 431
1 431 431
1 431 431
1 431 431
2
2
1 431 431
1 431 431
2
1 431 431
2
1 431 431
2
1 431 431
2
2
1 431 431
1 431 431
1 431 431
1 431 431
2
2
2
2
1 431 431
2
2
1 431 431
1 431 431
2
1 431 431
2
1 431 431
2
1 431 431
1 431 431
1 431 431
1 431 431
2
1 431 431
1 431 431
1 431 431
2
1 431 431
2
1 431 431
2
1 431 431
1 431 431
2
1 431 431
2
2
2
2
1 431 431
1 431 431
1 431 431
2
2
1 431 431
1 431 431
2
2
1 431 431
2
2
2
2
2
2
2
2
1 431 431
2
2
2
2
1 431 431
1 431 431
1 431 431
2
2
2
2
1 431 431
2
2
2
1 431 431
1 431 431
2
1 431 431
1 431 431
2
1 431 431
2
1 431 431
2
2
2
2
2
2
1 431 431
2
2
2
1 431 431
2
1 431 431
1 431 431
2
1 431 431
1 431 431
1 431 431
1 431 431
1 431 431
2
2
1 431 431
2
1 431 431
2
1 431 431
2
1 431 431
1 431 431
2
2
2
1 431 431
2
1 431 431
2
1 431 431
1 431 431
1 431 431
1 431 431
1 431 431
2
1 431 431
1 431 431
1 431 431
1 431 431
2
1 431 431
1 431 431
1 431 431
1 431 431
2
2
2
2
2
2
1 431 431
2
1 431 431
2
1 431 431
1 431 431
2
2
1 431 431
1 431 431
2
2
2
1 431 431
2
1 431 431
2
1 431 431
1 431 431
2
1 431 431
2
1 431 431
2
1 431 431
1 431 431
1 431 431
2
2
2
1 431 431
2
2
1 431 431
2
2
1 431 431
2
2
1 431 431
2
1 431 431
1 431 431
2
1 431 431
1 431 431
2
1 431 431
2
1 431 431
2
1 431 431
1 431 431
1 431 431
2
1 431 431
1 431 431
1 431 431
2
2
1 431 431
1 431 431
2
2
1 431 431
2
2
2
2
2
1 431 431
2
2
2
2
2
1 431 431
2
2
2
2
1 431 431
1 431 431
2
2
1 431 431
2
2
1 431 431
2
1 431 431
1 431 431
2
2
2
1 431 431
2
2
2
2
1 431 431
1 431 431
2
2
1 431 431
2
1 431 431
1 431 431
1 431 431
2
2
2
2
2
2
2
2
1 431 431
1 431 431
1 431 431
2
1 431 431
2
2
1 431 431
1 431 431
1 431 431
2
1 431 431
2
2
2
2
1 431 431
1 431 431
1 431 431
1 431 431
2
1 431 431
1 431 431
2
1 431 431
2
2
1 431 431
2
1 431 431
2
1 431 431
1 431 431
2
1 431 431
1 431 431
2
2
1 431 431
2
1 431 431
2
1 431 431
1 431 431
1 431 431
1 431 431
1 431 431
1 431 431
2
2
1 431 431
2
2
1 431 431
2
1 431 431
1 431 431
2
1 431 431
2
1 431 431
2
2
1 431 431
1 431 431
2
2
2
1 431 431
1 431 431
1 431 431
2
2
2
2
1 431 431
2
1 431 431
1 431 431
2
1 431 431
1 431 431
2
2
2
1 431 431
2
2
1 431 431
1 431 431
1 431 431
2
1 431 431
2
1 431 431
1 431 431
1 431 431
2
1 431 431
1 431 431
1 431 431
2
1 431 431
1 431 431
1 431 431
2
1 431 431
2
2
1 431 431
1 431 431
1 431 431
1 431 431
1 431 431
1 431 431
1 431 431
1 431 431
1 431 431
2
2
2
1 431 431
1 431 431
2
2
2
2
2
2
2
2
2
1 431 431
1 431 431
1 431 431
2
2
2
1 431 431
1 431 431
2
1 431 431
1 431 431
1 431 431
2
2
2
2
2
1 431 431
1 431 431
2
2
2
2
1 431 431
1 431 431
1 431 431
1 431 431
2
2
1 431 431
2
2
1 431 431
1 431 431
2
1 431 431
1 431 431
2
1 431 431
1 431 431
1 431 431
