1000
3 5 3 5 4 5 2 2 5 4 4 4 3 4 4 2 1 2 1 2 5 3 5 4 5 3 5 1 1 1 5 3 2 4 2 1 5 1 4 5 1 4 5 3 2 3 4 5 2 2 1 1 1 5 5 5 4 1 5 4 3 2 2 1 5 5 1 2 2 2 3 2 5 2 1 4 2 2 3 3 3 3 5 5 4 1 5 2 1 4 5 5 2 3 1 4 5 3 5 1 4 4 5 1 5 5 4 1 1 1 5 5 3 5 5 1 5 1 4 3 1 5 2 3 5 4 1 4 2 2 4 2 5 3 2 4 5 5 2 2 5 1 2 4 2 3 1 2 5 4 4 5 1 2 2 5 1 4 3 2 2 3 3 1 3 5 2 2 1 5 3 1 5 1 1 2 5 2 5 4 2 3 4 2 1 2 1 1 3 3 2 4 1 2 2 5 3 3 1 3 2 5 5 3 1 1 1 2 4 5 1 5 4 1 2 5 4 4 5 1 2 4 5 4 5 1 3 4 5 5 3 1 4 5 5 1 2 1 3 5 5 5 4 4 5 2 3 3 1 2 1 4 5 5 2 1 2 1 1 1 5 4 3 5 3 2 1 4 2 5 5 2 4 5 2 5 2 4 4 4 2 1 2 4 5 5 1 3 5 2 3 1 2 2 2 1 4 2 1 2 3 5 5 3 4 1 4 2 1 5 5 3 5 3 1 2 2 3 4 3 4 4 5 2 5 2 2 5 5 4 2 5 3 1 2 4 4 3 5 4 2 2 1 1 1 3 2 3 1 1 2 1 1 4 3 5 5 1 2 1 5 3 5 4 5 4 2 3 1 4 2 2 2 4 4 2 2 1 1 2 3 3 4 3 3 1 4 2 4 5 4 3 4 1 1 1 4 5 3 1 3 1 4 4 5 2 5 1 4 1 4 1 5 2 5 2 5 1 5 3 2 5 2 1 5 4 3 5 3 5 2 5 1 5 5 5 4 2 2 2 4 5 5 3 3 1 1 2 1 2 1 3 1 4 5 3 3 2 4 5 3 1 2 3 2 1 4 5 2 5 2 2 1 1 4 4 3 1 2 4 2 3 3 5 1 4 2 5 2 2 5 4 2 3 4 1 3 4 5 2 4 3 3 4 5 4 4 3 1 1 1 5 5 5 4 5 3 2 2 4 3 1 4 2 5 2 2 4 1 1 5 1 4 5 1 3 5 5 5 2 5 2 1 1 1 4 5 5 5 3 3 5 3 2 1 4 5 2 3 2 4 4 2 4 3 5 2 4 1 3 1 2 2 1 2 2 2 1 2 3 1 1 2 3 4 2 4 4 5 1 2 4 4 1 2 4 5 5 2 5 5 4 1 1 2 2 4 3 4 2 5 4 3 4 4 3 5 2 1 2 2 5 5 5 5 3 3 4 5 2 5 1 2 5 1 3 3 4 2 1 3 2 2 5 2 5 2 1 3 5 2 1 1 3 2 5 3 2 3 4 3 2 4 1 3 1 4 5 1 5 2 3 3 3 4 4 4 3 2 3 4 5 3 4 5 5 3 4 3 2 2 5 3 2 2 2 2 5 1 2 2 4 2 1 2 5 2 2 2 5 5 5 1 4 3 5 5 2 5 2 3 3 3 2 4 5 3 2 1 5 1 2 4 2 5 2 1 3 3 3 4 4 4 4 3 4 1 2 5 5 4 3 3 1 4 3 5 4 5 1 3 5 4 1 3 5 2 3 4 2 2 2 5 1 3 2 1 3 4 5 2 4 4 1 4 3 4 1 1 5 3 5 1 3 1 3 5 4 2 3 5 4 2 5 1 4 3 1 1 3 2 4 1 1 5 5 3 5 2 5 1 4 4 3 3 1 5 2 5 1 5 1 1 1 2 1 4 5 3 1 2 5 4 3 5 5 4 4 1 2 5 3 2 3 5 4 1 4 1 2 2 2 2 2 4 4 3 4 5 2 4 1 1 4 5 2 1 3 5 1 1 1 4 2 1 3 1 1 4 3 2 5 1 3 3 1 3 5 4 2 2 4 5 4 4 4 1 4 4 2 2 4 3 2 1 3 1 3 3 4 2 1 5 4 5 3 4 3 4 4 1 2 2 5 1 2 4 3 1 2 4 4 2 3 5 2 2 5 1 1 1 4 1 2 2 1 1 2 5 5 5 5 1 3 5 3 5 5 2 2 3 3 5 4 5 1 3 4 2 5 4 2 4 2 1 2 2 1 4 3 5 3 4 3 1 5 2 2 4 4 
1000
2 2 871
1 2 677
1 4 910
1 3 969
2 2 140
2 2 133
1 3 572
2 2 700
1 2 455
2 2 840
2 1 998
2 1 24
1 5 42
2 2 16
2 1 44
1 5 53
1 5 352
2 1 761
2 1 135
2 1 104
1 3 893
2 2 199
1 1 286
2 1 437
2 1 995
1 3 434
1 2 883
2 1 740
2 2 188
2 1 602
2 2 270
2 1 765
2 2 60
1 3 768
1 3 210
1 1 525
2 2 196
1 4 146
2 1 76
1 4 790
1 4 129
2 2 90
2 2 47
1 5 689
2 1 89
2 1 584
2 1 932
1 4 482
2 2 348
1 3 312
1 3 532
1 1 198
2 2 859
2 2 800
1 5 458
1 5 531
2 2 99
1 5 397
1 3 868
2 2 995
1 5 85
1 3 405
2 2 73
2 1 498
1 5 97
1 4 431
1 5 376
1 5 127
1 2 830
2 1 911
2 1 160
2 1 57
1 1 44
1 2 815
2 2 761
1 3 620
1 3 326
1 3 810
1 4 907
2 1 315
2 2 993
1 5 178
2 2 65
1 4 162
1 3 971
2 1 598
1 4 277
2 2 754
1 4 777
1 5 565
1 3 112
2 2 503
1 3 142
1 1 805
2 2 990
2 1 792
1 3 995
1 2 326
2 2 912
2 1 581
2 1 243
2 2 114
2 2 546
2 1 287
2 2 502
1 5 600
1 5 904
1 2 387
1 1 210
2 2 280
2 1 967
2 2 558
2 2 936
1 5 812
1 2 699
2 1 920
1 4 720
2 1 726
2 1 43
2 2 800
1 1 209
1 4 84
1 5 577
2 2 533
1 3 405
1 5 885
1 4 413
2 2 687
1 5 682
1 2 659
1 5 552
1 2 250
2 2 219
1 5 356
1 5 300
1 5 552
1 5 710
1 1 381
2 2 600
1 5 576
1 2 293
2 1 716
1 5 51
1 2 937
1 4 481
2 1 437
1 1 374
2 2 9
1 5 773
2 1 707
2 2 963
2 1 749
1 5 500
1 5 442
1 3 810
1 1 360
1 1 977
2 2 425
1 3 389
1 1 256
1 5 683
1 3 869
1 3 768
2 1 950
1 2 417
2 1 822
2 2 68
2 1 215
2 1 644
1 5 306
2 1 778
2 1 350
2 1 795
2 1 457
1 2 626
1 1 780
1 1 61
2 1 490
2 1 426
1 3 643
2 2 197
1 3 404
1 5 714
1 5 276
1 1 883
2 2 695
2 2 72
2 1 990
1 3 578
1 5 520
1 4 479
1 1 433
2 2 603
2 2 459
1 1 600
1 2 441
1 2 508
2 2 516
2 1 383
1 2 104
1 3 984
1 5 801
2 1 256
2 2 143
2 2 919
1 4 560
1 4 198
2 1 893
1 2 135
1 2 701
2 2 233
2 1 928
2 2 892
2 1 839
2 2 44
2 1 94
1 4 683
2 1 233
1 3 86
1 1 467
2 1 601
2 2 317
1 5 344
2 1 988
2 2 707
2 2 101
1 3 610
1 3 444
1 2 766
2 2 311
1 1 886
1 5 473
1 2 874
2 1 344
1 1 378
1 5 893
2 2 800
1 1 649
2 1 980
1 2 280
2 2 600
1 2 526
1 4 633
1 1 515
2 1 362
1 2 219
1 2 178
1 3 625
1 2 441
1 1 415
2 1 12
1 4 834
1 1 899
1 5 200
1 2 778
2 2 989
2 2 285
1 4 627
2 1 458
2 1 896
2 2 250
2 2 759
1 2 246
1 4 585
2 2 823
2 2 986
2 1 670
1 4 673
1 2 997
1 5 621
2 2 176
1 3 262
1 4 755
2 1 289
2 1 728
1 2 787
2 1 36
1 3 299
2 2 257
2 2 998
1 1 289
2 1 141
1 3 91
2 1 334
2 1 124
1 1 535
2 2 259
1 2 582
1 3 481
1 2 62
2 1 924
1 5 964
1 5 941
2 2 804
1 1 784
2 2 56
2 1 253
2 1 101
1 4 568
1 4 355
2 2 785
1 2 331
1 1 606
1 5 715
2 2 596
1 4 679
2 2 751
1 5 847
1 2 617
1 3 965
1 3 592
1 3 84
2 2 284
1 3 635
1 4 118
2 1 208
2 2 439
2 2 125
2 1 496
2 1 736
2 1 553
2 1 222
1 3 356
2 2 950
2 1 103
1 1 951
2 2 549
2 1 852
2 1 610
2 2 390
1 2 250
1 2 975
2 1 542
1 3 262
2 1 496
1 4 543
1 2 82
1 3 215
1 5 787
2 1 766
2 1 469
1 3 135
1 5 199
1 5 296
2 1 412
1 2 312
1 1 203
1 4 227
1 2 509
1 2 191
2 2 714
1 1 276
1 1 452
2 1 949
1 5 363
1 2 149
2 1 609
1 5 644
1 2 105
1 2 602
2 2 875
1 1 527
2 1 828
2 2 22
2 2 372
2 2 723
2 2 971
2 2 197
2 2 615
2 1 11
1 4 503
2 2 910
2 1 368
1 2 75
1 4 679
2 2 590
2 1 473
1 4 882
1 5 44
2 1 466
2 2 691
2 1 432
2 2 668
1 5 852
2 1 930
2 2 266
1 1 710
2 1 168
1 2 339
2 1 976
1 5 383
1 3 787
2 1 362
2 1 936
1 1 586
2 1 979
1 5 542
1 5 244
2 1 987
1 5 33
2 1 393
2 2 272
2 1 228
1 5 332
1 5 660
2 2 888
1 2 607
2 2 993
1 3 576
2 2 750
2 1 332
2 2 661
1 3 872
2 1 631
2 1 143
1 1 336
2 1 179
1 5 679
1 4 58
2 1 655
1 1 445
1 3 514
1 4 648
2 2 856
1 2 779
1 1 1
2 1 501
2 1 172
2 1 905
1 3 392
1 1 312
1 3 761
2 2 659
1 3 937
1 1 925
1 3 636
1 2 308
1 5 548
2 1 52
2 2 44
1 5 977
2 1 829
1 2 966
1 4 259
1 1 41
2 1 104
1 4 837
2 1 68
1 2 475
2 1 818
2 2 399
2 1 15
2 1 179
2 2 537
2 2 649
2 1 645
1 1 173
2 2 437
1 1 960
1 5 942
2 1 479
1 4 882
1 2 910
1 3 575
1 4 165
1 1 603
1 2 526
1 3 239
1 1 995
2 1 844
2 1 182
2 1 985
1 5 433
1 2 493
1 3 773
1 3 963
2 1 870
1 2 329
1 2 761
1 5 288
2 1 430
1 5 234
1 3 770
2 1 513
2 1 351
2 2 283
1 1 953
2 1 886
2 1 518
1 3 159
2 1 399
1 4 420
2 2 752
1 4 656
2 2 59
2 2 772
2 2 102
2 1 574
2 2 426
1 2 653
1 2 154
1 1 109
2 2 854
2 1 823
1 5 858
1 1 437
2 2 170
1 5 278
2 2 146
2 2 477
2 2 616
1 5 286
1 4 426
1 4 804
1 4 285
2 2 867
1 1 832
2 2 188
2 1 470
1 5 545
1 5 925
2 2 6
2 1 209
1 3 989
2 1 298
2 2 249
2 2 261
1 2 788
2 1 755
1 2 586
2 1 935
2 1 11
1 2 217
2 2 111
2 1 515
1 5 286
1 3 214
2 1 467
1 4 675
1 4 631
1 5 867
1 2 999
1 4 960
1 2 231
1 4 263
1 4 692
1 3 736
2 2 226
2 2 350
2 1 280
2 1 561
2 1 469
1 5 657
2 2 391
1 5 954
1 3 347
1 2 171
2 2 982
2 1 272
1 3 146
2 1 486
2 1 930
2 1 489
2 2 731
2 2 765
1 1 809
2 1 446
2 2 591
2 1 712
1 3 481
2 2 882
1 2 132
2 2 878
1 3 135
1 5 783
1 3 83
1 4 783
2 2 914
1 3 759
2 1 961
2 2 857
1 5 5
2 2 875
1 3 122
2 2 488
2 2 927
2 2 137
2 2 937
1 1 659
1 3 280
2 2 943
2 1 135
2 2 784
2 1 731
1 4 58
1 1 529
1 2 304
2 1 477
2 1 694
2 2 18
1 1 578
2 2 606
2 1 937
1 1 745
1 1 220
2 1 440
2 2 191
1 4 607
2 2 602
1 4 933
1 5 265
2 1 454
1 2 856
1 4 346
2 2 749
1 4 847
1 3 624
1 5 512
2 1 151
1 5 200
1 4 641
1 2 65
2 1 958
1 1 751
1 2 230
1 3 748
1 5 185
1 2 196
2 2 259
1 2 418
2 2 43
2 2 711
2 1 675
1 5 575
1 5 157
2 2 991
1 4 165
1 1 573
2 2 471
2 2 514
1 1 284
1 1 395
1 2 302
1 5 563
2 1 524
2 2 933
2 2 636
2 2 962
2 1 773
2 1 516
2 1 446
1 5 203
1 5 499
2 1 643
2 2 737
1 4 10
1 5 561
1 5 574
2 2 596
2 2 886
1 2 565
2 1 26
2 1 275
2 1 691
2 2 200
2 1 958
1 2 307
1 4 763
2 2 547
1 1 480
1 3 76
1 4 322
2 1 260
2 2 544
1 1 736
2 2 710
2 2 398
2 2 789
1 3 194
1 4 35
2 2 529
1 1 123
2 1 369
1 3 767
1 4 957
2 2 733
1 2 398
2 2 218
2 2 60
2 2 225
2 1 598
2 1 95
2 2 389
1 1 459
1 5 994
1 1 195
1 1 371
1 2 181
2 1 386
1 5 886
2 1 158
1 1 927
2 2 568
2 2 638
2 2 32
2 2 837
2 1 114
1 4 261
1 2 417
2 2 776
1 2 724
1 3 789
1 1 446
2 2 711
2 2 54
1 4 80
2 2 224
1 1 884
1 2 277
1 1 814
2 2 73
1 2 650
2 2 640
1 2 487
2 1 946
1 4 66
2 2 338
1 5 835
2 1 387
2 2 434
2 1 509
2 2 123
1 1 200
2 1 13
2 2 847
2 1 86
1 1 917
2 1 103
1 2 904
1 2 439
2 1 483
2 2 760
2 2 762
2 1 231
2 2 284
1 3 272
2 2 978
2 1 976
1 2 797
2 1 70
2 2 608
2 2 483
2 1 344
1 3 182
1 3 836
1 4 250
2 1 491
1 1 248
2 2 706
1 5 253
2 2 672
2 2 473
2 1 778
2 1 137
1 1 564
2 2 257
2 1 653
2 2 669
1 5 406
1 4 473
1 3 306
2 2 389
1 3 537
2 2 456
2 1 783
2 2 98
2 1 24
1 5 243
1 5 378
2 1 576
2 1 260
2 1 37
2 1 390
1 4 365
2 1 145
2 2 917
1 1 577
2 2 321
1 5 748
2 1 210
1 4 17
1 2 487
1 5 445
2 1 668
1 2 644
1 1 938
1 4 805
2 1 898
2 1 237
1 4 579
1 1 749
1 3 52
1 4 229
1 5 815
2 2 619
1 1 421
2 1 320
2 2 42
1 1 182
1 2 765
2 2 422
2 2 710
2 2 720
2 2 841
2 1 439
2 2 361
1 2 171
2 1 447
1 4 564
2 2 565
2 1 717
1 3 682
2 1 300
1 5 13
2 2 194
2 1 133
2 1 119
2 2 309
2 2 248
1 4 875
2 2 417
2 1 326
1 2 655
2 1 334
1 2 179
2 1 160
2 2 992
2 1 52
1 4 731
2 1 860
2 2 553
2 1 937
1 5 369
1 1 271
1 3 132
1 2 446
2 1 573
2 1 331
1 1 871
1 5 404
2 1 549
1 2 320
1 1 101
1 2 191
1 3 956
2 1 587
1 2 570
1 1 22
2 2 604
2 2 563
1 4 477
2 2 58
1 4 335
1 2 963
1 4 627
2 1 858
1 2 814
2 2 839
1 2 336
2 2 387
2 1 500
2 2 579
1 3 265
1 5 221
2 2 421
2 2 997
1 4 746
2 1 887
2 1 455
1 1 320
2 1 886
1 1 53
2 2 140
2 2 951
2 1 677
2 1 272
1 4 675
2 1 807
2 2 41
2 1 276
1 3 778
1 3 375
1 4 124
1 4 711
1 4 748
1 4 212
2 1 312
2 2 510
2 1 996
2 2 456
1 5 925
2 2 902
2 1 23
1 5 846
2 1 297
1 2 795
2 1 41
1 3 428
1 3 842
2 2 441
1 4 840
1 1 982
2 1 214
2 2 380
2 1 430
2 1 41
2 2 836
2 2 488
1 3 155
2 1 878
2 1 284
1 5 149
2 1 199
1 2 262
2 1 344
2 2 248
2 1 185
1 4 467
2 2 306
1 2 699
2 2 451
1 5 136
1 4 710
2 1 491
1 5 30
1 3 269
2 1 356
1 4 681
1 2 673
2 1 171
2 2 617
1 4 201
2 1 904
1 3 292
1 5 744
2 1 688
1 1 166
2 2 365
2 2 771
2 2 891
1 2 954
1 4 892
1 4 557
2 2 794
2 1 218
1 4 524
2 2 312
2 1 765
2 1 55
2 2 782
2 2 700
1 4 261
1 2 246
1 4 366
2 1 814
2 1 619
1 1 51
2 1 815
1 1 945
1 5 113
2 2 192
1 4 96
1 2 79
1 1 694
2 2 584
1 5 844
1 1 810
1 1 998
2 1 126
2 1 610
2 2 46
2 1 386
1 4 522
1 3 714
1 4 51
2 2 808
2 1 803
1 3 403
2 2 374
1 5 120
1 2 72
2 2 632
1 1 60
2 1 955
1 3 328
1 3 50
2 1 386
2 1 738
1 3 922
2 1 233
