2000
1 2
1 3
3 4
4 5
4 6
3 7
6 8
3 9
6 10
7 11
11 12
7 13
9 14
11 15
12 16
11 17
14 18
14 19
19 20
17 21
20 22
20 23
21 24
22 25
22 26
24 27
27 28
25 29
27 30
27 31
30 32
27 33
29 34
34 35
35 36
31 37
33 38
35 39
37 40
35 41
39 42
40 43
40 44
42 45
42 46
43 47
43 48
46 49
48 50
46 51
50 52
50 53
50 54
53 55
52 56
51 57
53 58
55 59
54 60
59 61
60 62
60 63
61 64
62 65
64 66
65 67
63 68
67 69
65 70
65 71
70 72
69 73
72 74
74 75
74 76
74 77
76 78
78 79
78 80
76 81
78 82
77 83
82 84
84 85
81 86
82 87
82 88
83 89
89 90
86 91
90 92
88 93
90 94
91 95
94 96
91 97
93 98
96 99
97 100
98 101
96 102
102 103
98 104
104 105
101 106
101 107
106 108
104 109
104 110
106 111
108 112
109 113
112 114
111 115
115 116
112 117
113 118
113 119
116 120
117 121
120 122
117 123
121 124
122 125
121 126
122 127
127 128
123 129
127 130
125 131
126 132
127 133
128 134
130 135
130 136
132 137
136 138
135 139
136 140
139 141
137 142
141 143
139 144
141 145
140 146
145 147
144 148
143 149
149 150
150 151
147 152
149 153
149 154
154 155
155 156
156 157
157 158
156 159
154 160
158 161
161 162
158 163
162 164
160 165
161 166
165 167
162 168
167 169
168 170
165 171
166 172
167 173
169 174
174 175
171 176
173 177
173 178
174 179
176 180
176 181
176 182
182 183
183 184
179 185
181 186
182 187
183 188
188 189
187 190
187 191
190 192
192 193
189 194
191 195
195 196
195 197
197 198
198 199
194 200
196 201
198 202
199 203
200 204
204 205
202 206
206 207
203 208
208 209
209 210
208 211
209 212
211 213
212 214
213 215
213 216
211 217
212 218
218 219
216 220
216 221
220 222
218 223
221 224
224 225
223 226
222 227
226 228
225 229
227 230
230 231
229 232
228 233
231 234
233 235
232 236
236 237
235 238
235 239
236 240
236 241
240 242
239 243
241 244
242 245
243 246
242 247
244 248
245 249
246 250
248 251
246 252
247 253
248 254
254 255
252 256
254 257
252 258
254 259
258 260
255 261
260 262
257 263
262 264
261 265
260 266
265 267
266 268
268 269
268 270
266 271
266 272
267 273
271 274
272 275
275 276
274 277
276 278
277 279
274 280
277 281
278 282
280 283
283 284
282 285
280 286
283 287
286 288
284 289
287 290
287 291
287 292
290 293
290 294
291 295
291 296
293 297
294 298
297 299
299 300
299 301
301 302
299 303
299 304
300 305
303 306
306 307
305 308
303 309
308 310
310 311
311 312
310 313
310 314
310 315
310 316
311 317
314 318
313 319
319 320
316 321
316 322
322 323
318 324
324 325
322 326
323 327
326 328
325 329
324 330
325 331
327 332
329 333
328 334
330 335
334 336
336 337
332 338
333 339
334 340
336 341
337 342
341 343
343 344
342 345
340 346
342 347
342 348
346 349
348 350
349 351
347 352
348 353
349 354
351 355
355 356
353 357
355 358
354 359
354 360
358 361
356 362
360 363
361 364
363 365
365 366
363 367
364 368
363 369
365 370
369 371
371 372
368 373
369 374
374 375
373 376
375 377
376 378
376 379
377 380
380 381
379 382
380 383
382 384
380 385
385 386
384 387
382 388
387 389
387 390
388 391
389 392
392 393
389 394
392 395
391 396
394 397
396 398
396 399
397 400
395 401
397 402
397 403
401 404
403 405
401 406
403 407
402 408
404 409
408 410
405 411
407 412
410 413
410 414
410 415
415 416
411 417
417 418
415 419
416 420
415 421
418 422
421 423
422 424
419 425
423 426
424 427
423 428
424 429
426 430
427 431
431 432
431 433
432 434
434 435
431 436
433 437
434 438
433 439
436 440
436 441
440 442
437 443
443 444
442 445
440 446
441 447
443 448
445 449
449 450
446 451
450 452
450 453
452 454
454 455
452 456
452 457
452 458
453 459
459 460
455 461
456 462
459 463
459 464
464 465
462 466
462 467
462 468
465 469
464 470
466 471
466 472
469 473
469 474
474 475
470 476
472 477
477 478
476 479
475 480
479 481
481 482
479 483
483 484
482 485
482 486
482 487
487 488
484 489
489 490
487 491
489 492
490 493
490 494
490 495
490 496
494 497
497 498
493 499
495 500
498 501
497 502
497 503
498 504
504 505
503 506
503 507
504 508
505 509
507 510
510 511
511 512
512 513
508 514
513 515
510 516
515 517
515 518
517 519
519 520
519 521
517 522
518 523
521 524
523 525
524 526
522 527
522 528
524 529
524 530
528 531
526 532
528 533
532 534
531 535
532 536
534 537
537 538
537 539
537 540
536 541
538 542
541 543
543 544
542 545
543 546
544 547
544 548
544 549
546 550
545 551
547 552
549 553
552 554
553 555
550 556
554 557
555 558
554 559
556 560
556 561
558 562
562 563
561 564
559 565
564 566
564 567
563 568
565 569
564 570
570 571
566 572
567 573
571 574
573 575
574 576
571 577
576 578
575 579
576 580
580 581
579 582
577 583
580 584
579 585
584 586
581 587
584 588
583 589
589 590
585 591
586 592
588 593
589 594
591 595
595 596
592 597
597 598
596 599
594 600
595 601
600 602
600 603
602 604
604 605
603 606
605 607
606 608
608 609
607 610
606 611
610 612
611 613
608 614
612 615
614 616
611 617
614 618
616 619
614 620
620 621
621 622
617 623
618 624
623 625
622 626
623 627
626 628
625 629
627 630
629 631
626 632
628 633
631 634
630 635
635 636
636 637
636 638
633 639
636 640
639 641
641 642
637 643
643 644
644 645
640 646
644 647
643 648
646 649
645 650
650 651
648 652
649 653
650 654
649 655
653 656
656 657
655 658
655 659
659 660
658 661
659 662
658 663
659 664
663 665
662 666
663 667
667 668
664 669
664 670
667 671
671 672
670 673
671 674
670 675
671 676
671 677
677 678
674 679
676 680
679 681
677 682
677 683
680 684
681 685
684 686
683 687
682 688
685 689
686 690
688 691
689 692
691 693
690 694
692 695
691 696
695 697
697 698
693 699
695 700
700 701
696 702
699 703
699 704
703 705
703 706
701 707
702 708
706 709
708 710
710 711
708 712
711 713
709 714
714 715
714 716
714 717
715 718
713 719
715 720
720 721
719 722
720 723
722 724
724 725
722 726
724 727
722 728
728 729
725 730
729 731
728 732
732 733
729 734
729 735
732 736
736 737
733 738
738 739
735 740
739 741
741 742
740 743
739 744
743 745
745 746
742 747
742 748
745 749
744 750
749 751
746 752
748 753
752 754
749 755
750 756
755 757
757 758
754 759
759 760
759 761
761 762
757 763
758 764
763 765
763 766
761 767
762 768
765 769
764 770
768 771
769 772
772 773
770 774
771 775
775 776
774 777
775 778
774 779
774 780
780 781
780 782
777 783
780 784
784 785
781 786
784 787
782 788
787 789
788 790
788 791
787 792
790 793
790 794
793 795
795 796
794 797
797 798
798 799
794 800
799 801
801 802
801 803
798 804
799 805
801 806
806 807
807 808
805 809
806 810
808 811
809 812
807 813
811 814
811 815
814 816
815 817
813 818
816 819
819 820
815 821
820 822
821 823
820 824
821 825
821 826
824 827
826 828
823 829
826 830
829 831
831 832
830 833
830 834
834 835
835 836
835 837
832 838
833 839
838 840
840 841
837 842
842 843
843 844
844 845
843 846
846 847
844 848
848 849
844 850
845 851
851 852
847 853
851 854
853 855
853 856
852 857
853 858
855 859
854 860
860 861
857 862
862 863
863 864
861 865
865 866
861 867
862 868
868 869
865 870
866 871
870 872
869 873
868 874
871 875
875 876
873 877
877 878
876 879
876 880
878 881
877 882
879 883
878 884
881 885
884 886
885 887
882 888
887 889
885 890
889 891
887 892
892 893
893 894
891 895
891 896
895 897
893 898
894 899
899 900
896 901
897 902
902 903
903 904
901 905
905 906
903 907
905 908
908 909
905 910
907 911
911 912
910 913
910 914
913 915
914 916
914 917
915 918
917 919
919 920
920 921
921 922
918 923
921 924
924 925
921 926
925 927
924 928
928 929
924 930
927 931
931 932
932 933
930 934
930 935
934 936
935 937
936 938
933 939
937 940
938 941
936 942
940 943
940 944
940 945
945 946
944 947
946 948
948 949
948 950
947 951
946 952
952 953
953 954
954 955
955 956
954 957
957 958
957 959
954 960
956 961
957 962
962 963
963 964
959 965
965 966
966 967
965 968
967 969
969 970
968 971
969 972
971 973
969 974
972 975
974 976
973 977
972 978
974 979
977 980
978 981
980 982
981 983
979 984
981 985
984 986
983 987
984 988
984 989
984 990
987 991
989 992
992 993
993 994
989 995
990 996
995 997
995 998
998 999
995 1000
995 1001
998 1002
1000 1003
1001 1004
1004 1005
1001 1006
1005 1007
1002 1008
1005 1009
1009 1010
1009 1011
1006 1012
1007 1013
1010 1014
1011 1015
1010 1016
1014 1017
1012 1018
1016 1019
1016 1020
1015 1021
1020 1022
1019 1023
1022 1024
1024 1025
1020 1026
1025 1027
1024 1028
1025 1029
1024 1030
1025 1031
1031 1032
1032 1033
1028 1034
1031 1035
1031 1036
1031 1037
1035 1038
1034 1039
1035 1040
1040 1041
1038 1042
1038 1043
1041 1044
1039 1045
1044 1046
1043 1047
1044 1048
1043 1049
1048 1050
1046 1051
1047 1052
1052 1053
1051 1054
1052 1055
1051 1056
1056 1057
1052 1058
1058 1059
1059 1060
1055 1061
1058 1062
1062 1063
1060 1064
1059 1065
1061 1066
1062 1067
1064 1068
1068 1069
1064 1070
1070 1071
1068 1072
1067 1073
1068 1074
1070 1075
1072 1076
1076 1077
1076 1078
1076 1079
1077 1080
1078 1081
1079 1082
1077 1083
1080 1084
1083 1085
1084 1086
1082 1087
1086 1088
1084 1089
1086 1090
1085 1091
1087 1092
1091 1093
1091 1094
1094 1095
1095 1096
1094 1097
1095 1098
1097 1099
1098 1100
1099 1101
1099 1102
1098 1103
1103 1104
1101 1105
1105 1106
1105 1107
1106 1108
1107 1109
1107 1110
1108 1111
1107 1112
1110 1113
1109 1114
1111 1115
1112 1116
1114 1117
1112 1118
1114 1119
1115 1120
1120 1121
1121 1122
1118 1123
1119 1124
1122 1125
1120 1126
1122 1127
1127 1128
1123 1129
1125 1130
1129 1131
1126 1132
1132 1133
1132 1134
1133 1135
1133 1136
1134 1137
1134 1138
1137 1139
1135 1140
1137 1141
1138 1142
1138 1143
1139 1144
1144 1145
1144 1146
1145 1147
1145 1148
1144 1149
1149 1150
1145 1151
1150 1152
1150 1153
1153 1154
1151 1155
1152 1156
1153 1157
1152 1158
1155 1159
1155 1160
1155 1161
1156 1162
1161 1163
1160 1164
1159 1165
1161 1166
1162 1167
1166 1168
1166 1169
1167 1170
1167 1171
1166 1172
1168 1173
1173 1174
1169 1175
1170 1176
1175 1177
1176 1178
1176 1179
1179 1180
1178 1181
1178 1182
1181 1183
1179 1184
1181 1185
1180 1186
1184 1187
1186 1188
1187 1189
1185 1190
1188 1191
1191 1192
1191 1193
1192 1194
1192 1195
1194 1196
1193 1197
1197 1198
1195 1199
1198 1200
1198 1201
1200 1202
1200 1203
1200 1204
1204 1205
1200 1206
1203 1207
1204 1208
1205 1209
1206 1210
1210 1211
1207 1212
1212 1213
1211 1214
1210 1215
1215 1216
1215 1217
1215 1218
1215 1219
1215 1220
1218 1221
1218 1222
1221 1223
1221 1224
1223 1225
1223 1226
1223 1227
1222 1228
1228 1229
1225 1230
1229 1231
1230 1232
1229 1233
1230 1234
1234 1235
1235 1236
1235 1237
1236 1238
1238 1239
1236 1240
1240 1241
1241 1242
1240 1243
1238 1244
1242 1245
1240 1246
1241 1247
1246 1248
1243 1249
1247 1250
1250 1251
1246 1252
1250 1253
1252 1254
1249 1255
1250 1256
1255 1257
1256 1258
1253 1259
1254 1260
1255 1261
1257 1262
1260 1263
1263 1264
1261 1265
1264 1266
1263 1267
1265 1268
1266 1269
1266 1270
1270 1271
1269 1272
1268 1273
1270 1274
1270 1275
1274 1276
1273 1277
1277 1278
1277 1279
1277 1280
1280 1281
1276 1282
1278 1283
1278 1284
1279 1285
1283 1286
1282 1287
1283 1288
1286 1289
1286 1290
1289 1291
1290 1292
1288 1293
1293 1294
1291 1295
1293 1296
1291 1297
1293 1298
1296 1299
1295 1300
1296 1301
1298 1302
1302 1303
1303 1304
1300 1305
1305 1306
1306 1307
1303 1308
1306 1309
1308 1310
1308 1311
1307 1312
1312 1313
1310 1314
1311 1315
1315 1316
1316 1317
1313 1318
1314 1319
1316 1320
1320 1321
1317 1322
1321 1323
1323 1324
1321 1325
1320 1326
1324 1327
1324 1328
1327 1329
1329 1330
1326 1331
1326 1332
1330 1333
1332 1334
1331 1335
1332 1336
1331 1337
1332 1338
1337 1339
1336 1340
1339 1341
1339 1342
1340 1343
1338 1344
1339 1345
1342 1346
1345 1347
1344 1348
1348 1349
1346 1350
1346 1351
1347 1352
1352 1353
1348 1354
1349 1355
1355 1356
1352 1357
1354 1358
1355 1359
1355 1360
1357 1361
1358 1362
1357 1363
1358 1364
1364 1365
1365 1366
1362 1367
1366 1368
1363 1369
1366 1370
1368 1371
1366 1372
1372 1373
1373 1374
1370 1375
1372 1376
1374 1377
1375 1378
1373 1379
1379 1380
1379 1381
1377 1382
1379 1383
1381 1384
1379 1385
1385 1386
1384 1387
1387 1388
1385 1389
1384 1390
1385 1391
1389 1392
1390 1393
1390 1394
1393 1395
1393 1396
1394 1397
1392 1398
1393 1399
1398 1400
1399 1401
1401 1402
1401 1403
1399 1404
1404 1405
1400 1406
1406 1407
1404 1408
1405 1409
1409 1410
1408 1411
1408 1412
1409 1413
1413 1414
1409 1415
1413 1416
1413 1417
1414 1418
1414 1419
1415 1420
1418 1421
1417 1422
1417 1423
1418 1424
1419 1425
1420 1426
1425 1427
1425 1428
1425 1429
1427 1430
1428 1431
1427 1432
1430 1433
1430 1434
1432 1435
1431 1436
1432 1437
1434 1438
1437 1439
1436 1440
1436 1441
1436 1442
1442 1443
1438 1444
1443 1445
1441 1446
1446 1447
1447 1448
1444 1449
1444 1450
1446 1451
1447 1452
1452 1453
1451 1454
1454 1455
1452 1456
1456 1457
1455 1458
1458 1459
1459 1460
1459 1461
1460 1462
1462 1463
1463 1464
1463 1465
1464 1466
1461 1467
1465 1468
1465 1469
1466 1470
1468 1471
1466 1472
1471 1473
1473 1474
1474 1475
1472 1476
1474 1477
1475 1478
1477 1479
1479 1480
1475 1481
1476 1482
1481 1483
1479 1484
1481 1485
1484 1486
1486 1487
1486 1488
1487 1489
1489 1490
1488 1491
1490 1492
1489 1493
1490 1494
1491 1495
1493 1496
1493 1497
1497 1498
1498 1499
1498 1500
1500 1501
1501 1502
1498 1503
1502 1504
1504 1505
1505 1506
1501 1507
1507 1508
1506 1509
1507 1510
1505 1511
1508 1512
1511 1513
1508 1514
1511 1515
1513 1516
1514 1517
1517 1518
1513 1519
1517 1520
1517 1521
1521 1522
1519 1523
1519 1524
1524 1525
1520 1526
1524 1527
1525 1528
1523 1529
1527 1530
1525 1531
1526 1532
1530 1533
1533 1534
1532 1535
1532 1536
1533 1537
1536 1538
1537 1539
1539 1540
1536 1541
1536 1542
1538 1543
1542 1544
1542 1545
1542 1546
1544 1547
1543 1548
1544 1549
1547 1550
1547 1551
1547 1552
1547 1553
1548 1554
1554 1555
1550 1556
1556 1557
1553 1558
1557 1559
1555 1560
1555 1561
1559 1562
1561 1563
1561 1564
1560 1565
1561 1566
1563 1567
1566 1568
1567 1569
1568 1570
1568 1571
1570 1572
1570 1573
1572 1574
1570 1575
1570 1576
1572 1577
1574 1578
1573 1579
1574 1580
1577 1581
1578 1582
1579 1583
1579 1584
1582 1585
1580 1586
1582 1587
1587 1588
1587 1589
1584 1590
1588 1591
1591 1592
1592 1593
1589 1594
1594 1595
1594 1596
1596 1597
1597 1598
1596 1599
1595 1600
1600 1601
1600 1602
1602 1603
1600 1604
1602 1605
1604 1606
1602 1607
1605 1608
1604 1609
1606 1610
1606 1611
1606 1612
1607 1613
1610 1614
1614 1615
1613 1616
1611 1617
1617 1618
1613 1619
1617 1620
1616 1621
1616 1622
1621 1623
1623 1624
1620 1625
1625 1626
1622 1627
1626 1628
1626 1629
1625 1630
1629 1631
1627 1632
1629 1633
1633 1634
1630 1635
1634 1636
1636 1637
1634 1638
1633 1639
1637 1640
1637 1641
1636 1642
1641 1643
1642 1644
1640 1645
1640 1646
1644 1647
1643 1648
1643 1649
1649 1650
1647 1651
1648 1652
1648 1653
1650 1654
1652 1655
1655 1656
1656 1657
1655 1658
1658 1659
1659 1660
1659 1661
1657 1662
1658 1663
1661 1664
1663 1665
1661 1666
1665 1667
1665 1668
1668 1669
1666 1670
1665 1671
1668 1672
1671 1673
1671 1674
1674 1675
1672 1676
1675 1677
1674 1678
1674 1679
1678 1680
1679 1681
1681 1682
1677 1683
1681 1684
1679 1685
1684 1686
1685 1687
1682 1688
1686 1689
1685 1690
1689 1691
1687 1692
1690 1693
1691 1694
1694 1695
1690 1696
1694 1697
1694 1698
1697 1699
1695 1700
1700 1701
1698 1702
1702 1703
1699 1704
1700 1705
1703 1706
1703 1707
1704 1708
1703 1709
1706 1710
1710 1711
1707 1712
1711 1713
1708 1714
1709 1715
1711 1716
1713 1717
1716 1718
1715 1719
1716 1720
1718 1721
1719 1722
1721 1723
1723 1724
1721 1725
1723 1726
1726 1727
1722 1728
1726 1729
1725 1730
1729 1731
1728 1732
1731 1733
1730 1734
1731 1735
1735 1736
1733 1737
1734 1738
1738 1739
1738 1740
1738 1741
1738 1742
1738 1743
1742 1744
1742 1745
1744 1746
1742 1747
1742 1748
1743 1749
1749 1750
1748 1751
1749 1752
1752 1753
1752 1754
1752 1755
1754 1756
1754 1757
1756 1758
1758 1759
1755 1760
1760 1761
1759 1762
1762 1763
1761 1764
1759 1765
1762 1766
1765 1767
1766 1768
1767 1769
1769 1770
1768 1771
1768 1772
1771 1773
1772 1774
1769 1775
1775 1776
1772 1777
1776 1778
1773 1779
1778 1780
1779 1781
1780 1782
1777 1783
1778 1784
1782 1785
1780 1786
1785 1787
1784 1788
1786 1789
1784 1790
1788 1791
1789 1792
1790 1793
1792 1794
1792 1795
1795 1796
1796 1797
1797 1798
1798 1799
1796 1800
1798 1801
1799 1802
1799 1803
1798 1804
1799 1805
1802 1806
1806 1807
1803 1808
1805 1809
1804 1810
1810 1811
1810 1812
1808 1813
1811 1814
1811 1815
1814 1816
1814 1817
1812 1818
1815 1819
1815 1820
1818 1821
1819 1822
1821 1823
1821 1824
1822 1825
1822 1826
1823 1827
1826 1828
1827 1829
1829 1830
1828 1831
1830 1832
1832 1833
1832 1834
1832 1835
1831 1836
1832 1837
1835 1838
1838 1839
1837 1840
1838 1841
1840 1842
1841 1843
1841 1844
1841 1845
1845 1846
1844 1847
1845 1848
1843 1849
1847 1850
1846 1851
1846 1852
1850 1853
1848 1854
1851 1855
1854 1856
1852 1857
1854 1858
1855 1859
1859 1860
1859 1861
1857 1862
1860 1863
1859 1864
1862 1865
1862 1866
1864 1867
1865 1868
1866 1869
1868 1870
1867 1871
1869 1872
1868 1873
1870 1874
1873 1875
1871 1876
1875 1877
1872 1878
1874 1879
1876 1880
1877 1881
1879 1882
1879 1883
1882 1884
1884 1885
1882 1886
1885 1887
1882 1888
1886 1889
1889 1890
1885 1891
1890 1892
1888 1893
1889 1894
1891 1895
1895 1896
1891 1897
1894 1898
1893 1899
1897 1900
1895 1901
1901 1902
1901 1903
1901 1904
1901 1905
1904 1906
1901 1907
1902 1908
1907 1909
1908 1910
1909 1911
1907 1912
1908 1913
1910 1914
1914 1915
1913 1916
1915 1917
1913 1918
1914 1919
1914 1920
1920 1921
1919 1922
1920 1923
1921 1924
1921 1925
1920 1926
1923 1927
1922 1928
1927 1929
1925 1930
1929 1931
1927 1932
1928 1933
1932 1934
1930 1935
1935 1936
1935 1937
1932 1938
1935 1939
1938 1940
1938 1941
1936 1942
1942 1943
1940 1944
1941 1945
1941 1946
1941 1947
1946 1948
1946 1949
1944 1950
1946 1951
1949 1952
1949 1953
1952 1954
1954 1955
1951 1956
1956 1957
1957 1958
1953 1959
1959 1960
1960 1961
1959 1962
1959 1963
1959 1964
1962 1965
1960 1966
1961 1967
1963 1968
1967 1969
1969 1970
1969 1971
1970 1972
1969 1973
1969 1974
1970 1975
1975 1976
1975 1977
1976 1978
1977 1979
1975 1980
1975 1981
1979 1982
1981 1983
1979 1984
1981 1985
1983 1986
1984 1987
1985 1988
1983 1989
1985 1990
1989 1991
1986 1992
1991 1993
1991 1994
1994 1995
1993 1996
1991 1997
1997 1998
1993 1999
1997 2000
2000
1 2 361 1290 1206 1562
0 870 13
1 2 239 445 127 345
0 437 18
0 819 48
1 5 764 895 1139 1648 561 1050 322 389 181 186
1 2 17 467 418 1379
1 1 40 75
0 502 15
1 1 120 188
0 1297 8
0 1543 6
1 4 868 999 322 454 1399 1419 60 514
1 3 1460 1685 21 182 228 1393
1 4 11 1720 116 291 111 164 806 1384
1 3 921 1651 171 1268 111 261
0 1774 38
1 5 638 638 88 145 729 1264 424 945 283 361
0 1320 1
0 509 11
0 498 5
1 5 37 178 576 587 507 1025 297 445 216 263
1 3 422 527 139 1565 1311 1357
1 1 389 1389
0 1317 47
0 1397 3
1 2 7 169 1105 1975
1 3 130 162 837 1286 914 1077
0 779 31
1 5 143 1033 11 21 300 660 546 1556 287 479
1 4 11 370 228 437 111 138 1170 1921
1 4 729 783 1431 1483 470 552 11 258
0 403 19
0 572 39
0 727 25
1 2 1016 1364 171 760
0 7 41
0 1525 13
1 1 27 196
0 818 49
1 5 98 119 355 693 1111 1488 774 1054 149 389
1 5 195 1547 885 1681 920 1979 112 124 187 675
0 524 45
0 323 11
1 2 1120 1360 43 791
1 2 384 616 130 374
1 4 1 177 1115 1134 1468 1748 1604 1721
0 253 34
0 1268 25
0 1179 6
0 1659 14
0 442 24
0 1119 43
0 805 25
1 4 274 524 513 596 1188 1577 646 1295
1 1 310 409
1 3 349 435 154 414 532 617
0 226 21
0 1640 28
0 665 25
0 602 6
1 2 198 232 198 873
0 223 18
1 3 50 794 497 1664 1617 1866
1 1 1643 1650
1 4 583 811 37 221 223 652 1170 1496
1 5 1474 1999 564 1538 48 114 646 702 11 107
1 2 479 961 1097 1274
1 1 497 1024
0 248 3
1 5 122 1215 411 1044 340 711 1514 1694 844 1493
1 1 1648 1961
0 623 8
0 1689 4
1 1 1105 1984
1 2 758 1852 287 742
0 590 6
0 352 47
1 1 40 1595
0 773 32
1 3 995 1415 1025 1385 436 1839
0 613 22
1 1 577 668
1 5 297 620 1105 1134 135 295 50 1773 40 431
1 5 149 246 322 913 233 430 561 1896 74 441
0 1762 23
0 1414 15
1 5 60 1996 112 124 48 687 387 498 719 1309
0 1358 46
1 5 50 622 376 510 54 149 141 309 24 77
0 148 3
1 4 53 66 722 924 952 1253 1823 1893
0 210 0
0 1251 3
1 1 1058 1197
0 1055 25
0 1174 31
0 283 49
1 1 517 1533
1 2 440 736 1326 1987
0 738 34
1 5 424 1916 7 44 1288 1902 764 1754 355 805
1 1 127 1306
1 5 218 1957 389 449 1223 1742 1776 1804 1132 1900
1 2 1255 1521 1072 1960
1 1 21 70
1 4 349 1816 1268 1582 120 926 226 1278
0 1275 43
1 1 1446 1664
0 1287 29
1 2 223 647 394 1263
1 1 154 1193
0 204 0
0 893 30
0 1660 12
1 1 611 1291
0 789 35
0 1888 21
0 1256 11
0 221 12
0 1574 34
1 2 1463 1795 199 1397
1 2 283 505 1193 1720
1 4 1532 1668 78 1982 965 1224 881 1228
0 1705 37
0 1983 45
1 5 176 211 811 978 176 267 640 1435 127 310
0 537 41
0 13 4
0 212 14
1 5 570 936 154 865 1005 1325 78 1058 198 708
1 3 384 960 195 1647 3 624
1 1 209 1535
0 1084 7
0 463 28
1 4 187 779 464 849 755 973 24 259
1 5 197 209 9 49 27 556 901 1296 218 468
1 2 21 44 424 448
1 2 594 831 1578 1917
1 4 513 1153 48 117 630 1393 422 681
1 4 358 773 351 575 868 1588 770 1535
0 1857 14
0 1011 15
0 1809 48
0 1135 0
0 760 32
1 5 794 1574 844 1043 43 136 1486 1629 382 681
1 3 70 158 101 805 1302 1377
1 2 397 833 246 1054
0 19 25
1 1 290 430
0 1481 46
0 1797 48
0 1511 38
0 478 27
1 1 326 836
1 1 1399 1777
0 1543 46
1 3 1779 1781 135 1247 1223 1699
0 866 39
1 5 1058 1629 1077 1539 127 245 20 36 418 572
0 1875 34
1 4 1 146 394 1300 1765 1795 517 1143
0 321 42
0 1635 12
1 3 476 482 1031 1445 40 145
1 4 143 314 1261 1843 154 1300 1358 1918
0 1170 27
0 857 8
0 1476 28
0 1021 19
1 1 1568 1923
1 2 176 1274 9 18
0 1550 30
1 2 550 885 212 315
1 3 260 1139 1326 1420 790 931
1 3 208 721 418 760 60 501
1 1 326 1102
0 146 13
1 1 646 987
0 444 45
0 143 16
1 5 176 317 1479 1984 688 862 130 295 511 1697
0 1257 17
1 4 24 266 450 993 233 1365 384 1743
1 4 1052 1131 1126 1175 979 1134 260 795
0 489 10
1 3 405 762 954 1868 198 420
0 512 41
0 647 34
0 169 6
1 5 959 1714 7 832 122 230 37 37 930 1124
1 1 361 1845
0 1487 3
1 1 130 144
0 1244 30
1 1 1526 1932
0 1049 22
0 1943 40
0 1640 32
0 462 40
1 3 1796 1899 1210 1348 740 1807
1 1 143 558
1 4 182 204 351 1985 989 1552 209 970
1 1 21 184
0 1134 47
0 1896 34
0 1722 46
0 268 45
1 1 517 1032
1 4 655 1621 72 1537 494 674 844 899
1 5 373 1775 74 104 1684 1740 93 127 62 285
1 2 115 154 62 692
1 3 139 145 489 500 27 1755
0 119 25
1 4 427 645 418 1510 43 1763 691 954
0 1607 10
0 232 31
1 2 239 805 729 1698
0 1384 38
1 1 517 853
0 14 7
1 3 877 1817 1473 1699 945 1073
0 1077 3
1 1 1759 1852
0 485 42
0 1377 39
0 902 1
1 4 507 1294 260 1662 14 14 27 300
0 524 3
0 723 19
1 3 358 831 65 204 490 846
1 4 361 870 782 861 1538 1713 382 906
0 602 5
0 1719 11
1 1 603 1755
0 1344 0
1 3 1020 1585 1706 1826 37 968
1 5 11 118 1106 1659 54 710 677 928 252 1664
0 919 9
0 1114 26
0 1923 49
0 866 14
1 3 1578 1785 62 115 57 57
1 5 722 1905 1536 1721 887 973 887 1282 627 859
1 3 43 55 305 357 445 824
1 2 422 1632 258 276
1 1 711 1640
0 751 19
1 4 930 1460 517 665 165 1324 358 775
0 588 24
0 421 36
1 2 384 827 1085 1335
0 14 18
1 2 299 431 677 1177
1 5 98 198 60 350 1277 1984 127 367 489 1767
0 414 37
1 5 274 1540 60 286 411 947 106 1878 543 1281
1 3 1193 1383 682 1574 358 436
1 1 405 1265
1 3 62 573 24 77 728 1434
1 1 62 1487
1 5 143 388 27 69 297 361 617 1594 101 679
0 565 37
0 1569 7
0 1178 20
0 1632 44
0 590 25
1 3 11 328 233 1068 65 316
1 1 896 1882
0 1505 34
0 85 15
1 2 497 1135 589 1655
0 1243 46
1 5 212 468 40 166 116 153 442 1604 887 909
1 2 160 334 627 1249
1 3 65 1184 7 166 835 1304
0 1460 5
1 3 394 1073 1910 1982 417 1328
1 4 203 261 101 593 546 1471 305 702
1 3 40 368 62 390 483 1010
1 2 663 1283 293 805
0 505 33
1 4 1283 1520 1409 1758 1354 1518 76 79
1 4 515 653 93 236 271 1271 88 167
1 1 122 1901
1 1 65 109
1 4 27 131 11 1212 774 1759 843 1902
1 3 11 28 526 1360 299 1377
1 2 1526 1841 198 1336
1 2 60 538 65 1948
1 4 696 870 376 1284 1108 1773 755 784
1 1 24 184
0 299 40
1 3 62 199 969 1693 881 1162
0 1889 30
1 4 88 149 677 1084 346 657 27 359
1 2 368 963 807 1398
0 1910 14
1 2 722 1116 450 686
1 5 1303 1730 31 445 524 1561 885 1439 1884 1908
1 3 510 877 564 956 376 1876
1 3 106 1155 889 1486 197 1082
0 108 22
1 1 1390 1600
0 136 9
0 1785 21
0 1815 31
0 1067 7
1 1 160 224
0 1803 15
0 306 0
1 3 78 197 11 11 299 1440
1 5 952 1270 280 663 3 3 394 1664 489 711
0 439 25
1 1 1101 1495
0 161 44
1 2 1419 1605 21 94
1 2 70 195 266 1165
0 1972 32
0 695 39
1 4 48 1088 127 659 511 1070 88 234
0 1629 43
0 1891 21
1 5 308 1519 479 1275 556 968 710 1151 243 1061
0 819 49
0 1457 25
0 1712 26
0 666 30
0 1897 22
1 5 945 1541 355 1664 328 661 821 1472 290 437
0 122 19
1 1 794 806
0 1594 40
1 1 171 1761
1 5 417 448 7 1007 806 1737 37 177 389 736
1 1 1111 1696
0 140 15
1 1 299 417
0 1040 3
1 1 50 166
1 5 43 60 154 1217 287 1437 464 951 299 365
1 5 1180 1546 283 715 322 841 746 759 74 943
1 1 334 865
0 1804 9
0 792 4
0 421 30
1 4 368 427 368 1056 417 872 235 1225
1 5 521 1491 358 1069 120 1667 1206 1425 76 788
1 2 198 1539 484 1992
0 272 2
0 1976 23
1 4 521 657 1446 1774 835 1688 394 442
1 2 878 1712 702 1135
1 5 1706 1976 497 845 1460 1545 195 873 513 1419
0 1813 50
1 5 7 1972 1293 1388 806 1179 702 1188 655 1214
0 1282 33
0 871 18
1 5 212 342 243 461 351 417 440 1123 93 236
1 3 1120 1983 1626 1959 65 84
1 1 852 932
1 3 199 400 1152 1706 130 527
0 375 33
0 1876 35
1 5 1308 1488 405 587 503 1191 65 426 1812 1989
1 2 101 1608 1405 1570
0 1701 30
0 100 5
1 5 1132 1252 484 1022 1156 1541 583 638 187 329
1 5 1298 1411 76 1148 62 1599 749 1196 104 119
1 1 611 1743
1 2 62 219 935 1043
1 2 226 1245 373 846
0 389 43
1 1 524 1240
0 1503 20
0 1994 8
0 794 37
0 553 8
1 3 171 256 88 1844 919 961
0 982 28
0 680 19
1 3 239 1640 182 285 130 1010
1 4 1152 1266 1009 1214 405 1232 139 1932
0 1186 43
0 1804 38
0 1937 43
0 1586 20
1 5 431 478 1891 1911 199 660 11 156 806 962
0 1717 8
0 548 24
0 775 36
0 1041 15
1 4 17 246 453 922 479 484 436 1811
1 1 524 940
1 1 274 652
1 4 334 773 1792 1910 165 197 379 1551
1 5 70 1818 617 735 171 414 65 1433 74 369
1 2 788 1090 711 886
0 1745 14
1 3 497 1022 21 93 203 949
0 111 10
1 5 1022 1311 1085 1098 1139 1552 764 1836 417 847
0 1806 18
0 417 28
1 5 187 1603 959 1757 3 1772 384 1642 735 1303
1 5 334 1956 106 758 1047 1995 208 371 130 277
0 1313 23
0 1192 8
0 507 47
1 4 243 339 507 540 431 433 165 1414
1 3 1489 1774 798 1225 82 1481
1 1 440 784
1 2 1010 1952 226 363
0 1528 0
1 1 308 991
0 1313 0
0 759 2
0 811 50
1 4 974 1656 74 1193 24 84 182 361
0 1723 21
0 385 17
1 5 583 719 515 638 857 1202 640 1030 160 1779
1 3 583 1985 577 1682 1060 1254
1 4 7 603 351 837 1094 1569 1198 1425
0 770 32
0 1326 19
0 1437 27
1 3 326 370 283 497 405 1449
1 3 1364 1719 358 919 274 315
1 1 373 686
0 1406 10
0 422 1
1 4 667 1111 1022 1100 1038 1106 271 1858
1 5 171 687 7 151 76 91 1047 1301 157 158
0 577 18
0 487 19
1 4 745 1215 1446 1789 1176 1361 1101 1198
1 3 1072 1456 364 493 389 514
0 1804 18
0 906 31
1 3 445 989 14 41 1031 1621
1 5 418 931 316 1529 24 52 197 789 749 1703
0 688 0
0 1685 40
1 1 308 746
0 1939 25
1 3 50 527 149 434 384 707
1 3 479 798 65 1597 494 1976
0 296 8
1 5 165 341 845 999 340 1095 62 118 228 228
1 2 11 869 3 26
0 263 27
1 3 740 1544 1471 1480 1316 1333
0 1338 10
0 979 9
0 690 44
1 2 160 503 364 526
1 5 11 755 27 1290 246 393 122 376 31 1033
0 1101 23
1 3 139 203 74 1559 373 1194
0 1868 9
0 1405 24
0 951 29
0 1915 7
1 3 208 1629 640 1216 127 198
1 4 387 434 43 1137 93 664 27 184
1 4 21 21 40 1789 199 314 1474 1598
1 5 3 1733 223 1821 464 687 43 280 436 1306
0 1698 41
0 542 26
1 2 891 1052 7 1550
0 1693 18
0 1945 11
0 1973 11
1 4 442 445 1455 1626 842 1113 351 516
0 1029 26
0 499 50
0 858 8
0 1023 12
0 833 37
0 1687 6
0 404 20
0 1661 6
1 3 228 1287 424 1448 143 330
1 1 507 950
0 760 11
0 1958 24
1 2 209 292 351 1102
0 250 30
1 1 271 960
0 1931 48
1 5 1111 1369 165 638 62 165 1366 1812 503 1338
0 843 6
0 1095 38
0 1584 3
0 801 15
1 5 37 222 154 173 82 1385 368 1393 7 59
0 1549 20
1 5 101 1778 405 885 308 710 160 924 497 1613
0 238 36
0 1064 33
1 3 794 944 7 638 54 405
0 1682 28
0 926 22
1 2 54 70 1372 1788
0 1616 41
0 376 28
0 651 42
0 1619 40
1 3 1206 1617 235 610 31 583
1 3 203 565 843 1838 106 694
1 2 141 295 442 951
1 1 1311 1537
1 2 1005 1406 422 1308
0 1493 14
0 1753 2
1 3 952 1313 449 556 11 1629
1 3 543 900 27 85 921 1446
1 1 54 93
0 1897 8
1 1 60 96
1 1 130 935
1 5 76 380 310 664 203 1318 671 1944 17 231
0 660 45
1 4 209 776 98 1865 93 627 1554 1827
1 4 719 887 801 871 197 706 1035 1200
0 868 22
0 534 1
1 1 120 719
1 4 299 594 524 1657 54 1468 1 138
0 820 26
0 1036 38
0 1275 18
0 1286 11
0 45 24
1 3 260 1085 340 423 48 146
1 4 550 760 1218 1367 171 539 577 731
1 5 450 1288 127 966 48 1612 1517 1859 503 642
0 487 22
0 488 21
1 5 671 761 1500 1677 197 246 1025 1350 511 898
0 1669 36
1 2 88 839 394 731
1 1 349 358
1 2 1043 1264 442 454
1 3 979 1190 43 186 60 862
0 633 44
0 1785 32
0 858 32
1 3 130 775 143 205 1 1395
0 999 39
1 4 389 417 310 424 745 757 442 1499
0 1375 43
1 1 235 509
0 123 40
1 5 355 1891 589 949 226 985 797 850 1225 1758
1 1 489 1355
1 1 1298 1354
1 4 536 923 358 1824 149 288 483 782
0 747 24
0 741 8
0 910 47
1 1 722 1560
0 426 17
1 3 722 836 917 1423 24 480
1 2 442 1509 780 1622
0 774 15
1 2 1236 1624 1725 1830
1 1 297 941
0 975 5
0 1501 50
0 1924 4
0 1195 5
0 1939 11
0 12 6
0 1723 3
1 3 470 1849 1459 1768 382 1977
0 1825 13
0 665 36
0 1189 7
1 1 728 1547
1 5 17 685 635 1114 171 247 384 1458 111 191
1 4 719 1087 101 427 1498 1501 711 1017
1 5 260 781 571 1817 740 1349 1149 1208 239 1134
0 649 32
1 2 394 413 4 4
1 5 70 580 743 1509 623 732 368 1901 376 1630
0 1549 14
0 271 19
1 3 115 322 1587 1663 197 921
1 1 1459 1577
0 1874 2
0 1050 43
0 1739 0
0 1307 0
0 1756 26
1 2 364 470 749 1939
1 1 979 1490
1 4 3 268 31 258 154 742 139 873
1 1 735 1380
0 352 29
0 1848 16
0 367 46
0 52 18
1 4 1005 1005 299 390 322 1459 116 472
1 4 260 1378 116 746 98 157 37 259
0 374 17
1 2 203 261 82 864
0 1880 17
1 3 76 486 483 683 649 1152
1 5 233 1654 160 183 774 808 191 916 7 423
0 1009 49
0 126 25
0 801 11
1 2 197 1107 1315 1896
0 1555 5
1 4 154 266 27 76 507 686 1498 1555
1 5 1024 1224 195 1161 293 698 111 1501 526 1529
0 574 5
1 5 1465 1561 1460 1951 60 408 316 1196 78 297
0 1834 25
1 2 93 1022 1094 1631
0 31 14
1 1 1047 1882
0 1101 49
0 393 11
0 1708 5
0 309 13
0 94 3
1 5 346 1599 54 401 862 1912 305 459 1431 1811
1 4 280 814 111 146 743 1431 218 281
1 4 98 305 37 163 7 7 1031 1243
1 2 957 1609 1108 1340
1 1 218 1212
0 315 39
0 1299 46
0 1893 11
1 1 1106 1657
1 5 106 412 37 250 636 790 424 506 106 114
0 1574 24
0 474 28
1 2 1 11 209 1009
1 4 283 1098 106 597 127 1441 627 1078
0 1036 38
1 3 679 698 489 1449 1 1
1 3 373 944 449 982 326 1210
0 1625 10
0 159 3
0 1790 19
0 1431 20
1 5 27 64 526 563 297 951 274 895 328 983
0 1055 44
1 1 98 1314
0 1646 26
0 1820 2
1 2 226 1429 688 949
1 4 512 1995 34 42 799 1306 182 1161
1 3 203 485 484 661 494 1616
0 1448 22
1 1 182 942
0 958 40
1 5 842 1387 667 1564 373 1028 1 1078 450 1711
1 4 655 1120 235 964 630 1134 226 1422
1 3 50 997 127 240 479 1418
0 442 26
0 706 38
0 268 38
0 727 8
1 4 233 1325 919 1802 60 118 9 22
0 1907 35
0 83 17
1 1 743 1372
0 1278 5
0 1622 37
0 1155 42
1 3 50 85 116 1265 122 218
1 5 411 1556 844 1915 81 95 1658 1954 235 904
0 9 48
0 901 21
0 1227 33
0 977 29
1 1 1134 1865
0 1985 36
0 1315 31
0 1049 38
1 3 510 1336 869 1105 1532 1966
1 4 252 529 794 814 1155 1160 358 444
0 901 38
1 1 826 1186
0 677 19
0 1194 39
1 5 115 354 808 861 212 401 1749 1781 74 499
1 5 139 317 843 1514 228 794 1059 1923 70 1600
1 5 235 401 328 1132 627 1747 328 344 60 368
1 5 946 1646 1 3 896 1336 957 1167 696 1835
0 1795 15
1 5 1132 1169 655 958 48 66 122 1552 1308 1936
1 3 48 1323 536 934 512 1002
0 52 45
1 5 1555 1780 20 39 940 1421 1458 1728 770 780
1 3 165 1832 1150 1341 191 325
0 381 26
0 625 19
1 4 368 1095 427 1485 510 1746 1451 1994
0 689 31
1 4 1293 1878 445 1049 1315 1541 490 1804
0 149 41
0 113 10
0 1131 32
0 1332 23
0 1617 23
1 5 116 993 29 29 1 1501 450 1027 9 41
0 53 16
1 5 127 1213 258 777 857 1917 3 1298 300 933
1 1 50 1893
0 1353 38
0 1040 20
1 1 1 5
0 110 43
1 5 182 217 17 563 1684 1705 160 1655 1261 1397
0 90 10
1 4 74 102 203 348 930 1155 489 559
0 337 33
1 2 287 1876 235 739
0 453 23
1 2 1094 1555 1072 1543
0 494 0
0 273 35
0 742 32
1 2 503 1390 287 1230
0 810 13
0 617 24
1 4 966 1486 1099 1628 120 615 141 418
1 5 745 1690 88 248 1570 1899 293 1022 351 1917
1 2 387 633 405 765
0 988 8
0 1165 27
1 2 252 1112 811 903
0 1512 10
0 1148 49
0 1025 2
1 3 924 1828 266 383 691 789
1 2 195 263 583 1159
1 3 995 1072 115 280 364 1845
0 380 43
1 2 702 1775 1320 1404
0 1112 30
1 3 209 342 862 1402 74 112
1 3 424 636 40 44 24 354
1 1 60 228
0 698 13
0 65 21
1 1 72 1676
0 1503 36
1 5 636 1142 364 961 594 1178 239 606 218 781
1 1 62 62
0 393 2
0 1639 6
0 1760 39
0 645 34
0 1432 1
0 83 6
0 457 36
1 1 93 1795
0 1239 44
0 1091 4
1 2 1132 1456 1059 1813
0 1492 48
0 1806 11
1 1 197 234
1 1 1150 1633
0 250 34
0 175 39
1 3 627 1877 1111 1187 3 577
0 1214 43
0 1359 19
1 4 22 57 3 1362 11 133 1 471
0 586 25
1 3 798 1754 1461 1467 48 561
0 1641 21
1 1 868 1785
1 4 160 521 1543 1920 280 355 11 309
1 5 979 1283 513 1505 6 8 1038 1095 417 564
1 3 157 164 31 88 1064 1922
0 722 0
0 692 43
1 2 1 765 543 963
0 1267 25
1 4 729 1904 40 365 479 504 464 636
1 1 209 1268
1 5 106 1120 72 82 260 1012 470 1217 1489 1796
0 1661 42
1 1 436 1453
0 1853 35
0 1341 11
0 1557 49
1 2 141 396 1451 1967
0 1910 40
0 404 4
1 1 88 474
0 835 18
0 1491 8
0 440 46
0 973 27
1 1 921 986
0 265 44
0 1370 27
1 5 54 1492 379 507 27 685 868 1487 1249 1509
1 2 106 138 297 994
1 4 379 931 397 443 135 177 3 43
1 5 308 1313 450 562 449 818 655 1222 334 478
1 4 799 1096 209 1838 171 313 696 1283
0 1685 46
0 1489 24
0 1363 16
1 5 228 379 959 1019 271 763 72 225 1047 1601
0 1592 26
1 1 436 700
1 4 1105 1961 1004 1241 1156 1676 1144 1974
1 2 290 811 1419 1702
0 742 10
1 2 1 324 387 1486
0 1365 30
0 1463 34
1 5 1016 1123 3 1135 212 748 851 1542 197 421
0 1904 50
1 2 111 746 70 628
0 735 8
0 1159 26
1 5 1643 1696 834 951 334 388 226 893 424 870
1 2 154 1022 7 912
1 5 290 655 402 413 7 591 93 121 1538 1967
0 962 19
1 1 1243 1683
1 5 7 362 1332 1610 1315 1432 293 422 719 1726
0 425 47
0 233 30
0 603 41
0 725 19
1 4 40 699 24 47 98 807 881 1135
1 4 1379 1895 1268 1342 1188 1588 139 455
1 3 106 374 115 219 43 381
0 1536 7
0 593 8
1 2 54 352 1354 1406
0 1694 18
0 1562 34
1 5 655 842 1792 1819 260 277 583 1687 165 833
1 4 519 842 274 564 708 1494 436 556
0 1504 37
0 1249 18
0 1205 34
1 5 1043 1604 546 1717 513 540 1778 1826 120 871
0 1880 28
1 5 878 1618 1020 1519 1381 1666 564 1154 843 1278
0 536 30
1 2 930 1955 60 480
0 1746 23
1 2 243 489 287 331
0 670 3
0 399 27
0 682 3
0 257 0
1 4 135 155 37 257 27 217 120 456
1 5 671 1389 78 1365 27 28 510 654 74 350
0 905 10
0 796 8
1 3 702 1048 887 1330 127 1259
1 5 655 897 252 1815 176 203 1260 1270 78 259
0 1449 9
1 5 7 103 197 348 43 108 807 962 536 1938
0 887 8
0 1238 2
0 1354 6
0 749 3
0 691 36
0 682 47
0 809 25
1 5 490 527 149 429 519 1035 243 704 1404 1644
1 4 826 1943 532 1177 483 640 130 518
0 227 23
1 5 1236 1413 1 1 297 1071 160 183 387 824
0 929 23
1 4 143 760 127 1553 165 1580 147 152
0 1255 14
1 3 37 56 70 1734 271 733
1 5 3 407 355 862 40 209 658 1042 3 579
1 5 197 1490 76 837 745 775 957 1404 617 700
1 3 797 866 696 1492 62 366
0 103 22
0 1609 0
1 1 72 444
1 5 1316 1563 577 1888 93 196 397 1728 27 779
1 1 1902 1982
1 1 920 927
1 2 293 811 969 1297
0 1380 40
1 5 790 1147 74 138 862 1833 1083 1878 790 998
0 1093 12
0 1308 21
1 3 154 1916 1332 1538 197 663
1 2 62 219 160 177
1 1 9 46
0 443 23
0 1883 42
1 5 70 1443 1441 1521 274 601 88 1131 735 1301
0 947 40
1 5 532 800 271 881 195 445 877 1954 1215 1270
1 1 127 1000
1 5 830 851 167 177 780 803 209 359 735 1496
1 4 271 694 195 324 702 998 1769 1915
0 1752 3
1 2 571 1780 111 148
0 194 36
0 1870 15
0 654 39
0 1777 0
0 1940 11
1 1 1058 1727
0 282 0
1 3 1031 1895 1946 1952 54 65
0 76 35
0 1017 34
0 222 22
1 3 561 1128 1265 1810 299 643
1 3 799 911 1221 1269 740 1006
1 1 11 310
1 1 561 1041
1 3 11 30 143 234 305 670
0 1656 47
0 1239 11
0 1912 47
1 3 627 647 1283 1938 519 529
1 4 115 845 490 1396 78 1967 729 1710
0 1069 32
1 2 811 1390 770 1277
1 1 1365 1405
0 1695 44
0 299 0
1 4 384 1329 199 897 1134 1378 494 680
1 1 235 747
0 1556 48
0 1214 32
1 1 546 1287
0 951 31
0 1490 9
0 426 32
1 3 561 742 171 1544 914 1347
0 1590 35
1 5 790 1203 497 834 31 607 427 936 364 1270
0 964 7
1 3 14 18 310 856 713 748
0 1332 12
1 2 40 52 70 132
1 1 835 881
1 1 182 553
0 1358 22
0 1394 44
0 1063 26
1 3 526 579 346 841 671 717
0 104 48
1 5 517 936 1797 1967 382 400 1479 1768 176 1789
0 591 47
1 4 484 1516 974 1692 3 9 1137 1769
0 1433 2
0 1946 9
0 1201 9
1 5 195 413 1223 1704 82 1934 394 1578 497 647
1 1 358 473
1 2 1225 1931 1303 1697
0 1228 15
1 1 382 1020
1 1 862 1563
1 5 627 1292 48 1200 74 820 464 675 702 753
0 743 30
0 261 41
1 5 729 992 308 932 442 803 346 693 139 179
0 286 37
0 1900 37
0 31 19
0 1078 23
1 1 984 1719
0 1116 5
0 1974 6
1 3 351 846 1162 1465 355 1013
1 5 808 915 111 1394 78 1414 60 240 470 1456
1 2 290 1338 611 1737
0 522 20
0 1123 4
1 4 191 367 199 323 546 989 550 1577
1 5 422 635 617 1061 297 681 1180 1593 611 875
1 5 360 383 111 1117 65 140 798 1007 101 538
0 1839 43
0 415 2
1 1 459 512
1 5 203 676 503 550 130 249 104 113 27 448
1 5 464 555 7 105 1186 1218 436 492 965 1151
0 250 19
1 2 384 1662 266 298
0 156 15
0 1385 14
1 1 287 394
0 1490 20
1 3 589 633 1320 1811 1283 1489
1 4 120 178 135 399 111 197 713 1963
1 5 165 303 199 1312 1641 1807 442 1063 27 75
1 5 209 1357 328 557 182 316 490 1602 1091 1428
0 700 44
0 771 16
0 1596 33
1 1 719 1623
1 2 191 318 450 1072
0 476 36
0 1859 48
0 1189 2
0 586 43
0 322 6
1 3 440 451 252 642 431 1684
0 175 12
1 5 1091 1670 21 175 54 73 120 221 450 999
0 1049 7
1 4 127 1039 27 543 957 1331 919 1230
0 1272 1
1 2 1600 1743 300 1039
1 4 239 1011 711 1168 98 475 11 21
0 478 31
0 707 8
1 1 623 1090
1 3 346 854 62 497 1016 1909
0 471 34
1 1 1821 1890
1 3 9 19 571 791 101 659
1 4 165 388 195 1822 106 122 54 367
1 3 682 1800 1769 1889 1085 1326
0 1533 30
1 3 571 1107 834 1890 995 1535
1 1 397 1535
1 5 1520 1701 611 647 135 1663 340 789 127 688
1 1 749 916
0 551 35
0 367 35
0 1213 12
1 2 195 872 556 1142
1 2 1384 1897 842 1154
0 800 20
0 1440 8
0 247 11
1 4 710 991 175 175 198 330 72 256
0 1169 14
0 1168 12
0 1920 42
1 1 1167 1755
1 3 101 256 223 1986 1060 1222
0 1926 50
1 2 122 580 190 193
1 2 226 1366 979 1985
1 3 1221 1627 1277 1316 127 597
0 695 4
1 4 663 1001 1031 1260 835 1378 1234 1252
1 2 511 857 1240 1388
1 1 521 1475
0 1559 28
0 480 13
1 2 677 1667 1016 1972
1 4 546 1475 165 290 417 1348 346 650
0 904 23
1 4 807 1475 218 436 120 1882 564 760
1 1 515 1630
1 2 655 1221 1038 1624
0 1719 20
1 1 561 1082
0 1037 41
1 3 11 512 93 225 630 1349
1 4 31 1719 445 1445 464 1438 266 1692
0 1405 37
1 4 422 698 794 858 658 1523 165 619
0 748 41
1 3 389 988 889 1976 937 1248
1 3 479 886 74 1654 76 1297
1 3 1498 1727 243 1711 397 498
1 4 512 1481 14 19 21 189 1278 1906
0 203 48
0 1762 0
0 156 48
0 1415 22
0 337 31
0 1716 36
0 80 41
0 1934 28
1 5 510 1198 1278 1322 62 65 921 1387 852 1072
1 2 1337 1342 143 423
0 1674 9
0 1214 13
0 1457 3
0 185 21
0 1711 25
0 1576 2
1 2 844 1674 40 246
1 5 93 1064 1384 1731 228 935 17 1896 308 1575
0 820 13
1 5 160 1471 479 1858 287 919 536 1492 710 1727
0 420 25
1 3 326 813 507 1202 476 601
0 805 24
0 346 24
1 3 729 1731 1059 1199 1536 1895
0 147 33
0 1313 50
0 1286 49
1 5 358 506 627 991 334 806 830 1554 21 1616
1 2 54 100 550 789
0 388 13
1 3 782 1101 526 884 98 292
0 274 43
0 573 23
1 2 1 47 171 752
1 5 223 340 316 508 755 1344 243 425 1 563
0 1386 44
1 4 1633 1836 88 1607 50 87 72 106
1 5 198 582 78 659 266 393 722 1646 48 115
0 954 15
1 3 799 1079 260 838 283 584
0 967 24
0 1590 25
1 1 21 852
0 409 25
1 2 40 221 88 256
0 1956 18
0 1572 22
1 5 1218 1573 1 3 957 1213 141 1823 182 1338
0 1480 50
0 1525 49
0 1133 43
0 1504 0
0 1745 42
1 5 106 186 293 797 1486 1706 93 1544 141 385
0 1023 49
1 5 154 475 260 477 1827 1972 1414 1874 821 889
1 3 394 1617 640 777 283 656
1 5 953 1261 50 188 62 106 62 243 293 824
0 857 40
1 2 945 1899 617 1467
1 1 116 325
0 1480 46
1 3 369 381 484 1163 1570 1616
1 3 78 1637 74 1995 43 1235
1 3 735 1117 252 303 43 475
1 1 258 1262
1 5 710 1120 243 1323 1009 1841 54 447 710 795
0 1511 37
0 1930 29
1 3 154 614 182 449 287 1293
0 1963 13
0 798 0
0 1158 16
1 5 905 1765 1005 1296 246 886 384 471 379 1322
1 1 995 1517
0 995 43
1 5 774 854 1188 1246 1718 1831 130 1393 48 109
0 833 40
0 875 9
1 5 203 270 379 447 208 825 252 478 305 832
1 2 233 711 517 1026
0 422 46
1 2 511 1333 24 53
0 431 10
1 1 7 472
1 5 512 1252 1428 1609 1025 1099 17 1297 50 510
1 4 212 930 1587 1743 43 97 117 121
0 1211 1
1 1 1484 1704
1 4 40 72 1025 1680 235 358 111 657
0 1953 28
0 1249 40
1 4 21 104 397 622 283 432 355 1632
1 4 7 16 154 1126 74 195 93 260
1 5 70 1080 1200 1764 921 1904 120 1543 1186 1383
0 1610 17
0 752 31
1 4 65 751 326 675 299 1039 1455 1721
1 1 358 1620
1 5 299 550 209 1600 464 590 708 783 476 1973
1 3 326 1681 293 361 1200 1501
1 3 70 272 722 1135 411 1362
0 1882 24
1 4 65 296 512 561 374 375 160 922
1 4 37 95 235 1321 280 1648 1047 1748
0 1769 0
0 593 34
0 1360 27
1 2 1150 1693 154 1320
0 732 47
1 2 280 294 1399 1540
0 209 9
0 1 2
1 2 389 1547 561 1272
0 223 29
1 4 1001 1441 745 1245 280 1829 106 682
1 3 1508 1542 182 526 208 678
1 4 260 406 72 846 682 1889 843 969
1 1 484 1144
0 278 32
0 668 12
1 5 203 293 203 221 40 161 946 1338 570 1617
1 1 1459 1706
0 535 40
1 5 93 191 48 217 43 1736 82 431 283 1078
0 1881 13
1 4 154 175 67 73 11 672 677 1129
1 5 510 707 1372 1478 50 50 1200 1302 1255 1532
1 1 226 1835
0 1997 35
1 3 139 147 226 398 1111 1601
0 380 39
1 4 368 1430 740 1178 617 959 271 291
1 1 517 1152
1 4 74 131 122 1132 1393 1474 513 1846
0 1712 7
0 1002 32
1 3 682 1209 1058 1235 7 38
1 1 450 1569
1 3 130 153 1460 1589 98 344
1 2 82 253 1106 1162
1 3 37 86 1223 1337 62 322
0 1834 4
0 490 3
1 4 564 1044 868 882 305 320 72 167
0 1433 39
1 1 503 1353
0 1628 8
0 270 29
0 961 46
1 5 1249 1642 50 61 830 1163 3 493 17 326
0 1891 41
1 4 120 135 116 1175 368 1263 630 1181
1 5 308 1506 3 31 89 89 258 1793 195 358
0 1810 31
0 644 0
0 1353 32
1 2 774 1200 532 1362
1 2 300 860 111 497
1 3 1582 1960 243 647 310 1072
0 138 45
0 1650 6
1 3 782 1194 1001 1354 54 238
1 2 299 321 106 147
1 2 449 999 55 59
1 3 979 1293 728 1317 974 1008
1 2 182 307 135 358
1 4 74 574 663 1749 484 898 65 1161
1 4 1463 1558 387 1986 266 303 226 726
0 1879 38
1 5 1020 1199 37 1066 27 356 111 378 160 1321
0 646 19
0 954 49
0 1627 1
0 1426 27
0 703 43
1 4 300 822 889 1207 355 1186 914 956
1 1 78 174
0 1684 45
1 2 1 1 887 1077
0 325 3
0 1903 29
0 1087 11
1 3 497 1209 72 364 21 810
0 853 17
0 1838 10
1 4 74 456 1354 1651 887 1880 979 1361
0 1290 7
1 1 515 1159
0 230 29
0 798 16
0 414 22
0 747 18
1 3 945 1255 497 1068 334 1414
1 1 490 780
1 2 60 313 24 1138
1 5 326 1279 479 1823 74 428 507 827 479 535
1 2 830 1943 1852 1976
0 859 1
0 1198 23
1 1 127 390
1 1 154 339
1 3 191 288 48 1040 139 262
0 1739 37
0 651 1
1 5 646 1672 556 1014 755 1239 757 1340 564 800
1 5 271 1274 663 1080 691 727 967 1501 74 984
1 2 54 174 218 1914
1 2 1179 1656 440 631
1 2 515 850 310 1511
0 1885 50
1 4 228 316 424 1257 106 944 740 1824
1 3 436 1826 228 1160 758 1045
1 5 13 13 1072 1900 790 790 235 1061 209 1915
1 3 1091 1450 143 1624 974 1742
0 1196 25
0 1600 50
1 4 208 383 821 995 287 396 166 172
0 1481 38
0 318 13
1 1 953 1417
1 5 1462 1717 122 192 1182 1182 122 477 98 1309
0 1054 20
0 1848 43
1 5 844 849 135 1787 834 1713 176 499 571 1054
1 5 209 1392 141 211 1094 1423 37 79 635 875
1 2 280 382 427 592
0 233 37
0 155 22
0 350 28
1 5 154 219 160 412 239 977 965 1998 1 7
1 4 1555 1732 120 139 50 375 513 1009
0 1673 36
0 1546 28
1 5 127 139 82 640 411 1142 1754 1769 1463 1554
0 1103 24
1 4 111 1796 515 1936 74 135 98 467
1 1 868 1917
1 5 484 1735 149 1672 165 824 830 1062 1188 1266
0 1747 35
1 3 453 522 334 821 989 1703
0 60 17
1 3 72 155 98 1604 382 796
0 1801 34
0 1829 29
0 363 37
0 1230 45
0 472 41
0 87 18
0 274 20
1 5 1225 1627 917 1580 187 745 917 1780 54 446
0 73 29
0 1041 36
0 692 36
0 996 15
0 1083 17
0 110 29
0 1691 41
0 1910 46
0 1181 11
0 717 4
1 5 326 771 246 309 389 455 218 1571 351 486
1 1 1097 1119
0 535 32
1 1 561 1017
0 628 31
1 5 101 245 1152 1956 1255 1592 470 867 65 1635
1 2 226 335 526 1215
1 2 70 103 594 1104
1 5 76 724 695 707 910 1549 379 521 788 976
1 5 235 414 361 697 37 37 1379 1974 1570 1709
0 164 43
1 2 696 977 556 783
0 1829 29
1 5 589 1089 1460 1913 111 1494 20 42 228 855
0 114 11
1 1 445 1774
0 199 30
1 4 3 436 1487 1770 696 1434 141 374
1 5 37 184 1643 1881 243 303 570 1092 979 1124
1 1 417 850
0 1428 39
0 1680 36
0 650 50
0 1458 22
0 1632 37
0 1211 4
0 231 26
1 2 702 1180 521 641
1 1 1526 1788
1 5 905 1168 946 1437 1311 1490 31 255 630 849
0 883 22
0 1641 21
1 1 811 954
0 1430 26
0 38 31
0 1119 35
1 2 43 122 1498 1912
1 1 424 727
1 5 1106 1370 1665 1782 1600 1669 1139 1493 1064 1595
1 4 101 1671 351 1373 1179 1556 308 688
1 4 7 1634 1191 1495 197 223 389 548
0 933 0
0 323 0
0 1008 29
1 2 512 571 182 760
0 147 2
0 882 18
0 1830 9
1 2 208 1810 735 771
1 5 50 152 40 124 484 859 382 400 171 754
0 1442 16
0 250 35
1 1 349 1826
0 1820 17
0 379 37
0 862 20
1 1 143 1256
1 3 536 652 115 249 442 803
0 752 38
0 1340 43
0 1692 44
1 4 93 260 1198 1888 182 1139 60 72
1 5 14 14 1035 1450 758 1748 885 1228 226 319
0 472 32
0 316 7
1 3 546 1331 914 1877 293 1404
0 1648 19
1 3 195 350 62 1770 946 1031
0 88 17
0 1224 2
1 2 141 165 11 11
1 2 1180 1798 139 1291
1 2 682 1005 1636 1945
1 4 617 833 182 877 24 55 191 424
1 1 54 268
0 176 31
0 1705 8
1 1 521 1204
0 993 35
0 1959 29
1 2 60 978 165 177
0 1804 16
1 2 187 264 112 112
0 1234 38
1 2 494 858 546 835
1 2 671 1495 143 1254
1 2 235 469 21 127
1 1 3 23
1 3 868 1309 106 785 1570 1830
1 3 640 1394 143 1914 376 885
1 2 570 1711 290 1705
1 5 70 307 489 1357 387 552 1594 1661 770 1238
0 807 37
1 2 476 1659 489 1021
1 4 127 167 340 382 550 1063 808 837
1 1 532 899
1 5 111 296 524 1368 176 194 1101 1296 1072 1617
1 1 835 1588
0 362 15
0 1061 22
1 4 476 1183 7 804 1097 1588 182 589
1 1 806 1863
0 1759 12
1 3 379 930 1076 1114 76 491
0 1674 19
0 1321 40
0 410 43
1 3 1134 1862 226 342 1022 1187
0 106 21
1 4 239 361 40 60 1047 1678 611 1719
1 4 589 831 235 500 223 549 154 258
1 1 515 1531
1 1 411 763
1 5 1060 1410 405 462 1162 1597 811 1904 14 19
1 3 543 938 1020 1153 93 432
0 122 38
0 586 14
0 1303 1
0 888 50
0 926 18
0 72 18
1 2 881 1722 187 802
1 3 1043 1259 541 776 436 797
1 1 1381 1948
1 5 139 904 78 706 649 677 316 950 54 724
1 1 50 64
0 1258 12
0 502 7
1 2 442 524 1 3
0 1303 29
0 1324 29
1 5 299 801 76 164 440 833 1789 1939 1738 1963
1 3 519 877 969 1003 691 1113
0 374 43
0 1457 27
0 835 4
1 4 1436 1775 70 664 351 745 1517 1937
0 552 4
0 1904 8
0 106 11
1 4 376 737 1243 1591 223 380 376 707
1 4 436 1112 811 1476 1927 1989 326 561
0 783 25
1 3 122 262 464 509 43 1095
1 3 995 1190 449 554 667 696
1 1 450 1262
1 2 274 293 116 1308
1 3 43 620 266 711 50 1318
1 1 364 612
0 1886 29
1 2 1162 1552 1393 1972
1 5 21 97 176 985 1293 1791 165 476 965 991
0 1222 40
1 2 384 1199 1016 1044
1 2 300 321 171 1803
1 3 424 619 328 1391 139 746
0 795 9
1 3 40 476 1058 1326 954 1135
0 862 16
0 1180 28
0 1680 16
0 775 16
1 3 127 140 577 639 1 132
0 292 43
0 89 45
0 1142 46
0 1648 5
1 1 577 625
1 4 914 1516 511 631 334 565 60 196
1 3 749 1011 1225 1813 197 306
0 38 0
1 4 1001 1373 233 1993 1179 1218 1326 1393
1 4 239 686 1643 1825 1 76 974 997
1 1 1265 1595
0 236 34
1 2 98 1283 328 1499
0 1994 15
1 4 543 1036 801 1910 851 924 27 1120
0 1900 40
1 1 640 1370
0 1733 20
0 53 34
0 1447 27
1 2 280 347 48 121
1 1 70 157
1 4 3 121 21 309 176 344 682 903
1 4 305 854 920 1813 526 615 935 974
0 383 47
1 2 101 114 54 1403
1 5 274 425 1064 1447 48 212 494 1826 101 991
1 1 176 988
1 3 1170 1268 873 1214 258 682
1 5 1620 1897 1001 1345 43 225 346 513 878 926
1 1 17 385
0 1141 16
1 2 382 1104 191 955
1 3 111 260 405 550 550 1378
0 1826 10
1 2 7 152 1156 1424
1 3 6 6 106 1071 141 193
0 1033 22
0 1967 35
0 1785 2
1 5 20 29 328 638 171 401 627 1368 1 167
0 1585 2
1 5 195 1877 427 558 187 653 422 787 130 194
1 3 920 1070 191 1005 226 1215
1 3 453 720 62 730 682 1191
0 1733 15
1 1 417 951
0 678 3
0 420 12
1 1 510 1451
0 453 41
1 1 479 1818
0 1099 5
0 1439 39
0 583 1
0 291 45
1 1 1099 1347
1 1 1162 1947
1 1 1120 1386
0 1739 36
0 701 24
0 777 45
0 805 36
0 77 10
1 1 233 822
0 1849 21
1 5 570 1194 310 678 635 1114 326 794 811 1176
0 1113 49
1 3 280 1232 130 200 583 978
1 3 60 1282 1 516 1629 1802
0 193 18
0 166 13
0 1851 49
1 4 1150 1470 1236 1253 88 514 176 275
0 1900 8
0 1712 29
1 5 283 1632 106 166 19 36 1020 1415 97 100
1 4 17 245 116 955 212 774 351 438
1 3 671 1723 376 1927 510 1269
0 361 49
0 1202 49
1 5 1441 1931 364 1870 868 1258 299 591 826 1060
0 1551 49
1 2 450 522 577 1010
0 279 7
1 4 274 903 719 1488 497 1090 910 1779
0 170 21
1 3 873 1241 7 12 74 981
0 1304 8
0 44 44
1 2 143 296 88 134
0 1023 35
0 1997 22
0 1902 14
1 3 511 947 72 131 995 1964
1 4 1273 1610 740 836 1198 1400 22 34
1 5 3 56 82 341 93 490 490 1036 160 1025
1 5 834 983 536 985 141 734 603 927 82 561
1 3 910 1193 636 774 470 1258
0 1987 41
1 5 290 361 878 1449 122 151 600 605 165 1939
0 589 8
0 30 23
0 1516 37
0 415 36
1 4 115 270 368 747 88 1093 424 484
0 1131 4
1 3 116 1524 106 426 1381 1592
1 3 583 870 1663 1683 122 155
0 1654 24
1 3 48 156 489 1198 82 1779
0 624 26
0 1399 12
0 1386 27
0 95 0
1 4 1052 1065 143 1205 1077 1814 50 558
0 108 45
0 1895 49
0 16 1
1 3 710 905 283 1648 782 1229
0 1717 2
1 4 476 1151 600 833 328 577 208 1268
1 4 646 1313 305 549 440 484 774 1612
1 4 176 664 154 340 364 717 101 1340
1 1 239 798
1 5 494 1377 561 833 287 1305 807 1654 384 629
0 503 10
0 1975 6
1 2 197 421 50 481
0 1451 14
0 926 49
1 3 387 792 617 1072 260 964
0 462 8
1 5 368 1519 287 295 48 104 427 684 346 1840
0 1178 49
1 5 424 1082 1004 1026 1094 1834 515 1569 111 1982
1 4 1508 1585 821 1602 696 1498 658 1555
0 594 21
1 2 122 259 1498 1921
0 1010 14
0 379 47
0 1874 42
0 716 45
1 1 688 1608
1 3 218 1757 589 1795 862 1721
0 733 42
1 5 182 391 271 1331 328 596 11 12 24 1950
1 5 76 1725 384 1105 1004 1639 1179 1726 649 1203
1 4 165 442 65 84 702 1425 594 814
1 3 122 1909 130 368 287 793
0 564 8
0 1570 5
0 991 40
0 1740 17
0 1524 49
1 2 7 1217 293 424
1 4 611 1030 881 1078 450 555 322 483
1 5 252 282 78 479 901 1538 696 1002 21 37
0 1105 43
0 327 42
0 325 1
1 1 334 1117
0 1191 45
0 939 42
0 1501 12
1 2 116 241 959 1728
1 2 1316 1375 1283 1423
1 2 197 939 218 293
0 797 43
0 443 6
0 495 44
0 1033 37
0 676 31
1 3 577 947 7 101 228 417
1 1 3 29
0 392 28
1 1 921 1083
0 164 11
1 1 394 893
1 5 384 698 1428 1609 1543 1699 743 795 54 694
1 1 837 878
1 4 606 636 646 1257 490 1057 543 648
0 669 31
1 2 411 464 630 691
0 1907 9
0 1614 47
0 1279 32
1 2 4 4 310 318
1 1 197 1286
0 693 17
0 1790 32
1 4 979 1625 88 1668 246 691 98 1459
1 3 1561 1620 11 38 334 1017
0 703 13
0 1414 34
1 1 115 399
1 4 82 684 43 147 376 661 361 646
1 4 376 1424 260 660 1852 1950 203 229
0 741 35
0 1792 32
1 5 24 193 130 1369 106 504 258 1807 387 1975
0 836 7
1 4 636 855 511 1960 78 605 60 190
1 5 524 1222 1425 1869 515 735 1004 1931 1725 1825
0 340 44
0 830 17
0 1465 34
1 3 1663 1734 1303 1317 235 503
1 2 815 1440 17 174
1 4 513 1181 688 1473 143 530 11 155
1 3 515 913 328 1745 869 1143
1 4 368 642 794 1117 663 1663 115 814
0 1134 17
1 4 106 116 300 1491 70 317 914 1809
0 826 43
1 5 243 367 101 192 127 474 490 1270 351 527
0 60 27
1 2 1 32 1372 1601
0 145 13
0 1943 31
1 1 503 924
1 4 62 1891 801 1443 490 1483 1210 1669
1 2 11 292 98 175
1 3 1332 1518 43 791 1409 1648
1 1 418 660
0 695 35
1 1 209 304
1 2 1134 1505 7 187
1 5 667 702 7 315 88 1435 483 582 891 1818
0 409 9
1 5 116 253 459 702 274 339 310 572 583 1345
1 5 519 1131 98 414 208 465 945 1489 526 1023
1 4 154 405 293 459 470 632 1111 1170
1 1 1243 1945
0 751 43
0 198 42
0 488 25
0 1911 21
1 3 830 839 50 1897 470 1260
0 833 50
1 1 1738 1747
1 4 1308 1736 373 895 368 982 199 840
1 3 1162 1301 233 537 106 455
0 537 7
1 1 21 690
1 1 62 756
1 1 790 1653
0 121 7
1 5 43 966 868 1395 3 326 50 1034 78 908
0 1611 8
1 3 1749 1944 570 583 682 1110
1 5 308 1267 921 1219 211 232 287 604 583 792
1 2 1308 1572 1083 1606
0 1430 27
1 5 663 1149 4 6 1167 1645 636 742 1009 1749
0 1121 46
0 1327 45
0 23 19
1 5 171 208 757 858 182 286 246 1635 1099 1272
0 1806 18
0 525 1
0 650 7
1 4 1249 1598 43 564 1 331 379 1670
1 3 449 707 1024 1738 116 125
0 1609 20
1 1 334 383
1 3 1471 1893 1097 1339 297 594
0 1113 49
0 884 4
1 5 252 479 449 459 334 471 40 282 919 1134
1 1 427 1482
1 1 1497 1932
0 1004 6
1 4 349 1743 459 642 130 1877 136 140
1 1 389 1136
0 987 3
1 3 195 1814 3 1643 1025 1075
1 4 50 1160 617 1281 556 978 797 821
1 3 564 949 464 677 797 858
0 104 36
0 1602 5
0 1700 11
0 620 40
1 3 1 3 143 504 37 749
1 2 239 1761 93 260
1 5 1200 1418 72 1112 483 624 340 1321 1152 1735
0 238 35
0 1702 1
0 218 33
0 995 18
1 5 1315 1535 589 894 677 721 1587 1759 806 940
0 1873 11
1 5 1652 1958 98 414 743 773 713 816 806 1483
1 5 176 225 93 1792 1249 1909 1479 1480 1099 1215
1 2 115 309 120 846
0 230 30
1 2 233 275 50 103
0 561 0
0 1305 44
0 153 25
1 1 1144 1732
1 3 959 1379 70 1784 952 1407
1 2 274 616 116 490
0 1239 21
0 261 46
1 3 532 1775 1010 1537 1626 1875
1 1 203 342
1 1 713 1090
0 492 39
1 5 74 500 663 1465 54 791 1358 1764 283 448
1 5 1139 1555 1198 1488 503 592 98 289 387 1364
0 1317 9
0 1233 26
1 3 1372 1769 3 257 65 863
1 3 82 1953 910 1691 1479 1513
1 1 322 1078
0 241 1
1 3 74 173 98 845 646 1435
0 1721 9
1 3 76 1702 1 409 1099 1606
1 2 877 1367 1 163
0 1633 18
1 4 122 122 187 518 40 978 3 3
1 3 98 200 842 872 1458 1812
0 1106 43
1 5 623 873 305 1572 226 298 450 636 969 1841
1 2 940 1713 954 1642
1 5 290 530 358 792 1373 1657 1 22 176 1437
1 3 571 746 50 638 1024 1482
1 3 1373 1671 397 1007 98 1603
0 217 1
1 1 297 1652
1 4 526 1292 305 1879 271 709 239 1274
0 1678 40
0 657 19
1 4 50 150 120 154 130 1441 806 1623
0 1226 11
0 1961 50
0 661 8
0 724 5
1 4 7 738 1156 1264 887 1742 271 624
0 1279 44
0 1738 16
1 2 48 156 76 979
0 346 22
0 1669 28
0 780 34
0 940 45
0 1950 24
0 1490 4
1 1 246 377
1 5 191 322 1235 1566 135 781 470 504 453 512
1 3 807 979 199 428 1031 1604
1 5 969 1115 483 483 76 919 50 83 885 1176
0 363 21
1 2 770 1578 130 1092
1 3 675 675 293 457 182 431
0 280 0
0 1517 41
0 458 15
1 5 297 1544 503 842 361 1043 479 1151 857 1744
1 3 1004 1345 524 858 440 717
0 1840 13
0 150 11
0 514 35
0 1852 23
0 1324 36
0 1471 42
0 1958 27
0 1936 23
1 5 445 1388 682 1353 379 605 83 83 969 1093
0 1396 46
0 1261 6
0 429 49
0 1720 5
1 2 1473 1973 794 1905
0 1224 6
1 4 78 1342 417 1210 82 236 743 891
1 3 308 1667 54 105 1022 1452
1 5 445 605 719 1633 373 1039 945 1371 646 729
1 2 1197 1388 1538 1640
0 1597 43
0 1461 9
0 385 23
0 1211 11
0 370 5
0 1324 9
1 1 197 403
1 4 512 981 1277 1552 483 851 1261 1722
0 1311 7
1 1 424 1496
1 4 60 210 550 1341 116 729 877 1064
0 1702 0
1 1 198 1993
0 229 16
1 1 489 1841
1 5 517 1108 297 312 54 994 111 242 127 730
1 3 143 705 182 197 394 765
1 3 305 1072 101 388 258 1371
0 1193 35
0 501 35
1 1 758 1675
0 1131 24
0 29 16
1 5 115 368 195 549 1812 1972 258 829 476 1193
0 1871 29
0 1919 21
0 458 44
0 245 16
1 5 355 763 405 1536 76 393 65 918 1372 1582
0 1771 3
1 1 37 94
0 669 47
0 1446 39
0 1656 38
1 4 243 773 1230 1356 834 1955 297 768
0 1013 28
0 761 18
0 1113 2
1 4 905 1972 762 771 1206 1436 1431 1726
0 1097 35
1 3 1338 1719 116 201 966 1146
0 709 35
0 1561 21
0 369 41
1 2 887 1757 1060 1591
0 1881 33
1 4 239 1034 274 1407 1072 1667 1493 1663
0 872 26
0 1584 35
0 1828 44
1 5 115 165 1243 1636 197 767 842 1631 130 1567
1 3 835 1014 15 15 635 1198
0 265 19
0 1750 19
1 5 7 312 1240 1642 31 97 358 1525 62 1858
0 1693 29
1 4 630 943 24 1220 120 611 546 726
1 1 50 1351
1 3 376 1315 490 824 171 416
1 1 1094 1859
1 4 115 161 696 1656 62 103 115 597
0 1756 15
1 5 334 408 611 1905 966 1426 37 639 165 317
1 2 65 1776 470 733
0 876 21
0 663 35
1 2 252 252 431 750
0 1810 35
0 1370 34
0 1089 44
1 2 1077 1122 1354 1611
1 3 139 1961 1186 1342 556 963
0 491 41
1 4 274 1495 40 533 515 572 667 770
0 1923 20
1 4 76 604 130 516 165 978 881 1045
0 1158 27
0 1820 36
1 1 7 17
0 1460 16
0 535 39
1 5 571 826 946 1325 17 245 191 1352 512 902
0 1517 42
0 1535 12
1 5 862 1649 411 750 946 1274 1648 1753 589 1728
1 5 797 1234 266 497 115 255 1004 1576 62 1415
0 1752 35
1 1 770 1420
0 38 13
0 621 46
1 1 72 285
0 504 7
0 972 46
1 5 143 399 50 55 940 1456 436 866 1167 1470
1 1 389 706
1 4 74 1391 209 963 1643 1886 1234 1376
1 4 101 204 719 807 74 282 1493 1661
0 1197 29
0 1159 40
0 1375 36
0 1213 5
0 633 7
0 1473 9
1 1 920 1464
1 4 322 1165 297 415 1636 1685 223 1347
1 1 511 931
0 1210 45
0 1103 21
0 1414 39
1 2 98 1948 1634 1742
0 1335 48
