1
100 200
1 2 41 0
1 3 2629 0
3 4 1734 0
4 5 9069 0
2 6 6862 0
1 7 6290 0
7 8 6703 0
1 9 9880 0
6 10 8385 0
6 11 9461 0
6 12 4243 0
6 13 413 0
3 14 7596 0
1 15 6718 0
6 16 4668 0
2 17 685 0
6 18 755 0
10 19 9899 0
6 20 7493 0
19 21 2233 0
12 22 1962 0
8 23 1223 0
17 24 8314 0
15 25 7506 0
1 26 2160 0
20 27 8410 0
26 28 2327 0
2 29 2267 0
2 30 8540 0
5 31 5178 0
19 32 2890 0
7 33 618 0
15 34 9176 0
11 35 8835 0
15 36 2187 0
3 37 3725 0
12 38 5941 0
35 39 2811 0
14 40 8753 0
36 41 8 0
17 42 7282 0
8 43 17 0
3 44 3591 0
8 45 5882 0
11 46 7620 0
22 47 8041 0
46 48 9626 0
35 49 505 0
10 50 1879 0
39 51 8172 0
21 52 6758 0
16 53 8213 0
28 54 9546 0
31 55 6007 0
26 56 7691 0
23 57 1914 0
37 58 4432 0
17 59 7283 0
29 60 566 0
37 61 6504 0
41 62 6928 0
55 63 8693 0
50 64 5907 0
29 65 1705 0
65 66 4888 0
28 67 8201 0
4 68 4475 0
41 69 7046 0
67 70 140 0
14 71 1374 0
41 72 5418 0
32 73 5505 0
23 74 1570 0
45 75 4223 0
10 76 2303 0
34 77 319 0
71 78 7974 0
69 79 8486 0
56 80 912 0
30 81 8016 0
64 82 2769 0
55 83 147 0
16 84 5333 0
28 85 3967 0
12 86 2947 0
52 87 9653 0
34 88 4979 0
77 89 4565 0
88 90 4296 0
89 91 8682 0
15 92 8569 0
80 93 8532 0
2 94 715 0
11 95 6774 0
71 96 3559 0
69 97 3776 0
78 98 3709 0
22 99 9922 0
25 100 3817 0
40 65 6763 0
79 70 1479 0
10 78 2396 0
57 73 3886 0
91 23 2454 0
42 54 8996 0
8 70 2121 0
33 80 3261 0
60 7 3322 0
33 80 8715 0
49 19 5931 0
64 49 2800 0
42 58 1178 0
89 67 202 0
75 57 5824 0
28 50 6329 0
23 58 7499 0
95 42 4930 0
8 2 2336 0
29 34 2367 0
95 35 6285 0
25 98 8486 0
77 91 7595 0
6 80 161 0
7 6 1217 0
31 33 8819 0
11 8 976 0
9 2 2017 0
91 61 2070 0
26 89 5056 0
93 83 4790 0
29 60 739 0
14 36 4381 0
9 41 8112 0
21 47 5817 0
90 29 6302 0
8 40 2209 0
83 100 8362 0
51 90 8023 0
21 68 863 0
28 12 5598 0
69 92 8157 0
7 6 4044 0
39 66 8084 0
51 38 3182 0
67 27 5163 0
68 34 354 0
28 68 2605 0
90 71 6847 0
64 43 1766 0
26 70 3377 0
23 38 668 0
31 96 2125 0
74 34 5342 0
9 84 480 0
43 3 5106 0
5 70 4392 0
10 50 9311 0
14 91 1881 0
12 54 523 0
77 31 292 0
5 6 8681 0
25 36 76 0
49 10 5210 0
43 70 2193 0
22 12 3195 0
79 68 4517 0
22 77 8366 0
33 43 5808 0
65 6 2161 0
88 83 991 0
31 39 7896 0
64 63 7384 0
39 64 7145 0
48 6 1614 0
93 79 326 0
87 9 4793 0
55 83 1722 0
72 67 7364 0
79 31 1269 0
91 70 5203 0
34 53 2542 0
81 16 6656 0
64 54 3319 0
8 54 576 0
22 46 8906 0
99 84 9767 0
91 39 7549 0
12 62 7915 0
27 93 2745 0
48 83 8915 0
50 16 3067 0
43 97 234 0
99 60 7787 0
17 20 3640 0
45 41 9985 0
50 39 2721 0
68 81 11 0
16 45 6572 0
82 71 4564 0
27 70 2499 0
