50 50
9 35
28 2
3 31
10 12
40 17
3 40
11 25
18 19
1 16
46 21
37 50
29 42
2 44
6 22
15 13
43 13
41 6
17 24
49 20
36 45
35 30
33 29
28 47
7 17
1 30
23 25
47 25
32 7
12 32
14 29
8 24
45 23
33 15
27 42
28 41
7 9
37 38
5 47
18 39
26 1
45 40
45 29
34 10
4 43
39 20
48 5
36 37
22 21
22 20
6 4
32 5
4 2
46 2
48 6
29 6
1 14
4 1
50 2
45 7
38 3
39 2
22 2
33 8
33 9
9 11
50 4
28 2
31 8
41 6
46 2
21 1
46 2
3 4
24 8
49 2
14 3
28 3
43 2
30 8
18 1
1 9
16 8
15 2
17 7
31 6
31 7
26 16
41 4
48 2
41 5
31 4
49 1
47 6
11 7
9 11
38 7
25 7
39 2
21 3
