50 50
26 12
43 6
38 36
12 11
48 34
18 14
5 45
27 41
35 2
32 20
13 31
10 11
41 25
14 30
4 37
50 40
39 45
12 7
9 44
38 40
22 35
50 27
13 28
24 46
21 38
3 33
42 31
16 19
49 22
1 27
4 46
11 27
15 3
35 8
34 49
43 13
15 1
47 43
20 5
29 30
11 18
9 16
19 48
9 17
1 43
32 10
28 24
23 14
8 32
42 8
17 1
38 8
39 2
31 8
45 2
25 5
48 1
31 11
8 3
32 8
35 7
25 9
50 4
4 4
50 6
41 9
37 6
14 10
41 9
7 3
15 12
24 5
49 5
37 7
14 3
29 2
39 4
34 3
10 8
14 6
41 4
2 2
30 6
22 3
24 4
12 3
7 10
44 1
36 4
35 5
2 4
36 8
37 3
42 5
25 10
41 4
4 3
35 5
4 6
