3000 2999
191 37 19
191 157 157
31 157 107
139 97 163
86 23 1
61 31 29
131 163 109
139 23 97
1 1 71
181 127 19
131 137 29
19 3 199
7 83 193
15 143 151
31 139 151
181 67 157
139 197 79
181 37 89
74 13 73
61 1 157
127 31 197
127 1 139
139 23 127
191 37 137
29 43 137
101 57 191
179 151 181
3 139 83
137 167 1
167 181 163
149 127 53
34 37 3
173 89 131
178 59 191
1 97 191
35 137 179
67 163 89
151 97 53
7 71 107
127 67 109
7 1 1
131 127 133
19 131 193
11 1 101
13 17 17
193 1 197
107 31 94
109 127 179
199 2 149
191 61 131
149 59 59
23 3 61
13 3 183
3 109 59
163 17 1
79 179 137
83 101 19
199 173 191
9 151 107
179 193 173
79 157 113
163 181 179
113 67 199
29 103 199
1 149 61
1 113 107
13 13 82
11 13 17
101 83 73
191 79 167
2 199 167
79 29 151
83 13 2
83 37 151
167 1 47
89 197 191
137 3 61
107 1 199
1 1 46
97 83 157
179 179 101
19 91 151
161 109 89
69 41 47
79 1 139
141 103 47
7 59 19
199 71 83
59 89 193
101 31 131
17 179 1
1 3 43
107 179 73
139 79 89
13 101 127
1 139 1
79 13 97
5 179 97
29 199 173
1 61 167
163 17 199
199 53 197
109 37 101
41 5 179
7 29 173
167 79 151
1 9 151
11 157 181
101 127 59
5 113 179
139 151 151
97 31 73
97 61 89
106 79 107
83 157 19
46 43 1
11 1 113
179 67 2
139 179 197
113 61 71
43 113 47
2 73 131
7 107 65
29 53 67
139 199 31
39 31 61
11 181 23
71 109 47
62 79 31
101 59 59
167 163 191
79 59 31
137 1 179
1 31 2
89 47 89
179 71 197
1 157 181
89 79 7
11 101 73
101 13 1
197 49 51
1 103 179
133 107 103
71 191 127
139 1 13
181 19 19
67 113 23
1 193 199
197 59 7
1 1 181
11 149 193
109 53 17
101 89 101
131 97 131
197 17 83
31 35 61
199 127 1
79 97 1
79 1 71
151 71 151
103 139 109
67 2 3
67 1 67
191 19 179
163 197 151
7 173 127
1 181 193
11 139 73
29 101 37
53 103 3
59 7 31
3 59 149
61 67 113
179 101 2
53 19 67
71 194 67
131 47 197
107 67 19
13 89 103
61 73 103
1 1 1
3 71 79
163 131 157
179 71 17
103 179 127
1 41 47
139 89 29
67 137 73
137 109 181
29 1 122
59 107 103
1 19 131
157 79 181
37 23 1
43 89 107
131 93 127
101 89 1
1 101 151
157 101 13
34 101 67
2 13 193
103 137 113
19 157 163
107 47 97
199 59 26
181 33 7
157 167 167
193 1 151
43 131 79
127 149 17
163 71 103
7 1 103
73 181 73
73 47 5
51 127 5
79 181 149
5 11 59
71 37 173
193 181 145
3 103 1
193 89 107
139 197 7
101 3 109
73 109 1
197 61 53
13 73 73
17 71 119
109 137 3
1 179 107
1 59 47
1 79 41
13 181 137
73 1 43
53 61 139
97 41 193
163 199 31
131 13 67
71 41 131
83 173 13
37 67 89
1 13 139
151 5 1
179 17 193
158 19 71
53 37 1
7 103 59
83 131 151
17 59 1
181 61 131
61 1 71
47 163 107
149 157 142
61 13 1
149 107 149
17 1 37
115 37 67
134 191 73
151 53 109
173 181 191
5 71 101
59 7 94
191 1 179
173 194 23
149 127 97
29 79 61
17 19 11
191 173 157
89 53 1
1 83 47
7 2 43
193 167 163
67 193 85
47 181 1
151 139 13
1 79 146
173 89 1
71 101 37
139 17 79
1 1 157
173 167 163
47 103 131
37 17 1
93 73 5
1 89 83
3 163 73
83 17 149
39 163 61
157 1 23
1 23 41
1 79 79
149 89 47
31 83 145
1 109 197
67 137 109
179 47 3
31 179 23
157 163 53
53 97 5
167 109 53
7 67 197
2 73 43
83 1 149
127 47 157
199 3 197
101 1 131
197 137 31
53 167 151
1 103 1
2 137 181
109 197 127
157 43 149
181 86 107
23 149 2
53 73 97
181 59 151
163 103 23
23 107 157
179 7 163
73 113 29
7 83 145
163 129 191
167 181 67
23 17 179
163 5 3
19 109 151
29 113 41
31 167 17
167 73 137
67 79 29
97 47 73
19 167 73
59 127 83
43 1 181
71 11 163
1 179 5
107 97 193
7 53 61
97 181 19
97 127 59
149 67 151
1 71 83
157 47 1
61 131 31
43 59 83
149 59 11
5 61 43
79 167 173
17 83 173
61 113 1
163 107 3
1 163 127
41 157 103
71 13 101
19 79 191
31 47 37
71 173 73
13 1 1
7 47 67
7 11 53
199 173 5
73 17 1
71 43 29
73 137 41
41 1 151
131 109 17
157 107 103
79 127 1
2 23 47
67 101 41
2 149 43
65 103 53
29 11 1
11 89 37
199 1 61
23 139 67
149 149 181
2 61 71
23 1 131
137 127 101
191 159 181
13 149 19
118 53 103
13 163 149
79 29 29
71 61 2
53 1 46
197 83 89
107 179 29
149 173 47
109 173 113
107 127 1
19 7 173
191 179 131
139 29 191
179 61 61
103 61 163
91 59 1
5 193 157
127 139 83
29 179 146
61 53 1
101 41 113
191 11 37
137 53 1
101 89 157
199 163 1
197 1 37
89 43 41
139 97 157
67 163 134
61 97 3
1 137 1
197 37 107
2 127 59
181 103 163
5 191 139
13 181 107
107 41 89
3 151 131
1 157 179
127 131 109
67 3 1
43 103 101
179 3 191
139 107 191
59 199 17
173 163 107
158 157 89
197 1 59
101 131 173
139 1 163
61 29 67
61 109 1
29 73 79
193 11 73
13 17 139
1 109 13
149 179 173
97 149 37
2 107 53
1 101 71
167 26 1
131 109 193
109 137 151
59 19 67
1 39 53
43 1 11
137 173 163
167 107 37
163 173 151
113 158 181
3 103 89
163 37 41
149 149 13
11 101 106
29 73 127
1 173 131
53 11 41
167 163 139
73 181 107
41 127 137
67 89 83
31 7 67
61 193 71
89 103 149
79 173 109
101 197 1
43 151 87
1 199 151
193 139 43
149 191 151
83 13 71
37 197 131
79 1 149
13 89 127
43 89 199
109 181 101
23 179 181
191 1 113
107 3 89
83 1 7
29 41 173
65 37 149
83 103 43
199 101 11
31 29 69
127 61 59
7 131 67
1 17 167
17 1 127
151 3 199
101 43 101
11 163 83
41 1 79
97 149 23
43 61 1
1 149 113
131 3 1
193 89 149
151 199 1
107 1 5
47 199 1
67 7 73
137 163 139
101 11 163
3 43 1
109 197 19
3 17 97
197 83 43
31 103 199
37 41 1
197 127 53
179 61 109
13 109 127
79 163 151
158 19 7
71 73 67
1 127 14
137 103 43
1 23 181
23 173 67
149 103 6
59 5 163
157 107 71
53 181 73
107 139 133
113 47 71
151 61 131
23 199 103
23 7 3
151 149 173
1 29 53
47 139 173
139 61 193
67 1 107
1 2 157
83 151 151
55 1 41
23 83 31
173 173 89
179 107 83
131 53 7
157 1 157
193 29 5
103 193 149
1 79 71
139 19 101
37 53 83
71 37 1
5 193 197
185 163 37
37 1 3
13 199 139
179 37 41
71 2 3
59 157 157
53 193 173
52 1 3
73 101 53
193 31 1
31 53 61
131 4 1
173 59 11
149 197 129
113 113 181
103 109 97
41 61 131
181 7 151
103 67 23
101 173 101
47 5 158
37 163 61
17 131 157
113 107 191
38 139 194
131 53 167
1 149 5
163 113 89
1 181 1
151 107 89
107 79 11
167 59 3
163 163 97
79 23 13
97 163 29
61 31 7
29 101 41
149 89 73
141 181 109
149 87 37
173 151 83
137 137 43
83 47 37
149 151 181
181 67 23
17 7 79
2 43 41
149 67 141
37 19 115
167 139 179
19 197 1
149 13 131
5 122 131
1 79 127
191 179 151
73 79 29
19 7 1
71 7 106
47 13 167
79 22 1
167 2 43
82 101 73
3 197 59
29 103 191
149 127 181
163 67 1
1 3 11
127 179 11
127 29 101
11 41 59
29 101 193
97 53 131
7 2 193
22 71 97
1 157 79
79 163 137
5 83 79
149 113 197
1 67 137
1 79 89
37 199 31
193 151 19
1 23 101
7 131 167
43 193 197
17 113 79
131 157 71
1 1 5
131 191 142
97 43 199
101 31 71
193 173 181
47 5 73
113 11 53
139 71 107
167 181 149
79 97 53
19 163 13
151 191 61
43 3 47
199 197 127
79 71 197
181 173 181
163 107 163
1 23 55
191 79 1
1 191 191
31 197 47
71 163 181
31 137 37
89 43 109
47 39 79
23 2 139
163 109 149
29 107 113
163 31 139
113 113 163
1 53 1
71 1 69
7 53 47
151 43 1
113 113 26
107 11 127
73 158 113
121 95 5
23 179 1
127 167 1
83 17 59
193 170 109
61 199 161
7 127 37
17 47 37
151 137 71
137 7 149
1 101 101
19 97 1
33 173 151
1 149 29
193 2 41
59 73 59
131 199 71
61 67 5
177 139 3
2 79 131
199 113 1
41 1 106
41 61 7
139 47 1
197 11 179
109 19 13
193 37 5
193 183 139
107 139 3
43 103 59
13 41 1
131 73 107
79 37 13
97 127 73
79 103 193
1 59 107
29 103 101
179 107 89
5 103 59
167 167 139
113 149 161
109 37 17
1 37 71
181 67 61
13 157 181
1 173 163
89 127 67
31 103 89
139 29 37
139 94 163
3 149 101
131 47 157
1 163 173
1 37 113
133 2 1
61 103 13
151 71 1
82 97 129
163 139 3
1 79 53
37 167 103
87 113 73
107 29 7
1 79 137
181 7 87
3 19 158
173 21 3
101 29 71
31 37 127
191 47 1
7 41 173
29 2 137
131 59 97
11 1 7
137 2 149
59 127 113
157 53 2
69 109 73
73 1 71
191 167 167
79 107 139
149 137 2
23 187 83
15 113 101
67 29 23
41 185 109
13 59 139
97 101 43
1 13 133
103 31 59
103 61 7
73 47 167
29 139 131
79 79 41
23 181 1
149 71 71
149 73 107
197 37 31
127 167 19
167 59 1
107 127 193
131 29 199
59 37 185
1 67 3
71 1 5
41 17 173
19 53 103
127 163 73
89 37 37
103 149 11
19 67 1
1 193 5
97 131 139
11 79 191
17 67 67
77 47 31
37 3 83
1 127 11
37 101 26
5 131 139
1 11 83
31 79 31
17 1 137
43 197 43
97 151 149
79 29 127
193 109 191
163 137 47
67 1 73
109 43 43
101 134 71
19 1 109
197 193 181
163 197 71
151 71 39
1 113 71
199 103 19
7 1 23
73 191 191
197 107 73
61 31 101
83 1 79
37 151 131
113 113 197
149 5 1
41 139 41
2 157 157
157 73 131
151 185 61
71 163 73
47 7 73
173 1 1
10 197 3
79 47 61
199 197 61
83 101 83
118 173 173
1 1 1
167 1 1
193 1 73
1 101 73
103 67 109
163 71 1
181 7 167
41 181 163
47 127 29
157 163 19
17 1 157
89 197 157
79 83 73
13 193 113
11 157 17
5 149 43
157 82 7
181 29 193
97 173 181
1 11 179
127 11 7
163 2 139
151 59 151
59 113 1
151 167 7
191 2 59
13 101 137
1 29 23
7 101 53
53 5 137
47 71 47
5 19 1
163 29 103
59 163 89
67 167 5
37 83 1
163 61 157
131 3 173
193 53 173
167 67 197
19 1 137
67 167 115
151 186 1
127 191 1
173 163 103
193 97 1
1 163 127
1 89 37
17 19 107
199 179 29
167 37 157
173 79 13
43 97 11
1 1 167
97 23 31
41 83 73
167 101 103
73 37 83
131 89 67
67 127 23
3 113 89
37 1 151
89 151 181
163 163 197
193 29 59
139 17 127
131 193 107
1 71 83
29 1 199
103 177 137
41 1 19
127 97 83
181 103 31
103 197 1
31 107 19
3 199 89
1 83 1
67 97 1
1 101 193
103 193 97
167 47 199
139 83 2
137 59 107
1 79 1
97 109 1
101 173 191
167 163 37
97 37 101
5 5 53
49 173 115
199 181 139
181 139 1
53 89 139
61 1 3
61 127 107
71 103 37
5 97 31
193 79 5
173 23 31
103 17 31
79 26 103
163 111 2
59 37 41
163 103 1
149 43 89
7 109 1
137 71 67
137 3 17
131 181 127
11 107 67
199 1 47
149 53 5
89 151 73
149 181 113
73 181 59
67 163 43
29 2 29
113 29 11
199 109 7
79 17 67
97 1 139
41 43 67
181 179 22
101 199 1
1 41 127
19 109 101
89 2 163
197 129 37
130 97 31
1 127 199
29 113 1
2 79 1
109 59 23
89 1 19
23 157 31
191 149 173
167 5 15
31 71 97
1 19 131
47 97 181
1 103 53
97 1 71
127 23 25
47 109 89
173 113 173
5 113 7
58 1 19
149 103 47
79 149 161
103 7 19
127 43 6
101 139 137
41 101 173
179 47 167
19 193 59
67 41 59
17 181 33
97 59 127
7 199 1
167 67 13
167 167 53
167 41 107
3 149 53
173 122 22
179 101 83
193 101 73
41 41 23
193 23 127
163 61 151
101 79 113
109 1 5
1 67 191
61 127 67
178 13 149
17 41 181
79 101 109
61 181 173
13 83 113
89 79 71
71 137 109
167 199 118
89 199 89
127 159 59
21 73 181
43 11 157
163 29 1
7 62 43
5 97 149
47 31 1
11 7 101
7 139 167
89 71 43
71 109 139
1 139 23
1 157 1
167 7 181
17 73 47
73 61 31
163 157 139
157 7 155
103 17 173
103 1 151
199 59 181
38 59 109
67 179 17
137 47 47
1 71 1
163 199 1
53 7 23
103 131 17
11 79 131
127 71 103
107 167 181
103 53 3
101 5 127
71 61 53
83 13 103
14 83 167
59 103 19
113 47 199
29 47 109
1 29 1
37 157 149
11 131 17
109 83 137
3 149 191
101 181 199
47 113 197
167 17 7
71 79 1
197 2 61
157 89 137
46 59 101
59 31 51
1 47 173
53 1 149
9 41 101
191 173 107
19 2 71
114 157 59
139 11 89
19 23 23
193 13 197
197 109 149
151 19 113
17 103 79
1 1 151
29 151 109
85 89 37
13 163 6
23 173 113
193 47 79
101 67 139
11 137 13
23 22 59
1 79 2
151 1 67
3 181 179
3 157 1
103 1 29
23 139 1
93 167 181
197 1 1
113 59 113
157 89 79
1 11 191
13 61 199
29 61 199
83 1 137
127 197 137
193 61 1
181 151 41
163 87 14
1 107 3
1 1 5
3 73 181
97 199 173
193 43 89
131 11 157
79 101 167
41 29 193
119 137 110
67 23 61
71 71 181
97 43 1
145 157 1
181 109 41
191 167 121
19 179 11
139 103 149
103 83 43
113 151 179
157 163 1
163 37 97
191 109 158
157 157 73
73 11 3
23 97 47
1 193 79
139 74 151
23 181 51
118 129 23
173 197 109
139 5 13
97 173 13
101 7 163
199 59 157
151 3 149
151 61 139
46 97 199
199 71 1
149 191 31
10 43 47
131 131 173
151 43 107
139 163 19
11 131 47
139 163 37
131 101 1
151 151 73
191 43 139
59 149 17
41 1 139
97 73 127
73 127 43
193 47 83
17 1 79
47 149 101
67 61 97
185 47 2
17 149 191
167 199 2
131 137 107
1 157 53
113 109 167
101 157 23
109 17 1
149 142 1
1 13 71
139 1 197
3 17 103
181 83 31
181 163 31
1 113 181
139 1 151
31 11 197
31 53 1
101 183 149
163 1 199
67 1 127
181 11 1
59 167 157
1 61 31
89 139 79
29 71 71
157 89 79
3 199 43
7 131 87
197 67 3
139 73 83
3 73 79
79 97 29
137 131 1
157 43 163
31 191 11
127 43 41
59 146 137
1 17 41
191 61 73
113 197 17
89 61 181
93 37 59
41 97 151
191 199 53
31 74 29
127 53 67
1 101 5
1 43 137
131 41 107
163 127 73
67 115 173
113 13 41
101 97 19
199 163 11
89 173 13
13 179 37
127 59 101
53 47 19
143 13 19
149 1 37
83 173 163
149 71 173
109 197 13
149 137 53
191 7 103
41 173 139
43 43 89
191 71 1
181 29 79
181 137 1
73 107 127
167 139 191
41 1 43
47 71 191
191 59 107
41 41 71
61 83 109
61 17 7
127 113 139
173 17 179
71 149 173
183 139 149
173 29 89
151 37 71
163 71 67
83 23 71
197 191 41
11 71 109
35 47 83
181 79 83
59 95 97
197 41 1
83 127 101
7 29 181
131 61 127
113 37 119
97 193 131
59 163 11
79 193 53
137 127 127
157 49 173
191 131 167
13 107 97
199 19 47
113 2 193
131 5 83
181 19 47
59 181 173
1 97 139
53 181 73
109 101 82
199 137 23
23 197 79
173 1 47
173 41 1
53 151 73
179 83 13
107 139 149
149 199 89
131 193 127
181 5 109
43 53 103
197 1 31
83 131 113
106 7 13
197 83 5
103 53 97
3 167 1
5 41 179
7 29 1
157 47 103
19 11 163
109 17 19
137 131 41
29 79 1
83 37 41
61 137 17
142 23 3
113 173 193
191 1 151
1 1 131
149 193 103
3 113 107
1 29 89
31 97 193
159 34 17
37 151 191
79 199 31
47 1 61
59 11 191
83 97 109
7 157 131
67 113 89
13 181 59
131 109 178
59 139 111
3 29 77
47 5 7
167 67 79
53 193 193
31 131 173
173 107 137
101 127 107
131 31 193
17 71 157
103 127 109
38 23 41
107 17 163
31 67 61
1 179 73
31 1 107
43 43 97
167 53 1
131 193 199
173 151 83
113 101 149
193 3 97
179 191 197
101 1 109
163 43 113
193 197 179
97 157 59
41 47 193
199 29 181
113 163 89
197 73 1
199 107 173
137 79 151
103 47 67
86 89 47
29 194 109
53 109 73
43 89 149
131 43 149
83 113 97
158 29 29
113 149 89
151 109 101
3 173 131
37 21 73
34 178 83
67 163 193
7 1 103
61 199 59
149 79 107
19 173 139
23 191 37
67 73 97
19 67 191
1 29 23
23 71 1
31 67 1
61 193 183
103 181 179
157 1 101
173 101 37
103 167 183
191 103 41
71 163 101
149 7 113
83 95 191
53 41 2
17 73 113
41 17 53
1 109 61
1 23 23
139 79 19
129 127 107
127 53 83
157 83 113
59 183 191
107 103 41
43 31 1
7 167 43
113 103 151
107 43 139
79 199 71
193 199 179
23 1 67
23 107 17
167 89 101
101 1 131
107 59 37
131 97 23
11 149 163
29 91 109
179 183 2
83 79 73
113 31 89
1 73 137
13 149 1
53 29 118
91 3 37
1 1 163
1 3 163
1 199 83
139 29 3
71 167 109
181 113 59
97 67 3
73 193 43
191 3 103
11 1 43
29 19 67
1 139 23
11 79 89
1 163 61
3 197 181
71 111 131
109 3 1
14 37 137
29 1 71
163 187 1
97 79 71
97 37 11
97 89 191
113 1 19
199 71 82
1 137 73
37 77 19
47 167 41
17 47 67
61 29 149
83 158 59
191 47 197
59 157 107
1 67 167
11 23 131
29 97 178
79 109 157
73 89 5
83 157 199
193 83 1
113 121 113
101 83 73
3 1 101
137 61 61
89 149 7
31 101 19
177 109 1
7 178 191
163 1 159
157 139 7
11 179 181
163 41 19
157 173 73
17 44 179
167 179 1
167 3 149
47 19 5
179 1 21
1 179 179
2 17 113
37 137 73
59 131 197
23 59 163
181 37 151
13 61 137
149 127 173
13 7 3
179 179 3
1 35 179
179 83 47
7 31 13
199 113 149
79 149 41
71 17 23
83 79 41
73 193 61
199 19 107
149 23 1
73 97 127
181 77 59
191 37 127
131 173 101
122 1 181
5 181 131
13 199 1
193 1 127
23 137 79
101 43 157
101 127 137
1 127 1
107 11 107
29 181 179
79 143 53
67 83 191
3 179 47
103 199 101
41 131 47
34 151 1
71 193 1
181 37 1
103 193 1
59 83 181
194 127 177
79 23 107
123 199 29
191 179 23
197 41 101
113 67 181
89 89 1
1 59 83
71 37 131
89 1 199
79 163 43
151 1 5
6 59 89
43 83 83
71 41 53
61 61 79
23 137 131
181 173 19
29 199 79
133 131 37
23 139 131
197 23 113
101 97 89
7 71 107
181 53 163
89 37 139
3 85 193
11 163 1
31 29 163
17 1 179
181 11 191
5 47 1
101 101 97
67 137 131
139 29 109
29 7 113
11 89 11
1 11 197
83 137 139
107 149 151
193 173 5
197 17 71
131 103 41
113 53 1
73 71 47
73 193 43
73 89 1
193 41 127
193 191 191
167 95 79
17 31 191
131 23 193
1 19 5
191 193 1
59 161 79
107 1 97
1 199 163
29 113 17
23 127 31
13 127 17
97 191 101
139 131 131
1 101 73
79 57 167
89 19 113
191 2 1
79 163 71
61 139 197
31 103 163
131 109 73
193 179 127
101 79 157
43 163 163
101 167 93
131 59 89
113 7 37
97 41 139
97 1 2
107 71 19
2 53 1
181 1 107
97 3 3
173 103 19
11 191 71
2 139 5
139 41 11
43 1 37
191 181 83
43 149 7
43 73 97
41 127 31
67 163 139
13 73 19
137 157 47
73 127 67
139 199 53
199 127 97
51 193 61
1 193 89
37 1 1
67 127 163
79 131 119
71 53 83
163 47 151
1 41 163
151 149 197
97 29 19
173 37 83
47 113 67
181 137 137
157 58 83
17 127 97
199 131 1
29 79 103
59 61 2
31 1 19
109 89 61
73 103 71
53 173 53
83 2 199
11 1 37
167 11 23
101 67 179
107 19 2
127 173 47
71 197 199
179 53 61
41 7 79
43 67 149
46 107 157
109 131 1
71 139 41
157 31 157
59 191 79
139 163 179
19 157 131
2 41 61
137 109 131
1 179 71
31 181 31
167 1 4
83 131 29
163 67 149
1 149 31
73 67 1
151 101 109
149 151 131
53 19 101
31 181 179
83 107 79
73 139 51
43 1 67
11 197 67
1 61 17
17 89 131
191 101 73
53 79 31
1 173 199
167 31 67
53 53 107
37 149 53
199 79 73
173 38 7
194 67 107
137 199 53
113 173 67
83 17 78
139 166 47
17 1 79
67 37 53
83 59 59
139 109 3
103 149 79
71 79 29
167 151 2
181 61 38
13 83 29
167 41 199
139 163 127
41 19 19
109 137 107
41 1 173
7 31 11
23 53 13
157 137 7
163 163 179
41 107 193
41 61 1
53 179 167
89 59 71
101 163 167
2 1 149
151 157 139
43 37 3
193 193 61
127 157 149
47 149 1
199 71 67
131 29 83
1 113 29
101 199 167
157 2 46
199 107 109
53 191 17
53 137 113
61 109 9
101 139 173
131 127 53
71 3 89
122 47 103
91 89 79
197 103 191
149 37 17
67 173 1
167 157 37
47 97 197
157 101 103
197 13 47
79 199 109
167 157 191
119 167 79
11 133 139
41 43 157
107 59 73
191 191 109
163 43 7
17 35 1
107 107 101
127 55 163
167 31 89
29 83 1
47 59 179
131 61 37
157 1 127
59 199 181
131 163 31
41 101 71
23 163 199
11 37 73
53 67 79
157 197 107
163 107 58
163 191 167
191 197 1
167 11 151
163 2 193
179 1 53
29 89 191
199 193 31
107 101 26
37 157 109
89 53 83
137 185 67
23 103 59
29 29 53
1 47 5
139 127 181
23 47 199
61 166 191
103 106 167
29 199 31
191 1 13
23 43 197
73 178 2
47 97 109
101 47 37
1 149 1
139 197 107
163 11 163
59 181 41
37 89 89
1 163 1
65 1 97
79 1 131
29 53 13
113 197 131
71 181 107
71 19 167
53 199 137
43 47 11
141 137 2
57 67 113
97 61 107
179 127 53
157 23 17
157 19 67
151 23 5
61 59 1
53 89 146
37 194 173
89 79 59
173 71 191
59 17 1
197 19 37
167 2 13
89 53 199
29 1 13
145 1 10
11 37 157
191 199 79
83 163 83
1 131 1
35 3 193
163 197 19
197 53 127
67 59 157
151 19 7
177 29 113
127 149 31
37 1 67
113 13 167
158 41 61
131 1 3
91 47 53
157 79 149
73 19 83
106 103 34
151 13 94
109 103 181
163 173 19
23 33 59
79 17 5
79 53 151
199 47 31
173 37 145
7 157 79
43 142 2
71 97 5
13 137 193
139 33 5
61 101 17
83 1 13
13 53 17
191 101 79
13 3 197
37 73 139
181 179 97
157 191 131
1 141 167
11 31 1
197 193 7
73 103 7
139 31 167
167 3 109
157 71 7
79 1 103
11 157 193
163 131 1
23 13 59
163 109 151
71 103 23
199 163 145
137 101 107
67 109 79
19 73 13
11 3 17
7 3 19
179 197 173
149 163 179
179 103 41
1 79 37
1 11 109
193 1 7
13 79 191
1 89 47
191 139 59
1 37 37
73 179 13
149 79 7
97 151 89
19 113 47
61 11 47
131 139 131
137 101 43
1 13 131
31 53 127
157 59 155
1 41 103
1 31 197
131 47 1
179 2 177
157 183 199
163 181 89
59 107 199
23 179 17
109 31 191
199 163 103
73 7 199
103 109 199
103 127 7
34 107 23
59 127 109
41 47 19
29 179 193
83 71 101
1 193 137
131 107 5
127 1 179
193 193 1
179 167 37
1 29 89
19 187 13
157 83 41
71 79 157
151 131 31
3 173 163
23 62 13
179 71 179
23 61 131
131 67 109
1 139 73
181 167 107
19 23 181
83 179 157
109 163 151
29 191 59
73 197 43
29 107 79
89 191 181
1 127 173
109 149 58
1 157 41
107 79 19
137 1 139
97 137 149
167 101 17
41 31 11
149 23 109
1 67 37
109 131 5
79 53 163
1 131 2
131 1 3
107 149 19
13 113 31
137 79 127
193 47 139
191 3 23
1 3 197
193 31 113
151 17 1
109 73 127
71 151 13
71 101 41
127 31 173
181 29 46
191 37 7
167 173 109
103 23 29
61 1 37
109 181 13
149 67 13
107 79 43
71 109 103
43 31 43
139 2 193
31 11 3
47 113 43
109 89 11
13 11 149
173 191 113
43 67 47
59 41 43
69 83 29
115 157 197
101 199 39
47 11 2
107 37 1
11 13 103
11 83 137
29 157 7
187 61 179
131 61 197
59 1 107
127 181 151
5 37 199
157 101 3
37 113 107
17 29 59
167 193 1
7 130 41
163 7 193
131 131 1
17 10 1
193 17 179
167 83 157
73 29 191
109 103 149
191 37 53
19 89 139
149 17 29
107 47 2
71 1 179
79 82 113
9 181 43
61 142 47
101 61 59
23 109 23
113 11 197
103 37 107
82 101 1
101 5 11
109 19 139
193 179 103
11 199 7
13 2 181
167 199 7
191 37 163
11 71 43
109 163 109
41 178 1
101 101 67
41 179 191
67 113 1
83 67 47
139 1 19
53 149 11
41 101 191
19 17 193
71 131 43
61 79 103
79 169 73
131 199 199
73 103 103
167 101 167
109 37 71
34 101 181
7 61 5
157 47 53
1 157 131
43 23 103
39 197 37
193 47 101
11 163 131
47 139 19
103 193 97
179 127 109
53 179 41
29 1 18
179 119 31
11 1 107
167 21 113
89 1 13
179 103 1
47 179 157
139 137 65
61 127 53
157 83 23
113 103 47
61 1 107
127 73 1
137 197 17
179 199 191
118 79 197
163 23 1
19 19 3
173 19 127
13 1 19
7 131 179
157 1 163
83 101 139
1 97 47
151 173 149
97 31 101
149 181 179
109 109 67
191 137 71
17 29 7
11 191 61
73 1 107
179 1 157
163 41 197
23 127 73
11 181 73
23 34 79
157 163 167
1 197 137
2 127 193
53 23 73
191 109 5
11 103 79
151 3 23
23 127 73
1 23 197
7 7 103
83 179 31
181 83 139
137 61 31
109 67 7
83 5 151
101 15 29
149 101 122
103 139 37
103 101 53
179 11 5
79 71 47
7 101 137
59 61 3
113 199 89
41 17 47
29 181 163
13 19 199
199 139 149
83 163 3
31 11 101
109 1 139
13 19 23
17 67 41
1 101 79
17 61 109
89 179 181
5 1 17
131 113 17
146 167 1
59 127 43
137 137 191
107 67 179
23 149 103
109 29 19
127 29 157
191 73 31
53 139 11
157 199 1
106 53 23
29 191 103
59 3 71
151 97 1
13 1 1
93 191 1
1 79 113
1 167 41
22 55 29
149 1 139
139 191 11
53 83 33
181 37 173
1 107 59
113 139 137
157 5 71
41 193 67
1 53 79
5 194 131
122 67 11
11 159 163
97 113 61
97 67 67
43 131 199
149 127 181
15 101 1
11 61 107
1 151 47
193 193 31
47 157 5
142 1 97
17 137 11
163 23 139
1 5 34
137 149 2
23 37 173
191 83 197
167 151 89
177 103 113
199 89 5
59 167 137
2 1 71
31 5 137
127 181 199
19 1 191
37 83 191
37 163 7
193 158 97
67 17 167
83 29 107
193 131 97
163 149 17
37 1 23
173 107 1
107 23 1
1 1 179
101 139 137
179 61 199
13 1 191
89 41 193
199 179 197
131 139 73
131 71 109
101 199 89
19 173 193
97 79 71
6 61 37
5 179 113
29 181 157
181 163 127
89 109 41
101 67 179
79 181 29
181 31 1
107 109 179
47 131 67
179 159 179
1 13 114
151 113 7
53 1 163
61 73 71
73 151 113
149 131 163
47 193 67
173 113 193
73 1 116
109 191 103
1 11 53
149 139 191
199 173 127
83 179 29
101 61 151
67 167 194
151 97 3
53 59 83
43 47 1
199 73 109
29 65 197
13 109 7
73 151 13
139 71 89
131 139 193
142 167 191
79 19 101
103 37 53
137 163 53
5 151 103
113 41 61
5 37 26
163 3 131
71 23 173
107 1 3
61 5 89
139 181 5
101 173 163
17 13 163
71 137 199
139 29 113
47 1 73
59 31 139
167 3 139
185 89 173
113 113 59
103 19 55
167 145 191
41 151 13
29 37 23
11 19 53
61 83 93
37 127 139
137 149 1
61 103 73
157 107 53
59 1 181
19 137 173
19 191 43
197 29 1
133 103 47
193 7 179
139 151 1
197 97 67
157 43 6
19 137 199
149 167 179
89 79 59
181 101 1
31 83 3
1 7 131
1 193 151
181 149 149
103 1 181
173 47 97
61 97 83
5 193 139
79 3 1
163 43 199
103 167 59
151 179 1
43 37 179
199 59 1
157 31 73
173 179 17
23 83 149
181 103 89
11 1 1
97 167 199
181 113 163
3 13 97
97 41 1
13 139 191
74 131 11
163 2 53
109 113 73
103 1 31
89 43 167
191 191 23
137 101 197
181 1 97
2 193 103
79 127 59
173 53 53
97 11 193
1 59 31
61 131 161
113 179 193
1 69 139
59 1 37
107 113 89
73 109 97
1 101 89
173 41 5
131 89 179
149 1 83
163 161 101
199 149 89
163 179 109
163 97 59
1 41 43
19 193 1
67 31 59
59 199 97
61 17 1
179 31 46
5 101 173
53 139 151
1 73 197
1 1 173
109 167 31
1 31 107
67 137 5
31 71 127
89 37 193
47 31 199
7 149 1
19 3 106
173 109 23
29 139 1
101 19 1
199 1 199
103 107 62
137 15 191
2 137 79
109 7 173
2 127 59
39 71 53
179 67 193
13 59 1
59 79 139
1 101 59
47 61 109
97 11 47
149 127 157
113 5 173
31 37 13
1 17 191
19 59 79
47 71 67
137 1 97
199 149 151
1 43 151
197 3 73
83 55 151
101 71 17
19 53 157
107 79 89
61 97 23
199 1 173
41 103 83
139 31 127
73 23 13
37 169 137
158 7 83
149 119 193
181 23 139
131 131 109
61 7 157
14 57 11
163 83 11
29 127 101
83 181 59
13 127 167
37 199 137
41 41 113
37 7 43
109 19 31
113 41 151
193 113 19
109 47 17
191 83 101
19 7 1
53 1 199
37 101 61
131 5 137
181 1 43
23 93 89
61 89 137
47 181 137
179 41 61
3 23 181
11 79 71
59 3 37
37 31 139
13 113 131
199 127 191
142 47 89
113 139 47
1 67 163
131 1 1
173 13 199
11 97 191
89 29 61
67 7 139
151 157 43
5 137 1
61 61 5
17 29 1
74 199 23
109 7 137
31 67 17
19 59 43
149 1 101
163 199 73
131 191 67
83 71 179
47 109 5
7 179 103
1 97 1
179 17 197
103 41 101
41 1 19
43 47 109
15 97 151
1 1 1
191 191 13
23 1 73
1 29 1
157 59 179
181 53 97
1 71 107
191 17 157
181 181 181
83 193 1
59 34 131
191 167 1
137 1 19
71 149 131
19 131 163
73 23 53
131 53 157
197 3 131
5 43 139
139 191 1
73 5 13
191 181 1
79 11 37
19 1 89
127 2 31
107 127 197
191 67 131
69 17 107
47 1 61
97 67 199
107 61 197
131 1 31
137 107 191
53 53 13
101 47 181
1 37 199
23 193 163
151 157 137
179 173 191
13 17 1
86 167 127
191 193 41
179 41 5
67 101 101
101 109 157
103 197 107
1 173 5
73 11 151
3 101 19
3 137 53
118 23 41
181 79 1
1 109 193
101 11 3
19 67 113
5 73 13
53 1 47
173 59 191
191 1 181
29 1 107
79 11 59
5 2 193
131 59 193
37 139 109
7 47 53
1 181 139
179 193 53
131 137 17
11 5 43
19 197 2
107 61 43
127 1 157
11 17 191
137 7 181
65 193 67
17 11 179
107 127 73
13 173 47
71 151 61
37 131 1
179 131 107
29 53 11
163 13 109
13 3 163
37 151 197
173 137 61
5 1 1
109 47 1
1 1 41
97 61 1
1 41 137
3 67 103
131 73 37
23 193 31
113 11 13
79 167 149
139 113 57
1 101 151
13 199 41
79 67 67
43 23 131
11 149 139
47 19 1
37 129 1
179 127 59
1 167 13
11 137 41
73 113 43
29 103 127
11 19 17
37 1 67
1 67 37
62 67 59
17 113 131
13 139 7
1 151 151
19 47 34
67 151 199
1 61 103
83 3 103
103 73 127
197 137 131
167 31 155
107 151 157
173 173 137
29 199 181
71 57 17
1 113 1
173 149 79
53 107 61
173 131 101
83 59 59
101 109 193
179 3 179
1 67 73
71 97 163
1 2 73
65 79 29
7 173 139
73 173 107
173 113 151
1 137 197
47 29 149
17 5 29
53 61 73
151 199 191
89 17 197
61 53 23
197 1 173
5 61 13
17 41 1
149 61 151
71 127 181
61 139 101
137 193 43
13 103 11
107 137 103
89 109 83
67 157 17
139 83 107
17 113 2
139 137 59
41 137 71
167 71 1
79 179 109
163 107 1
1 1 1
71 139 47
181 127 173
103 2 173
1 1 107
157 127 149
53 157 1
89 199 107
131 122 19
127 163 167
61 139 79
173 59 1
199 71 157
19 41 31
5 37 47
101 11 19
31 11 181
139 106 1
107 73 53
146 199 3
53 143 113
73 41 67
3 127 139
19 107 71
2 106 193
11 73 46
79 61 1
53 29 41
3 163 13
107 59 46
53 73 67
181 197 149
83 157 101
67 157 71
1 151 103
157 61 43
31 199 73
107 151 131
43 71 37
37 101 3
139 163 131
199 179 41
67 191 71
127 1 31
23 59 53
79 139 17
179 3 79
181 137 89
53 11 89
109 73 79
101 43 167
103 163 37
29 107 109
197 163 23
23 173 7
101 17 17
13 139 37
1 61 139
97 23 127
89 113 41
5 47 191
11 111 71
91 11 167
197 23 181
139 19 2
61 97 142
1 181 193
1 11 139
193 179 41
107 43 107
101 41 179
101 23 157
131 157 149
107 61 103
47 139 139
7 191 191
101 61 2
179 97 53
149 187 157
23 13 107
89 59 97
193 31 149
2 139 41
41 1 13
199 199 151
151 185 179
73 7 97
137 151 1
103 31 29
1 1 141
127 179 29
179 167 43
113 1 127
179 13 17
29 1 13
167 137 41
179 109 13
106 61 53
199 193 3
47 17 113
59 127 197
127 157 103
67 107 61
191 83 1
173 53 61
53 181 167
41 181 149
2 43 23
73 199 1
79 157 101
139 71 1
79 19 146
139 193 173
2 83 53
97 146 131
37 167 149
53 71 83
17 1 181
163 179 83
191 89 191
71 199 79
3 167 137
17 137 181
131 47 3
89 97 173
83 1 103
107 35 79
194 47 83
181 1 133
17 1 181
23 191 59
139 61 191
67 83 11
19 73 1
73 23 131
37 103 139
1 181 127
1 1 181
1 89 107
19 107 79
113 167 139
19 197 103
1 31 59
149 199 107
41 197 17
59 53 151
163 2 151
107 29 19
59 191 19
3 41 109
199 13 17
2 139 1
117 179 11
109 107 37
103 13 1
29 1 7
139 157 1
23 37 31
107 173 43
2 131 103
53 1 37
53 83 3
139 197 151
41 59 59
1 193 29
181 167 131
127 193 31
23 149 13
131 37 43
17 1 1
137 53 197
149 1 89
151 53 181
131 193 107
79 173 149
11 149 163
31 167 173
181 73 55
2 1 107
61 41 19
59 89 181
107 193 193
13 47 37
41 181 31
83 139 43
193 37 43
89 173 73
11 5 97
179 79 11
157 19 197
1 1 137
131 103 173
197 167 127
113 165 1
89 1 43
37 29 109
61 5 31
17 1 58
31 199 199
43 151 131
17 73 97
1 61 1
37 163 23
109 107 79
13 193 71
41 181 7
53 1 67
69 1 179
89 181 43
197 137 61
67 199 59
97 1 5
59 103 53
181 1 199
7 1 139
131 37 113
101 29 61
71 137 199
199 167 1
13 47 173
151 193 137
163 149 131
71 113 131
89 191 29
197 109 137
107 23 29
47 101 83
167 5 181
3 13 59
137 2 2
26 101 61
137 5 103
178 97 113
179 137 89
181 67 41
101 53 191
37 1 89
1 41 73
23 71 157
1 191 181
87 167 37
97 151 1
127 31 41
2 47 151
1 19 1
43 1 2
137 173 163
41 53 151
151 157 131
83 67 89
83 113 109
181 31 1
1 139 1
26 67 1
31 1 191
31 179 89
173 139 83
71 142 119
181 37 59
181 101 71
23 2 47
139 73 79
73 134 61
103 37 1
137 41 31
109 193 173
163 1 53
71 149 151
19 107 137
127 101 43
149 5 199
193 41 107
157 127 1
89 71 197
59 167 1
167 107 139
61 109 107
197 199 179
1 47 107
151 17 13
197 83 194
137 181 53
59 89 179
73 3 29
17 31 151
181 17 67
17 113 19
19 151 74
43 131 51
19 103 1
41 107 137
137 41 157
89 71 2
37 109 1
19 109 61
23 107 103
17 193 29
23 151 67
107 103 109
59 73 67
181 29 197
173 41 113
43 37 23
181 111 83
29 47 89
1 17 79
7 11 109
31 17 59
167 61 3
194 199 31
83 1 1
113 151 199
197 1 127
197 23 113
1 129 2
79 97 61
61 73 19
1 113 43
157 131 103
67 67 127
173 155 163
139 59 73
179 157 193
31 73 13
1 23 97
197 71 197
1 179 181
113 163 157
197 59 37
163 127 37
23 157 137
79 131 41
1 19 199
113 23 173
7 191 29
151 59 13
163 1 17
97 173 179
137 181 97
17 61 79
1 167 1
1 139 13
131 167 37
1 103 59
62 157 62
1 97 17
179 23 79
109 173 53
151 1 17
163 173 1
151 3 1
151 67 157
134 5 1
149 13 191
82 73 61
151 29 173
163 1 57
1 179 1
97 181 37
3 113 97
67 119 43
179 151 181
29 139 139
11 107 173
163 83 11
1 131 67
167 1 35
111 97 173
103 193 1
193 127 7
7 19 113
19 173 97
19 23 17
194 79 157
67 167 109
197 157 5
1 83 49
97 29 131
23 179 91
3 179 31
167 29 163
69 5 83
3 1 97
163 11 17
1 1 1
41 1 179
31 181 191
67 41 103
137 197 53
91 7 103
103 26 7
157 151 173
71 163 177
1 26 199
1 5 17
113 7 17
167 15 59
181 89 181
179 157 5
53 179 23
157 1 79
23 137 107
53 1 79
1 5 131
23 191 173
197 41 167
157 23 131
109 7 199
163 163 157
181 113 1
55 71 157
31 173 1
31 2 127
19 29 23
141 19 149
1 67 7
53 1 101
67 1 37
179 1 113
83 29 19
167 37 103
139 139 89
89 109 79
7 179 38
118 7 17
109 149 23
97 149 19
157 199 199
79 1 83
29 197 181
86 53 1
1 137 199
193 29 101
89 127 1
113 139 31
17 199 7
101 199 71
149 17 107
19 139 31
101 13 89
151 131 181
109 58 37
149 179 154
7 199 73
19 199 157
89 94 29
167 47 166
71 5 127
197 33 199
151 103 131
193 163 101
73 107 5
109 93 181
137 43 191
191 37 37
2 139 1
59 29 193
79 157 89
197 13 17
151 1 103
53 137 73
19 23 97
23 167 1
47 173 151
191 139 173
67 11 19
151 49 17
199 7 127
199 89 103
3 17 41
139 1 191
1 197 109
19 37 181
149 2 43
127 1 47
23 197 29
157 199 5
1 151 71
73 89 58
94 139 197
193 47 31
11 1 73
73 53 181
139 157 167
19 23 139
1 79 157
31 1 173
173 61 1
37 67 5
41 109 29
89 71 131
29 1 61
1 83 1
31 173 191
1 83 37
165 71 3
71 107 1
11 167 89
173 59 97
47 53 113
179 103 161
37 41 127
1 113 131
115 1 179
163 199 173
103 61 73
193 29 1
1 47 47
157 1 197
191 1 2
11 199 127
2 109 73
101 97 31
197 89 1
113 107 163
53 19 149
111 38 137
1 107 43
1 1 62
107 137 29
191 151 47
157 181 13
181 101 74
11 113 89
83 41 43
137 59 67
83 93 74
107 107 197
163 13 197
137 101 191
199 179 39
131 13 197
41 167 79
97 115 17
1 1 106
113 181 107
137 1 97
139 103 131
17 1 137
157 31 23
191 41 149
2 199 149
151 107 193
113 131 97
10 43 191
139 139 163
31 167 179
163 59 1
97 137 43
23 77 179
2 1 1
197 101 13
97 38 1
53 139 173
149 101 139
1 181 127
167 11 191
161 7 107
11 199 107
103 167 1
119 97 127
137 71 1
2 67 151
199 53 1
73 101 194
113 59 157
179 101 73
67 89 7
43 191 17
23 139 197
43 17 107
2 1 83
163 139 179
23 67 179
85 139 101
149 11 19
139 133 19
137 83 89
181 109 113
17 111 23
139 181 83
97 31 73
137 163 23
131 151 11
193 199 17
179 71 1
13 2 11
79 1 83
197 59 79
157 1 107
145 31 1
199 149 97
97 103 113
157 1 113
29 23 109
13 1 1
167 89 149
7 97 89
173 23 181
37 7 53
97 89 19
1 199 73
2 101 157
191 149 59
197 73 73
157 109 47
67 41 59
67 151 113
59 89 3
167 41 181
199 73 149
191 137 13
139 41 131
97 83 29
139 109 17
163 101 137
61 167 59
193 61 33
19 101 149
5 1 131
181 151 67
41 97 73
7 1 199
127 193 83
73 163 137
97 23 73
191 47 10
83 1 83
139 1 173
199 179 113
139 139 1
37 5 179
53 127 37
157 71 191
167 3 67
113 97 89
71 71 13
107 131 1
83 71 193
199 103 83
2 113 23
43 1 173
61 67 23
43 179 151
143 116 41
109 191 137
137 101 1
2 197 149
43 191 1
167 89 167
149 127 19
193 31 103
43 1 29
61 93 159
1 19 101
167 1 13
103 13 139
109 1 197
73 193 41
157 59 181
178 101 149
163 1 113
79 13 109
67 197 37
163 109 17
67 137 3
101 141 21
67 187 131
149 43 61
47 47 67
1 31 97
157 47 41
101 97 3
163 53 109
137 103 193
157 191 79
89 151 134
79 13 97
137 83 47
137 29 61
67 23 1
71 1 127
167 13 83
17 67 139
193 97 89
179 53 71
181 83 167
47 167 13
6 181 107
173 67 107
41 83 181
149 131 35
7 7 43
1 127 137
157 191 97
197 5 3
137 79 181
101 149 67
199 29 1
163 59 157
101 53 191
67 149 89
97 163 11
199 139 17
179 107 23
37 181 181
31 59 2
1 109 11
97 22 11
103 139 1
167 19 83
103 59 89
199 29 83
65 157 181
109 29 5
53 131 41
31 107 1
113 101 89
89 103 191
31 163 151
79 179 61
193 43 41
199 107 183
127 79 1
13 1 53
97 103 29
17 173 83
1 163 181
83 1 61
61 1 71
127 113 61
7 173 11
199 173 67
89 107 197
197 1 157
1 41 61
161 59 179
47 1 19
181 129 7
134 11 197
89 199 167
5 149 2
137 37 53
179 71 181
131 199 19
5 73 113
29 167 53
17 173 59
67 89 6
53 29 97
193 127 11
37 106 1
127 35 73
181 59 69
43 53 37
89 11 73
7 43 67
179 181 83
107 107 97
71 107 139
29 173 89
37 17 181
23 73 193
109 43 157
67 139 179
11 1 47
109 59 23
53 71 5
151 1 2
137 163 59
199 131 127
191 181 3
179 157 11
177 109 53
71 139 67
73 181 29
167 61 29
1 181 181
17 15 73
17 17 13
83 191 118
23 167 151
79 157 43
139 29 61
67 179 137
41 73 103
89 67 191
43 1 103
151 47 79
37 113 149
11 137 53
151 166 71
127 163 11
191 11 113
103 113 59
47 89 137
193 151 37
19 157 149
79 97 43
17 137 67
113 71 179
151 193 1
1 59 7
19 59 193
83 37 107
71 17 5
1 53 43
37 109 97
107 181 167
151 109 53
179 139 79
167 193 79
1 37 97
1 181 89
59 47 1
163 101 109
47 5 193
67 61 73
137 163 193
127 109 13
79 47 31
31 13 122
103 3 53
173 103 191
13 179 71
179 11 7
67 65 199
11 173 89
11 31 59
151 37 5
1 1 14
1 31 67
89 179 59
197 47 61
89 1 73
97 53 37
73 79 103
47 5 97
59 1 1
97 89 53
83 17 197
97 14 103
129 107 199
127 157 41
43 1 151
167 193 197
86 83 137
107 83 29
83 107 67
83 71 37
127 5 29
157 2 3
113 53 157
31 157 167
197 158 109
71 37 2
113 179 79
41 37 7
107 193 13
101 17 55
149 109 197
31 41 167
13 83 41
2 103 167
2 47 71
17 1 1
13 1 47
113 163 47
139 37 1
1 53 41
109 43 167
193 43 59
47 3 1
17 1 101
41 101 37
29 163 131
61 37 191
53 167 31
149 5 107
41 37 41
71 23 137
107 29 107
93 193 67
151 179 131
2 59 59
71 13 199
179 149 1
83 17 53
3 193 89
107 59 41
1 79 1
1 71 113
129 167 13
151 191 103
22 163 107
31 199 109
13 59 139
11 1 173
163 97 107
37 11 37
181 173 143
73 37 3
59 53 193
19 199 158
83 29 19
7 17 113
3 79 157
137 31 11
107 83 79
173 1 113
37 179 83
1 47 173
181 181 83
47 139 103
131 191 79
151 61 197
173 1 47
131 2 73
79 29 179
103 151 151
191 149 53
11 1 1
61 197 1
23 61 181
67 113 151
67 191 163
127 29 53
149 19 23
187 199 191
19 7 181
139 31 127
1 167 107
11 191 3
47 19 163
193 11 191
107 137 191
1 97 191
37 93 37
179 61 139
71 83 17
79 137 59
79 61 1
1 173 73
191 43 197
73 59 97
59 179 1
106 137 197
73 7 163
1 67 97
191 101 43
1 31 79
57 193 113
179 11 29
181 19 41
19 97 131
1 7 73
41 83 5
151 181 2
5 1 113
85 103 131
1 1 47
1 199 103
137 41 73
137 79 1
101 137 1
23 137 29
37 31 131
101 197 109
131 7 161
29 79 167
97 83 23
193 1 37
101 43 193
3 127 1
61 101 151
199 167 103
109 3 59
53 199 83
31 139 97
83 1 1
89 89 97
181 109 173
89 139 167
1 61 47
29 191 35
167 37 101
179 29 47
199 107 127
61 43 1
47 29 197
1 173 61
83 149 181
163 1 17
139 1 113
89 89 31
9 53 113
163 1 22
163 197 89
6 181 179
101 67 131
1 199 173
43 1 139
1 103 167
149 163 71
1 157 1
157 73 73
113 73 71
67 67 53
41 103 199
109 1 103
3 23 127
199 31 127
113 5 1
101 29 129
173 11 43
31 83 1
31 2 79
149 59 197
83 1 79
53 2 1
113 157 199
191 113 5
67 1 89
181 131 59
67 193 61
177 127 151
199 173 47
181 191 107
47 31 1
5 73 17
19 23 163
1 109 163
109 137 101
149 61 139
31 2 199
47 193 157
29 7 167
181 89 191
23 103 17
167 5 61
19 79 101
197 71 167
67 61 31
5 173 191
197 13 149
1 103 17
173 163 157
181 199 127
199 103 179
2 151 83
101 137 193
2 151 47
149 1 163
1 1 193
2 59 1
59 163 191
67 3 199
139 79 173
139 1 107
1 139 73
41 181 113
151 59 73
41 157 199
157 97 137
3 199 199
31 193 131
11 181 23
151 7 1
107 1 1
157 151 97
142 67 1
167 23 53
47 2 71
151 1 151
89 109 107
181 139 17
1 79 109
199 1 1
13 71 47
139 197 151
37 19 67
67 139 173
109 97 73
109 89 179
11 151 71
19 103 1
139 89 173
59 131 69
83 31 29
31 29 59
89 193 107
127 89 1
53 67 113
191 59 191
1 73 109
7 47 107
3 179 53
127 109 199
19 2 2
149 157 103
79 5 47
11 157 181
139 155 131
131 67 157
59 199 1
157 1 131
137 17 73
103 89 67
167 7 23
71 11 71
5 17 167
167 181 157
113 62 157
139 11 191
109 163 37
163 61 97
11 13 157
197 151 83
113 31 157
107 7 103
65 53 107
103 61 191
167 167 7
37 61 131
1 71 65
199 173 1
101 179 101
71 101 101
173 1 29
29 31 109
173 127 5
19 151 1
7 1 101
139 167 97
103 101 1
53 179 103
71 113 163
59 197 71
103 83 5
41 59 47
1 23 89
163 151 101
1 1 61
13 122 3
131 191 137
151 29 193
83 199 151
159 43 137
181 197 2
29 47 163
199 173 137
91 19 173
157 29 23
53 3 43
11 179 23
37 43 149
5 157 127
101 43 163
43 101 17
103 173 149
43 43 1
103 157 97
167 1 97
17 59 1
22 101 61
197 3 139
181 2 1
191 1 53
1 131 197
101 37 79
67 181 17
11 61 59
71 23 127
1 13 197
197 83 3
103 83 163
73 13 179
7 89 7
67 71 89
151 137 173
1 41 113
1 163 179
17 181 157
101 193 197
83 59 43
149 113 73
83 163 17
193 29 1
71 1 17
1 103 73
37 73 193
83 61 107
101 103 43
149 197 199
79 59 101
53 199 97
158 101 127
11 139 151
37 73 131
131 149 47
1 59 134
113 11 86
19 1 89
127 179 97
1 159 43
113 2 193
163 157 139
31 68 1
139 53 97
89 173 167
61 181 157
109 83 38
179 113 179
127 89 53
163 179 113
199 101 31
61 1 191
79 131 107
3 179 7
191 41 131
47 1 157
113 1 149
3 1 1
29 179 167
197 1 179
109 1 113
137 83 163
13 127 101
197 37 17
1 15 37
197 113 2
101 109 199
59 149 21
89 137 71
181 173 131
151 79 167
1 47 173
13 11 107
19 173 11
163 197 31
7 89 157
13 19 41
89 191 151
67 101 37
97 131 53
173 3 193
1 1 163
191 83 173
5 67 83
5 127 179
191 157 73
107 1 163
65 103 1
71 71 146
71 1 163
97 197 5
127 185 103
37 109 59
101 71 101
157 5 97
1 83 109
7 61 151
139 7 83
199 19 199
181 151 29
197 181 53
11 58 181
1 111 1
53 73 139
17 13 5
47 71 3
103 13 161
37 97 71
7 1 19
1 163 53
199 142 197
41 1 43
71 79 73
101 97 59
103 181 131
1 191 173
181 149 173
89 29 67
6 79 131
127 137 97
47 163 163
1 97 89
79 1 37
1 1 97
133 41 1
89 1 191
29 193 149
47 23 191
181 197 97
109 166 151
199 5 83
7 7 29
1 1 97
59 97 179
53 7 2
61 47 191
23 109 179
179 97 139
179 199 43
181 13 17
11 67 67
5 13 7
178 137 67
2 59 59
173 167 61
149 149 2
157 127 179
113 139 197
23 71 41
31 61 47
166 163 73
1 59 181
29 101 61
13 23 43
101 1 13
89 7 31
73 1 103
31 23 53
7 1 157
193 11 13
17 31 97
149 113 37
7 197 37
167 71 61
83 43 173
149 127 107
173 101 13
37 13 59
59 131 1
23 53 199
7 191 59
71 181 7
2 1 199
31 161 37
5 83 79
23 22 13
107 113 191
5 29 197
79 137 41
149 151 151
1 107 149
11 179 167
101 157 89
1 1 179
1 79 151
31 103 5
1 179 1
131 167 113
109 61 2
61 11 131
17 67 13
37 41 7
73 181 5
53 103 97
163 1 1
103 89 137
13 193 7
47 79 41
41 191 37
109 113 139
77 107 179
1 11 19
2 79 41
5 101 13
89 73 83
137 47 103
5 107 41
17 127 17
197 1 67
19 181 5
83 103 61
59 1 67
167 79 7
53 163 193
103 179 29
11 7 11
157 41 179
19 3 31
61 193 173
107 197 61
5 137 1
29 179 17
193 173 157
149 53 179
179 59 47
53 103 79
89 103 17
193 127 107
113 53 199
113 1 31
151 47 173
1 139 89
163 157 149
149 1 151
1 94 41
115 181 43
71 173 167
79 59 23
199 173 71
19 31 131
11 13 47
13 5 157
53 113 73
173 163 1
43 181 37
139 31 59
3 79 194
41 1 113
151 41 53
23 13 43
74 1 2
73 107 1
1 131 193
19 41 131
199 113 13
151 29 113
197 1 199
191 61 163
17 137 23
53 167 17
17 11 1
127 131 101
59 71 79
5 53 151
113 83 167
151 107 179
173 109 61
107 155 131
7 107 193
97 71 47
17 103 137
43 193 3
139 67 139
113 1 2
193 73 11
1 1 103
137 11 83
83 193 131
43 19 31
73 191 31
41 107 71
3 151 1
103 29 191
19 41 11
181 151 149
97 89 133
103 97 47
47 123 61
94 107 167
11 163 163
71 157 83
1 107 83
2 31 1
173 167 107
19 157 29
1 101 199
191 61 43
199 197 1
31 19 127
31 173 61
149 13 113
122 137 1
139 47 41
113 43 67
127 109 103
1 93 199
31 131 157
157 5 7
151 19 139
139 173 83
139 149 199
29 61 23
157 17 107
67 5 97
1 13 97
79 197 181
61 53 29
167 1 1
89 14 17
41 1 151
67 173 19
197 197 101
53 73 103
113 163 173
167 101 59
1 73 5
127 103 173
59 193 127
61 29 53
149 79 79
1 97 1
179 163 1
29 11 103
101 61 179
181 61 89
163 173 33
113 71 13
127 1 149
17 67 158
73 167 29
137 127 191
1 29 61
157 139 173
31 173 67
67 163 29
61 83 31
1 107 83
1 181 67
151 53 181
113 149 47
103 107 177
59 181 31
193 83 3
109 181 179
17 163 73
3 61 53
53 157 41
59 181 47
43 127 41
157 157 19
1 19 41
67 37 37
67 149 193
173 167 139
167 17 31
199 73 163
151 157 173
1 149 97
97 137 13
131 181 19
151 163 1
191 59 79
185 59 67
109 181 31
1 191 97
53 1 97
1 59 139
79 14 131
163 5 23
19 47 53
21 151 31
103 149 173
13 79 79
97 83 107
11 151 53
67 137 97
79 59 71
53 113 103
197 97 67
3 1 47
3 122 7
131 2 67
37 71 139
113 139 11
1 191 139
73 1 67
1 199 139
83 179 1
131 197 199
1 149 191
71 179 67
23 139 193
1 47 1
173 79 19
193 3 127
163 67 73
179 31 1
197 197 11
67 67 103
167 167 37
127 199 13
47 151 43
179 97 41
173 53 73
157 3 1
29 83 53
151 41 29
179 19 73
131 191 163
199 149 199
181 151 59
133 1 167
19 131 1
79 53 197
197 73 197
19 179 29
13 79 59
199 101 131
13 59 193
1 51 151
5 67 127
191 149 17
191 163 19
2 109 79
199 167 127
7 163 149
179 31 131
103 3 86
53 67 31
29 158 151
167 41 131
23 183 1
79 163 197
1 1 199
37 151 19
73 59 53
47 107 163
73 139 149
137 7 59
109 94 47
89 113 101
3 191 53
1 107 181
19 193 5
97 89 41
73 29 23
107 7 157
187 147 101
113 47 1
163 31 19
151 137 103
7 197 137
181 113 157
43 61 1
17 31 71
41 89 53
139 29 7
65 37 38
113 43 3
179 37 47
193 199 7
1 181 133
179 191 1
139 5 79
137 179 109
37 79 53
139 1 113
31 47 197
5 133 163
13 37 181
79 79 1
59 167 97
23 181 11
19 61 3
31 193 93
139 89 43
59 83 7
167 179 3
1 59 109
197 2 5
79 137 181
109 61 157
79 61 11
173 79 101
89 29 53
71 3 151
197 131 139
163 197 67
149 191 137
5 103 118
181 151 19
1 197 47
7 1 23
59 41 173
109 173 191
11 5 61
1 7 17
31 193 1
179 53 1
193 23 137
59 173 1
41 157 107
71 71 131
1 5 113
79 167 79
23 43 41
17 149 113
83 3 61
193 53 19
101 67 167
11 37 137
181 181 7
1 7 31
122 29 109
97 139 53
11 7 113
7 199 59
3 183 37
53 67 137
149 73 67
6 173 157
163 29 41
197 173 151
197 17 161
7 157 163
1 13 73
47 1 11
109 1 157
151 61 47
11 83 127
89 137 1
199 131 1
131 11 71
163 101 113
193 97 67
131 197 37
71 181 157
97 139 29
5 137 37
47 1 163
41 151 199
85 157 113
139 149 193
71 1 1
1 13 173
43 83 13
131 109 1
197 199 197
199 83 73
179 13 11
41 73 103
149 107 173
149 43 37
181 89 38
3 13 83
89 193 1
151 131 67
157 83 46
43 107 37
29 127 167
137 109 59
163 79 127
1 191 167
107 41 131
127 179 193
61 65 191
109 163 157
131 53 11
19 137 137
181 109 23
13 89 151
17 191 103
41 181 197
23 7 137
29 83 5
157 97 3
149 113 79
1 3 167
43 131 47
7 3 79
1 167 3
23 139 59
107 7 17
29 83 113
1 139 155
11 93 163
23 193 37
151 53 31
127 1 179
71 163 149
146 13 191
67 11 137
191 73 179
118 89 151
193 67 7
5 37 149
157 97 167
47 41 29
1 193 38
1 179 71
53 151 157
41 139 197
151 83 14
179 167 181
3 151 167
89 83 67
19 146 13
41 197 109
5 89 179
67 79 89
4 139 113
41 73 41
3 191 71
61 11 47
13 47 89
167 37 53
149 131 115
109 79 53
37 19 11
11 53 127
127 13 149
131 193 5
173 13 47
7 131 173
47 163 1
173 23 1
17 167 151
167 43 97
109 41 131
79 179 83
83 139 173
58 1 67
23 1 197
1 5 167
151 193 107
179 83 97
107 139 59
191 109 1
179 131 163
1 173 1
193 167 157
19 23 1
101 61 23
11 31 67
1 46 41
83 163 61
61 47 127
67 59 83
73 31 19
199 1 157
151 13 139
61 89 193
31 181 167
61 191 167
151 3 5
173 2 107
11 179 107
47 11 83
181 7 1
37 179 179
53 23 47
1 83 127
47 145 113
13 79 149
107 89 109
139 5 5
149 101 29
127 149 47
31 149 181
47 181 113
137 67 193
109 79 71
47 67 79
73 71 31
29 89 167
13 31 17
101 173 127
23 47 41
61 173 139
193 61 163
193 59 26
2 13 29
43 181 127
19 151 1
41 47 131
167 37 113
31 2 37
191 1 173
197 29 59
61 37 103
179 193 167
149 89 2
199 155 67
3 13 79
199 1 71
1 7 43
109 1 197
71 41 19
142 47 167
113 137 193
1 1 31
131 199 29
137 49 167
31 5 41
53 101 38
107 43 89
79 157 149
43 131 5
7 41 53
97 37 1
1 113 173
101 103 13
109 191 43
149 151 61
7 73 127
181 131 13
191 5 173
107 107 151
149 7 17
199 137 193
199 193 174
127 23 199
109 23 1
41 101 151
109 5 97
113 197 2
107 151 193
11 109 103
101 157 23
53 31 26
191 3 1
149 3 173
5 17 17
2 17 197
71 151 163
103 107 181
1 37 103
43 41 1
131 151 193
193 113 101
191 2 173
173 17 107
1 73 173
47 181 149
193 31 157
159 61 73
11 113 1
1 113 199
107 151 149
97 127 109
73 103 157
11 106 61
179 10 1
19 163 53
1 31 37
197 5 67
127 7 53
13 31 89
199 19 61
179 7 17
115 11 137
3 79 97
197 1 61
43 103 173
7 7 181
109 13 29
67 181 79
7 39 1
197 43 103
167 2 109
157 1 109
199 179 103
151 149 197
2 71 13
167 113 1
127 179 179
181 61 23
47 173 31
53 1 109
1 19 11
101 149 43
23 71 109
103 43 10
29 83 1
5 127 13
101 149 97
191 73 163
37 137 2
31 59 59
173 73 47
103 197 157
101 101 149
59 67 163
47 133 179
97 31 181
71 137 109
43 137 157
41 89 151
37 1 1
71 1 101
181 149 29
179 1 149
109 113 149
41 11 1
173 89 107
97 53 157
157 61 1
67 1 131
73 139 109
113 15 79
3 113 181
157 131 113
59 1 53
197 43 3
79 97 109
97 122 47
19 29 101
193 73 109
163 107 127
67 151 46
181 167 1
109 73 17
163 19 67
131 1 7
181 197 157
3 149 113
163 2 79
103 167 97
113 157 89
53 73 167
101 109 59
1 1 199
23 67 199
71 181 17
71 3 107
131 181 11
41 11 109
131 197 89
89 191 17
101 67 127
13 101 29
41 83 101
149 1 163
149 191 127
3 5 1
37 43 31
97 33 103
29 109 79
197 179 1
59 41 193
163 1 89
137 139 29
79 107 167
107 97 97
23 107 71
191 185 127
17 5 173
179 83 37
103 107 1
31 5 193
17 191 5
131 47 3
1 195 157
11 107 163
61 167 191
131 1 79
167 1 79
29 46 131
163 5 29
141 1 197
73 163 71
83 85 5
157 199 43
149 61 23
1 31 1
83 73 107
11 31 83
1 142 11
179 47 61
167 11 103
79 37 97
59 137 7
197 73 139
197 97 167
199 1 167
149 97 163
19 109 113
113 1 1
17 59 73
25 109 103
83 5 1
131 5 167
179 137 2
43 149 71
157 23 89
29 53 23
1 1 191
89 149 89
113 149 101
173 53 163
19 179 67
163 1 191
149 1 2
109 179 89
53 167 62
101 191 1
19 199 5
89 1 151
167 7 139
61 19 101
193 139 1
37 61 107
82 37 127
197 173 127
93 1 181
139 77 38
1 179 7
1 53 31
137 199 29
113 47 131
157 151 3
173 71 181
19 83 59
73 1 183
167 197 181
1 17 157
157 191 193
89 31 17
1 61 17
185 53 53
193 29 181
17 5 149
53 167 73
61 83 1
193 1 97
127 197 39
79 61 173
91 73 173
1 1 67
197 101 103
197 101 31
199 31 53
59 139 31
139 61 127
74 109 62
2 83 37
19 107 157
157 53 127
7 74 107
3 1 173
97 59 173
1 139 13
199 113 191
1 29 103
3 5 79
181 7 1
53 17 1
139 133 23
101 79 149
37 83 1
142 71 17
59 29 181
29 67 1
97 3 53
67 61 89
1 1 113
129 5 157
173 127 13
23 131 59
1 17 199
19 127 17
167 3 167
67 173 1
67 173 137
29 17 79
179 89 109
101 7 59
89 199 7
29 101 71
7 107 149
149 1 23
3 29 167
199 127 173
73 1 41
67 157 29
11 34 173
23 149 5
167 173 181
199 5 35
25 31 29
191 61 41
73 167 47
111 23 103
11 1 23
1 191 41
73 145 1
197 1 1
146 1 151
193 61 113
29 137 41
37 83 179
131 43 197
181 149 97
73 23 179
113 5 179
43 73 5
143 73 37
71 89 137
47 89 7
1 151 87
79 73 179
173 113 139
151 31 5
23 107 193
127 73 1
5 2 131
181 17 41
179 97 163
7 178 1
7 101 33
173 151 149
199 59 179
59 47 107
1 101 193
71 191 1
43 19 5
23 11 47
97 11 1
17 1 131
137 7 199
2 11 1
17 199 113
47 31 131
19 1 97
3 107 5
181 149 197
79 163 199
53 97 1
83 11 23
47 31 181
151 1 82
73 1 197
67 3 157
199 149 119
93 199 73
5 106 53
157 5 1
191 109 109
5 71 17
1 101 197
107 47 173
29 1 19
167 113 131
179 199 41
191 199 197
17 47 79
173 113 101
107 89 1
37 1 103
21 11 79
193 131 199
191 43 1
23 149 67
179 199 1
151 79 61
67 7 101
109 67 47
191 1 19
1 163 67
31 1 181
41 113 71
11 181 61
107 157 101
97 89 11
97 17 193
11 1 1
29 7 37
157 17 157
173 29 61
193 118 1
67 107 3
41 11 149
47 149 173
29 193 193
44 7 181
53 31 79
193 173 89
13 113 163
163 131 167
197 71 37
31 11 103
127 1 167
193 43 191
13 29 127
3 89 79
127 83 43
13 143 1
89 2 37
31 13 1
2 47 97
163 1 37
103 137 157
137 107 83
47 107 47
73 89 103
17 1 85
151 143 67
143 101 7
131 97 53
179 17 167
89 41 67
73 179 83
1 47 31
167 59 79
21 173 167
65 113 47
29 29 107
39 11 1
17 1 53
13 41 151
11 193 109
137 103 47
111 29 67
157 5 179
1 181 103
11 79 37
109 5 17
83 1 1
177 79 97
137 173 17
1 1 5
41 3 17
1 7 179
131 127 55
23 139 1
1 31 191
7 1 197
107 1 2
1 149 1
5 19 173
11 41 185
43 151 29
43 1 31
1 191 1
71 1 107
13 157 13
127 11 107
149 103 7
1 15 167
47 127 1
167 1 1
61 5 167
23 19 163
61 37 137
73 131 103
5 1 5
74 109 151
149 1 103
97 181 19
19 191 19
73 83 7
149 97 137
127 11 101
113 13 163
191 173 1
157 107 61
167 13 61
197 1 41
67 59 113
181 46 1
197 163 181
113 38 193
1 197 1
37 109 173
1 2 167
193 149 1
61 191 58
1 101 13
43 1 79
101 131 109
7 73 113
17 3 107
101 179 103
89 181 181
149 191 151
1 167 181
19 103 199
1 163 43
199 67 89
107 67 131
113 149 173
145 127 1
23 197 41
1 23 67
7 127 34
103 97 163
89 89 1
131 146 33
43 5 139
10 179 101
103 109 1
137 107 43
193 5 197
13 3 173
139 53 11
163 59 3
2 1 71
167 167 137
109 107 23
41 109 199
111 127 53
1 149 1
47 131 163
1 179 185
167 191 71
1 181 137
73 41 139
111 163 199
7 101 1
1 167 127
122 83 23
29 59 9
137 19 41
103 1 113
1 193 61
47 137 193
67 163 157
37 101 17
127 17 37
61 107 79
127 31 137
23 23 11
79 107 159
1 83 5
3 89 137
11 7 7
47 91 193
89 197 37
107 157 17
57 53 53
2 3 173
151 122 29
2 83 31
127 47 53
17 41 199
178 3 167
173 67 139
103 101 83
58 97 107
17 97 1
7 109 41
5 151 2
107 4 83
1 167 53
97 41 1
2 163 39
101 151 47
85 67 109
47 37 47
43 41 13
59 19 163
1 179 167
29 170 131
1 137 83
79 109 199
149 23 127
73 3 199
11 13 73
31 151 151
109 35 83
109 29 3
109 191 167
139 7 2
101 13 47
29 127 37
19 3 43
107 173 47
41 1 17
173 107 149
197 109 101
31 29 103
1 193 1
89 103 157
79 83 23
103 67 199
131 193 179
181 181 29
157 47 13
113 1 1
59 83 193
73 181 59
1 181 109
17 181 157
181 31 5
167 13 103
107 47 2
23 17 67
83 1 107
23 157 17
103 37 199
173 1 7
67 61 1
97 197 107
1 97 101
103 39 43
47 11 14
139 41 83
13 193 79
7 47 101
167 29 1
47 173 1
197 181 89
29 19 197
97 181 59
173 173 19
173 113 1
83 1 191
199 71 1
5 47 1
13 109 109
101 1 151
163 19 1
83 103 1
131 1 139
127 11 199
34 37 1
47 149 39
139 163 179
15 13 103
79 139 34
5 118 157
1 179 89
61 67 179
1 103 1
79 5 109
101 157 137
179 181 173
1 1 17
59 97 37
173 97 19
31 61 107
13 199 151
17 179 193
3 37 5
159 83 7
191 113 131
167 151 139
1 61 19
199 59 23
163 107 15
67 109 199
1 85 59
181 173 113
13 11 29
193 43 167
71 97 53
103 1 67
61 101 61
41 167 179
23 43 17
1 69 43
157 71 127
17 103 59
67 115 71
97 2 31
17 163 1
37 59 173
79 47 29
5 83 157
181 163 37
83 61 2
101 59 73
109 19 199
23 101 151
1 79 163
61 3 53
47 59 73
71 143 47
67 5 167
79 23 1
157 163 163
83 95 151
103 67 31
29 1 7
47 139 71
29 1 67
109 151 157
97 13 197
79 71 107
191 173 197
15 191 179
13 149 167
163 151 139
53 139 73
73 197 5
101 29 73
13 181 67
137 31 151
31 197 151
193 179 101
157 151 173
37 127 73
71 109 43
131 59 127
131 199 181
139 97 1
3 1 199
94 73 43
139 179 163
123 53 127
109 118 17
1 61 157
199 109 149
1 131 181
53 43 7
181 157 79
13 67 23
139 101 71
13 83 31
131 173 83
7 1 59
109 163 191
1 19 101
181 107 83
31 61 43
1 59 107
67 31 106
67 13 191
137 13 31
37 1 193
179 47 41
73 43 31
151 79 82
173 1 1
73 11 181
101 23 1
107 157 113
15 113 137
179 59 37
73 113 59
1 41 131
107 67 167
43 1 127
11 41 118
149 37 1
2 1 61
179 149 41
157 5 127
157 13 107
13 193 13
157 102 191
101 61 47
151 61 131
111 193 71
17 31 19
1 47 13
1 158 127
193 131 11
103 31 73
181 131 73
83 167 179
137 89 39
11 23 47
94 173 31
131 151 137
107 131 139
13 41 43
109 1 167
71 1 107
149 149 1
1 67 37
31 13 179
53 193 193
193 53 59
38 131 173
41 179 163
89 1 2
71 101 59
127 23 2
53 73 109
163 41 89
101 107 19
103 197 1
127 31 191
17 37 43
5 1 13
158 83 199
109 143 1
137 159 11
113 31 73
37 173 67
157 193 47
89 7 163
13 173 173
181 199 29
149 167 29
191 167 167
61 83 149
73 1 109
181 107 11
23 37 109
13 17 107
31 113 89
23 3 101
123 67 13
193 2 137
47 107 11
89 97 94
2 179 89
137 139 5
37 97 173
157 89 89
77 1 109
61 7 23
131 73 1
127 61 37
5 31 181
1 17 7
151 101 37
103 149 89
13 43 143
47 89 41
61 109 11
31 17 101
197 89 89
79 73 21
173 191 199
127 7 107
53 191 59
127 17 191
61 149 1
131 43 151
17 43 26
179 101 1
113 163 67
181 109 163
173 163 181
19 109 197
13 167 73
137 13 197
1 53 59
151 181 19
79 1 109
151 109 23
71 2 113
109 1 37
107 113 43
97 89 43
197 131 59
67 197 139
109 149 2
61 193 167
103 179 191
197 131 173
137 1 151
179 37 61
7 29 107
71 79 193
79 127 19
109 5 1
5 83 97
157 5 97
179 97 181
61 41 197
61 67 29
109 179 61
193 89 47
97 151 1
199 19 89
67 35 109
113 67 139
53 11 97
197 163 37
97 29 67
107 29 31
181 67 173
41 1 19
3 137 43
19 1 109
103 73 109
73 47 23
149 167 23
167 5 137
53 67 3
167 37 83
197 1 109
73 37 71
41 59 83
83 61 71
197 13 51
17 1 19
47 13 3
47 173 1
2 193 7
109 191 149
5 141 7
83 5 97
131 58 29
47 61 89
43 181 11
67 43 19
1 179 157
157 89 31
47 181 19
43 89 3
109 67 109
29 71 59
1 103 197
127 11 43
199 1 101
101 149 37
97 167 179
31 11 2
59 199 71
23 137 193
67 181 89
61 97 61
142 163 73
41 91 191
107 199 179
173 127 97
61 31 7
23 23 199
1 103 23
41 179 173
53 73 61
127 79 127
103 193 47
97 79 149
61 33 19
79 61 97
97 29 199
67 5 31
193 163 89
73 151 191
31 37 181
115 19 1
71 1 59
103 113 73
193 11 149
53 197 71
137 17 131
181 149 197
11 193 67
181 109 53
137 109 101
173 1 127
197 13 137
1 181 61
109 73 191
163 109 137
173 13 139
11 167 17
71 139 29
103 11 53
83 19 181
89 67 131
1 29 193
163 29 53
43 181 53
1 101 74
61 29 58
59 118 179
7 41 7
127 59 5
115 19 71
13 83 149
197 67 67
113 7 103
37 11 101
83 193 47
53 101 181
19 145 137
37 1 167
151 181 151
2 89 107
97 161 107
103 2 199
113 191 191
71 1 107
89 37 11
17 29 113
1 71 59
109 31 73
149 31 23
23 59 23
149 127 151
1 19 1
3 1 113
107 71 29
103 61 113
101 83 31
53 151 193
43 103 29
1 1 109
193 139 191
41 59 59
17 181 179
163 97 11
137 139 33
11 71 79
193 179 47
191 107 173
11 139 139
167 73 17
83 159 113
1 67 109
1 139 11
107 127 103
149 37 141
67 43 197
61 17 139
41 13 163
199 17 1
179 93 71
1 47 59
73 149 151
47 37 11
77 61 1
163 151 173
35 71 149
179 13 179
53 199 137
191 79 53
29 199 37
5 61 181
89 181 151
109 151 107
59 181 37
157 19 197
1 67 167
103 139 97
19 37 1
139 7 163
137 149 157
7 43 97
139 17 166
109 1 61
7 67 1
173 23 47
1 67 3
131 163 139
173 149 53
1 73 1
41 11 173
61 1 79
83 37 151
3 97 101
11 157 43
1 11 1
151 29 29
197 113 83
37 109 142
1 83 17
97 19 23
29 71 17
197 47 41
101 127 167
29 197 163
19 67 1
167 157 7
41 79 3
19 13 151
191 83 31
137 107 57
113 1 151
83 167 17
11 23 1
41 13 179
43 47 131
7 121 61
191 71 173
1 11 151
19 29 1
67 191 129
197 29 107
199 175 173
173 13 79
139 53 5
173 53 157
37 113 199
5 89 89
71 47 113
109 151 197
101 5 199
61 199 29
83 103 31
193 23 31
7 13 137
53 17 199
53 31 197
61 89 3
38 17 43
199 47 181
47 37 37
37 23 37
37 59 23
1 97 11
17 193 107
89 97 67
139 2 151
193 61 179
179 41 1
151 191 1
19 1 167
41 139 97
163 197 61
89 59 199
37 83 79
5 127 23
197 67 37
191 107 17
1 191 107
11 83 67
19 10 2
73 149 71
151 199 97
41 137 101
6 11 191
113 11 1
193 163 191
109 191 29
131 19 1
79 83 29
127 173 29
157 71 181
181 37 181
61 71 197
163 71 149
31 61 53
65 1 139
43 151 19
73 185 181
131 31 6
3 157 179
157 109 31
10 23 37
127 11 13
5 67 131
17 151 41
199 163 113
89 163 23
41 19 101
71 37 163
11 73 19
137 151 11
113 13 89
113 47 143
1 67 107
193 149 139
1 107 139
37 89 41
37 193 173
83 47 151
23 73 13
139 174 1
5 101 197
37 31 199
113 167 137
97 37 91
79 59 43
134 1 199
193 67 1
163 107 1
41 151 83
109 37 181
1 5 34
17 31 13
107 191 1
199 31 101
31 139 19
191 3 107
7 41 199
131 71 193
51 23 101
47 53 29
3 41 157
1 151 47
157 191 11
11 149 107
15 1 199
103 1 59
89 5 43
73 199 151
131 7 73
79 191 193
113 47 163
107 89 163
1 107 113
197 3 1
5 11 41
19 197 193
149 17 173
139 137 73
29 29 127
151 157 193
47 67 2
157 61 29
139 19 1
13 181 13
103 109 106
59 113 1
41 163 41
181 19 23
173 163 131
79 37 17
151 53 41
197 41 166
19 113 131
1 29 157
13 181 19
43 17 163
5 199 167
91 5 59
167 1 109
71 127 2
53 31 43
113 47 53
139 193 137
109 107 199
137 113 1
149 181 181
107 131 83
181 131 41
101 191 1
173 191 23
31 19 199
31 151 13
1 29 1
1 179 191
193 101 157
107 142 55
127 113 19
1 1 1
7 1 23
11 139 181
17 199 173
137 71 47
53 47 157
59 89 73
167 3 197
89 19 181
151 101 31
199 101 31
113 29 181
31 65 194
167 157 23
109 131 97
159 79 167
157 157 37
7 73 127
47 19 71
47 191 137
97 37 157
137 47 139
97 197 163
5 101 137
139 103 7
197 183 173
31 1 149
151 1 1
199 1 41
199 37 89
191 199 1
13 173 23
23 197 1
47 142 79
167 193 73
97 41 31
163 151 1
137 191 103
109 41 167
191 31 29
73 157 107
1 199 197
83 107 139
191 179 127
199 197 67
41 41 31
23 127 173
191 193 71
191 89 1
178 137 179
73 1 19
151 101 43
199 67 149
43 134 89
61 5 17
1 67 37
5 11 3
79 199 103
178 29 47
67 197 67
1 181 107
131 89 197
13 79 199
29 197 151
29 59 79
71 61 109
177 67 37
71 181 41
17 151 199
131 3 67
109 41 19
37 3 151
149 71 197
103 167 101
194 199 1
19 53 199
73 181 191
7 127 7
109 62 73
11 139 193
14 19 191
67 199 1
179 137 3
41 89 1
29 59 139
31 31 73
41 59 47
2 59 137
173 1 43
179 1 47
29 139 123
193 47 61
151 67 58
179 109 103
157 173 181
197 179 163
151 65 47
157 101 127
113 109 163
101 41 37
23 43 163
91 137 1
1 2 31
53 163 163
5 73 29
173 23 97
137 197 1
103 23 11
193 1 11
1 79 107
37 13 199
1 79 103
109 149 67
113 55 181
149 1 1
43 31 79
97 86 149
103 53 137
97 197 199
131 1 131
37 71 161
73 181 23
89 59 53
83 59 113
167 101 101
67 193 149
181 109 1
109 83 71
197 163 2
7 167 1
179 43 61
181 61 41
79 163 13
103 109 1
31 137 173
167 1 191
181 7 7
149 179 137
163 199 29
191 7 163
73 157 83
7 103 1
79 131 2
3 131 79
83 137 79
11 61 97
179 73 73
127 197 1
157 17 137
47 43 173
113 79 131
109 193 19
61 179 137
53 79 82
47 109 131
103 1 97
103 47 71
73 15 19
47 13 13
173 97 197
1 59 1
1 73 197
83 199 157
1 113 106
1 43 163
131 89 41
157 103 83
139 157 5
29 173 173
83 29 137
181 37 157
47 1 163
133 191 157
139 1 181
53 181 29
5 73 193
1 83 97
103 151 173
173 113 41
193 193 181
1 37 59
29 137 197
3 1 61
79 41 23
43 97 131
157 163 89
29 151 1
109 131 83
181 193 199
43 1 3
163 157 101
43 107 193
67 2 13
1 173 29
61 53 71
67 1 167
197 29 1
157 39 107
41 3 101
109 59 101
1 131 113
43 1 7
3 53 197
3 131 151
1 113 94
37 167 173
31 103 167
197 191 41
197 179 7
167 69 79
37 179 83
157 193 149
191 127 109
83 67 43
17 89 101
109 47 127
113 11 163
79 179 79
179 43 137
1 43 71
101 109 83
41 193 151
22 3 149
1 115 157
43 71 181
163 1 131
109 41 5
53 139 113
1 89 173
71 1 103
29 31 73
103 181 167
101 139 199
137 26 31
131 41 137
97 73 11
7 3 151
179 199 113
71 101 73
7 73 143
193 3 197
97 53 109
109 89 193
103 122 101
7 127 191
61 47 127
53 197 3
71 1 41
197 187 167
101 167 23
167 71 85
1 193 149
173 13 59
41 1 7
157 3 1
89 151 167
31 1 37
113 1 113
127 163 59
113 19 199
157 5 131
109 1 47
113 181 1
1 73 31
139 131 31
101 1 43
89 103 79
97 97 79
67 53 13
149 71 1
181 83 13
1 1 1
73 19 137
47 83 137
