3000 2999
3 181 199
97 199 199
103 89 187
7 79 113
67 139 107
1 11 131
61 71 109
1 7 79
103 121 97
103 193 1
197 181 137
43 107 19
61 107 59
1 127 181
79 71 103
3 197 182
41 83 131
193 17 2
163 5 167
127 31 53
19 97 181
101 101 139
89 47 163
79 1 67
59 97 167
37 29 127
59 157 107
101 19 1
61 163 131
1 109 101
167 61 127
193 109 139
79 43 137
163 139 29
17 37 127
107 1 29
173 163 157
79 151 151
19 127 103
13 97 53
103 191 35
107 157 179
19 97 67
173 103 2
173 1 193
137 1 139
79 193 185
157 199 107
29 73 89
131 199 2
5 131 137
59 19 157
31 191 19
1 53 103
37 1 107
53 163 151
157 191 11
3 149 97
7 37 173
166 23 47
157 11 173
1 83 67
79 13 103
127 101 181
59 149 149
179 109 67
197 23 103
139 37 163
137 2 7
43 137 59
97 151 193
191 3 47
43 127 1
5 139 19
83 151 71
43 157 13
1 101 43
5 1 5
67 97 73
47 113 59
43 29 127
97 29 107
79 179 43
101 47 101
151 23 53
13 47 43
107 37 101
83 43 101
31 131 118
193 107 79
134 67 139
55 97 5
37 1 73
29 83 2
101 134 127
199 1 103
131 53 151
29 193 53
118 133 137
193 57 157
109 101 193
29 29 31
157 139 107
1 89 181
1 79 127
127 131 73
17 157 37
79 73 23
23 7 103
131 41 131
83 197 137
41 179 103
43 67 43
41 5 181
109 83 127
131 1 86
101 89 103
109 41 67
73 71 131
29 107 21
107 92 3
5 1 43
199 19 181
3 131 193
1 43 79
107 97 3
23 19 193
109 1 31
193 131 79
59 57 151
103 29 139
11 73 1
53 181 19
31 1 103
109 197 193
79 163 109
73 163 89
197 199 107
59 37 43
139 87 43
77 7 157
103 1 7
101 131 113
37 113 179
139 29 31
89 103 163
199 2 1
41 131 53
1 142 89
139 31 139
19 79 197
137 71 191
137 2 1
1 101 41
113 1 199
173 73 29
49 29 61
163 103 2
53 173 149
103 1 107
137 157 157
197 79 62
1 59 5
1 149 17
103 157 61
41 103 83
1 1 191
2 173 137
101 97 101
167 127 53
181 29 137
2 97 67
5 1 41
83 191 5
103 17 1
157 31 101
167 29 61
103 43 5
167 59 79
11 191 199
29 131 1
193 31 107
199 13 2
67 1 83
89 83 79
47 167 103
79 31 151
127 103 47
11 199 191
4 97 139
1 47 113
29 181 1
37 107 131
127 71 163
89 23 2
29 191 139
71 23 71
31 19 113
1 13 149
179 2 173
5 59 43
67 41 129
13 2 1
11 1 7
53 157 55
97 157 163
191 13 167
73 109 53
137 47 107
181 109 127
173 109 199
101 137 107
137 46 71
191 11 167
83 173 199
1 67 43
61 109 97
3 1 179
1 109 29
37 179 151
103 1 157
97 193 7
113 197 137
71 83 167
37 61 1
7 149 173
191 163 13
47 107 127
89 13 2
89 13 17
79 1 157
199 199 130
137 61 191
69 197 47
137 151 173
101 1 131
167 163 13
157 123 197
59 1 41
37 107 1
103 191 167
109 41 1
3 167 7
159 113 59
23 67 149
79 109 127
5 73 67
107 41 107
61 127 1
19 139 167
71 127 139
1 109 17
29 97 3
37 1 37
67 73 149
67 19 3
107 1 73
1 83 113
173 47 1
83 157 1
15 2 101
31 193 29
11 19 3
43 127 59
167 31 47
157 157 151
2 137 17
173 173 173
43 1 127
142 29 47
179 5 167
5 181 73
191 1 5
179 97 167
157 107 191
41 71 103
1 71 109
101 199 89
197 151 83
59 127 5
183 47 2
31 139 59
73 113 41
167 47 53
193 139 151
29 181 1
79 113 173
179 131 151
163 197 11
101 37 163
89 155 29
157 199 109
97 1 179
109 29 109
139 179 3
1 61 101
107 47 11
41 113 167
157 157 85
13 163 53
83 67 109
118 151 5
53 29 137
61 17 2
59 53 137
97 37 79
137 71 89
47 13 199
137 5 107
43 131 41
17 2 73
3 193 59
23 193 37
83 103 181
67 131 61
103 139 2
151 109 131
61 131 7
23 127 31
131 199 2
163 23 127
1 151 41
145 5 83
5 7 5
181 199 193
191 37 17
3 89 19
181 103 59
167 1 149
1 95 33
199 101 131
137 97 26
13 113 71
167 7 1
1 61 41
3 139 167
7 139 47
7 41 89
59 17 23
197 19 1
131 61 19
59 186 149
197 17 1
41 101 89
23 5 7
191 46 1
41 181 71
29 103 1
1 131 41
1 199 47
139 41 1
31 1 61
149 73 67
71 23 7
79 193 163
23 101 151
79 11 89
1 167 181
41 7 103
127 19 37
163 151 173
73 1 197
17 1 43
101 163 181
103 31 29
79 73 191
179 137 71
97 3 163
163 139 97
67 1 13
185 71 109
191 103 73
59 193 191
19 173 23
149 127 5
167 107 151
61 23 181
29 157 191
23 10 31
29 67 61
103 11 37
17 1 139
167 83 5
22 1 1
163 181 71
197 127 118
149 17 71
127 53 73
149 19 127
151 19 19
113 31 61
53 193 83
59 157 1
139 47 11
31 43 73
199 137 19
1 23 131
173 127 181
173 19 29
31 71 79
142 158 157
103 17 137
41 193 73
71 181 163
137 179 103
163 3 53
179 2 103
97 173 157
1 109 167
179 89 2
101 127 109
101 97 35
1 131 139
29 167 23
17 89 79
183 179 43
137 1 13
149 41 107
79 71 197
197 191 29
23 163 7
163 1 47
113 3 127
181 197 73
67 197 173
29 149 139
157 101 65
149 7 149
151 93 191
41 167 83
137 83 43
67 17 107
29 43 53
53 79 127
139 181 197
97 29 43
157 103 61
139 178 157
79 199 101
31 39 59
101 83 1
71 193 109
67 59 197
61 23 79
131 1 107
1 199 1
13 101 67
41 113 137
3 41 1
199 17 101
199 71 139
83 157 199
41 23 139
1 151 47
83 107 173
199 31 1
173 1 179
2 43 151
61 37 83
151 1 1
179 197 41
137 7 1
79 157 179
1 157 1
131 31 37
1 151 103
53 151 5
1 37 1
193 157 187
53 139 71
167 1 29
113 109 139
29 11 137
11 157 137
127 179 43
103 163 149
158 181 71
131 103 157
19 197 11
151 23 179
149 53 1
31 199 77
71 181 109
5 103 41
23 181 101
1 1 89
74 33 197
1 59 79
83 37 167
167 142 83
43 167 163
79 151 127
41 179 3
109 11 23
1 127 2
191 157 73
73 109 1
181 53 191
43 3 67
157 157 19
103 173 137
31 103 137
5 193 127
57 181 23
191 31 31
31 79 13
101 97 113
157 71 101
29 6 157
19 149 103
5 167 23
199 47 157
71 43 19
1 97 83
163 113 151
1 179 29
151 13 1
109 97 3
173 109 29
73 43 23
29 31 1
79 47 71
95 107 34
43 47 41
5 181 17
137 47 7
41 65 113
177 131 37
31 101 97
193 173 101
199 37 199
151 1 127
47 31 7
89 179 11
1 39 58
41 163 1
179 93 17
17 181 29
197 107 98
173 5 1
194 47 193
47 79 5
61 149 173
19 149 5
1 151 89
97 107 173
47 149 131
163 83 151
47 107 53
137 151 199
137 83 11
151 179 59
67 31 157
97 127 149
43 1 97
1 149 137
157 1 71
1 1 167
193 37 127
23 193 109
47 181 71
79 137 29
5 173 19
37 139 1
79 29 29
19 97 5
67 89 5
173 193 107
113 1 191
71 11 29
5 11 31
79 1 151
179 113 3
37 79 71
59 139 199
89 149 109
53 3 23
38 59 79
5 11 89
137 37 163
107 83 97
53 179 179
173 151 181
7 157 107
179 19 41
1 197 47
71 181 83
97 19 163
19 151 53
23 157 157
1 127 89
167 79 73
41 137 67
13 107 151
67 1 61
131 137 137
5 157 11
149 19 181
89 11 31
157 131 163
131 151 149
173 3 139
127 17 19
97 173 167
131 2 29
151 59 1
19 71 197
83 95 89
29 139 71
59 83 101
145 89 67
103 31 31
13 199 173
131 158 167
109 79 85
167 193 163
173 107 139
101 157 193
113 107 83
2 53 31
191 23 97
197 143 107
23 41 151
173 67 47
137 197 149
11 183 199
167 29 1
53 181 131
33 29 163
59 139 181
37 131 29
149 1 109
53 107 13
163 41 26
193 3 19
157 47 79
5 173 191
1 73 1
1 5 167
89 157 61
191 47 173
181 29 107
163 131 197
191 197 23
1 31 101
26 181 149
149 1 89
1 167 173
91 17 103
191 1 1
191 47 29
61 47 7
137 193 77
2 179 89
139 1 149
181 73 37
137 111 157
7 1 17
79 173 139
67 79 1
17 151 197
151 5 139
29 37 157
197 131 194
67 109 167
31 167 197
83 29 83
193 197 1
109 131 193
43 167 163
23 151 19
31 1 89
131 197 17
197 157 1
23 73 53
163 10 191
11 73 111
89 191 61
139 197 79
61 67 179
37 61 109
157 101 109
191 13 1
37 59 1
11 101 79
1 29 67
5 23 113
5 83 191
61 123 3
17 41 107
37 107 1
19 15 191
59 47 7
109 37 139
131 61 119
173 139 41
5 127 73
137 157 157
193 1 7
67 157 131
197 159 173
2 163 71
23 23 101
139 87 94
139 113 47
109 127 137
1 67 1
1 173 37
59 146 1
29 181 101
23 71 67
163 173 173
149 167 1
73 139 1
97 163 1
139 191 163
139 131 197
113 37 193
93 127 127
151 191 179
157 1 194
134 103 199
109 41 1
71 1 163
61 179 31
71 11 29
119 149 141
103 43 65
173 89 131
101 61 97
181 157 37
137 1 97
11 167 199
139 17 149
7 61 17
179 73 1
47 43 23
173 29 71
89 13 67
137 113 47
1 11 17
131 173 1
1 79 191
1 179 139
157 127 13
131 59 1
167 107 17
191 23 107
157 23 13
71 19 199
53 67 1
67 101 67
1 199 1
163 179 17
107 167 101
103 1 157
151 7 61
1 43 47
61 1 29
191 1 179
43 191 113
151 41 1
163 79 89
87 23 155
139 41 86
115 5 113
149 199 67
107 29 19
103 167 137
139 67 199
83 59 97
179 37 149
52 43 6
1 83 181
109 191 79
67 197 79
109 47 179
5 131 151
89 79 122
17 181 1
107 79 157
55 89 61
41 139 193
173 199 101
1 43 71
41 101 173
47 97 11
3 103 149
61 31 17
11 139 41
107 197 1
37 43 53
89 131 53
79 139 157
67 73 103
199 103 97
41 179 127
53 3 181
29 163 21
59 71 197
19 89 173
163 97 191
157 149 139
41 35 41
109 79 7
3 199 31
47 11 61
83 89 199
101 179 83
2 67 107
157 181 89
163 19 34
1 79 47
89 53 29
23 89 31
7 167 127
47 149 67
149 71 113
3 181 11
197 83 61
178 61 79
1 113 71
1 29 151
199 91 1
41 59 1
149 103 191
69 71 131
134 61 178
19 87 11
181 86 17
103 34 61
109 191 41
151 113 127
31 53 7
61 103 149
199 1 151
19 131 101
3 113 179
107 109 29
127 109 31
107 151 23
71 1 163
3 37 11
23 199 107
137 37 71
61 41 11
167 122 111
41 67 129
83 17 157
193 1 1
1 53 7
83 6 1
61 31 43
1 23 1
149 47 1
173 173 67
19 157 191
193 59 193
23 1 29
163 107 31
79 17 193
29 47 83
73 7 179
11 59 53
2 1 83
199 73 163
137 113 179
1 11 97
13 13 103
31 1 163
173 37 1
163 1 127
149 59 59
1 173 1
137 13 67
103 137 5
61 97 109
107 167 131
103 55 7
157 31 97
43 103 181
71 167 163
11 59 13
97 109 43
173 47 101
191 173 139
13 13 103
89 17 197
37 139 163
127 29 127
107 181 118
71 17 23
31 191 89
43 181 103
151 47 113
149 7 107
127 1 73
179 51 67
71 71 79
109 173 73
131 131 19
199 13 1
97 13 193
53 191 157
191 137 103
11 113 31
191 181 7
11 157 1
61 79 157
5 113 1
83 163 179
143 37 89
179 1 1
101 79 23
103 101 113
109 109 139
41 23 23
73 131 197
107 89 139
83 109 95
31 1 101
173 1 127
43 11 43
47 167 17
53 2 67
197 1 67
113 13 1
11 167 19
67 1 29
109 113 163
97 47 157
109 67 71
89 19 1
3 191 29
1 131 179
167 199 73
167 83 113
113 79 67
89 83 197
3 167 109
139 83 191
59 127 13
31 193 97
151 11 29
83 1 131
173 11 5
157 11 47
179 23 1
151 73 93
47 59 1
139 89 47
167 71 83
167 7 47
43 1 131
103 19 93
167 129 173
197 127 194
199 97 193
19 89 151
103 59 1
11 1 167
139 155 151
29 89 41
193 199 37
73 31 61
71 41 131
59 67 59
1 163 23
67 191 1
167 11 79
97 19 113
193 151 191
1 62 181
113 1 157
109 113 71
11 7 103
59 41 43
149 67 11
149 29 41
197 59 47
43 199 79
37 113 1
97 1 2
1 131 61
17 149 181
101 1 21
7 137 199
13 17 139
1 103 29
31 191 23
1 113 19
199 67 113
61 53 109
29 103 1
23 197 37
113 61 89
173 127 1
163 5 29
127 3 133
107 1 131
167 191 19
89 107 41
1 38 199
137 17 89
199 103 7
167 103 67
1 29 181
2 199 139
79 1 1
82 47 17
59 89 111
197 113 23
145 1 41
19 131 58
163 43 74
5 1 139
163 137 19
97 151 157
37 167 17
109 31 89
31 19 1
167 37 1
194 157 179
2 151 101
31 139 134
79 83 79
17 1 59
173 79 179
157 53 1
67 181 41
191 181 109
167 1 79
157 163 3
197 29 61
41 137 7
139 127 181
1 163 142
131 1 181
11 59 167
37 181 53
181 37 1
107 131 127
149 181 179
25 139 53
19 197 179
22 19 1
17 3 163
89 167 149
47 61 151
179 193 61
199 41 97
79 1 71
17 61 11
43 97 79
17 167 1
167 173 37
97 73 163
101 101 131
191 199 29
59 127 67
67 151 197
67 43 179
41 1 149
149 53 97
199 191 139
13 1 83
157 2 151
29 23 199
151 53 1
157 7 103
79 2 67
163 1 1
61 71 1
157 1 103
163 73 199
179 31 11
199 101 131
17 17 13
181 15 101
163 37 73
101 101 41
67 149 181
47 79 17
1 1 181
193 173 47
47 61 199
179 185 71
103 79 131
103 131 13
59 79 53
1 1 1
23 191 31
13 173 199
19 83 151
83 109 19
127 67 41
97 149 167
149 61 131
1 101 59
73 23 139
193 53 61
79 1 107
47 1 127
7 29 59
179 139 97
83 1 11
5 149 43
122 15 79
43 43 67
7 139 181
29 109 31
1 61 31
199 1 173
173 79 106
107 139 163
179 5 17
7 2 167
191 31 137
149 37 149
149 97 1
113 163 103
79 19 103
11 109 71
29 158 29
199 149 31
5 2 167
1 107 11
23 181 89
191 179 67
163 29 113
11 31 173
7 197 67
139 37 199
83 193 167
1 197 109
107 163 149
43 83 191
1 61 97
181 71 19
73 13 131
19 163 11
191 71 86
107 73 37
37 173 181
3 47 83
137 17 199
173 23 67
139 103 101
67 89 61
139 61 47
1 197 3
23 71 109
181 167 67
101 17 23
139 149 13
3 71 157
37 109 61
13 3 2
167 1 113
179 23 89
131 1 97
71 41 67
61 127 109
193 127 89
199 55 197
11 19 79
41 5 191
61 101 37
163 197 67
199 131 79
181 2 97
113 1 97
7 137 41
103 1 127
11 179 107
13 55 107
53 53 53
193 97 103
181 1 181
97 71 43
31 127 127
71 83 197
193 17 101
103 43 5
1 127 139
59 137 13
1 53 83
67 113 107
179 29 47
139 67 1
107 41 59
79 67 157
3 47 179
35 151 29
173 173 113
37 61 139
37 23 1
199 11 79
139 2 19
13 11 1
173 1 7
1 197 61
181 37 13
173 43 197
167 13 13
1 19 5
1 113 19
137 1 97
73 103 43
61 1 197
107 1 167
37 1 5
37 5 23
137 43 1
71 31 179
31 109 173
113 1 103
23 191 1
113 199 1
157 131 149
193 61 107
1 7 61
97 113 199
127 131 29
43 163 173
107 131 103
89 181 101
127 71 1
17 1 73
71 191 17
1 157 157
79 97 73
71 79 151
127 97 9
197 173 1
53 109 191
137 191 109
101 167 3
11 41 71
31 103 157
67 10 67
193 173 61
11 1 109
127 83 19
1 61 199
142 67 127
137 1 83
191 61 79
23 101 19
19 199 73
109 79 181
19 199 139
151 23 43
139 167 3
1 167 113
179 2 1
179 1 11
109 197 1
17 1 73
131 7 1
107 1 151
181 103 1
167 179 59
1 31 41
107 199 131
163 43 1
157 127 181
113 127 107
19 199 31
5 179 61
113 137 137
13 41 3
109 131 193
1 191 1
7 13 67
19 149 197
31 181 103
5 19 47
113 17 163
179 167 151
53 5 181
181 193 1
187 179 53
17 197 1
61 31 87
167 179 157
113 7 11
167 83 107
1 101 19
29 3 41
13 149 7
71 139 17
101 79 113
149 197 91
139 137 1
23 29 199
61 137 29
41 19 179
41 191 13
23 97 191
167 2 89
1 137 7
133 173 2
83 137 173
197 17 31
51 79 1
1 43 47
43 49 82
39 5 173
107 97 89
53 107 193
199 197 43
73 43 111
17 101 1
13 173 71
5 79 97
193 67 1
71 1 61
163 59 37
131 101 3
173 167 83
97 25 3
53 191 2
1 17 37
29 199 5
167 139 1
73 121 87
89 101 179
67 7 97
67 1 157
199 1 107
41 37 139
11 1 43
67 149 107
191 181 109
149 53 113
23 7 17
103 181 127
113 191 109
193 47 157
157 89 109
41 13 59
179 193 1
139 191 83
41 199 31
1 23 67
113 29 23
1 197 1
1 179 179
23 127 131
157 67 53
29 137 13
137 1 53
199 157 197
113 41 191
47 1 11
5 127 131
7 149 199
59 179 1
37 29 61
61 23 17
193 191 107
1 127 163
1 137 199
103 113 43
17 179 1
1 3 103
61 139 53
199 113 97
19 173 23
109 41 37
177 31 61
14 103 149
37 14 13
2 13 41
157 149 82
53 1 89
1 181 163
35 113 71
7 89 7
89 113 121
59 101 173
31 41 109
1 13 97
1 61 179
167 11 79
61 13 73
118 7 7
67 23 82
3 73 26
7 29 41
71 197 19
47 13 1
29 61 1
1 107 103
61 179 1
13 13 157
13 113 85
179 19 71
1 179 127
13 199 103
151 197 97
17 199 1
163 53 191
1 179 163
97 199 139
107 29 131
37 31 173
41 173 1
139 149 131
131 37 167
157 19 173
17 23 11
103 1 151
89 89 41
122 151 9
61 118 179
107 199 107
173 29 47
31 89 151
67 191 71
1 157 41
5 113 17
1 139 47
113 1 193
151 17 83
79 103 197
31 191 67
3 181 43
1 89 89
97 79 169
3 47 73
85 193 179
97 5 67
103 17 101
103 163 193
15 41 107
17 17 101
1 127 1
47 101 13
73 23 41
167 1 181
67 163 107
107 1 23
167 1 127
163 107 109
3 101 55
101 13 157
1 61 1
10 2 53
107 43 31
37 19 5
1 179 163
79 13 73
173 83 89
193 157 131
17 139 197
13 29 199
5 181 149
19 19 67
19 113 71
167 97 179
11 1 197
163 29 19
47 97 193
1 181 139
181 89 3
61 149 61
3 199 79
137 113 17
199 181 131
13 1 1
131 83 191
5 1 113
113 1 193
173 1 17
197 47 109
179 181 103
157 89 89
47 73 139
197 103 31
37 101 1
173 139 41
23 31 5
191 163 1
13 131 37
199 5 1
37 29 1
157 69 79
151 79 163
103 61 113
3 167 1
71 67 181
3 17 47
1 83 7
151 11 37
7 59 149
1 11 163
151 113 23
59 97 193
83 31 5
53 197 109
151 67 2
79 149 103
83 53 1
41 142 137
173 101 199
67 101 89
17 29 157
131 85 1
1 193 199
3 197 19
97 37 191
33 1 13
181 73 43
31 113 11
19 91 31
61 57 47
163 41 79
23 51 41
157 151 83
181 113 23
17 1 97
11 173 17
107 181 5
53 179 141
107 97 1
103 67 73
179 151 1
41 43 53
107 67 86
157 17 113
67 19 1
19 149 181
13 1 179
59 103 41
11 19 113
3 11 67
97 53 179
89 5 1
107 157 1
181 47 151
181 191 107
157 89 67
109 183 129
137 191 107
97 191 4
1 157 67
157 29 137
13 67 157
191 59 113
181 5 3
83 6 101
19 37 29
193 199 67
103 43 13
61 71 149
101 106 43
17 113 173
179 11 193
3 43 109
157 101 1
137 61 30
179 71 103
71 151 1
7 15 157
109 167 47
61 5 5
1 71 41
1 1 31
127 163 146
61 113 179
131 61 29
2 23 179
11 173 173
5 59 19
35 139 179
157 41 53
197 197 97
143 43 83
73 173 139
31 11 149
22 47 19
197 199 1
3 151 97
167 167 1
107 43 151
1 47 7
97 1 17
178 97 199
37 1 31
103 199 43
151 134 199
73 11 139
157 123 131
149 23 41
199 101 131
10 101 53
67 23 1
73 17 17
43 37 67
17 113 5
113 191 17
1 197 163
122 17 53
37 167 1
179 97 31
82 43 67
17 1 37
131 29 194
193 71 71
1 47 113
17 67 89
151 199 179
1 127 59
94 109 191
19 47 29
89 67 53
1 43 71
11 59 3
53 166 181
43 107 1
193 37 101
173 61 157
151 29 5
5 43 173
1 113 29
1 101 199
179 197 157
101 5 131
191 109 23
107 89 191
107 1 193
89 181 79
191 5 137
17 1 181
1 131 3
11 43 38
5 173 83
107 47 103
71 89 37
79 137 31
71 29 5
1 107 151
97 101 127
131 161 139
97 10 53
43 1 193
43 191 141
149 137 191
107 97 109
41 19 131
73 139 61
19 71 131
47 157 14
173 47 62
139 137 53
89 71 151
139 131 157
113 101 199
151 71 67
137 31 151
127 47 103
43 179 3
127 173 83
163 59 157
2 23 73
101 41 131
59 61 179
191 197 23
179 113 83
13 43 1
113 1 1
73 19 41
82 19 107
97 167 47
131 173 131
41 167 157
59 109 2
151 107 193
193 107 67
29 79 107
149 167 31
9 1 83
11 173 89
137 137 151
137 19 71
173 193 1
197 79 7
65 82 1
23 89 131
11 109 1
191 101 19
197 47 5
157 97 5
31 47 31
197 131 47
29 43 79
191 31 71
97 199 1
89 43 149
179 167 163
199 41 19
67 151 101
101 83 149
149 69 151
157 53 107
43 71 1
137 101 137
39 101 181
23 107 181
103 29 73
179 71 181
61 59 181
197 179 19
151 43 197
167 111 167
29 158 167
193 23 193
137 197 7
89 59 173
107 31 149
19 157 89
47 109 79
197 67 1
11 31 193
103 97 67
103 137 149
17 137 173
181 59 29
23 141 3
3 131 7
109 193 1
23 142 157
139 13 97
23 89 31
101 29 137
3 19 13
179 149 83
97 151 139
53 199 41
43 71 97
19 71 3
109 1 193
31 47 179
109 73 157
13 167 181
179 137 57
13 194 2
181 143 191
49 47 183
43 41 29
197 173 179
31 83 197
17 101 197
131 197 17
37 149 97
199 19 157
137 83 181
67 11 31
1 181 61
11 97 103
47 5 151
199 89 157
163 7 43
1 1 177
101 101 103
1 151 3
199 127 103
43 193 1
71 94 11
197 181 107
137 191 11
137 37 1
167 103 97
43 199 1
65 37 149
1 1 1
193 2 191
1 151 179
197 67 89
59 37 82
127 191 142
61 193 53
173 137 163
103 103 37
103 11 31
43 1 1
71 157 71
127 113 139
137 103 139
71 1 23
149 1 5
1 74 1
137 23 1
137 67 23
41 21 59
3 151 53
149 163 23
71 73 17
61 149 163
3 113 1
13 47 29
89 197 1
199 197 13
3 131 199
95 31 67
67 193 5
197 197 17
2 97 37
79 97 101
61 133 131
29 79 11
109 79 137
173 107 3
101 1 31
43 113 197
53 167 89
43 1 113
113 59 151
131 73 97
199 47 37
127 1 157
191 139 53
109 73 29
1 157 151
13 71 97
157 19 41
181 89 139
1 137 127
1 31 167
97 149 1
113 137 83
53 101 67
11 97 15
1 1 101
73 1 61
47 151 3
103 23 151
1 79 157
17 59 1
137 97 37
7 41 29
53 73 157
181 71 139
107 193 41
6 53 29
43 5 43
123 109 53
173 137 1
31 89 43
1 197 51
1 19 149
97 47 89
89 157 41
1 151 35
70 17 1
101 131 3
1 1 163
97 181 46
53 79 137
71 23 139
43 61 179
199 73 13
46 139 139
13 61 151
199 113 19
197 41 193
167 67 131
107 199 1
181 151 139
191 73 131
3 61 17
67 101 139
137 197 67
3 1 53
163 113 179
157 37 1
179 103 157
67 37 1
5 17 199
89 101 71
53 1 59
149 13 1
65 179 173
151 193 103
181 163 59
1 67 2
193 1 163
139 197 131
67 181 199
191 133 167
53 163 53
37 1 47
157 181 7
31 71 193
127 1 97
173 1 79
79 173 163
137 191 191
197 79 1
29 61 173
61 139 131
131 79 199
73 19 101
79 29 1
1 71 7
181 73 5
13 179 191
67 113 199
167 1 167
191 137 13
1 197 1
179 179 53
109 29 43
197 1 115
5 151 1
173 23 123
127 53 37
107 181 29
173 109 97
191 29 37
83 11 151
181 11 59
101 157 197
197 173 93
103 101 41
23 193 137
1 1 1
197 163 137
89 191 61
167 197 73
1 93 41
38 38 1
197 113 157
2 106 149
109 107 61
167 199 197
29 173 71
13 47 29
61 107 59
199 109 97
199 193 1
139 113 197
167 53 17
191 43 97
13 103 67
79 127 13
43 79 41
61 83 1
113 67 67
19 173 113
83 17 31
61 79 6
149 37 137
131 83 151
157 23 141
143 3 53
47 59 107
137 61 53
5 103 17
103 179 17
181 101 1
7 37 73
97 103 59
23 173 113
139 179 193
41 97 41
163 7 83
101 13 1
3 149 193
103 79 163
131 79 47
17 157 107
151 89 11
19 37 61
127 34 139
67 167 197
107 193 179
139 197 47
101 17 94
61 15 79
71 29 1
73 23 5
7 97 107
1 137 41
67 73 29
1 89 11
61 59 163
31 19 7
157 11 199
1 1 131
1 71 17
1 11 29
17 173 131
1 139 191
31 11 131
107 1 107
29 173 193
181 137 158
97 127 29
146 29 103
101 131 109
61 79 19
37 23 191
59 157 115
1 2 157
107 71 149
19 43 197
61 39 191
2 109 19
113 83 41
127 191 2
107 17 53
131 1 109
41 173 61
139 69 1
3 71 61
3 23 7
1 101 7
17 53 29
1 17 23
41 71 199
37 137 167
43 179 59
109 113 17
1 151 131
23 1 11
173 173 47
53 11 1
1 157 31
107 43 1
73 103 11
149 199 47
179 41 7
109 47 69
79 113 1
43 127 7
193 89 61
1 21 157
39 13 73
163 37 10
67 146 7
89 193 2
1 103 71
113 59 43
41 173 59
173 134 1
157 109 79
37 53 151
199 23 47
199 103 197
1 31 61
113 73 7
193 59 151
47 1 149
89 127 127
59 3 61
173 79 17
173 17 157
83 47 29
151 179 113
193 167 89
67 2 1
173 1 59
13 113 47
167 113 53
131 191 37
109 191 71
173 179 163
137 41 109
53 2 186
103 85 61
139 23 167
1 191 7
23 1 1
47 163 73
191 19 61
113 193 179
1 89 139
131 139 173
71 71 1
37 9 139
73 151 37
167 191 127
67 29 83
97 129 191
181 173 109
197 61 37
1 79 199
13 109 3
129 97 46
89 127 191
173 139 13
191 197 142
127 1 107
1 13 15
109 37 1
167 141 7
163 23 1
97 1 193
93 19 1
193 17 19
61 199 149
61 197 41
131 83 1
149 79 37
13 149 137
193 107 17
173 83 113
59 137 19
5 173 17
2 101 11
83 107 137
197 59 73
173 173 109
107 191 131
101 149 3
181 1 37
127 1 83
139 197 181
97 1 173
5 3 173
197 59 83
14 7 31
73 199 173
163 13 83
179 149 37
79 173 101
103 163 58
199 5 13
1 193 61
17 163 101
73 13 149
83 79 1
97 71 23
127 31 29
67 137 73
23 113 149
137 13 179
23 131 107
129 127 97
53 109 89
41 119 167
191 141 67
73 5 137
55 103 101
199 23 139
11 17 43
122 83 1
149 109 151
2 137 23
197 193 193
173 1 137
197 163 13
31 73 1
197 13 31
139 107 89
191 61 89
53 131 1
139 53 17
193 17 61
43 11 43
131 167 1
23 113 29
1 53 97
43 197 83
181 137 37
1 43 191
7 29 59
53 1 163
179 1 53
2 1 199
97 113 17
13 71 29
61 141 73
59 139 181
61 37 137
113 193 167
107 167 5
179 181 157
139 127 67
1 53 127
2 179 151
43 163 73
1 179 73
41 23 197
61 179 71
13 71 1
131 199 157
3 167 5
31 113 41
97 19 58
2 1 11
1 179 31
151 7 97
7 197 107
97 5 173
97 181 173
86 133 1
5 1 103
37 83 113
26 113 71
139 107 179
193 103 151
107 13 67
101 41 1
67 137 17
163 103 199
163 5 179
79 39 127
97 1 193
89 197 107
103 71 1
1 67 31
197 113 11
127 17 197
181 103 139
157 173 113
151 109 17
127 191 1
89 109 41
137 2 127
1 1 127
59 103 1
2 157 11
149 71 163
53 43 5
151 13 71
103 59 157
103 139 3
181 34 127
197 19 197
179 157 151
11 83 43
61 193 149
103 167 23
167 47 7
65 47 197
83 123 59
2 59 139
101 181 173
11 41 193
109 191 29
149 1 137
167 1 71
149 73 3
17 31 41
157 157 191
157 43 71
1 139 179
199 183 101
73 67 197
73 179 157
73 1 17
79 167 157
61 53 163
197 199 163
43 197 83
199 101 31
79 157 3
141 29 1
179 19 43
7 101 61
73 167 149
199 158 41
29 89 59
67 43 6
37 1 19
142 113 149
163 59 103
19 17 43
53 29 1
41 1 1
157 107 1
7 31 71
33 163 139
13 131 29
23 1 17
1 103 41
41 7 86
79 109 19
127 199 2
97 113 47
191 1 43
71 17 1
131 79 5
5 163 17
23 17 61
107 131 97
1 127 139
53 151 65
167 97 139
197 53 29
37 43 29
179 23 83
109 59 23
173 41 61
23 179 194
191 149 127
17 181 1
61 131 7
127 103 19
1 73 107
131 67 193
67 151 3
11 113 93
109 53 1
79 71 59
197 47 101
3 103 7
167 25 71
73 101 191
197 167 199
1 41 1
197 95 23
67 178 199
181 131 137
53 103 131
59 163 103
47 23 53
11 199 43
2 131 11
7 61 193
151 137 1
179 1 67
179 67 43
163 139 197
83 193 181
31 1 37
157 193 5
11 19 53
13 149 59
67 131 11
139 149 71
31 1 43
43 127 151
181 97 103
137 1 19
59 5 1
149 79 73
57 103 67
199 17 61
179 59 53
29 11 37
59 61 71
59 31 31
19 149 1
151 107 151
193 179 71
29 41 89
11 61 79
59 157 11
7 149 121
173 19 7
179 47 193
179 173 79
167 61 47
107 149 47
7 149 59
1 13 107
157 61 1
1 167 131
97 179 23
2 141 31
79 86 83
31 59 13
197 59 43
53 55 101
46 107 163
7 19 83
139 1 73
89 67 31
67 17 145
142 67 73
127 79 101
131 7 1
109 31 1
97 1 79
167 131 131
134 89 71
191 1 191
163 199 163
97 191 59
53 71 191
79 33 109
29 191 149
107 127 79
149 1 127
17 181 73
17 1 3
1 69 89
1 131 197
53 107 53
137 61 71
109 89 139
97 1 193
151 89 31
59 89 109
97 47 127
37 191 67
163 107 179
19 127 181
199 190 89
79 83 131
197 161 197
5 157 137
179 1 73
103 199 157
131 38 107
1 101 141
113 23 101
107 3 9
73 127 199
37 41 151
73 31 79
193 71 103
1 199 1
97 163 191
107 113 47
19 3 17
197 97 113
157 131 3
163 113 1
167 157 97
191 1 2
127 185 127
31 97 127
41 101 19
43 97 31
179 1 179
157 59 157
151 139 89
167 53 53
127 71 197
1 37 3
2 149 11
191 7 59
53 101 43
197 11 59
113 197 13
53 2 3
41 41 71
19 17 151
1 2 79
71 19 199
179 53 199
31 113 3
19 113 142
37 53 3
17 103 3
173 29 47
173 1 5
89 73 19
131 11 41
113 1 58
137 199 19
157 11 1
43 53 173
71 151 29
197 199 17
101 13 173
7 83 1
179 37 1
179 41 95
103 1 197
113 178 23
19 59 107
183 163 107
43 47 29
73 7 131
103 53 151
137 3 73
139 86 11
83 61 23
179 109 127
47 37 127
83 1 199
139 61 107
17 113 107
123 17 41
29 43 23
127 79 67
191 43 1
31 157 163
31 107 197
197 1 23
43 151 83
23 23 37
199 59 13
71 137 181
79 1 127
41 163 191
137 191 47
131 37 79
85 151 113
41 19 193
13 37 163
47 179 7
43 37 179
157 193 13
101 199 101
19 2 37
131 179 79
1 179 41
109 13 11
127 47 107
197 53 173
1 59 59
179 17 127
1 11 83
101 151 193
1 7 151
9 197 79
43 122 149
1 151 29
167 163 149
178 89 89
97 79 151
157 103 97
61 113 79
73 71 191
2 31 181
137 57 109
1 167 11
47 1 131
127 82 61
1 97 5
41 109 101
115 199 1
19 53 173
131 107 73
191 1 61
83 37 59
2 101 139
7 83 181
181 1 41
131 43 149
173 61 1
71 29 13
23 67 101
3 83 73
41 51 107
3 7 7
173 61 1
149 31 139
173 101 38
1 17 79
67 7 71
3 181 149
7 1 191
43 197 151
61 73 163
79 2 151
37 67 71
199 59 103
67 39 19
199 2 61
167 137 67
61 173 173
43 137 197
107 31 73
109 19 23
61 71 193
163 179 38
71 179 71
1 37 5
35 1 193
109 109 29
83 17 193
83 11 5
167 179 127
173 59 2
163 79 107
1 149 13
11 3 23
157 199 47
61 1 113
103 31 1
191 7 113
23 149 73
31 3 79
47 199 127
191 1 131
41 167 101
61 1 17
1 89 107
83 19 103
73 101 89
97 151 67
1 183 23
5 113 151
34 103 37
163 145 127
1 71 109
137 7 109
47 157 149
77 3 53
29 139 163
163 1 61
89 11 134
73 165 5
149 11 107
199 163 113
113 1 137
1 5 59
197 151 61
109 61 1
193 43 1
191 179 167
23 17 131
149 103 149
2 5 103
2 197 23
103 97 79
179 37 179
131 67 109
167 179 79
89 101 83
37 67 23
1 59 77
193 103 179
191 79 71
163 29 17
149 137 47
29 5 127
61 1 167
5 151 193
101 23 13
197 23 47
1 103 2
19 31 59
37 13 107
166 101 41
131 73 59
41 123 83
163 113 149
43 71 67
79 191 1
67 47 79
1 149 31
118 67 47
131 47 11
37 1 67
197 111 71
151 103 97
109 1 103
29 103 1
31 181 11
193 47 157
2 31 89
47 61 37
31 47 73
193 79 181
131 107 109
13 53 89
41 19 103
149 157 37
43 67 19
181 197 53
5 149 67
107 47 23
146 43 197
197 7 109
151 47 107
19 109 191
59 173 181
137 157 23
101 67 107
1 53 26
23 11 29
83 11 94
67 41 97
131 139 1
1 159 173
11 89 5
109 151 83
1 163 33
193 1 29
89 179 127
151 1 79
59 113 29
9 79 43
164 67 89
173 5 73
34 37 61
181 122 151
1 109 89
43 5 1
163 1 139
107 2 167
41 71 137
29 137 79
53 103 89
83 41 167
199 67 23
5 151 137
71 149 191
59 37 13
139 7 53
17 191 149
1 83 7
103 179 101
163 107 89
83 131 157
1 2 109
107 167 19
67 179 13
61 73 113
53 151 1
191 151 79
131 199 131
163 67 199
151 1 197
97 11 169
187 37 43
109 151 157
59 61 5
37 157 83
37 1 61
109 163 83
11 113 193
79 167 97
1 193 71
2 199 13
109 73 163
197 129 197
89 107 173
79 47 3
41 37 11
137 127 67
29 179 139
149 115 89
5 73 167
31 178 191
127 139 157
29 73 103
127 1 197
19 163 19
193 73 142
85 101 97
193 5 131
41 10 67
59 131 43
97 41 71
1 1 197
151 127 31
193 103 179
13 5 139
59 73 13
193 101 179
5 31 167
7 173 109
157 199 151
79 113 97
5 173 151
53 193 193
7 191 13
127 167 137
23 79 151
37 31 43
41 31 181
61 97 151
149 83 113
83 73 1
113 7 97
29 3 157
47 101 29
7 197 1
41 101 31
11 61 151
67 131 173
163 23 1
1 197 61
53 71 149
131 179 37
13 13 19
139 59 167
53 89 107
5 67 139
53 43 11
89 157 31
25 67 17
197 11 139
77 67 3
71 59 71
163 1 41
97 131 95
1 61 179
103 2 61
47 101 199
1 107 163
71 11 53
1 7 109
1 3 79
113 97 5
163 167 157
139 151 131
5 137 73
19 37 101
89 173 17
47 73 13
2 199 149
101 167 47
82 1 167
11 83 29
41 41 83
79 127 17
179 13 167
139 163 83
199 83 149
89 1 31
151 107 29
101 89 137
1 109 47
97 5 7
1 37 5
1 67 23
139 131 1
53 179 17
6 197 1
199 41 19
29 43 1
191 187 13
173 5 137
181 53 149
167 41 109
1 101 137
157 139 137
137 137 139
61 1 107
41 191 179
1 146 53
139 137 83
67 23 181
131 107 19
193 29 163
43 113 191
191 101 41
19 199 79
37 1 137
83 83 127
61 123 2
113 59 31
163 1 14
137 97 43
7 199 1
83 71 197
5 3 183
5 167 127
151 86 163
57 37 137
107 71 79
61 193 179
5 17 1
41 83 1
3 191 89
79 131 37
89 17 129
57 47 33
61 79 127
181 53 149
13 39 3
1 23 3
71 43 41
197 29 149
1 17 67
67 141 1
71 193 101
151 61 151
47 109 73
6 76 67
31 139 5
109 131 29
2 173 151
155 46 41
29 1 13
17 13 11
113 5 137
79 1 163
167 167 193
23 139 31
181 193 131
163 1 157
167 67 1
1 191 97
181 163 131
191 3 7
31 109 157
167 93 3
173 1 159
31 181 127
71 151 11
13 11 149
107 31 179
103 61 167
193 29 1
47 59 173
1 5 157
163 1 193
97 97 29
79 149 131
199 23 71
11 193 131
137 181 15
197 59 31
167 37 17
7 71 73
97 181 61
113 167 181
61 181 107
101 13 71
157 7 197
199 113 43
103 151 3
5 31 59
13 89 1
29 7 149
5 151 83
61 1 101
7 47 191
127 19 79
1 7 127
61 73 173
3 166 197
13 173 131
13 2 109
97 103 23
73 1 13
181 47 13
101 149 37
89 53 53
163 59 17
53 151 83
149 109 173
13 29 23
97 23 131
127 193 19
71 199 133
113 157 197
157 83 53
167 79 199
11 5 11
43 179 179
53 29 199
199 73 199
173 97 137
113 173 47
83 51 19
183 101 31
11 43 163
1 5 109
2 179 61
2 103 1
1 35 61
23 193 19
1 19 137
11 199 41
149 101 79
113 193 89
101 23 179
199 163 59
191 149 137
1 1 73
41 79 173
101 59 19
79 101 119
37 199 181
141 7 1
3 79 17
101 19 131
101 59 179
79 53 137
163 131 17
67 103 19
151 103 89
1 163 71
1 139 43
109 107 41
181 1 127
2 151 103
121 97 163
97 1 193
11 11 137
67 37 83
13 127 29
173 59 149
73 61 67
1 73 59
59 101 107
7 127 43
11 53 73
137 1 17
47 181 103
191 191 79
197 11 197
173 181 97
83 67 67
1 31 193
199 73 101
2 1 157
97 47 61
167 79 17
67 1 89
41 43 23
1 163 113
71 199 151
17 197 1
29 7 199
163 127 157
59 139 149
43 31 149
7 73 107
179 43 167
109 17 29
61 194 173
5 41 71
157 11 17
103 94 73
131 83 29
5 173 13
199 19 29
113 1 199
71 13 131
1 1 41
1 131 79
194 167 59
163 37 137
83 31 89
191 17 193
181 1 29
151 31 1
109 2 31
163 19 73
17 163 5
11 71 87
173 103 97
19 41 79
53 157 167
167 1 167
73 173 193
43 149 13
193 71 2
31 109 167
53 13 137
197 1 5
173 73 83
19 149 103
109 7 2
146 13 163
1 101 1
107 83 73
1 41 67
67 37 71
173 1 1
71 199 191
59 41 197
11 1 67
181 101 29
59 59 73
187 31 137
1 3 109
47 61 73
139 197 151
1 7 37
23 149 79
79 83 149
193 199 37
47 3 193
41 43 85
142 86 137
131 43 191
85 127 59
83 13 113
53 3 7
137 157 89
151 197 173
17 53 103
17 173 1
1 137 43
1 47 7
43 131 3
7 83 109
61 131 137
149 57 193
73 89 89
37 19 199
1 67 23
31 47 193
179 11 34
23 139 103
157 13 103
29 74 131
47 103 109
79 151 3
6 181 1
197 127 109
159 191 1
173 11 3
47 3 37
59 67 127
61 113 89
73 71 23
113 187 178
31 59 73
89 1 7
191 139 83
137 139 163
47 19 59
3 29 19
179 2 147
179 11 11
1 29 29
71 29 109
13 17 41
37 41 37
59 1 167
29 19 1
199 137 55
11 7 113
109 89 191
89 53 67
151 191 13
149 191 1
113 151 41
71 59 47
111 181 29
173 19 1
167 29 89
185 73 89
89 115 113
73 13 53
157 17 101
197 3 179
71 163 139
167 103 107
149 83 37
131 101 167
17 41 127
179 103 41
29 53 113
193 37 41
149 31 149
11 79 103
73 79 5
31 151 109
47 79 11
47 7 71
43 115 127
19 17 191
79 23 11
1 137 62
157 7 5
79 11 67
193 13 29
23 101 191
11 5 43
3 29 1
11 71 127
151 11 173
89 17 21
157 163 127
13 22 19
73 3 167
13 129 101
199 1 71
83 79 113
1 97 101
61 163 137
37 41 131
151 197 41
181 101 127
173 73 181
157 61 7
1 1 131
139 101 113
173 53 107
1 157 107
139 167 23
83 134 131
1 127 37
103 113 59
31 67 109
157 73 41
173 163 71
7 29 1
1 53 77
199 107 199
37 23 137
17 151 191
103 23 11
22 67 23
67 131 1
19 3 1
71 25 131
173 83 79
83 157 199
1 167 79
31 1 19
109 167 23
89 13 197
61 1 159
173 53 59
173 53 197
131 5 151
1 127 67
83 1 17
59 181 1
122 101 167
19 197 131
61 181 1
11 71 59
83 1 1
1 109 83
107 5 17
107 19 139
131 97 151
23 107 137
131 13 109
59 137 89
1 181 61
37 151 71
43 109 53
5 67 139
23 59 83
47 59 137
73 131 151
53 137 71
179 199 167
137 67 141
89 157 47
149 47 173
151 1 139
139 199 199
19 7 193
47 7 5
118 1 167
53 1 167
17 103 157
5 53 3
107 173 1
197 11 11
167 41 1
43 97 67
73 107 89
59 137 59
67 137 199
199 113 167
97 59 1
23 11 173
43 1 157
1 59 71
193 149 115
31 151 3
197 7 113
127 29 73
73 11 61
137 73 179
173 23 191
137 37 191
139 173 79
1 47 51
23 109 67
173 71 161
199 11 113
113 157 35
5 37 167
1 101 41
19 1 157
95 1 167
139 139 2
79 61 191
37 61 59
19 137 23
77 199 13
73 59 13
29 31 29
1 41 53
122 29 23
89 149 23
61 131 1
149 23 1
139 59 7
199 181 71
157 107 137
193 17 23
1 137 103
109 13 61
137 167 185
41 11 199
139 11 167
2 193 131
113 21 157
43 1 17
167 151 157
109 97 163
179 41 1
173 59 103
13 127 157
19 67 31
157 11 53
193 1 113
199 3 191
3 139 97
11 181 13
103 157 167
127 53 163
23 167 31
157 19 23
67 1 101
103 47 11
127 23 17
149 29 71
131 151 13
197 19 137
199 83 33
103 1 163
167 1 1
1 151 197
131 131 83
61 97 47
149 29 43
157 107 89
149 83 13
59 107 113
109 97 197
23 157 2
2 23 43
181 197 83
167 181 107
19 191 71
97 73 181
151 41 5
31 101 41
1 181 173
157 73 139
137 43 109
53 46 59
173 31 197
59 47 191
1 157 73
41 37 23
181 29 71
38 149 173
191 1 97
1 37 47
181 19 13
1 3 191
17 149 101
151 127 173
59 127 1
97 167 173
13 131 101
47 5 1
149 41 137
7 139 103
7 1 1
113 71 163
74 1 83
191 191 103
7 17 157
19 11 199
157 47 173
79 1 87
41 1 6
26 41 33
101 17 37
167 31 67
181 47 61
113 53 197
109 163 37
157 93 191
67 37 149
11 197 41
1 139 3
161 113 17
197 195 1
1 73 5
53 1 62
131 151 43
47 61 17
15 19 129
7 1 13
199 53 1
37 11 13
5 1 137
59 131 41
101 67 1
89 139 103
7 71 1
127 1 179
181 167 67
73 179 137
79 181 73
67 107 23
5 19 41
163 83 1
11 23 43
23 29 29
47 79 131
173 193 2
2 19 31
7 29 37
89 149 23
179 139 131
3 127 149
1 28 173
127 37 41
53 1 1
34 2 89
97 71 3
61 157 17
139 11 67
139 191 103
3 47 2
173 53 37
43 19 17
197 1 157
127 29 149
29 167 151
1 163 157
139 179 83
151 109 127
113 59 53
13 13 163
79 127 193
127 31 103
1 1 61
7 127 151
5 61 19
199 59 113
67 103 3
179 1 1
107 71 41
79 111 5
47 173 83
197 67 127
83 1 79
173 67 67
34 137 193
37 53 61
199 1 103
73 1 1
71 199 1
11 97 139
89 101 53
137 133 199
113 7 103
1 89 19
193 37 23
131 83 11
163 179 109
1 197 67
93 107 67
1 43 29
59 11 29
19 67 11
73 101 97
83 23 71
191 149 5
73 146 47
197 127 139
191 43 199
23 5 167
137 41 181
61 101 103
97 137 31
181 7 139
71 149 191
101 139 101
97 163 185
85 79 59
83 1 127
101 191 179
71 83 61
37 1 79
73 199 97
149 17 43
89 1 61
199 97 179
181 179 71
67 47 7
173 157 101
1 5 163
199 179 109
167 73 127
197 67 191
53 1 149
199 181 65
29 193 5
79 179 1
95 151 113
19 113 131
79 131 173
89 17 29
173 89 1
149 151 7
163 191 1
59 43 43
67 107 179
141 87 19
62 13 67
199 2 13
197 7 1
113 1 19
1 47 17
1 61 113
103 29 97
58 65 19
79 19 1
1 53 173
157 113 151
71 1 23
17 1 101
163 197 19
179 67 101
163 163 69
73 17 47
13 71 73
13 74 127
137 41 149
107 11 157
79 41 131
113 47 151
31 191 181
89 109 89
131 111 11
19 137 43
37 181 53
146 67 71
89 2 1
118 61 139
41 1 137
19 101 103
59 113 1
181 151 127
197 1 17
43 43 1
193 41 53
53 7 157
89 127 13
101 139 73
131 139 97
41 59 167
109 1 1
131 173 107
97 191 89
1 129 103
157 1 199
181 17 67
167 157 41
39 1 191
3 103 109
13 103 173
19 17 107
127 1 193
13 103 163
137 31 29
83 13 129
1 53 115
47 83 59
131 167 17
83 127 79
137 59 89
29 197 197
1 59 163
37 17 139
53 181 179
41 167 7
57 67 109
29 53 157
197 89 173
199 157 191
17 197 109
53 173 13
23 199 67
157 127 14
41 53 197
101 11 1
59 107 149
73 1 97
67 113 29
101 173 43
1 109 127
191 37 197
199 157 31
173 1 31
73 53 29
157 53 163
1 191 3
59 179 107
157 67 103
23 131 107
31 1 41
157 127 71
107 7 149
109 79 29
131 179 43
139 1 53
5 37 19
139 89 199
91 107 43
103 19 59
109 149 191
31 2 1
197 157 113
19 55 97
149 131 191
83 11 191
151 163 23
191 131 149
181 31 59
167 199 151
47 41 127
109 37 97
181 1 29
19 101 197
103 151 193
107 173 79
107 5 89
137 113 113
113 79 3
17 43 131
167 13 103
82 41 1
1 129 79
89 103 103
107 127 127
103 71 167
101 89 137
5 137 53
127 61 109
37 3 47
1 167 167
197 137 53
67 157 71
23 34 97
83 11 19
101 71 181
17 1 1
37 43 193
149 43 5
67 43 41
23 163 151
139 139 41
41 53 17
183 59 29
61 41 127
89 89 193
199 71 163
181 113 41
101 37 1
179 37 131
41 107 1
1 179 163
97 1 31
71 157 107
139 43 149
47 139 109
61 53 43
67 73 149
83 95 71
115 29 7
173 1 97
167 67 47
109 3 17
107 115 2
73 79 33
31 79 179
31 41 11
41 5 13
1 53 47
167 11 89
139 41 47
163 7 173
53 23 151
173 53 47
19 199 151
107 1 41
127 193 131
41 137 1
115 191 13
151 193 191
71 2 59
43 13 199
109 79 29
47 29 73
67 31 7
131 71 157
79 197 67
1 103 53
67 83 19
178 83 151
79 41 1
145 89 179
29 127 83
167 13 29
41 1 53
167 137 97
7 73 193
127 13 79
71 71 11
197 67 53
31 59 107
97 179 71
139 1 101
53 3 113
157 197 43
173 83 19
7 46 193
53 107 167
113 103 61
163 7 107
131 43 1
109 17 37
163 173 107
181 199 109
19 163 101
131 127 61
73 193 163
163 2 1
41 199 67
37 61 103
101 43 151
151 151 107
3 23 1
43 37 79
7 103 95
167 139 97
1 11 167
3 1 179
29 61 2
137 43 151
131 139 89
191 137 173
179 109 13
47 109 37
17 1 179
139 79 137
193 109 77
67 53 101
53 7 181
53 83 47
79 53 1
19 17 73
1 83 127
163 29 137
31 61 35
139 131 139
193 37 95
127 149 107
11 1 59
31 73 155
139 179 43
167 137 71
131 23 193
13 139 3
1 193 11
97 31 11
19 2 163
86 131 83
71 103 193
10 5 101
191 127 157
131 13 163
113 83 167
61 103 151
1 53 181
97 163 67
5 191 109
29 131 23
173 31 13
79 79 97
103 107 67
19 33 37
13 137 181
46 73 89
41 107 47
1 19 113
1 2 71
19 193 31
181 163 41
67 107 179
101 11 197
107 149 163
1 163 19
67 59 1
13 109 181
29 53 193
41 157 67
151 157 53
1 103 109
139 167 199
23 71 53
71 137 7
137 31 29
173 67 173
1 83 79
37 43 17
29 43 29
61 71 47
101 67 197
163 193 1
3 89 139
107 157 167
37 197 103
19 163 1
109 7 47
83 23 7
157 97 199
159 61 167
41 127 89
31 1 197
111 109 79
149 67 161
17 167 29
23 131 111
107 179 103
103 83 151
13 7 193
97 41 1
37 149 163
149 173 47
31 199 1
23 7 101
127 89 19
181 73 137
1 191 107
5 199 53
113 31 109
47 173 113
61 139 131
191 97 113
103 7 139
97 151 59
101 115 37
193 157 173
149 37 23
89 61 137
29 53 151
89 191 103
199 197 149
13 149 37
29 61 163
41 97 157
89 5 157
151 199 7
103 3 193
47 71 94
107 179 31
199 137 7
199 31 197
101 29 179
53 97 89
151 51 31
109 179 57
1 149 59
127 69 109
3 103 131
1 181 127
79 19 97
1 131 83
29 47 1
149 29 137
53 83 167
103 149 83
47 31 179
191 179 127
181 17 97
37 109 17
157 197 67
31 107 1
1 103 181
31 35 101
17 1 83
17 137 131
137 133 19
131 103 67
53 137 101
157 166 73
7 19 61
197 101 71
57 109 59
163 89 167
109 61 197
87 139 31
131 11 79
79 179 157
77 17 127
2 103 199
179 107 139
17 199 59
181 37 89
167 19 1
7 31 37
97 101 179
41 173 67
1 7 2
89 1 79
173 157 13
173 181 31
131 179 131
1 197 1
163 89 131
113 43 131
59 11 41
107 61 131
29 191 71
103 71 79
85 97 163
1 41 67
199 31 41
163 5 181
29 23 191
29 30 101
173 89 101
47 3 22
1 29 199
31 41 89
79 181 151
199 1 1
163 43 83
7 22 137
61 193 181
39 59 113
137 59 19
149 79 179
191 43 31
53 103 151
109 103 149
71 163 1
149 149 103
19 113 37
71 19 193
163 1 29
17 191 137
199 67 39
151 1 13
3 85 29
7 11 137
1 145 59
109 61 31
83 101 151
45 1 199
83 149 163
149 37 181
5 137 19
41 103 89
5 43 31
59 151 173
17 41 103
13 79 11
197 53 167
73 131 139
179 127 59
29 29 67
17 139 113
43 83 113
1 107 127
149 122 1
197 197 11
1 17 163
37 167 31
103 139 191
1 41 179
47 89 107
97 199 31
53 67 13
47 19 137
179 97 179
7 3 67
61 127 41
1 127 59
109 2 1
173 193 1
131 47 73
181 181 199
11 7 1
149 37 19
31 83 179
3 167 131
137 127 103
7 197 1
179 151 5
113 157 109
163 31 29
173 83 1
73 11 163
167 29 181
83 139 41
1 5 1
173 163 43
19 67 11
131 127 137
41 73 1
149 127 131
5 1 31
101 173 73
59 163 73
71 41 127
31 193 197
197 97 71
191 89 149
73 163 151
157 13 199
59 19 73
1 43 137
59 137 37
191 1 89
79 53 97
31 39 137
1 29 47
157 31 71
1 61 113
107 101 37
179 37 14
109 89 71
89 53 15
89 109 199
1 71 29
7 139 83
131 193 199
7 113 3
193 191 41
17 5 47
59 173 61
151 89 109
113 197 3
149 43 109
159 73 159
11 181 131
5 1 47
137 181 1
163 73 137
103 29 19
87 61 13
109 23 29
53 17 137
31 15 3
83 177 97
127 1 73
197 61 37
193 179 167
1 109 31
197 83 181
149 97 61
59 181 73
191 163 137
1 19 19
19 181 73
61 163 1
3 191 61
79 149 107
151 61 97
19 1 83
17 157 3
53 149 71
71 39 113
131 191 29
59 53 23
197 149 47
139 173 157
1 163 1
181 97 97
137 2 71
167 47 191
11 11 107
127 47 131
197 163 127
1 31 109
41 191 193
79 131 179
157 127 149
71 199 23
47 139 43
31 43 131
113 199 131
197 179 53
73 31 47
71 157 47
137 47 61
139 127 53
5 127 149
127 127 29
1 173 13
47 71 31
103 79 2
73 89 17
127 47 47
107 199 53
23 173 53
127 177 197
197 137 179
199 65 61
149 163 41
149 197 131
71 23 11
167 5 109
17 1 2
71 103 199
1 25 101
97 3 167
1 89 2
79 181 17
41 179 67
181 19 71
191 5 83
37 151 47
127 59 31
181 5 1
149 97 191
111 1 73
89 23 19
103 131 29
1 173 53
3 191 131
127 199 179
131 71 193
163 113 29
142 131 199
113 19 3
181 113 7
1 41 179
7 13 139
71 109 113
197 5 47
29 67 97
61 23 109
19 3 1
131 1 103
163 113 123
173 106 151
142 137 179
83 31 67
167 83 139
1 47 11
179 67 10
131 131 67
47 71 115
113 137 59
191 2 1
178 1 127
137 197 1
46 109 157
1 197 101
1 29 149
73 1 173
199 181 178
1 151 37
13 1 127
151 41 74
163 47 83
139 31 101
193 1 101
181 5 137
67 41 197
23 101 61
23 11 193
17 58 61
179 101 131
59 2 7
83 127 13
113 59 17
107 43 31
67 71 151
127 155 3
71 191 67
79 71 179
113 157 197
43 113 197
11 17 37
31 157 107
151 3 101
173 107 73
1 7 59
5 29 61
137 13 53
197 11 7
1 97 193
47 155 139
53 1 5
17 86 11
73 107 131
53 1 179
13 129 1
41 97 109
67 157 41
149 97 157
29 7 89
79 97 163
193 122 178
101 31 107
5 43 98
101 197 79
4 7 47
167 163 67
59 1 53
2 149 5
157 11 179
139 43 87
19 109 173
191 17 11
59 149 29
113 127 79
151 1 67
149 73 131
37 161 1
93 113 67
29 1 103
97 59 113
79 17 1
5 1 199
127 13 73
113 1 103
87 97 139
157 7 101
97 151 1
73 17 53
23 103 67
97 167 67
127 89 1
13 197 13
1 103 131
131 1 41
19 163 109
13 17 131
17 43 43
13 71 101
19 41 17
127 137 7
149 1 101
139 53 17
43 47 7
103 139 101
19 53 191
3 157 53
11 181 139
109 83 173
179 7 137
79 13 127
79 67 31
31 139 79
127 122 191
113 37 197
163 5 199
5 179 17
1 1 109
181 191 103
43 71 181
47 127 11
139 143 1
13 37 59
181 137 1
101 161 1
191 7 181
157 29 13
163 139 1
127 31 179
17 61 127
31 151 41
137 137 73
1 197 173
149 163 149
79 31 37
11 43 59
61 47 163
7 47 1
181 197 151
137 173 199
1 73 83
191 1 1
2 1 127
107 167 199
11 167 7
1 173 61
149 73 53
163 17 17
29 11 193
101 31 191
13 103 101
113 59 83
113 139 59
163 193 139
7 181 2
5 151 89
89 59 139
73 167 23
53 1 73
43 3 151
97 197 83
163 149 23
1 51 43
199 73 127
13 23 173
149 47 37
137 31 17
17 157 157
103 47 163
29 59 1
5 101 7
13 197 73
59 3 51
113 1 41
197 61 107
73 163 74
83 73 29
103 179 131
71 61 197
37 19 89
5 19 149
61 97 141
101 113 109
173 31 29
146 31 131
163 73 157
49 1 17
137 79 149
113 71 74
197 43 2
197 131 37
157 23 41
101 79 11
89 61 79
3 191 2
71 197 101
13 83 59
139 22 103
173 31 199
71 7 199
23 173 173
5 11 61
173 97 89
137 103 61
191 151 181
157 197 193
7 194 61
43 67 107
157 23 101
1 67 1
89 197 43
1 1 167
157 1 127
89 173 113
61 139 37
93 139 83
122 2 3
167 97 1
89 157 79
1 1 97
1 71 83
134 41 197
67 67 41
73 23 1
23 151 131
109 59 197
191 197 29
127 107 89
97 127 47
13 167 163
43 7 61
1 23 47
5 97 3
109 167 1
53 107 47
107 47 127
61 17 149
199 83 41
13 163 191
113 97 11
1 67 93
1 193 179
167 41 37
53 199 113
41 163 19
101 101 37
73 163 157
193 77 167
149 33 3
1 193 127
71 137 26
1 17 13
151 3 199
181 89 23
193 97 21
179 1 19
73 127 79
71 103 131
1 11 151
7 127 1
47 107 107
127 107 119
73 197 181
193 71 149
1 61 47
1 17 3
17 3 97
149 197 5
1 97 29
131 37 1
157 1 157
71 149 191
109 1 199
59 13 167
191 41 139
107 23 89
199 1 2
89 23 193
1 1 73
23 59 191
67 17 103
137 47 61
2 59 101
29 157 31
61 37 131
13 61 43
1 73 17
181 97 11
29 31 163
43 113 107
19 193 7
71 97 19
43 83 137
1 79 161
137 3 59
179 13 109
149 47 193
131 41 83
47 137 53
163 87 19
61 149 41
17 67 163
111 71 137
173 13 17
137 107 19
109 191 19
17 53 157
134 1 149
131 149 73
149 79 197
197 61 127
173 1 79
37 83 23
38 43 1
5 179 191
59 1 73
1 109 89
11 151 127
139 5 173
47 53 2
137 97 113
197 2 71
61 163 157
2 53 149
7 97 69
19 37 107
61 179 7
53 127 109
113 191 173
131 139 167
191 53 7
79 4 19
157 97 73
1 1 53
113 163 193
157 31 29
47 163 59
17 149 41
29 41 41
139 19 107
71 29 89
23 41 61
139 79 1
145 73 107
3 181 89
47 103 89
191 149 151
103 183 127
5 11 79
179 137 19
157 173 59
47 97 179
149 173 83
181 61 19
33 167 14
137 71 89
109 21 151
197 1 97
151 107 23
2 89 13
167 103 61
113 83 3
193 151 149
163 1 23
1 47 139
37 127 67
127 79 107
23 19 163
23 127 71
149 43 61
1 139 193
19 194 199
79 1 37
3 197 17
1 197 79
151 197 173
31 103 53
59 43 67
167 79 19
62 17 137
59 41 5
5 47 51
137 79 139
173 31 199
3 53 2
3 199 59
71 59 61
13 179 67
167 131 83
13 101 137
139 31 139
149 71 101
1 199 59
71 83 5
179 197 1
107 1 193
167 17 41
181 139 1
7 94 2
73 139 5
193 97 199
157 67 67
127 1 151
149 83 5
1 97 79
41 103 109
61 41 83
1 197 71
97 139 197
79 127 53
1 157 173
131 13 59
185 13 149
199 17 31
13 197 11
13 179 193
191 131 1
173 67 83
47 181 131
199 197 109
23 1 141
13 179 69
107 107 101
3 7 173
89 2 49
47 19 61
151 29 127
71 1 41
149 181 23
3 1 23
83 1 5
109 103 57
191 17 67
173 53 5
167 191 2
59 89 163
101 67 1
83 97 163
199 41 2
79 137 181
199 53 71
139 133 137
97 149 19
7 29 61
19 89 37
97 83 47
194 173 43
155 53 23
47 41 29
199 73 2
3 71 163
1 191 1
7 29 71
197 47 177
193 131 13
13 113 193
3 197 67
1 23 139
34 53 197
43 197 131
109 97 17
37 101 163
109 83 131
53 167 167
53 47 181
43 191 109
157 79 157
53 131 191
107 127 173
197 1 113
71 179 59
118 151 19
47 83 5
149 163 102
5 53 2
155 59 13
131 199 47
89 29 173
1 23 157
149 137 113
2 131 193
71 25 79
1 17 163
107 151 137
29 97 179
47 13 43
181 5 139
151 151 29
61 11 89
181 1 43
1 41 161
97 149 107
37 151 29
13 151 107
191 41 67
47 31 67
19 1 73
71 89 89
59 193 37
127 47 61
2 59 17
97 37 107
194 11 173
101 107 41
41 181 1
139 31 167
29 43 1
163 131 67
89 149 79
193 179 47
131 166 103
193 3 199
61 101 17
29 31 3
143 71 17
167 34 97
157 193 199
179 127 67
139 97 83
11 175 1
1 149 181
193 173 179
3 193 151
47 197 11
53 149 37
131 167 79
83 1 113
23 1 193
181 157 67
1 67 187
31 1 157
97 61 173
15 7 163
1 13 5
29 89 1
73 181 97
101 131 89
101 29 197
65 131 1
71 1 199
14 157 17
199 71 197
179 71 2
199 127 17
47 191 193
179 103 1
89 7 1
53 83 29
1 197 97
89 199 107
59 13 29
41 53 37
53 19 139
23 197 89
7 41 137
131 11 73
26 149 37
23 157 173
157 169 83
167 89 83
73 89 191
23 61 83
37 137 73
163 10 197
109 67 199
2 173 67
67 199 73
151 113 89
1 101 179
13 1 43
47 107 83
41 1 181
197 61 1
1 179 83
149 101 137
151 1 89
191 22 163
103 3 167
31 89 139
107 83 37
179 193 149
1 3 89
23 173 197
151 53 127
1 181 53
199 29 137
1 13 17
13 1 19
191 127 167
43 131 151
83 13 23
23 71 41
31 167 11
79 23 181
53 9 67
73 53 139
3 17 193
97 101 79
1 131 163
149 29 151
43 79 23
61 1 107
163 197 59
181 197 163
51 53 173
83 23 173
149 71 122
3 127 199
1 1 1
199 163 181
73 103 167
1 41 199
97 73 181
185 185 17
163 61 199
47 37 83
169 61 74
179 5 149
1 37 19
25 67 29
37 47 1
173 131 103
107 97 5
1 113 103
61 83 174
113 193 97
1 191 107
47 97 137
1 193 137
97 33 191
167 71 21
41 185 19
179 1 83
151 167 149
43 173 59
61 193 11
131 3 127
97 89 17
31 11 181
137 137 47
61 71 43
191 59 181
1 97 197
197 179 2
142 181 101
89 131 67
43 2 113
2 103 74
73 191 83
43 107 17
169 7 2
19 89 101
139 173 133
3 151 11
3 97 179
53 73 173
139 73 89
11 5 83
167 71 109
167 7 37
109 59 53
73 37 151
19 191 17
79 167 1
46 67 5
61 13 29
37 173 41
131 13 89
23 11 59
19 151 139
1 89 197
113 41 181
1 41 31
194 59 113
101 43 29
1 127 107
37 197 139
61 1 65
1 17 2
151 113 23
173 127 179
71 1 67
163 113 101
17 107 151
167 199 23
53 41 191
191 127 1
41 29 89
137 1 1
139 53 113
139 47 53
149 193 1
53 167 3
193 103 1
35 163 149
1 3 163
37 3 179
1 89 107
43 73 31
137 197 11
109 1 167
101 79 7
53 1 163
149 1 83
2 173 71
107 61 89
59 127 179
139 127 181
157 137 1
13 5 173
37 23 163
5 173 11
173 127 137
101 41 53
11 61 137
71 71 71
179 7 113
13 67 23
83 131 11
197 107 79
199 107 59
122 103 73
67 187 41
41 113 103
103 193 19
13 3 79
1 137 1
71 86 7
31 127 67
31 191 167
127 73 29
23 181 83
107 43 123
79 2 89
2 109 163
193 15 149
137 149 61
71 43 139
7 149 37
103 1 5
59 101 109
137 19 107
179 139 1
197 137 37
181 173 179
47 71 89
106 139 19
79 127 65
83 89 29
13 41 13
137 109 179
71 179 53
73 7 167
173 127 61
2 79 31
2 19 59
3 29 151
53 11 29
127 37 179
13 35 131
3 191 167
89 193 79
151 127 43
13 89 79
97 127 109
3 163 73
107 53 2
83 37 101
191 83 71
37 137 89
194 83 197
151 7 21
1 179 101
179 79 41
107 163 137
59 71 167
113 2 7
7 31 157
113 23 157
23 61 53
97 47 2
131 23 73
19 5 19
19 109 139
61 89 1
139 131 167
101 107 53
131 93 131
41 17 107
127 179 73
151 5 179
1 7 1
5 109 131
39 191 73
29 139 71
157 107 53
157 23 7
149 157 191
131 47 59
157 151 131
97 109 19
31 127 1
19 157 7
197 2 73
1 17 109
163 1 107
101 7 103
19 103 29
7 89 159
149 51 179
157 119 53
197 23 173
43 17 11
41 79 101
3 83 29
1 181 53
47 167 109
97 89 31
89 89 173
47 67 199
179 157 61
151 47 127
101 82 167
11 167 41
43 59 193
11 83 109
43 1 181
73 43 139
97 2 41
199 83 1
83 101 7
19 137 197
163 67 11
107 71 137
89 41 197
41 67 31
1 83 157
127 13 137
97 163 1
149 103 89
73 15 181
181 109 11
137 41 53
17 139 191
1 89 79
179 31 53
41 23 173
101 59 1
191 103 53
151 131 115
73 53 61
89 173 137
33 79 71
1 191 41
131 19 11
137 1 59
131 59 83
29 113 37
1 103 167
113 197 83
106 2 59
43 89 1
13 103 197
127 11 193
29 13 161
59 157 178
13 73 173
1 3 137
29 197 1
103 137 67
161 73 29
179 67 79
43 29 83
113 106 23
139 151 199
43 149 47
103 137 197
5 83 151
1 113 19
1 191 31
149 1 71
177 127 149
137 197 47
31 1 5
6 19 109
29 101 5
83 101 167
197 179 97
31 43 181
5 139 73
37 37 127
59 131 21
11 71 61
61 41 149
41 61 1
13 109 43
191 1 145
191 31 53
3 173 137
67 67 19
47 127 2
97 1 103
127 137 193
107 199 37
122 1 13
149 109 71
89 179 73
149 151 23
149 121 19
7 163 23
199 197 131
79 39 37
109 41 47
79 101 3
41 29 43
73 97 17
167 163 37
51 79 167
41 7 29
173 151 113
149 173 47
113 118 107
13 193 97
82 97 193
109 1 167
127 1 53
37 41 101
1 19 101
151 71 191
179 1 10
53 79 1
53 1 167
163 97 41
23 107 17
1 199 179
193 181 191
29 137 79
191 1 109
69 107 197
23 1 31
167 1 193
7 183 107
109 1 13
19 137 179
107 179 101
139 149 2
59 23 61
137 41 181
1 79 61
127 103 113
19 71 103
47 139 1
71 2 179
109 31 53
19 47 167
51 193 37
79 113 157
103 113 137
31 19 157
5 23 43
151 71 17
47 149 191
197 139 6
173 179 19
197 149 1
93 89 83
3 17 197
97 149 89
134 29 167
101 47 73
41 137 83
3 41 79
131 71 59
43 123 59
109 107 87
183 109 127
61 1 139
191 193 11
83 53 19
13 107 17
139 83 167
103 107 73
89 167 151
41 131 1
137 173 59
59 59 5
191 23 103
127 61 151
113 1 197
7 107 41
1 107 2
107 163 83
106 127 29
3 141 1
43 145 97
1 23 149
107 163 131
191 3 1
107 67 83
157 23 109
1 197 127
163 167 14
1 83 113
89 101 61
71 157 31
131 59 101
113 157 113
137 61 67
149 137 114
19 149 197
31 191 7
151 13 103
37 103 47
13 23 3
61 67 137
31 11 137
1 61 7
71 47 11
31 61 101
109 163 13
47 181 101
3 103 37
53 23 1
122 22 7
59 1 17
131 118 13
79 5 31
19 107 43
43 181 37
179 179 83
139 53 109
19 73 13
7 107 11
37 1 71
61 17 41
149 23 103
1 163 1
131 133 23
79 167 1
41 181 73
1 109 97
83 163 163
127 163 107
97 65 141
103 19 83
31 179 139
167 137 58
113 167 71
41 41 191
7 157 61
109 173 43
43 131 47
2 3 23
179 67 17
173 23 1
127 5 53
149 1 111
31 163 31
197 197 1
71 1 59
1 157 19
79 113 173
127 67 103
113 179 197
111 5 127
157 131 31
59 47 179
71 73 73
131 29 166
157 191 13
131 1 131
134 127 139
29 83 173
193 71 197
157 1 1
107 37 83
41 1 173
5 139 1
5 199 167
19 1 43
193 29 1
71 179 193
149 1 157
97 101 127
181 19 13
31 1 1
83 193 37
157 79 173
29 53 61
53 1 29
67 11 13
41 73 3
157 29 13
3 141 179
131 37 199
179 199 10
149 127 167
107 193 59
139 11 173
127 197 173
11 17 167
1 47 149
1 19 1
59 101 7
109 31 1
1 149 179
43 11 103
89 71 87
1 139 107
139 13 107
79 163 17
53 79 139
73 61 1
61 73 29
89 149 197
31 83 7
1 191 43
2 151 131
1 1 5
151 71 31
41 43 13
7 1 191
131 151 97
41 146 37
197 167 73
83 157 131
83 17 151
7 59 37
89 3 142
1 193 37
31 1 89
73 89 97
67 101 67
61 13 1
79 173 79
61 173 73
137 53 23
137 1 1
103 71 97
17 199 23
29 113 19
163 41 109
71 193 61
167 23 71
127 137 71
79 83 13
197 43 29
137 107 13
191 1 139
41 61 157
109 197 61
109 199 137
31 107 139
37 59 137
163 173 139
67 23 181
181 3 83
101 59 179
7 73 161
197 83 139
89 167 131
73 131 191
101 139 7
43 85 113
59 29 79
1 113 191
89 113 23
19 3 31
191 61 29
181 109 131
111 151 79
167 107 89
131 149 107
61 151 139
181 83 163
13 141 61
29 197 47
43 43 31
13 71 83
1 151 61
1 109 3
149 53 61
109 173 59
139 173 59
74 97 83
97 179 5
89 23 3
134 31 11
131 1 199
113 199 83
53 109 89
19 197 23
3 191 179
17 181 83
139 49 11
157 197 83
67 79 57
19 61 149
13 3 1
173 149 139
13 179 7
137 1 87
47 191 71
163 131 173
37 109 89
61 157 127
89 13 11
103 163 7
185 47 131
157 151 157
101 197 131
89 199 43
1 97 47
53 67 127
89 73 1
71 59 79
1 11 47
29 83 5
109 193 53
193 1 191
137 103 83
53 67 35
31 191 5
109 137 83
67 23 151
83 11 31
137 41 31
107 1 137
61 179 41
1 1 73
1 59 181
113 13 13
89 3 29
167 53 149
121 79 193
79 197 5
89 111 107
53 71 103
151 29 109
79 17 69
47 139 47
191 101 173
109 17 146
199 17 73
139 53 67
107 179 15
13 13 157
19 61 3
1 43 41
109 29 83
149 1 73
71 19 61
13 101 151
61 2 127
109 173 73
79 7 199
199 17 13
89 13 127
79 77 85
199 197 53
199 83 71
137 197 149
5 157 59
13 137 1
149 1 71
67 139 1
107 43 1
143 151 179
1 71 193
11 23 11
97 101 181
97 1 31
53 181 107
73 157 31
137 47 193
103 1 139
7 35 167
167 23 71
79 1 137
1 5 71
187 13 131
67 142 41
13 17 113
53 1 59
137 197 31
71 87 1
187 17 53
109 113 113
43 109 163
47 3 1
179 1 167
23 95 122
113 11 23
23 131 131
2 1 23
131 193 151
193 127 3
43 41 61
131 181 181
127 47 79
179 187 31
71 59 11
1 157 137
151 1 193
23 73 137
149 67 197
7 37 47
23 5 151
19 157 43
73 181 1
67 115 127
19 79 101
53 7 83
131 79 67
7 97 127
149 163 149
6 191 179
7 1 97
163 1 47
199 37 113
1 25 61
59 163 163
139 1 13
43 163 1
97 181 131
1 89 103
167 67 103
1 37 59
73 139 131
181 149 167
167 149 173
31 167 43
67 139 17
87 151 15
89 89 173
173 37 1
59 131 1
71 86 113
137 11 109
97 1 107
43 89 127
194 19 83
113 7 127
107 3 83
131 79 149
1 19 53
131 163 59
167 83 5
61 197 163
113 31 107
71 53 61
43 191 13
107 29 163
53 59 149
113 191 19
119 151 134
79 29 199
151 31 131
181 131 101
37 43 163
19 73 79
67 89 191
71 53 15
151 1 179
197 19 179
1 79 179
53 193 131
134 5 19
137 67 89
131 131 79
109 1 11
193 31 1
47 191 1
5 118 83
37 107 191
59 173 3
163 179 151
7 113 3
37 197 173
89 151 53
149 191 17
83 79 173
179 2 67
103 101 107
43 1 101
31 199 83
1 163 157
47 29 73
181 61 181
97 67 1
46 85 137
199 1 1
69 29 31
53 83 79
191 151 149
197 5 11
43 11 83
73 5 149
157 3 2
1 149 179
149 7 107
1 193 41
23 181 61
107 13 163
193 109 53
67 1 167
1 59 41
127 1 31
97 53 173
137 127 199
149 193 163
7 59 39
145 185 37
181 19 101
143 29 58
109 199 179
86 29 47
149 101 1
71 139 173
151 13 149
127 23 67
97 97 149
43 113 37
179 29 191
7 31 97
17 97 1
97 127 37
139 179 149
3 107 134
187 22 181
1 71 131
163 19 71
157 1 2
1 149 71
73 197 173
31 23 139
163 1 61
157 173 23
37 137 5
29 31 89
89 47 53
83 131 17
173 131 1
1 179 199
2 61 53
107 37 157
101 23 6
19 1 1
53 61 13
137 113 101
101 31 43
1 71 17
157 101 127
2 61 1
139 123 157
71 181 47
31 109 17
131 103 53
139 149 79
137 109 197
127 79 167
13 151 3
73 179 89
193 133 61
29 197 1
131 1 194
71 11 181
1 173 103
13 53 41
43 41 82
157 103 109
139 1 103
173 179 83
41 29 67
179 67 29
67 1 113
173 23 37
197 149 101
73 89 53
23 89 139
107 79 13
139 3 97
139 37 1
43 13 197
11 37 107
67 131 131
43 137 181
19 73 73
41 197 79
43 181 17
17 193 197
151 101 163
23 106 197
107 67 53
151 97 13
167 67 97
109 41 181
137 13 41
11 158 15
13 151 151
37 59 7
127 109 163
17 103 23
1 179 1
191 19 11
103 23 47
47 173 53
157 61 103
163 107 127
151 197 109
79 173 139
1 23 79
13 89 101
127 193 41
191 43 1
131 5 191
1 47 83
1 193 89
167 13 67
1 179 107
17 181 19
23 19 97
59 31 149
89 97 41
107 167 137
19 29 137
11 7 5
7 71 103
23 17 197
109 61 137
181 139 73
29 109 2
109 107 73
1 3 113
173 137 37
97 137 163
2 71 197
197 1 11
1 5 181
67 1 11
53 109 149
1 1 113
83 67 53
139 199 67
193 47 179
193 71 193
127 73 113
23 181 31
193 113 113
109 5 67
19 43 61
4 71 179
23 101 47
151 89 101
7 193 103
181 19 137
139 163 43
5 179 94
131 41 101
37 2 29
163 11 23
113 73 1
173 23 13
173 139 2
1 113 113
1 197 13
23 107 15
137 1 139
1 89 1
107 193 146
67 179 73
13 179 199
131 37 11
1 29 97
31 29 155
43 17 179
41 197 83
41 67 157
173 43 37
181 137 151
73 131 151
37 23 83
46 199 89
167 41 41
107 41 83
157 191 29
109 9 109
1 97 1
151 41 139
127 101 103
149 29 181
113 1 193
109 107 1
101 107 151
113 193 23
193 31 1
1 173 149
47 14 142
103 149 157
97 97 23
73 61 107
83 53 163
41 191 193
53 43 113
131 131 103
53 149 37
1 131 19
23 193 17
151 83 83
43 61 179
31 151 5
77 109 131
109 157 31
157 14 1
131 41 59
71 89 179
197 89 167
113 74 89
19 1 131
43 163 197
83 11 1
151 181 122
83 1 79
163 71 127
1 53 89
73 79 103
73 149 1
173 43 1
73 43 173
41 29 149
131 67 97
131 1 131
29 17 65
61 151 19
11 1 191
197 173 37
173 107 37
17 61 19
79 11 21
83 113 7
199 157 53
127 37 23
151 191 157
157 127 139
191 97 53
137 1 199
157 61 1
163 61 1
11 163 5
47 71 79
5 87 129
199 123 127
19 181 29
73 59 2
5 127 7
31 17 73
141 59 97
109 83 43
1 11 107
3 1 73
19 7 11
127 83 83
61 139 167
113 199 127
127 79 83
2 103 79
7 1 109
191 5 137
3 8 9
5 41 47
61 61 157
11 5 37
167 13 113
101 37 113
179 179 13
53 107 31
17 61 113
97 37 199
107 1 53
163 193 89
47 103 19
151 163 11
89 79 193
103 197 19
71 1 6
71 199 43
47 179 194
3 179 19
47 131 1
61 41 181
101 61 83
73 53 149
127 173 137
61 1 86
83 53 23
71 67 29
83 101 67
59 167 67
127 83 173
59 11 73
19 109 101
53 13 181
199 167 61
37 181 113
7 149 1
47 5 163
83 193 101
199 139 83
127 199 143
157 199 97
167 107 149
109 89 127
137 97 41
103 1 127
149 41 109
83 29 1
127 43 1
131 134 1
163 79 61
61 1 157
113 191 37
61 199 67
67 173 1
5 109 155
61 53 1
73 107 103
97 89 173
59 199 47
127 107 1
11 127 137
1 67 7
109 11 109
158 89 53
41 173 71
131 31 29
61 157 137
194 193 137
1 23 33
127 167 109
43 97 181
71 79 122
181 43 179
29 193 1
89 167 197
94 106 1
179 1 67
103 151 134
167 103 11
139 137 1
19 83 31
97 197 127
149 173 181
199 41 13
151 59 97
41 157 59
1 89 53
71 2 9
185 11 3
173 7 173
11 193 61
146 67 109
29 173 193
71 29 193
1 79 1
3 67 43
43 19 29
41 1 59
97 67 173
139 23 181
199 1 163
199 151 5
1 1 131
47 1 1
89 127 179
199 113 71
199 139 1
197 101 53
19 79 47
1 43 131
183 71 173
127 73 59
131 59 191
59 79 191
11 1 179
17 173 2
3 109 107
173 101 103
37 31 155
43 29 95
53 61 133
181 2 199
127 43 23
79 199 3
61 47 71
191 53 179
83 199 19
179 31 151
31 157 67
37 47 79
47 31 53
43 1 53
53 89 71
173 1 197
149 31 43
11 41 101
1 127 101
53 157 107
193 179 7
11 7 179
199 71 131
13 191 167
1 1 31
39 41 157
179 193 1
109 193 137
163 103 1
31 17 83
101 137 41
107 59 151
79 157 101
67 7 5
121 181 139
193 79 73
19 53 179
31 37 11
71 83 149
71 23 7
1 131 179
137 181 107
73 101 43
41 193 41
179 71 149
167 37 83
83 193 47
193 149 113
31 1 59
1 37 37
193 71 43
34 41 7
79 37 101
109 167 29
157 109 199
43 1 89
179 5 139
157 113 13
1 29 59
73 2 113
151 23 163
29 193 107
1 159 179
19 47 11
61 193 61
53 43 57
151 67 5
47 11 1
173 2 37
109 5 199
199 127 29
179 23 23
71 31 89
151 1 137
15 23 173
11 41 103
1 139 53
165 89 97
3 131 163
47 101 103
157 73 23
11 59 151
149 101 19
