3000 2999
79 1 173
79 73 197
71 179 197
47 11 71
61 43 193
193 101 97
173 1 67
89 73 71
127 37 33
59 1 5
127 149 61
127 19 23
149 137 101
5 43 191
137 109 173
67 7 103
127 71 3
19 17 31
167 73 14
107 73 178
67 41 47
197 109 53
199 59 115
53 113 149
97 7 3
113 61 103
59 47 131
29 1 179
31 23 191
1 157 109
47 49 1
71 41 191
37 163 31
197 137 43
67 103 13
26 73 1
79 97 131
157 151 101
137 163 35
151 41 11
23 113 19
199 11 1
179 43 137
157 11 79
151 31 199
19 17 1
89 199 197
71 59 193
127 37 37
89 157 1
71 61 139
17 193 193
19 151 173
23 67 61
17 131 83
107 73 31
173 7 107
29 51 61
179 17 1
41 35 67
139 149 163
178 31 1
1 1 191
183 53 47
101 83 163
97 181 17
31 11 1
1 157 163
2 43 163
103 163 61
17 29 35
131 103 67
65 17 59
11 191 163
17 79 199
131 149 109
149 191 193
23 181 173
163 89 181
73 151 1
137 179 127
181 41 163
71 107 107
197 61 199
194 7 139
23 89 131
2 19 107
151 127 1
107 83 3
113 1 97
131 17 1
6 193 193
151 197 83
47 83 23
139 73 79
59 29 83
179 167 163
89 1 103
67 2 163
163 59 197
5 113 67
163 31 79
131 71 19
111 173 43
127 109 1
13 29 163
197 43 191
71 5 1
17 191 73
199 73 1
107 73 29
41 1 71
71 37 47
23 199 17
167 13 101
37 191 71
197 41 109
1 1 139
53 47 113
191 19 73
199 1 83
103 167 181
109 197 1
5 107 193
199 31 53
83 151 167
167 107 29
23 53 151
107 179 155
1 1 1
151 67 167
17 31 1
11 2 73
1 163 3
5 181 179
1 127 79
179 157 3
43 101 10
127 59 101
1 179 43
149 146 199
97 173 83
1 7 163
199 101 61
17 19 191
13 17 59
149 116 101
43 199 97
139 107 67
23 181 127
2 1 193
157 1 103
167 17 163
1 103 65
83 89 193
3 103 53
3 13 43
13 61 179
179 37 11
41 179 107
173 2 79
139 13 113
97 2 109
31 79 23
43 194 139
163 199 61
163 193 1
67 13 73
5 53 127
43 73 67
11 157 163
67 31 73
11 173 1
67 1 163
23 157 5
137 103 199
1 101 71
19 61 163
11 97 19
30 109 61
151 107 1
1 139 169
79 73 89
191 23 89
37 43 193
37 67 179
11 43 149
191 101 167
191 151 193
107 181 179
193 107 101
61 41 7
31 1 137
1 67 191
1 113 103
11 107 83
17 1 85
41 199 41
137 137 113
74 127 163
149 97 157
1 79 89
1 179 1
47 17 89
131 199 131
139 113 61
61 1 173
191 7 167
1 79 61
97 181 109
22 71 149
41 37 179
181 101 83
73 43 103
79 19 127
167 71 113
103 163 23
131 13 17
139 61 161
7 197 191
97 61 67
149 113 53
139 163 1
23 127 179
181 163 167
41 1 101
1 5 13
47 151 137
3 1 23
101 1 127
173 43 1
179 173 199
109 71 5
69 5 181
79 1 43
191 181 101
119 53 137
137 31 34
179 83 113
113 191 13
1 199 158
127 83 167
59 193 2
181 59 71
107 193 157
37 1 2
139 67 19
131 159 59
43 97 39
181 113 149
11 13 61
113 1 193
191 13 61
103 191 193
197 107 131
23 41 163
107 179 67
73 151 151
139 127 137
47 83 67
67 73 181
157 29 13
53 157 79
109 101 181
197 107 149
2 1 107
193 11 71
83 149 1
191 149 167
83 83 13
1 109 122
47 71 113
38 137 29
193 13 191
181 193 137
2 46 113
71 57 149
181 101 173
199 1 3
31 59 127
73 142 167
7 5 149
1 199 47
167 1 163
59 29 1
7 199 11
191 11 1
97 113 149
23 167 173
31 67 173
163 79 7
197 59 167
89 29 157
11 19 59
139 73 43
79 167 1
41 41 43
1 1 47
149 83 163
17 199 139
181 101 103
41 179 157
177 61 73
73 31 179
29 1 5
62 59 191
191 127 163
97 133 41
149 11 47
101 37 163
17 101 167
137 197 127
103 181 163
109 127 151
1 43 177
1 181 73
17 179 82
181 109 191
83 5 17
181 3 23
41 127 109
157 47 97
67 79 193
79 199 137
101 1 79
127 193 181
137 197 83
131 23 173
1 59 193
113 61 13
173 31 11
11 193 179
109 163 181
127 13 137
61 113 127
131 17 61
131 19 3
101 139 197
199 103 199
61 1 163
193 1 67
7 151 113
31 23 113
5 17 31
107 199 41
31 118 71
1 113 173
139 139 101
7 167 109
67 179 79
193 127 47
61 139 199
113 59 157
29 1 73
179 73 49
191 149 61
127 71 197
181 137 167
97 101 31
101 199 47
199 199 127
79 131 2
89 131 29
1 173 41
43 47 53
14 149 79
109 31 181
71 1 163
191 86 101
107 107 13
137 71 97
123 139 43
193 43 181
59 21 37
131 37 7
127 1 141
113 103 113
113 5 103
23 1 17
131 101 67
107 13 146
199 7 17
53 71 101
139 131 103
53 13 1
101 29 179
29 47 1
113 5 41
83 107 73
53 47 101
53 163 193
47 19 181
61 97 101
179 11 17
197 163 199
19 37 29
131 71 155
113 53 179
43 103 127
109 1 47
193 83 7
53 11 1
53 1 1
17 47 41
193 41 67
1 37 59
7 59 11
191 137 17
151 1 5
41 1 193
53 101 37
157 73 17
157 7 43
53 83 19
193 53 1
5 107 113
37 101 1
1 157 199
193 157 191
13 103 143
103 73 1
13 166 7
61 197 57
193 17 1
17 53 109
1 103 69
103 79 139
131 131 5
1 1 181
103 193 1
79 139 1
1 106 43
71 157 73
69 53 157
73 197 62
193 199 167
157 86 127
173 163 1
71 1 61
67 127 191
19 43 19
167 23 23
43 5 131
167 149 79
113 131 1
193 43 10
17 1 199
83 19 163
113 41 127
79 181 37
179 107 41
47 199 157
146 97 61
97 113 3
167 59 163
179 47 1
79 89 73
1 1 97
83 2 61
173 89 53
97 109 29
1 5 103
197 79 109
1 137 67
151 1 61
167 17 79
79 19 193
181 101 197
149 41 199
139 59 19
73 149 173
17 73 131
113 61 67
41 101 1
109 11 149
67 73 11
1 55 139
127 61 31
101 191 1
113 113 109
137 19 71
31 19 101
107 97 179
31 179 157
137 181 107
31 139 37
17 157 1
199 11 163
97 1 107
107 7 131
61 67 73
118 89 23
179 149 127
1 67 1
59 113 199
149 53 41
53 31 197
19 149 197
71 17 43
181 1 37
7 47 59
71 167 71
101 37 107
59 49 11
89 191 181
59 31 37
1 197 61
19 167 37
71 61 53
173 73 167
29 139 1
13 5 83
197 37 97
139 7 197
137 53 127
101 151 61
139 19 10
163 73 71
191 43 55
197 157 93
11 41 163
79 31 41
19 179 173
67 31 149
131 151 127
17 137 17
73 5 151
197 79 131
29 13 73
31 19 199
173 47 47
107 199 163
157 127 73
199 29 103
101 47 37
137 1 59
7 137 157
19 1 197
23 139 193
137 67 121
23 31 107
59 7 47
79 131 101
113 89 71
67 157 1
107 61 101
127 1 194
83 139 59
163 127 11
7 83 19
83 31 157
7 89 1
163 41 1
107 29 101
127 59 23
71 151 47
67 167 23
179 5 43
2 23 103
179 46 127
1 113 197
61 197 103
37 47 79
127 101 79
47 179 79
167 59 97
149 103 13
163 113 79
199 139 199
1 191 183
149 13 47
1 43 3
19 109 1
179 133 29
127 97 133
131 23 163
53 167 181
13 29 17
7 109 47
137 69 131
167 1 191
179 2 197
67 53 89
29 163 17
31 143 5
199 73 179
97 181 163
137 103 1
131 137 17
179 157 179
5 139 23
157 47 41
97 2 178
1 139 173
103 157 109
13 29 23
61 29 79
71 1 107
59 199 131
13 29 31
1 173 71
151 37 151
1 79 199
199 197 73
131 79 127
83 41 149
139 181 59
103 1 71
79 5 101
167 181 73
167 89 53
3 1 113
199 157 137
131 37 137
199 58 139
7 94 97
151 139 2
37 97 193
53 71 71
163 103 1
47 53 1
167 145 23
151 37 23
97 199 1
71 89 127
139 137 73
17 89 19
151 7 5
59 173 3
127 29 53
191 103 101
47 163 86
107 173 71
163 89 151
79 2 3
67 41 83
194 173 158
2 191 191
61 59 181
13 61 83
1 107 73
3 149 109
53 37 1
197 157 7
151 107 127
83 181 1
137 41 59
1 151 71
17 17 61
113 9 73
59 29 5
149 3 29
101 79 83
83 109 109
197 109 103
197 173 167
131 193 151
59 163 97
77 131 73
107 17 127
83 31 7
41 61 181
163 163 17
179 163 107
157 107 19
1 139 163
191 191 19
139 139 7
1 183 41
5 17 197
141 86 19
149 1 173
43 19 3
149 59 191
82 97 181
149 97 97
41 97 113
23 19 131
1 103 13
23 37 197
29 5 89
167 161 109
157 37 61
1 157 163
157 193 167
38 173 107
23 89 157
19 167 41
73 1 1
59 103 47
47 23 67
23 17 191
1 199 83
41 29 157
109 97 157
73 101 101
89 7 53
7 31 197
17 43 59
5 127 163
127 97 71
149 41 23
31 113 1
179 41 1
19 1 1
11 2 181
107 79 103
193 1 23
31 103 1
5 193 89
7 127 47
179 11 17
37 31 197
73 19 2
47 199 7
193 37 191
79 43 38
17 13 139
101 97 181
179 191 101
67 17 73
29 19 13
167 103 53
5 173 179
17 197 47
103 31 7
139 130 179
5 1 43
163 179 167
103 11 89
149 49 167
103 1 67
1 79 137
151 179 101
116 97 2
5 23 1
3 43 151
127 181 149
37 151 151
79 101 57
101 151 11
127 197 181
3 131 19
191 43 7
157 139 95
107 1 79
191 71 127
79 79 67
139 11 127
47 181 1
47 179 61
101 89 67
11 83 157
151 29 43
163 19 109
199 193 57
127 41 73
53 191 7
151 139 29
107 38 139
13 23 73
179 31 199
83 83 59
29 131 97
199 107 59
73 94 181
179 58 163
37 131 113
73 173 109
11 157 89
193 127 173
11 191 83
101 1 191
101 97 37
83 179 127
137 7 157
23 31 13
191 127 191
61 197 103
131 19 61
131 137 97
101 149 71
5 179 73
137 193 37
47 47 113
79 67 73
103 191 97
3 191 19
89 107 163
53 13 1
157 67 131
179 179 1
59 19 43
127 86 101
47 3 43
89 139 73
86 47 59
157 93 137
11 43 59
101 11 199
151 71 31
193 83 115
193 31 61
111 175 3
3 71 41
193 109 43
23 2 1
31 11 179
1 47 151
1 181 59
7 1 37
157 1 181
37 13 3
109 149 149
41 59 37
19 73 13
149 47 97
46 199 137
46 103 167
181 37 11
157 179 61
19 107 37
53 7 167
7 73 131
131 181 67
37 113 18
11 199 191
7 107 29
10 139 83
179 89 197
1 23 131
73 179 5
29 23 157
43 181 131
127 173 67
151 23 1
107 101 109
139 86 61
53 191 106
65 113 5
173 197 59
23 41 43
101 109 19
191 101 19
11 1 197
43 191 7
1 1 17
67 51 29
173 74 179
17 163 67
109 41 47
139 101 193
37 179 139
139 151 101
193 149 79
67 7 31
23 73 5
31 1 71
79 17 41
101 43 46
41 67 113
94 13 79
167 19 73
151 199 73
89 73 199
181 9 47
47 79 193
59 163 71
159 23 107
71 11 3
159 89 179
17 31 67
19 167 37
2 59 1
137 79 43
191 61 179
73 11 61
181 1 35
13 167 17
137 1 23
1 131 113
59 2 1
61 131 179
107 109 179
31 1 67
37 1 73
107 1 109
31 43 1
113 173 109
139 123 73
11 89 7
199 19 167
17 3 127
109 1 103
5 179 137
157 5 127
89 71 139
59 173 109
107 53 139
29 1 61
73 59 115
173 79 181
1 31 79
67 139 107
118 167 139
167 1 71
61 53 79
107 11 79
43 79 191
29 1 1
1 173 199
149 101 15
131 127 85
1 29 9
101 1 97
101 17 157
19 197 127
29 109 118
83 47 103
37 1 1
1 157 101
38 11 53
73 17 61
53 1 163
53 71 59
59 1 83
97 53 1
7 103 71
113 139 149
53 47 101
1 19 17
53 11 19
67 1 139
59 113 107
1 139 173
151 31 1
66 1 1
1 67 17
59 73 37
83 53 41
3 61 47
101 157 11
1 199 23
197 43 139
31 31 181
167 127 1
61 149 103
103 31 139
193 199 59
13 41 163
31 163 197
71 97 109
134 181 167
193 31 73
157 1 5
127 1 173
167 181 23
113 1 79
5 199 3
79 181 113
193 109 53
3 167 181
23 41 199
113 103 19
181 29 1
91 191 79
5 157 139
113 3 47
193 97 73
167 53 127
79 163 13
137 179 79
107 191 5
38 193 134
43 59 11
1 59 41
137 167 167
155 109 13
89 89 41
73 1 2
61 191 37
37 127 47
79 1 181
191 29 31
74 47 193
179 67 109
47 199 11
109 1 51
1 79 37
113 79 23
67 11 173
11 151 19
191 103 139
103 179 83
43 43 137
163 1 127
65 139 61
23 1 113
113 11 191
109 79 97
89 31 109
71 61 23
183 23 199
199 17 1
167 7 43
7 31 59
119 131 109
37 149 13
19 47 31
79 23 5
197 19 23
73 113 61
137 1 199
5 131 23
79 101 127
97 113 157
133 163 107
167 167 179
73 107 1
73 199 67
179 157 53
31 151 67
41 139 61
73 73 53
157 2 109
5 137 197
157 79 1
53 2 17
31 193 199
23 73 199
67 199 97
181 127 139
191 1 181
59 127 53
107 1 71
89 113 163
167 23 197
139 31 173
1 113 97
13 161 167
119 113 17
157 103 7
11 137 101
101 131 137
163 131 5
181 2 173
131 11 199
137 29 1
163 21 101
101 41 149
197 151 173
59 109 2
1 89 11
13 131 181
14 139 157
181 97 11
139 94 79
5 163 41
149 109 191
103 2 167
61 149 197
71 97 29
89 47 107
181 127 118
191 3 19
137 1 197
163 1 29
59 167 79
1 31 113
103 167 193
41 103 1
97 23 59
47 67 19
83 71 151
37 107 67
67 103 59
193 5 71
137 193 167
173 193 61
1 179 97
23 53 11
139 1 1
17 137 7
149 73 107
2 149 139
11 17 1
127 1 53
11 59 1
71 181 11
19 1 43
181 11 97
13 31 151
17 107 97
149 7 127
197 41 193
1 59 11
107 151 31
122 173 37
17 97 20
181 107 151
97 197 11
191 173 197
71 193 1
199 13 79
1 139 163
47 131 61
89 173 131
157 1 157
113 61 53
1 79 79
97 199 17
149 17 5
101 137 41
1 1 173
47 131 19
1 29 23
1 89 23
199 139 59
173 1 43
179 43 173
157 73 83
57 13 1
197 2 1
41 191 1
163 167 157
31 29 79
7 149 151
31 31 197
151 11 173
41 166 31
51 59 113
1 129 19
191 191 83
61 83 149
13 191 1
59 11 191
157 83 43
131 37 109
181 139 23
59 19 103
89 13 113
193 29 3
181 151 47
31 167 101
37 37 73
13 193 1
199 151 59
137 107 7
193 139 89
179 61 173
167 1 191
19 139 23
151 1 167
89 37 113
199 199 137
43 59 7
43 113 173
174 43 83
199 1 73
47 23 131
71 197 31
83 53 9
181 151 109
41 7 131
199 101 41
197 1 137
47 103 59
197 103 173
167 3 83
71 149 57
87 139 181
157 109 2
157 3 101
97 47 23
199 13 23
7 89 181
127 17 1
107 137 177
157 43 127
199 43 67
97 53 47
23 109 109
61 29 101
1 103 139
5 73 47
139 53 37
149 167 103
7 89 43
89 79 193
71 167 1
149 53 53
157 193 61
43 47 29
139 13 69
194 73 199
31 29 79
23 11 17
59 79 139
71 101 39
61 137 89
37 37 1
193 13 142
127 3 183
191 131 193
17 179 37
197 71 181
79 109 97
131 13 199
43 31 11
183 197 199
61 29 31
79 47 191
1 109 139
109 107 67
41 73 173
67 94 167
59 37 1
79 157 19
97 43 103
89 47 1
59 193 131
2 1 2
179 1 137
1 131 157
73 11 97
89 131 61
155 47 67
77 41 43
97 103 191
83 25 131
53 67 97
103 191 173
199 193 199
1 61 199
181 131 73
1 167 1
47 47 19
13 191 139
143 127 173
179 73 31
137 1 193
53 191 1
97 67 29
193 11 103
19 139 199
11 7 87
83 127 173
137 151 199
163 23 193
1 109 107
3 3 151
13 181 1
1 127 1
149 43 167
173 193 73
39 67 1
1 41 13
199 13 17
31 109 103
53 97 193
3 167 127
137 57 19
107 41 157
167 37 166
89 1 19
67 199 113
37 179 179
151 83 38
1 29 101
199 13 2
73 1 97
59 42 59
193 163 31
31 173 37
7 193 107
191 101 97
53 1 29
163 41 47
13 41 131
173 67 47
1 193 107
7 191 181
73 23 73
149 103 23
113 1 139
37 141 79
31 83 173
169 149 97
47 37 59
179 193 113
73 67 139
179 145 61
139 53 107
127 31 11
53 5 131
1 181 127
139 107 109
157 74 137
191 41 139
79 73 11
53 41 127
131 181 7
131 53 139
31 1 199
103 73 193
137 41 199
167 193 71
103 3 35
157 3 109
89 173 79
103 157 197
47 79 73
199 1 193
149 79 103
193 101 179
13 71 41
19 181 131
97 113 83
19 31 157
163 3 41
101 151 86
71 2 173
89 67 83
151 29 13
103 29 113
157 107 163
113 71 139
73 167 103
197 191 197
2 61 43
67 101 151
191 181 97
61 107 173
173 43 1
191 151 83
53 2 13
101 197 59
107 131 53
65 41 11
83 113 127
131 197 191
179 29 31
157 181 1
61 1 11
2 29 19
173 149 107
83 1 37
29 127 31
29 1 11
34 107 1
103 11 1
37 73 7
1 149 163
83 23 53
47 17 163
199 1 197
83 17 43
107 101 29
61 103 1
29 1 71
199 197 17
61 179 109
137 109 59
191 61 103
139 59 199
97 107 71
2 71 131
1 139 89
107 101 67
197 185 107
137 179 97
191 79 127
79 191 181
137 139 1
97 179 97
43 37 97
85 2 107
101 23 113
23 59 59
1 89 31
37 89 41
1 181 1
86 5 173
7 97 181
19 41 1
53 61 22
127 193 151
2 1 61
79 89 3
1 137 137
113 5 191
5 79 61
7 43 137
1 94 13
109 131 89
67 79 191
193 2 79
149 193 37
197 157 181
167 1 17
19 145 107
101 43 3
61 173 31
79 67 17
197 127 1
191 31 178
127 183 5
181 83 41
109 71 127
137 73 101
107 109 1
3 73 19
13 163 191
109 191 17
11 1 191
142 41 97
83 157 197
139 89 167
29 181 167
109 19 143
1 23 2
151 19 37
17 5 173
149 1 1
33 43 127
127 137 47
179 17 181
109 103 1
149 79 47
19 17 11
191 101 103
109 163 1
2 79 1
59 131 7
97 53 151
199 151 43
103 19 19
23 1 157
127 31 1
61 191 26
113 5 131
5 13 53
179 124 149
131 149 89
179 1 83
47 67 113
47 89 61
67 181 41
29 131 53
1 103 107
193 109 67
137 1 73
47 103 107
23 103 61
73 53 113
1 43 53
1 127 71
101 149 139
113 157 19
37 107 37
35 167 3
151 1 3
151 199 199
157 193 1
179 3 1
163 101 107
199 73 7
13 61 47
1 181 1
37 151 167
101 5 1
53 31 1
167 149 179
107 47 73
131 41 83
1 173 101
13 41 111
151 71 137
163 73 73
11 61 155
1 23 3
193 17 89
1 29 61
107 71 199
1 37 191
13 51 131
43 149 29
157 193 149
173 179 43
23 1 193
191 79 2
193 67 59
59 1 173
103 1 41
23 137 181
41 29 37
53 181 83
109 83 59
197 151 103
5 113 103
109 31 109
1 149 97
7 53 2
41 3 191
31 59 163
59 19 131
109 89 109
193 97 137
131 17 101
1 5 67
101 131 53
7 37 167
83 127 37
31 19 179
179 29 47
113 53 163
11 73 11
47 83 47
167 5 107
197 3 113
151 161 179
141 101 29
107 181 151
191 93 29
193 149 1
139 157 167
29 67 17
2 3 137
31 31 1
179 101 31
17 73 17
83 103 179
1 199 1
137 101 1
17 157 37
109 139 13
113 43 29
59 167 17
53 157 83
31 67 97
19 2 17
86 67 1
139 47 131
23 3 29
1 3 79
83 19 41
67 185 179
83 89 67
151 71 89
6 19 1
1 97 53
3 3 109
181 199 7
101 31 127
191 37 85
19 173 179
179 1 1
61 61 1
53 7 181
3 13 191
83 173 31
167 29 59
71 89 1
179 11 127
47 101 37
11 163 31
61 139 53
83 109 1
181 101 43
3 149 199
106 19 73
101 5 137
1 133 43
113 83 89
29 131 101
11 139 11
31 7 173
151 19 67
181 2 71
1 167 181
11 1 1
179 193 157
43 1 127
149 109 101
61 1 101
151 23 179
17 1 71
43 167 199
5 139 131
67 134 89
13 29 1
173 1 199
109 53 23
191 139 23
107 73 181
161 199 19
197 149 167
197 149 1
179 83 89
59 89 13
47 15 7
17 151 14
191 181 1
179 127 181
199 89 23
23 139 193
1 11 13
67 193 5
197 103 1
47 19 13
1 123 13
31 1 5
161 19 11
73 29 113
109 1 61
101 5 37
103 31 41
193 11 71
67 193 149
101 89 101
53 53 3
181 79 47
127 13 74
23 53 113
59 197 31
101 59 71
2 151 191
29 97 79
53 181 1
149 179 29
145 137 59
47 185 47
197 67 2
67 107 131
83 179 179
67 151 37
11 3 131
167 2 113
89 151 127
179 59 1
89 91 199
181 3 101
178 79 1
163 11 1
73 71 11
166 41 67
145 109 1
43 103 37
13 29 139
199 1 83
181 197 31
13 73 107
167 167 71
11 7 199
149 191 73
1 95 13
1 1 83
47 83 61
1 113 79
19 13 149
181 107 3
159 95 2
97 191 139
67 131 1
47 167 97
199 37 151
163 1 131
1 157 53
103 101 131
5 179 127
97 43 191
67 61 31
97 149 137
191 159 101
197 5 137
53 1 149
97 67 103
151 109 43
53 53 173
181 107 1
29 61 193
103 11 1
47 47 191
29 141 74
13 23 173
13 29 167
163 97 61
181 59 33
17 157 11
107 109 61
139 137 3
157 167 191
197 173 197
127 127 149
47 37 197
131 67 1
163 163 3
173 103 167
161 109 127
67 1 1
11 5 103
157 97 23
1 61 199
43 173 2
89 101 61
179 5 17
173 1 94
157 199 173
83 131 23
131 83 71
157 151 89
179 193 37
193 91 13
29 113 5
163 7 97
127 113 1
1 29 71
23 157 35
173 149 13
83 47 5
113 107 1
37 181 79
19 37 59
103 131 139
139 109 137
59 167 113
23 89 113
1 17 139
17 151 47
43 59 139
193 13 173
107 1 157
41 127 83
7 17 29
103 1 193
1 131 13
11 197 163
73 13 7
11 109 179
1 3 163
173 31 111
139 107 13
79 61 47
59 107 29
191 197 103
47 5 137
97 83 13
167 1 67
31 97 79
179 197 11
179 37 19
51 47 149
37 103 53
17 61 163
1 139 137
109 151 41
83 129 157
19 109 31
101 173 131
58 5 179
11 122 79
61 197 113
1 1 1
137 109 19
163 97 139
107 193 19
103 71 137
11 149 1
1 199 15
193 137 127
181 167 11
107 7 103
41 157 74
123 43 59
113 41 73
173 59 37
11 61 41
103 29 7
7 1 163
163 41 86
23 53 167
47 11 7
19 67 1
181 127 13
13 89 26
11 41 59
137 199 181
179 137 31
107 13 193
29 127 2
43 157 163
13 3 103
23 73 151
25 1 197
113 7 1
29 67 103
109 1 73
41 1 89
109 53 71
131 103 151
149 37 149
1 13 73
31 17 19
131 61 1
199 29 43
191 71 67
103 67 61
151 149 149
166 67 67
41 163 167
43 1 19
83 67 137
67 97 113
131 23 167
1 73 37
157 113 37
1 37 157
19 197 59
67 137 61
94 107 67
157 19 61
1 83 103
29 199 71
163 137 157
191 19 59
41 19 1
107 41 173
97 19 31
53 29 139
1 94 11
1 199 19
1 179 23
71 149 31
61 1 1
43 3 113
137 166 73
1 101 94
73 31 167
139 157 5
113 109 137
47 37 3
79 1 41
139 197 149
31 137 181
177 71 181
141 61 169
179 1 137
67 73 97
157 73 139
37 73 151
137 199 31
31 139 199
2 53 41
79 157 1
19 83 103
79 67 134
103 82 59
131 1 199
11 13 139
3 59 5
173 179 179
29 151 59
167 71 23
1 163 199
53 5 193
19 163 179
111 59 5
179 37 151
193 107 37
29 127 199
139 43 101
97 151 193
71 2 107
157 139 193
71 79 3
157 19 41
139 137 1
97 67 113
7 19 43
7 157 163
1 163 193
47 181 71
89 101 51
167 83 173
5 37 139
17 1 1
199 23 191
83 137 191
163 43 113
23 47 79
113 1 127
131 13 11
193 109 17
73 31 101
103 13 41
107 43 39
67 79 62
127 113 193
71 191 1
69 151 197
113 19 59
53 79 149
7 193 157
89 73 103
191 199 169
13 1 131
3 31 149
31 181 11
107 6 107
2 193 17
193 139 197
181 101 113
2 151 1
3 127 1
59 163 167
17 166 13
83 179 158
89 79 13
181 19 19
31 1 193
163 167 7
137 83 13
179 127 31
73 1 41
199 79 23
3 107 47
89 193 173
107 197 53
181 1 107
167 89 71
179 199 127
89 157 199
13 157 83
167 11 3
199 59 163
79 73 197
67 193 179
157 193 1
67 71 149
163 113 61
59 173 101
113 97 113
193 59 146
109 11 61
83 197 106
1 127 151
73 103 31
3 167 151
61 191 163
127 101 181
23 185 199
191 1 1
59 3 73
71 3 1
89 73 191
43 37 13
11 103 53
3 1 97
79 139 197
179 97 43
3 67 113
1 179 7
149 101 83
61 79 93
167 53 109
23 197 71
83 71 43
131 1 131
13 163 101
71 47 71
89 181 197
181 1 101
19 47 13
83 181 79
97 43 47
173 53 173
83 31 181
79 101 43
2 73 197
167 7 137
1 107 71
139 181 61
61 103 67
97 13 89
101 127 79
179 145 113
1 5 13
73 197 53
59 71 7
127 67 19
83 7 83
149 1 67
67 157 1
11 173 1
107 11 61
191 107 157
163 59 179
186 193 137
19 193 1
13 163 31
17 123 53
113 107 173
97 199 7
163 197 37
79 71 67
71 73 53
173 13 43
41 47 13
139 71 11
7 89 131
179 199 41
5 113 59
53 67 53
89 31 83
3 109 161
61 101 103
109 97 131
115 61 101
23 101 137
43 37 59
23 61 29
59 191 19
79 31 199
41 113 157
41 131 1
97 103 59
151 41 67
179 127 97
173 97 17
151 181 107
47 43 113
181 149 41
193 1 41
103 185 191
47 197 38
31 31 158
67 13 83
47 47 149
41 23 7
17 17 173
59 139 53
29 199 19
157 167 151
97 97 5
113 127 89
67 1 1
137 113 109
179 1 7
3 127 157
29 1 73
137 103 61
113 11 1
89 109 173
43 73 61
113 79 118
5 107 103
149 73 137
13 1 139
1 1 97
139 7 127
1 53 23
173 11 67
107 137 101
105 101 71
5 23 151
83 37 127
79 11 7
163 1 19
79 5 67
157 193 89
97 131 1
127 103 109
37 53 113
197 139 107
1 131 71
67 59 103
7 1 5
191 97 139
191 149 119
137 5 193
59 41 1
83 1 19
193 89 5
193 197 151
173 41 197
163 67 173
113 71 23
103 37 163
31 191 7
1 107 131
149 157 61
47 157 131
131 29 1
107 113 179
1 47 199
43 1 193
191 109 157
26 179 13
19 43 173
3 19 139
37 53 101
43 167 53
137 13 167
127 163 19
179 149 151
1 149 139
61 47 1
163 139 1
113 199 109
179 7 109
139 74 43
199 151 101
73 197 1
163 33 7
151 113 79
199 53 61
67 131 19
29 193 122
11 3 181
151 31 29
29 127 139
13 47 59
59 79 53
17 106 37
199 23 31
67 11 31
1 15 157
13 89 67
61 37 193
13 113 29
173 163 193
127 43 163
131 59 199
181 193 127
166 193 43
41 31 67
83 149 29
29 131 3
113 7 17
19 41 59
1 167 157
17 31 3
11 71 71
71 3 13
17 79 107
47 97 89
43 199 13
139 107 167
31 1 13
181 61 79
5 31 71
107 97 31
43 151 199
1 11 53
67 79 53
53 29 107
93 67 43
137 29 19
29 97 191
7 1 59
191 149 163
25 167 17
29 127 109
13 53 53
113 173 71
23 17 31
73 3 73
179 79 137
2 173 127
193 79 109
67 67 173
47 1 31
1 89 71
89 127 179
2 71 79
159 197 89
197 101 73
47 109 183
71 191 19
137 79 31
1 37 17
193 199 103
61 199 1
139 199 5
1 31 197
127 139 137
97 43 191
59 11 113
157 197 1
113 151 131
53 127 163
1 19 191
137 29 137
1 139 199
19 191 11
83 103 71
79 101 73
139 67 5
137 7 6
131 1 191
43 73 103
145 151 47
89 1 13
113 73 151
131 2 13
53 181 13
103 197 101
19 23 97
181 46 107
1 74 83
179 181 19
109 1 43
23 7 1
7 193 67
103 13 149
43 79 37
127 53 29
1 59 11
73 53 107
97 67 113
67 179 19
7 83 41
167 11 5
191 199 163
7 157 173
41 37 167
1 67 199
103 5 83
193 139 157
193 107 123
127 1 59
149 53 31
19 17 167
13 131 173
163 179 67
163 89 1
89 137 179
29 141 179
109 17 3
13 97 37
17 19 1
17 7 41
133 181 83
131 166 53
163 53 43
197 71 53
131 139 103
179 1 139
2 17 1
41 137 1
1 11 167
103 97 5
89 139 93
83 193 61
127 191 59
181 163 59
53 53 109
1 19 139
89 61 137
41 11 97
37 89 47
71 127 113
43 1 149
139 139 59
97 29 89
19 29 29
181 109 191
11 137 59
89 43 13
199 73 103
173 137 131
131 7 179
37 121 79
47 73 59
47 181 157
53 89 29
151 146 1
199 109 193
101 131 19
191 53 5
41 19 163
149 103 113
2 65 103
197 131 197
97 1 113
107 41 131
53 181 53
1 31 31
191 59 1
3 139 139
193 7 53
13 1 173
37 5 179
131 1 131
131 97 1
71 1 73
1 53 113
167 37 26
193 101 179
3 7 151
3 41 67
31 185 157
1 83 37
131 31 167
19 131 83
1 163 67
131 151 173
7 5 149
149 197 33
29 15 73
167 109 29
67 197 37
3 113 173
53 71 1
197 59 31
53 61 101
137 103 17
1 43 7
82 131 23
191 67 29
19 1 163
1 197 61
13 73 131
1 1 53
37 4 163
113 73 23
29 137 107
1 197 145
67 53 5
1 113 1
89 127 79
157 1 23
167 13 113
167 3 101
1 181 193
1 1 89
149 127 41
47 113 191
53 107 1
179 131 167
29 179 107
181 149 101
47 59 193
151 13 191
17 181 103
43 67 163
5 191 3
107 73 43
1 67 181
53 89 11
73 89 167
1 17 181
41 163 1
163 59 17
37 173 43
181 1 5
37 5 101
157 29 157
1 101 1
61 163 193
191 179 109
89 163 1
71 73 161
157 107 113
71 167 131
1 1 1
191 197 191
89 191 83
1 163 11
157 59 1
179 197 53
157 13 163
3 151 3
53 1 23
163 1 163
197 113 149
109 127 173
5 181 53
149 37 199
127 1 89
157 71 173
199 43 31
157 106 113
191 41 19
142 149 139
47 191 23
127 17 31
139 167 193
41 19 149
139 197 181
83 95 19
23 43 187
197 149 157
47 109 181
97 3 173
31 53 79
157 1 83
13 1 13
151 41 142
43 41 83
181 43 37
67 13 29
127 199 167
181 181 23
66 173 199
194 47 131
199 59 17
199 83 2
71 46 107
179 13 107
1 13 1
149 19 137
55 59 167
179 193 47
158 173 167
71 43 181
197 181 109
7 37 1
103 1 137
113 127 191
83 5 173
103 67 199
157 193 199
59 83 33
197 181 39
67 67 181
2 199 41
3 173 43
17 71 31
7 151 97
47 149 5
163 1 179
199 137 1
179 71 179
53 109 89
101 1 71
193 157 149
67 167 157
53 67 149
103 1 103
67 17 2
113 191 3
89 1 1
1 11 163
29 137 3
41 173 127
179 11 113
1 101 139
19 149 97
179 193 127
167 1 109
193 109 73
139 131 193
191 131 1
49 31 174
5 73 139
97 1 113
1 5 181
41 109 53
103 23 19
137 127 1
179 199 19
127 2 5
19 83 59
61 17 1
127 127 113
71 109 47
7 157 67
151 2 73
1 167 29
53 131 17
61 107 157
167 107 109
101 179 151
7 45 157
22 61 23
1 149 113
151 113 157
73 67 5
106 29 181
13 107 41
101 5 29
137 139 139
149 101 59
47 197 181
83 61 3
113 43 53
113 167 73
1 151 31
67 181 83
183 157 11
13 193 113
151 197 167
157 103 5
131 83 47
67 199 29
29 33 19
109 103 157
61 149 83
31 167 139
1 103 1
1 31 1
107 1 53
1 89 149
199 107 127
71 103 139
67 61 73
167 61 113
23 2 101
107 191 1
47 1 139
17 197 83
17 127 47
127 53 197
163 107 71
1 4 1
109 97 53
97 151 41
193 107 2
199 89 113
59 193 41
167 13 53
1 127 41
139 1 13
109 113 1
53 193 191
1 101 139
143 191 37
197 17 151
113 19 107
41 191 19
23 197 53
131 173 13
37 17 79
5 53 179
61 79 163
127 151 181
26 89 151
173 137 89
2 137 1
79 5 7
13 29 41
71 113 199
127 29 113
103 59 199
17 29 73
23 71 1
179 2 57
109 67 67
61 107 1
127 167 1
41 157 17
79 1 61
83 101 85
137 199 23
89 73 103
167 197 71
1 23 1
7 5 131
149 97 71
31 197 181
61 79 167
67 109 67
163 103 158
11 139 53
151 17 181
53 1 7
29 3 59
23 101 97
47 59 1
197 47 157
1 1 193
121 118 13
85 193 47
59 113 107
151 2 17
103 103 149
23 1 7
101 47 59
59 5 59
11 113 149
29 17 41
179 1 37
181 13 23
67 149 43
83 191 71
142 149 113
89 41 197
107 191 55
73 31 31
163 31 97
199 17 197
173 1 197
19 1 1
53 163 179
103 101 37
79 131 23
53 7 29
13 181 193
1 17 13
107 29 97
17 71 7
73 149 7
1 101 191
23 3 83
67 149 101
5 53 13
113 95 179
89 89 1
109 173 191
149 19 17
103 29 13
101 179 83
2 11 23
179 127 47
181 67 13
109 21 181
19 1 1
73 163 103
149 179 167
67 5 101
109 43 59
31 149 181
103 31 83
5 173 163
13 97 107
193 83 7
137 47 163
71 53 79
173 47 73
53 1 167
149 19 19
13 61 107
38 137 1
41 97 107
139 109 109
101 17 7
83 149 197
139 107 31
7 109 137
107 137 1
137 173 37
59 3 137
179 107 53
3 173 97
89 2 193
167 91 43
167 41 107
191 23 163
73 23 13
193 41 191
197 1 167
79 19 181
1 13 77
1 17 3
89 46 13
83 59 13
113 89 67
197 7 13
61 17 89
83 53 157
79 41 47
89 179 1
101 89 149
169 97 61
109 1 41
157 33 79
31 61 89
37 37 41
61 173 17
37 181 43
89 131 157
107 23 67
127 19 103
118 137 17
1 163 131
103 157 59
173 41 73
29 149 7
53 19 151
22 19 79
71 199 73
23 83 197
1 1 139
101 137 179
37 101 101
37 1 179
131 113 197
199 41 109
107 139 199
37 83 191
1 7 29
97 191 67
167 113 173
191 139 1
23 43 173
79 3 113
47 113 79
1 113 181
199 97 137
131 191 109
101 29 43
59 103 29
59 11 1
191 73 23
179 157 59
131 19 67
43 19 61
1 193 97
179 19 43
79 1 97
149 103 149
13 137 199
127 167 89
1 1 127
23 191 179
199 103 73
7 199 43
137 97 127
1 3 13
137 179 2
11 157 193
29 19 97
59 7 47
149 59 31
89 199 103
197 17 139
127 103 61
97 113 2
41 137 53
37 23 173
79 5 67
71 83 191
109 11 31
127 61 167
19 73 1
1 113 179
97 21 31
167 163 101
173 79 109
21 197 31
1 101 197
13 2 157
139 37 83
191 79 199
163 173 61
41 163 79
199 107 83
149 61 17
74 59 79
23 7 73
13 157 31
11 191 31
67 103 1
173 197 2
29 59 149
199 71 37
13 67 43
139 13 127
19 73 89
1 59 47
43 41 109
179 149 149
13 173 33
1 37 163
181 53 79
29 199 53
157 197 1
109 1 97
97 7 179
115 149 131
73 89 26
41 127 43
37 97 97
11 151 191
199 101 17
13 191 73
71 173 113
2 61 179
13 194 157
193 79 103
3 61 59
31 89 1
83 179 109
149 179 131
13 167 167
146 13 139
131 37 163
199 1 199
37 67 199
1 191 15
47 109 113
157 113 69
103 1 97
47 17 29
29 103 163
59 57 103
163 47 179
173 157 157
127 97 197
29 101 59
149 5 101
2 193 107
139 163 1
113 83 167
17 67 163
7 11 1
67 149 131
29 43 13
37 7 181
19 1 103
158 7 157
199 113 137
53 11 1
149 11 149
197 127 157
67 7 173
137 31 1
151 197 131
17 26 1
191 53 47
167 29 19
113 13 43
197 73 79
97 31 173
7 127 103
11 31 53
1 61 157
37 137 1
13 53 173
5 1 101
59 109 131
157 3 71
53 79 173
179 137 3
73 181 71
29 1 109
161 139 61
151 157 131
149 163 1
101 193 158
47 71 191
127 67 37
79 79 139
23 1 107
103 29 2
197 38 2
131 83 38
71 83 101
5 131 107
73 31 79
67 83 197
173 1 59
127 1 127
103 7 1
59 141 109
53 181 173
59 43 7
11 1 37
61 157 109
53 149 137
167 61 11
139 111 43
10 29 149
193 1 101
43 181 131
1 167 89
29 163 1
193 31 103
83 103 199
59 101 29
197 167 43
5 103 43
193 127 199
7 97 151
31 79 131
61 89 107
103 139 1
1 157 73
97 1 1
193 1 173
83 97 127
71 173 67
1 113 163
113 167 2
97 193 33
151 1 31
199 73 97
167 69 1
1 3 23
53 7 131
7 163 197
103 61 199
13 1 199
181 41 29
29 1 71
139 1 157
179 103 151
173 37 199
17 1 197
1 173 37
61 31 137
1 47 131
1 167 191
1 191 137
197 1 163
97 41 43
127 131 83
139 1 1
127 163 191
47 1 59
127 41 89
1 53 43
37 193 13
131 181 151
179 17 5
83 127 163
113 199 151
101 13 41
199 61 5
89 67 127
73 71 197
79 29 31
1 131 71
134 5 19
79 101 79
1 53 5
131 37 157
17 193 61
197 73 11
199 41 31
59 29 67
191 133 173
107 71 89
179 61 157
23 103 23
107 193 101
173 179 17
1 11 173
107 163 137
149 1 79
137 1 13
167 1 1
53 83 23
127 47 43
23 127 163
47 181 19
101 1 109
127 41 163
137 159 137
193 73 29
127 191 199
173 31 127
127 109 73
149 79 61
167 127 151
107 113 179
181 97 199
1 47 83
89 79 1
17 3 17
157 31 7
109 23 137
61 159 173
167 191 151
19 181 47
199 179 47
127 47 1
167 47 127
13 163 7
173 37 37
29 173 79
193 11 109
82 23 179
181 1 67
29 7 1
103 191 17
167 19 157
19 1 127
197 173 7
181 97 59
47 1 103
127 151 103
131 79 1
5 179 1
151 37 127
133 7 155
1 181 59
1 1 97
1 127 1
79 3 89
79 29 13
131 199 5
43 179 127
197 43 149
41 11 139
103 163 23
197 163 149
47 167 131
157 67 167
23 149 71
173 67 11
41 113 17
71 11 67
59 83 53
53 139 2
67 47 157
89 157 11
79 1 43
61 79 59
163 109 1
109 37 199
103 151 193
1 103 167
89 13 89
89 157 89
7 193 37
3 137 1
61 1 103
11 139 97
79 73 197
167 13 197
103 139 109
1 173 113
131 89 19
199 79 179
43 173 191
161 107 137
85 19 53
23 2 3
97 43 31
59 5 47
49 197 1
2 139 79
181 97 199
31 59 191
29 37 67
59 101 23
71 127 2
59 167 103
71 149 173
41 103 7
166 83 1
109 167 57
47 41 47
1 127 31
181 167 113
1 167 1
127 47 41
151 7 41
79 1 46
67 191 127
106 157 73
107 139 53
157 53 7
61 163 199
127 109 107
193 3 43
193 167 145
113 61 13
1 103 197
47 29 37
67 149 23
43 179 131
167 1 193
1 1 146
59 1 7
73 131 19
59 137 157
37 89 31
19 23 133
53 178 103
47 151 193
13 71 6
79 3 149
181 139 23
43 157 131
113 37 31
181 137 127
19 13 191
167 47 13
167 11 5
43 103 141
181 5 47
131 5 43
41 1 71
31 67 29
13 41 151
107 41 151
5 1 109
181 59 53
23 131 5
157 149 137
1 179 71
5 149 107
11 5 37
23 197 191
197 7 191
151 167 21
67 97 101
1 11 1
19 193 41
127 79 3
163 191 29
173 83 29
47 41 73
73 193 73
157 127 193
11 159 19
89 29 79
38 97 131
19 191 131
11 13 113
109 67 59
113 37 74
59 3 71
127 83 13
103 67 179
113 17 103
109 137 29
89 89 67
179 43 5
193 59 179
17 79 1
17 173 103
19 5 194
181 23 191
197 151 11
3 11 67
137 107 197
29 109 61
47 37 50
157 181 113
127 127 79
43 157 69
179 29 139
71 97 107
41 157 11
29 131 119
13 19 1
61 37 89
101 199 1
29 109 113
1 61 67
61 31 5
59 179 47
151 23 103
107 1 11
13 5 5
53 11 1
37 151 53
67 149 83
47 41 109
37 47 47
47 157 43
141 173 167
5 193 179
47 185 97
67 157 127
41 89 127
19 179 113
1 193 163
89 23 139
41 151 35
191 47 197
83 139 139
1 167 109
1 29 167
5 13 139
61 158 103
149 109 23
71 163 23
31 103 73
2 151 47
157 139 137
137 7 3
59 71 181
107 163 1
197 163 53
43 97 53
83 151 101
1 111 23
139 199 73
47 149 137
61 29 53
73 193 107
139 149 157
61 26 1
5 19 158
11 5 181
199 149 183
5 89 5
179 61 199
139 5 47
83 1 149
103 107 101
97 34 1
67 191 163
59 89 163
103 79 185
1 103 167
109 5 127
43 103 157
79 37 167
1 181 137
193 1 5
137 181 109
13 167 129
118 7 1
173 43 83
47 166 3
7 193 109
157 167 107
37 101 23
2 79 151
167 2 167
139 97 103
103 41 79
10 1 89
103 73 31
41 73 43
47 131 139
1 131 179
19 101 29
103 181 183
23 179 41
113 191 1
127 199 41
193 47 3
173 179 31
11 197 113
29 131 137
97 37 131
23 163 137
83 127 83
197 13 1
29 41 193
163 83 71
89 167 71
181 43 23
7 113 11
19 11 191
97 191 2
1 61 127
179 115 193
37 47 17
43 79 43
197 41 167
1 151 59
157 41 139
151 1 157
11 73 151
167 97 71
43 109 197
131 43 1
13 67 199
107 7 71
2 103 101
71 151 167
19 1 181
17 151 139
131 191 41
67 181 2
1 137 101
3 1 29
137 31 1
7 19 19
101 73 97
127 127 131
163 67 46
79 149 83
67 199 5
61 26 23
181 31 107
73 191 37
149 7 131
73 157 113
181 113 101
103 1 43
97 1 181
37 37 17
3 23 67
191 71 67
23 2 103
193 181 73
199 61 59
19 47 1
109 151 139
137 31 3
1 139 1
73 179 101
161 191 61
47 73 41
37 149 5
199 103 79
83 59 149
137 19 3
31 1 173
107 101 41
131 151 89
97 113 173
1 71 53
103 71 97
83 127 107
103 67 7
107 98 191
71 181 41
23 151 163
151 173 47
73 11 127
97 2 131
13 1 31
37 163 71
61 73 79
5 29 111
97 23 59
193 89 3
139 41 97
127 173 37
179 1 127
139 139 3
47 115 47
113 71 59
179 193 1
197 197 1
67 1 197
37 6 149
71 13 67
1 131 67
1 37 1
73 197 23
157 179 1
1 79 17
79 7 179
67 103 1
43 1 43
1 1 83
151 163 61
1 69 127
53 131 7
1 5 17
19 41 151
197 197 101
181 1 41
11 197 11
7 23 167
43 1 127
103 191 127
11 19 151
191 53 193
127 61 67
7 197 1
53 109 41
47 103 53
193 73 199
191 23 179
31 5 197
37 131 173
73 5 41
191 1 71
191 13 191
115 53 37
73 31 37
103 13 181
181 199 61
67 59 29
73 11 193
113 47 11
89 97 181
31 5 97
11 79 139
59 31 179
179 73 37
127 107 67
69 7 38
67 61 149
53 29 173
173 3 139
89 71 19
113 83 1
47 67 113
31 69 101
71 53 31
73 109 179
7 103 139
53 137 191
167 1 107
131 199 29
71 11 107
31 153 139
199 82 31
11 131 107
193 113 37
167 181 137
29 79 11
13 179 151
2 139 193
181 17 101
109 19 107
41 1 179
199 149 133
61 127 157
7 197 47
19 47 101
43 131 149
61 179 193
113 131 83
151 1 163
167 1 7
1 151 151
2 37 67
13 2 13
2 173 109
37 31 137
103 1 107
173 43 83
101 151 127
101 41 67
113 137 137
197 2 139
1 13 149
83 109 1
53 1 199
127 47 41
157 94 1
103 85 83
37 31 41
103 149 17
19 173 79
1 167 139
23 109 1
11 1 179
17 137 23
163 73 127
37 13 193
1 47 19
19 139 191
37 191 167
43 13 1
113 109 103
73 14 179
2 137 31
137 79 127
197 193 53
131 7 43
131 1 113
113 2 73
1 127 163
1 157 19
103 197 137
193 109 47
101 193 19
139 199 59
89 163 173
61 97 23
197 71 5
149 197 163
23 127 127
23 41 102
173 113 151
103 61 179
1 181 191
193 107 97
23 1 37
11 149 89
71 62 61
83 193 149
6 17 19
37 127 53
61 1 1
31 159 47
47 1 1
163 79 29
23 137 11
103 1 71
139 167 199
5 129 107
127 79 149
107 7 157
149 10 13
61 31 83
151 79 1
109 163 163
173 31 83
159 167 191
3 29 7
47 1 23
61 29 107
2 38 173
3 137 61
17 17 1
173 139 199
151 17 151
131 73 157
1 97 1
133 58 29
1 101 149
109 149 53
127 83 83
191 83 139
11 89 79
71 67 167
83 37 181
1 3 41
127 149 137
109 71 19
157 193 191
179 109 23
163 73 89
167 61 73
149 13 13
67 13 131
109 79 59
173 127 85
187 43 1
181 71 41
181 61 89
3 139 79
23 1 107
37 127 173
1 5 31
131 31 193
1 181 97
1 3 107
79 29 29
193 89 97
89 7 61
37 1 149
127 131 179
131 127 1
151 5 173
193 137 139
7 91 67
47 109 37
1 193 149
191 5 149
137 89 73
31 167 197
31 131 11
59 53 61
199 97 149
17 1 131
67 71 131
127 173 1
59 11 113
181 83 149
17 67 41
3 3 7
3 181 7
131 67 53
79 71 1
193 11 71
181 34 67
173 107 37
3 177 131
53 59 131
89 1 109
29 139 61
131 89 89
53 97 157
89 179 31
2 83 62
11 149 107
37 163 83
197 109 67
109 131 157
3 190 101
57 137 7
19 17 173
101 113 101
43 1 1
31 163 101
113 13 131
109 37 97
103 7 41
157 119 85
113 37 199
11 67 5
163 41 97
97 181 1
139 11 101
127 173 97
1 5 149
197 193 173
103 157 89
43 137 199
6 199 31
23 199 3
43 157 1
157 163 1
23 199 1
1 6 157
181 5 137
179 1 197
131 43 167
67 59 193
61 131 14
5 46 26
89 11 55
131 103 71
173 61 111
37 73 19
41 163 107
127 5 139
83 7 3
113 101 137
17 109 7
83 57 37
43 7 3
109 163 163
163 61 181
173 61 3
191 83 193
127 1 1
2 163 137
179 59 113
41 89 79
113 1 35
1 83 1
191 91 79
163 29 29
1 19 149
149 197 131
173 157 173
61 131 163
1 46 163
89 199 1
73 179 2
47 71 71
157 1 97
13 29 197
43 29 181
191 1 53
199 197 131
1 109 157
37 59 127
163 191 23
37 1 199
113 17 1
79 71 163
181 139 151
89 137 197
67 131 19
163 127 61
101 1 7
1 79 79
23 5 167
1 47 191
127 23 1
101 19 53
199 163 139
127 1 181
43 83 5
103 31 13
1 1 151
181 97 47
61 1 59
73 163 17
73 89 193
47 67 53
79 23 86
19 61 193
3 43 2
83 1 61
179 59 179
149 1 173
1 19 191
157 34 101
13 173 19
53 137 2
5 163 137
137 137 113
1 179 47
107 19 109
13 157 103
181 47 181
191 61 1
197 151 43
13 23 3
139 7 67
59 166 197
71 129 101
139 1 157
163 199 2
61 113 29
122 139 1
41 193 1
191 47 103
113 61 2
167 79 83
157 101 101
29 101 127
23 97 101
199 7 19
109 193 179
73 157 181
97 3 1
193 17 109
83 41 113
11 149 167
107 193 173
89 41 67
11 43 91
193 109 19
31 19 173
149 5 173
67 137 23
7 149 157
29 82 67
109 137 23
191 1 3
157 41 67
109 23 109
2 107 13
31 17 127
13 89 109
19 146 163
41 197 29
59 181 139
151 1 167
139 47 59
127 1 29
107 37 127
29 73 73
1 25 43
1 67 181
61 83 29
13 13 7
167 71 101
17 191 131
127 167 149
43 199 59
71 23 47
67 151 71
173 47 146
131 10 1
103 1 139
53 43 59
137 131 199
73 11 31
173 67 151
199 79 79
179 199 181
89 3 173
139 181 107
179 194 7
149 149 137
193 149 101
179 15 97
157 137 1
1 1 79
131 29 73
71 157 163
113 109 129
13 41 41
26 33 1
107 139 74
83 197 1
113 109 191
17 79 133
31 157 67
149 19 109
23 151 73
179 47 179
19 7 197
11 83 191
3 31 5
89 139 7
5 7 103
67 197 79
1 139 179
47 3 181
82 79 137
19 9 199
3 139 169
107 193 179
191 43 191
163 127 149
1 131 167
73 23 131
191 113 127
19 181 1
11 167 107
149 21 41
1 59 173
183 131 163
23 83 167
191 146 149
5 142 31
38 71 1
151 1 139
1 3 179
149 29 151
89 1 10
1 137 131
79 23 107
1 149 37
101 1 173
167 89 31
79 1 107
151 19 109
29 71 167
59 149 139
157 179 77
167 89 17
137 13 163
179 103 23
73 1 193
67 113 137
103 61 67
137 59 101
71 199 29
181 1 139
197 41 73
101 59 71
23 109 15
103 85 17
173 29 1
50 11 137
137 163 67
113 43 23
47 109 157
167 97 1
1 79 139
10 41 97
37 113 167
47 157 139
19 157 163
41 83 131
191 157 113
113 131 1
149 127 1
19 23 191
113 53 1
89 151 1
3 197 37
167 103 167
179 89 1
71 157 181
181 47 141
52 7 119
101 149 109
181 173 79
118 139 11
1 113 19
79 37 139
193 193 163
137 173 167
191 1 23
181 2 59
13 59 181
167 1 151
5 167 97
103 41 199
1 173 1
3 173 179
11 191 191
137 149 7
79 11 199
1 2 1
131 1 179
4 131 179
13 163 13
179 1 181
149 2 17
163 193 37
19 157 37
17 127 1
13 199 31
131 137 1
19 167 139
109 41 113
71 197 167
179 19 199
1 41 67
113 137 197
127 53 97
181 1 5
23 103 163
191 4 1
97 29 89
47 31 1
127 157 127
173 103 127
109 47 17
11 29 5
191 101 83
37 167 41
179 157 181
151 34 149
23 1 31
73 83 109
163 193 2
10 1 47
173 167 131
107 31 103
97 17 1
163 53 127
199 101 13
109 41 167
179 139 71
83 197 113
11 79 49
1 23 113
173 163 181
1 1 37
11 181 37
157 31 131
181 127 31
83 137 17
101 179 13
137 127 53
23 59 1
73 67 23
167 89 41
1 47 82
103 53 179
157 83 53
67 79 179
155 1 103
23 95 101
131 97 83
167 103 83
41 149 1
199 173 113
131 61 73
61 79 151
1 5 101
7 37 37
1 109 107
167 7 41
53 73 41
29 101 181
59 29 1
137 97 23
173 67 17
157 67 47
23 43 23
137 157 19
127 113 193
43 3 97
71 29 2
101 127 181
7 109 191
67 19 163
181 113 151
59 101 139
59 109 181
193 181 41
71 142 23
31 179 167
103 53 43
83 163 1
131 67 3
199 1 197
61 173 122
199 37 38
89 107 181
1 5 173
127 179 61
173 127 53
11 29 127
83 127 59
43 31 179
1 137 7
89 53 106
101 3 149
103 129 131
37 1 11
131 53 1
59 43 109
107 131 67
107 74 5
41 73 59
197 5 7
43 127 61
79 41 149
1 17 59
19 47 163
1 103 67
107 53 53
151 109 3
1 83 95
139 149 193
131 23 179
173 83 167
139 197 13
43 179 113
179 97 43
89 53 173
181 159 191
79 43 107
107 163 193
113 79 107
73 1 73
139 5 106
19 59 185
1 3 89
89 61 1
29 73 79
53 29 157
197 1 127
1 29 53
151 163 139
103 39 107
137 137 127
107 41 37
101 157 109
1 107 101
199 31 151
101 41 73
89 73 109
89 113 151
79 1 29
139 107 43
139 199 13
47 79 109
199 67 31
61 37 89
193 31 109
14 59 131
41 193 137
103 199 139
59 31 23
199 31 113
5 113 89
23 127 101
199 197 1
17 173 13
79 79 73
43 163 73
131 71 101
19 191 89
191 43 1
13 191 193
19 179 97
97 179 107
148 113 37
131 193 94
47 157 113
13 71 181
5 149 1
151 173 71
139 31 163
11 127 31
149 83 47
149 37 1
103 137 137
131 11 17
41 197 127
61 31 3
113 11 13
137 113 137
157 113 151
89 1 109
149 79 29
107 1 101
83 193 71
86 131 79
89 149 179
193 139 131
1 71 1
23 43 1
191 149 83
163 139 19
131 157 2
71 163 1
78 149 167
109 199 109
5 1 157
1 129 41
173 163 103
103 37 163
67 1 137
89 17 109
13 89 83
193 77 1
137 197 31
17 31 53
17 163 1
181 131 13
103 43 3
109 197 3
67 5 19
83 29 158
137 3 167
131 127 179
197 43 5
71 49 157
23 163 103
149 43 3
79 41 127
43 1 151
13 5 1
37 149 61
83 151 23
1 151 95
31 131 61
181 127 73
23 59 139
137 67 1
61 157 103
1 181 149
73 73 1
151 53 41
11 173 79
89 197 13
19 13 83
173 2 67
23 89 43
149 71 29
113 41 41
43 127 193
13 1 5
17 181 181
167 151 17
113 7 101
145 17 3
73 19 199
87 101 179
103 163 131
1 157 163
67 34 179
11 139 197
101 1 151
163 83 1
159 103 101
19 19 1
31 149 107
103 179 67
5 167 127
1 1 59
166 41 199
167 1 29
149 179 142
1 103 1
13 2 61
59 109 199
29 173 1
15 1 127
79 109 197
89 103 101
173 89 71
173 79 181
101 151 29
59 37 3
23 37 181
97 127 1
199 1 163
31 13 131
31 137 11
103 151 193
71 157 29
101 97 151
13 37 17
67 43 29
7 19 191
103 101 113
1 97 13
101 37 34
131 131 199
13 67 157
17 179 157
2 137 41
113 191 181
163 19 103
101 59 37
127 43 19
149 167 67
149 1 173
47 37 137
67 113 51
109 83 2
11 2 179
137 47 89
17 47 23
173 89 97
41 89 59
163 49 1
181 85 151
73 131 1
17 11 23
53 179 109
47 29 23
13 37 97
37 1 103
23 191 67
37 57 101
151 163 11
1 17 59
113 107 53
73 199 43
7 41 167
43 61 31
109 11 83
103 67 151
37 154 23
163 193 83
1 193 11
191 49 59
43 23 61
173 97 167
197 37 181
37 1 1
59 41 83
97 37 163
17 191 7
41 23 191
29 101 101
166 5 73
31 59 167
199 74 35
29 79 53
23 181 61
1 107 43
157 71 71
103 1 89
19 41 23
19 79 71
103 61 134
59 137 67
71 43 5
3 137 41
2 1 31
73 155 47
109 157 113
1 1 149
43 67 163
193 113 199
131 197 41
83 1 191
89 101 157
17 82 191
193 149 77
19 31 113
31 67 191
1 7 17
31 185 1
2 61 191
109 59 173
73 37 83
157 109 1
191 131 89
47 11 1
157 29 163
53 199 197
61 179 23
151 33 1
109 181 131
1 107 47
5 193 47
157 43 1
23 151 139
149 151 79
137 173 193
103 151 151
41 179 1
149 118 23
157 17 1
29 29 41
67 23 37
37 7 89
191 157 137
3 181 83
23 59 1
179 31 29
3 131 41
13 137 59
191 197 151
103 103 37
137 61 107
149 199 1
71 71 37
163 3 173
197 101 157
2 151 179
83 127 41
67 2 37
179 175 58
1 59 199
3 191 1
71 91 193
193 11 103
43 37 31
3 107 19
34 107 43
61 1 101
89 1 53
181 23 199
25 149 73
47 61 163
11 5 59
1 73 3
19 113 67
173 2 11
79 193 197
187 127 113
47 73 127
103 6 73
139 3 17
181 41 2
127 151 107
23 11 53
1 109 193
31 17 17
89 19 79
17 43 191
193 179 1
109 97 163
173 47 127
97 1 1
79 149 11
191 41 17
181 5 101
113 79 1
71 199 13
47 1 151
127 89 191
37 193 19
67 2 51
151 7 151
163 19 109
23 3 101
1 157 167
127 19 151
67 103 157
83 199 1
179 131 103
167 113 139
109 173 1
101 167 83
179 137 97
17 1 1
1 13 113
53 71 23
181 1 179
1 19 29
103 149 137
19 73 31
101 137 113
67 107 191
103 179 101
89 47 29
23 61 43
127 85 89
1 191 103
1 61 89
43 37 197
103 101 137
23 163 113
83 43 19
173 79 1
11 149 2
193 127 41
13 29 1
47 1 11
22 137 43
137 31 179
37 107 179
53 1 7
61 13 19
19 89 139
109 67 97
67 199 19
89 41 5
101 1 67
89 191 53
73 179 19
89 89 17
197 79 79
173 185 71
43 19 191
167 43 5
179 19 173
29 1 43
151 199 173
23 61 199
1 53 3
179 29 1
1 67 173
11 31 191
17 113 31
1 173 11
167 71 97
43 41 17
107 107 47
3 19 167
158 15 17
23 103 31
26 139 137
79 193 151
127 73 173
167 157 173
79 61 101
3 173 31
79 103 109
51 89 193
131 43 181
73 97 149
67 83 103
137 197 73
2 73 181
187 83 163
97 139 173
43 173 139
1 89 1
185 23 46
47 107 179
61 163 119
101 37 1
43 185 17
173 173 67
61 97 59
181 19 61
71 173 53
97 89 79
71 53 7
5 19 179
113 7 139
31 173 79
89 29 149
61 107 1
139 59 17
83 41 1
57 59 61
137 181 47
73 95 107
139 7 43
53 61 47
191 107 181
2 103 23
137 139 191
41 17 163
61 173 167
13 191 199
137 17 29
127 151 67
59 73 41
53 53 41
19 1 41
89 1 7
149 61 167
173 101 37
29 17 1
113 131 7
163 149 179
47 89 73
137 1 47
73 1 89
1 2 157
107 107 151
199 19 73
191 79 137
3 191 59
179 137 43
41 47 197
173 61 197
191 193 31
5 61 113
3 87 67
193 199 41
73 37 151
181 97 11
29 137 79
1 61 59
3 155 79
139 101 197
137 199 179
77 193 137
139 193 97
134 67 7
1 47 191
11 191 19
71 113 29
193 79 13
19 19 61
131 11 23
37 33 17
1 53 107
163 103 177
1 197 173
2 41 17
31 149 199
59 131 53
1 41 179
47 151 137
103 173 13
7 37 166
53 89 43
1 43 181
61 97 47
101 17 151
179 23 127
181 151 167
3 113 109
71 107 167
149 79 13
149 82 134
23 7 167
107 89 73
7 109 181
11 87 83
5 137 19
163 109 61
85 167 101
83 29 53
97 109 194
167 11 38
67 89 41
67 43 61
47 5 19
151 149 23
127 191 191
97 101 139
53 71 47
19 83 29
157 62 83
59 109 3
179 173 157
195 37 41
1 167 107
23 19 13
41 97 59
71 127 19
29 137 73
113 59 83
43 55 191
89 97 73
67 23 10
193 1 127
61 23 73
61 183 41
7 197 137
137 31 113
29 151 79
61 181 191
163 191 107
1 191 53
7 103 1
13 83 67
61 181 61
47 101 109
107 101 85
131 61 103
109 139 107
61 173 191
89 11 151
13 47 3
173 73 71
137 67 1
83 151 13
17 127 89
7 127 17
71 127 191
119 73 59
41 61 37
79 197 193
47 17 149
149 3 61
5 1 43
11 109 13
59 191 23
37 191 1
197 71 137
47 131 1
191 129 199
163 29 19
181 31 1
113 193 1
19 167 31
61 149 103
29 41 1
173 1 5
127 137 23
157 199 181
1 107 47
167 71 53
199 1 1
5 197 181
61 26 67
7 151 157
151 13 1
107 47 163
13 11 181
73 1 43
199 101 137
19 113 83
7 5 29
79 157 53
97 149 1
113 71 31
3 199 1
1 181 163
17 11 197
2 1 97
11 83 131
19 19 179
173 31 1
131 89 107
173 13 43
31 157 197
139 6 193
103 89 17
39 89 83
59 19 191
43 193 73
26 191 89
107 113 163
37 13 157
197 131 131
59 137 167
163 59 5
197 11 59
73 167 11
89 107 149
181 103 23
89 113 59
43 1 23
103 1 193
19 181 31
113 1 61
181 173 107
167 31 17
13 199 103
5 199 1
193 53 11
139 197 7
131 107 73
137 137 173
139 17 2
53 89 173
5 43 83
97 73 181
37 179 127
43 13 83
123 139 197
109 17 167
151 107 65
115 103 1
3 163 101
41 151 1
197 29 14
5 1 79
193 113 163
163 71 73
139 31 139
1 137 43
89 107 1
193 43 79
173 173 101
17 89 109
113 47 179
67 1 173
53 73 97
179 43 1
43 53 17
59 107 13
113 193 13
5 73 71
197 101 173
193 5 31
123 191 71
1 163 31
7 107 139
1 61 131
137 37 47
29 67 159
193 151 31
151 107 83
127 107 149
193 191 73
199 199 29
29 179 187
103 71 19
149 1 1
31 97 107
181 113 157
53 59 131
151 1 97
1 197 83
151 5 191
7 1 59
97 157 109
181 17 29
113 3 83
137 181 107
41 149 139
163 131 103
83 89 19
1 1 1
101 109 2
19 193 191
167 179 1
113 157 59
97 29 19
17 43 113
43 29 13
197 73 181
79 151 13
43 97 173
89 107 43
71 143 191
173 2 19
197 17 1
157 37 61
131 97 197
137 139 31
41 23 167
103 11 109
179 157 61
29 107 31
181 157 173
71 139 89
149 101 181
47 157 42
11 167 131
47 11 59
1 59 181
2 101 23
193 149 37
149 41 61
73 89 53
79 109 103
29 119 101
41 83 17
197 59 101
67 1 17
97 173 149
173 61 133
1 1 1
149 31 73
137 67 199
93 71 79
73 139 103
41 139 193
19 199 47
61 163 173
97 193 163
163 131 79
107 71 37
157 13 127
149 1 197
11 127 61
193 5 67
79 89 47
37 3 107
109 109 41
181 83 163
167 17 93
43 181 5
139 71 131
191 127 73
149 83 5
151 1 109
2 163 157
163 97 193
97 7 2
1 83 29
127 179 1
163 59 1
47 101 41
149 149 149
43 11 89
37 107 71
79 71 6
73 178 191
167 13 181
103 107 127
167 73 53
31 1 127
73 7 1
179 197 1
3 197 5
53 79 47
107 73 167
197 179 37
1 113 137
137 11 83
178 13 197
107 31 137
3 131 2
67 137 101
173 173 127
79 173 89
23 103 149
73 1 157
179 191 10
1 71 73
163 89 37
113 29 77
167 139 173
107 89 199
181 107 26
43 101 41
107 193 13
163 7 131
19 89 73
97 137 73
193 199 167
47 181 174
97 178 151
31 47 193
2 7 73
23 67 1
29 59 181
83 5 41
1 67 181
11 89 11
103 101 103
129 41 151
7 47 1
1 107 181
127 187 37
157 83 127
191 1 113
67 141 43
103 41 1
5 173 1
1 43 37
149 149 157
97 181 157
163 47 67
13 59 173
73 193 191
1 193 127
79 157 109
137 29 139
131 173 37
19 97 151
173 163 47
127 151 89
191 103 11
163 89 61
73 73 191
37 101 103
3 173 97
79 173 83
5 193 31
53 31 197
97 199 1
151 179 149
2 113 107
149 193 23
127 109 17
167 193 73
35 47 149
53 47 131
191 179 127
178 14 193
67 193 1
173 23 131
79 41 73
83 7 97
139 139 19
91 149 139
131 79 151
23 137 199
113 1 53
47 1 109
167 139 157
163 103 173
69 67 7
1 29 67
103 107 179
177 1 113
79 157 137
139 1 37
163 79 31
53 89 181
41 43 1
31 17 11
43 149 1
167 191 103
43 1 71
149 139 89
61 43 73
43 71 47
71 79 131
163 131 73
1 149 53
53 61 71
37 37 167
139 37 149
127 71 149
47 167 41
17 181 101
41 26 191
71 1 13
131 11 199
101 53 179
5 71 83
3 107 107
173 11 193
23 149 103
199 139 122
59 101 69
193 163 7
7 1 1
53 131 101
73 197 137
11 173 1
97 1 53
1 103 193
47 5 107
43 3 7
73 29 197
163 113 61
139 83 37
107 1 97
67 179 53
53 163 31
83 107 183
31 101 113
61 101 59
2 11 163
109 23 1
37 199 5
23 109 41
194 5 31
11 142 47
109 53 1
101 181 31
73 71 53
199 31 103
137 62 1
71 23 44
11 83 199
139 77 137
139 1 199
151 41 29
79 197 199
193 109 103
139 41 179
1 1 139
59 41 131
149 1 157
79 67 197
61 137 191
197 1 193
97 7 131
3 199 29
73 191 139
109 103 93
67 43 23
179 89 173
163 181 53
37 139 3
73 193 137
89 1 19
71 139 73
29 31 109
151 113 11
149 1 29
71 1 29
79 199 1
163 41 73
31 167 101
73 107 157
131 41 38
11 109 29
5 151 61
146 23 29
17 143 131
11 113 101
23 157 191
53 163 47
71 141 107
149 173 37
37 149 113
23 53 151
111 79 39
179 127 107
41 1 101
131 101 109
181 79 31
97 17 3
137 1 107
34 3 3
83 131 1
109 109 1
71 1 61
113 1 13
139 23 103
17 193 173
67 59 101
83 1 5
13 191 1
103 151 1
13 7 109
103 97 41
59 61 89
149 193 79
199 193 107
191 163 139
41 199 19
41 163 139
59 1 83
95 151 137
113 157 127
89 179 61
31 199 179
157 1 167
151 59 11
19 1 1
1 61 149
59 43 13
97 157 179
109 47 173
83 107 47
127 43 5
1 1 137
113 13 79
113 83 59
157 113 11
101 163 53
1 163 13
1 71 157
193 181 149
167 13 37
29 1 191
173 61 167
79 97 139
31 149 97
151 3 19
97 59 101
47 43 1
73 179 5
143 181 13
21 61 191
19 191 109
137 163 131
181 109 179
191 47 137
43 97 139
79 86 19
131 53 41
2 179 11
113 199 7
11 113 109
127 107 83
29 5 11
157 193 137
151 131 17
131 5 19
193 139 77
3 179 167
83 67 1
3 1 59
13 1 163
199 127 167
73 163 127
127 139 47
179 37 53
29 21 157
7 47 122
101 79 109
61 131 149
1 163 103
101 3 103
43 43 23
157 181 97
29 107 1
103 113 1
193 29 5
67 107 43
4 17 193
107 157 173
17 113 113
1 77 1
73 73 71
157 107 193
47 73 3
1 89 109
79 191 67
197 79 5
53 53 83
73 73 107
157 5 83
113 137 173
163 109 149
7 47 127
181 127 53
23 61 41
139 59 131
113 157 79
19 179 113
59 139 109
1 193 59
43 113 5
194 67 163
74 3 109
17 5 131
157 101 43
67 149 199
53 151 101
89 109 29
179 115 91
159 61 109
78 29 167
173 1 59
73 11 137
173 89 1
53 37 23
79 23 61
57 5 109
89 7 79
43 7 61
193 23 19
83 2 17
29 79 59
29 31 13
113 31 173
3 143 191
73 1 139
19 109 53
109 73 43
59 47 43
67 149 13
67 1 53
97 149 71
163 163 71
179 131 53
83 53 13
29 1 173
37 19 59
97 179 179
89 191 1
25 149 149
149 13 107
17 47 51
79 107 37
181 5 79
139 131 41
59 73 1
167 23 71
13 179 97
59 157 197
151 1 17
193 163 53
29 37 139
103 167 1
97 1 107
1 67 163
173 149 103
7 4 23
131 55 86
71 167 149
73 3 3
3 59 149
83 61 199
107 89 53
101 103 43
113 173 139
37 7 41
31 41 17
7 23 199
127 115 113
1 1 29
61 47 191
167 7 97
103 107 1
3 109 11
181 47 199
17 79 13
31 31 163
101 197 19
61 19 101
71 181 167
1 101 139
91 163 149
5 1 13
149 103 101
179 83 107
7 47 47
139 73 179
173 149 151
101 61 1
149 19 11
101 53 1
97 29 41
9 43 151
185 89 193
85 5 61
11 1 67
19 1 137
83 59 151
131 41 149
113 199 47
59 199 149
11 127 37
5 37 131
2 11 71
1 59 29
167 109 1
23 13 1
101 73 17
13 118 41
193 1 131
61 61 159
101 53 19
1 11 173
17 97 67
5 119 197
139 86 137
109 2 1
1 106 31
101 97 157
31 29 61
1 73 23
29 31 31
191 11 173
73 29 101
139 7 97
79 173 131
193 89 109
1 109 139
89 101 79
43 1 173
1 193 79
19 178 151
191 193 95
67 1 179
197 109 83
197 59 1
79 127 1
163 29 97
73 67 113
149 97 47
101 1 101
197 83 1
35 181 127
1 73 179
139 163 167
101 67 1
61 1 61
137 149 89
109 137 41
191 47 109
1 61 107
5 58 167
151 179 163
17 41 3
23 197 3
47 79 97
131 89 149
1 23 97
31 3 197
185 193 65
19 47 157
53 43 67
163 11 179
53 1 11
97 107 7
163 127 3
181 149 5
197 191 5
193 29 131
167 1 31
43 2 97
167 123 139
47 1 71
113 83 181
187 43 139
3 151 139
3 157 53
157 83 179
157 173 137
7 17 23
61 1 113
71 157 77
2 41 83
1 85 41
43 193 199
43 151 47
43 193 73
163 97 3
73 97 106
7 61 7
43 3 101
5 11 43
193 1 101
157 127 107
113 191 37
166 107 19
43 31 37
151 17 173
151 73 67
113 13 97
127 179 163
53 7 79
2 31 57
151 131 134
13 173 167
43 109 2
163 167 109
17 77 147
163 53 19
31 61 29
97 131 71
109 173 43
61 1 31
43 71 23
11 1 197
41 43 191
17 1 173
107 193 163
199 193 157
23 2 185
173 194 151
67 1 37
47 197 163
23 71 29
41 193 43
11 29 73
129 191 167
59 53 191
173 59 109
61 1 5
179 127 17
193 113 1
173 23 1
173 107 193
149 7 17
83 1 47
179 163 137
1 107 43
47 1 49
167 3 181
109 101 47
59 37 13
107 1 173
157 89 43
109 67 151
47 151 149
17 97 163
193 53 149
79 29 1
71 71 19
37 26 59
61 67 2
61 61 33
37 137 131
1 109 13
123 146 1
113 1 5
5 181 107
122 31 71
7 193 193
113 1 83
37 137 37
29 1 59
1 43 5
53 67 43
109 183 73
31 23 1
47 29 43
97 41 191
83 143 149
151 17 173
37 1 107
23 71 197
131 1 61
97 101 89
61 173 137
167 163 139
17 151 101
199 41 53
167 47 37
199 179 83
13 118 41
5 109 79
1 163 193
67 83 157
29 139 197
101 43 3
129 149 107
101 131 103
67 19 65
167 197 73
1 137 143
1 19 91
13 139 149
179 101 23
199 7 89
163 3 73
3 101 157
191 97 37
167 193 183
61 3 1
1 167 1
163 79 127
109 197 113
107 11 193
199 191 19
13 199 11
29 193 7
163 89 109
5 139 1
1 19 23
73 1 41
113 139 199
173 149 197
159 61 7
29 2 73
197 83 131
145 149 107
11 14 43
1 59 1
31 62 23
17 1 97
139 157 1
191 167 23
7 1 113
23 61 53
107 149 163
101 17 47
127 97 2
79 127 191
47 139 149
43 1 103
197 149 103
149 3 191
73 197 61
191 197 59
163 113 83
137 47 1
167 107 107
151 151 103
1 1 157
127 193 181
23 83 97
127 97 7
37 79 89
199 173 73
5 1 23
31 41 137
97 2 21
61 65 139
47 17 101
3 11 1
7 23 139
149 157 151
97 47 71
74 1 197
5 149 103
59 127 113
191 197 157
109 22 173
31 178 163
157 59 107
13 167 73
151 11 193
61 2 11
73 5 167
127 43 79
193 73 181
127 137 37
157 19 43
61 83 193
139 197 47
29 131 131
173 61 149
79 157 179
158 33 113
197 82 47
157 173 37
1 17 23
157 1 41
79 107 113
59 61 179
113 1 61
37 133 179
37 113 193
149 97 67
59 7 5
59 163 193
89 29 157
62 151 37
127 163 137
89 191 173
47 85 17
172 163 71
31 163 199
59 1 1
15 137 163
101 61 47
43 1 71
23 193 3
71 73 31
83 151 95
157 5 97
89 149 13
53 163 37
19 197 101
127 17 181
7 71 79
61 59 19
109 1 167
1 79 43
131 157 37
101 103 167
181 19 157
193 73 191
43 151 43
149 17 59
149 17 7
89 41 127
129 61 67
73 2 53
181 74 5
1 1 37
103 97 131
173 67 11
17 179 173
1 73 146
199 47 23
107 2 79
67 149 1
157 3 61
1 89 131
17 167 1
86 139 41
1 193 1
43 79 109
79 13 199
1 83 89
23 137 73
37 137 61
167 23 71
73 1 113
124 163 2
179 137 149
61 149 181
89 97 61
1 113 61
151 157 131
67 149 37
13 2 157
1 67 37
17 103 11
197 181 41
137 53 151
37 1 179
181 191 179
67 71 2
73 23 139
181 197 157
178 29 59
1 1 191
113 1 157
107 127 103
101 2 17
83 47 127
61 1 37
139 71 197
129 1 47
197 83 197
19 11 79
151 71 53
53 29 61
199 61 31
157 47 131
11 13 109
37 1 181
41 149 167
107 157 157
59 149 67
31 107 1
7 10 31
53 67 23
89 181 79
11 71 47
89 17 1
173 167 7
103 179 41
7 29 89
1 163 7
53 157 191
71 185 59
131 35 37
197 7 61
71 59 5
47 5 43
1 97 71
61 149 83
134 1 19
166 1 1
7 109 13
1 13 7
167 51 139
67 191 31
193 1 193
173 103 73
137 7 73
89 29 197
7 53 163
1 163 107
193 67 131
1 29 163
59 131 11
173 1 2
113 13 47
137 107 1
61 179 103
149 163 97
197 53 137
11 127 103
71 167 29
43 7 149
97 23 47
193 1 103
199 29 1
97 59 22
11 197 157
179 173 2
173 97 61
139 127 107
7 29 23
113 163 157
107 97 17
107 17 193
31 149 173
58 79 1
157 173 1
23 131 181
157 97 11
73 167 139
11 41 5
131 101 109
103 1 197
149 29 23
193 74 97
97 113 167
109 23 127
11 61 79
9 149 137
1 31 157
29 197 199
62 131 47
193 163 97
7 1 131
11 53 30
97 191 83
71 137 103
121 179 11
19 191 53
109 129 139
131 31 83
71 79 19
67 139 181
149 47 53
73 113 139
199 137 43
157 157 59
107 79 61
193 73 103
59 17 19
139 127 1
179 109 89
97 1 122
181 67 103
41 178 71
1 7 167
97 11 47
7 1 47
67 83 101
19 71 163
157 193 199
193 43 5
191 97 71
53 109 23
191 137 131
107 47 113
109 181 97
97 109 6
37 173 107
7 67 1
31 13 67
113 53 173
17 1 97
107 89 59
37 19 41
193 77 61
73 7 67
13 61 151
97 133 7
146 137 41
83 179 101
113 1 17
149 137 163
199 97 113
13 163 161
151 1 197
1 43 97
11 167 193
1 199 31
157 1 137
67 149 151
197 61 109
67 1 1
103 79 79
13 83 3
83 13 2
47 89 131
1 29 1
199 197 37
1 13 43
61 17 127
191 19 1
123 11 97
1 47 97
107 47 26
1 2 113
127 1 73
41 1 191
5 131 157
79 151 17
139 157 101
151 1 37
149 193 118
53 151 73
139 19 179
73 151 163
79 197 97
79 1 103
79 7 149
127 10 107
197 1 17
141 97 83
55 79 101
73 101 157
1 58 89
11 1 19
137 1 79
197 137 129
151 89 191
185 31 97
103 107 3
181 7 103
19 181 101
13 11 19
13 5 181
43 167 199
7 73 113
179 127 1
83 91 139
19 37 71
131 131 181
1 83 94
197 107 173
1 131 5
137 67 13
163 173 139
109 103 97
161 181 199
83 43 113
103 149 83
89 79 127
109 193 93
137 191 59
73 13 7
193 19 193
43 106 103
23 1 53
5 193 179
127 103 101
73 47 11
1 181 17
59 173 1
39 13 11
19 29 23
53 109 38
131 1 163
7 127 1
23 101 101
11 191 139
2 59 97
191 199 19
149 197 127
199 41 43
1 61 101
115 89 89
67 1 142
41 157 197
73 157 191
61 53 127
87 191 101
191 137 37
23 47 23
29 103 197
113 127 157
1 191 59
167 37 199
149 139 43
11 137 67
1 101 73
151 1 59
41 2 191
89 173 37
157 31 163
37 139 71
41 127 101
1 101 173
1 37 179
139 79 181
47 131 193
179 113 23
41 113 101
59 1 29
163 83 199
103 1 13
71 101 47
71 79 31
1 41 23
35 113 41
29 157 193
3 37 113
193 1 67
43 43 61
163 89 5
62 103 163
181 139 107
17 178 89
92 199 19
37 67 163
149 1 101
17 197 137
67 199 179
3 157 23
23 107 149
29 131 173
73 173 67
37 29 157
11 79 89
61 67 5
97 167 179
31 193 197
139 103 149
89 47 103
41 41 107
113 191 109
43 43 73
1 107 137
79 89 43
101 191 1
199 181 7
7 17 17
71 183 1
2 1 197
61 61 79
191 109 1
59 31 59
173 181 13
109 109 163
37 1 157
29 47 83
193 47 59
1 1 89
1 173 17
23 131 5
139 139 11
101 103 41
29 17 103
2 109 67
151 53 103
167 163 137
43 137 139
29 197 83
29 53 3
1 73 59
3 137 29
23 151 191
53 83 29
173 29 43
137 31 29
137 191 1
79 173 41
3 73 158
67 41 7
109 53 29
113 1 67
157 5 193
79 1 79
53 4 199
173 107 47
167 73 109
73 2 103
59 107 19
181 197 7
17 139 101
1 61 13
149 101 23
13 59 59
197 113 131
179 53 83
163 109 181
199 197 131
107 19 67
181 59 47
1 71 149
3 197 41
19 29 71
2 193 43
73 1 23
127 2 197
109 151 149
73 167 41
157 97 157
73 53 127
1 5 163
3 149 157
31 71 1
97 71 167
157 3 13
109 17 173
167 1 83
41 23 73
1 23 139
19 197 163
19 67 151
53 179 29
181 53 79
101 103 127
37 167 17
89 1 11
83 199 187
47 199 181
13 11 3
43 1 97
111 101 23
19 113 67
37 11 113
199 67 61
157 181 13
197 103 141
111 1 139
103 37 139
127 145 139
167 79 37
103 53 3
199 149 5
157 17 179
79 197 181
151 5 71
23 103 127
79 167 139
83 199 53
59 61 47
131 101 179
53 11 173
83 109 97
191 183 7
107 13 107
2 97 139
137 193 73
19 173 59
37 37 173
149 59 127
94 43 163
37 94 83
41 37 77
163 103 43
61 17 167
47 151 1
53 193 5
149 43 19
101 103 193
17 173 191
53 97 193
191 173 83
139 109 113
137 43 37
1 173 179
149 29 1
107 109 101
101 113 71
31 29 1
193 73 163
97 1 83
53 101 197
59 107 89
1 191 1
151 31 5
193 19 53
131 103 59
197 43 163
19 7 29
17 71 31
167 103 151
79 179 151
103 101 73
2 149 113
149 17 23
71 157 173
79 163 173
131 89 31
1 179 19
199 31 191
1 137 191
