2999 3000
71 131 73
191 37 29
187 103 121
111 139 151
91 49 55
179 165 91
83 49 99
135 97 7
113 153 29
143 147 85
177 19 129
117 49 103
19 73 93
159 25 79
111 183 95
77 177 185
29 77 165
125 187 47
79 15 87
129 101 199
149 29 45
101 133 127
77 129 43
5 9 63
187 7 125
69 191 35
145 59 15
131 11 43
49 97 169
149 199 151
83 147 183
119 73 131
47 117 135
159 83 13
165 7 121
157 145 13
15 161 81
25 107 25
25 179 59
127 33 107
75 17 57
51 147 43
167 187 161
153 103 7
63 23 167
9 35 131
73 115 191
83 43 111
63 5 39
95 113 169
111 73 95
163 115 73
149 179 125
155 89 195
177 159 149
117 195 11
135 185 123
179 199 99
183 39 183
199 7 45
175 5 139
193 79 155
171 3 21
165 197 73
123 49 27
117 61 107
7 87 23
109 187 159
147 169 41
57 13 127
63 55 127
141 113 5
47 133 199
43 5 73
93 135 37
57 43 65
47 65 85
33 127 195
1 167 105
117 95 155
77 125 13
189 129 179
27 31 23
31 9 69
71 149 15
113 13 11
81 99 171
9 197 19
175 101 155
173 57 157
97 173 177
131 55 157
65 77 147
73 49 173
23 63 107
139 179 177
141 149 193
139 167 75
39 123 83
199 183 161
75 63 135
129 21 135
109 71 169
61 43 139
29 53 11
7 31 137
59 23 181
131 1 121
157 83 59
43 149 3
105 187 1
29 121 181
99 195 13
45 133 27
99 47 87
33 89 115
159 69 25
65 189 85
51 153 15
199 155 75
185 59 117
11 39 125
5 53 155
137 79 157
87 69 107
175 89 109
43 113 141
33 101 3
89 19 171
43 93 23
101 9 21
45 135 7
97 193 17
79 53 125
147 159 165
35 67 51
53 111 27
153 19 173
77 189 109
169 11 197
83 33 39
121 143 45
113 63 89
69 187 89
29 151 71
95 1 121
111 131 61
129 105 113
117 13 169
33 11 45
65 153 15
111 197 1
173 189 121
159 181 137
13 51 5
117 173 33
49 137 33
57 49 143
69 121 71
183 167 91
41 85 123
141 85 91
131 5 1
111 45 77
67 49 35
39 83 151
79 115 69
127 161 21
47 135 77
117 129 49
105 53 137
189 47 177
97 153 117
141 29 47
191 169 63
177 119 129
195 91 71
155 111 149
193 91 179
121 141 129
77 77 47
125 53 55
181 169 45
9 121 45
81 183 91
105 15 185
195 85 161
11 137 59
101 115 117
41 147 109
117 97 29
73 153 107
147 197 135
67 145 115
153 35 27
167 19 109
155 83 13
195 141 111
13 57 121
159 165 23
57 99 63
9 109 85
109 43 61
53 61 7
193 87 177
11 99 129
199 15 199
139 127 57
197 151 51
65 173 63
163 141 23
71 129 79
17 189 191
181 197 99
69 173 151
71 7 143
87 5 59
117 167 57
67 17 99
145 185 95
85 111 65
117 189 27
105 179 3
5 181 19
83 131 105
89 179 173
197 141 147
163 101 137
85 199 53
69 199 25
83 63 169
71 193 157
153 195 73
133 119 177
167 23 183
49 99 65
189 45 57
89 87 53
193 139 121
191 67 109
157 35 81
149 191 163
145 167 33
167 145 89
93 31 125
191 199 195
139 55 45
129 11 33
173 35 27
39 143 19
75 23 113
169 185 69
137 121 17
185 113 65
15 141 135
117 137 27
75 181 121
189 117 165
25 47 93
71 65 65
95 81 105
183 149 83
105 71 155
121 39 91
63 175 179
199 105 97
83 27 13
199 95 191
47 187 181
15 157 109
1 165 179
53 47 73
123 105 161
67 101 169
41 79 89
145 177 55
75 93 53
73 85 135
165 65 39
121 173 189
85 55 3
35 33 3
139 193 57
39 161 83
23 153 149
199 9 93
195 165 143
79 5 121
47 43 195
123 31 159
179 137 79
11 45 67
3 101 5
67 87 47
19 37 191
131 33 13
97 175 115
101 97 13
143 195 93
77 153 43
13 135 167
57 1 49
61 109 59
53 155 165
193 49 135
25 165 153
105 79 189
1 93 85
99 89 89
51 131 135
185 1 11
89 49 127
101 11 89
55 175 53
9 109 105
173 167 97
157 59 123
49 143 27
41 31 131
75 165 29
77 79 183
29 109 167
41 197 159
119 51 59
133 155 17
99 53 25
61 79 103
3 9 59
137 139 11
5 71 51
187 53 125
95 123 105
93 81 135
47 43 175
1 59 197
157 189 129
35 91 131
43 149 191
85 159 193
59 113 33
15 37 37
137 47 127
121 181 23
67 59 115
127 55 161
19 185 65
109 115 23
161 11 161
23 107 109
135 141 97
75 81 61
121 9 75
5 31 117
63 49 37
23 113 105
7 81 135
25 7 153
35 169 165
47 181 29
187 181 51
171 41 89
179 117 67
113 33 189
65 173 97
81 77 161
67 115 183
73 171 93
145 135 21
29 67 161
11 21 7
51 109 193
167 81 163
103 173 47
77 69 63
153 29 33
69 115 113
39 111 179
79 133 157
49 93 101
71 3 131
83 195 45
163 61 95
135 11 167
5 75 69
137 107 145
157 123 3
67 7 175
103 163 13
99 167 195
101 1 45
95 45 19
61 141 101
71 11 169
49 79 103
59 25 11
183 27 53
189 1 9
151 117 179
21 17 83
23 165 181
67 183 83
111 187 81
121 155 45
1 163 117
129 77 69
59 129 129
163 41 111
79 21 99
199 7 153
163 187 173
49 173 99
141 159 167
95 3 181
161 23 7
39 93 111
71 21 39
113 35 1
37 37 163
43 189 145
133 65 145
11 69 11
169 139 61
171 119 1
195 125 199
87 139 161
11 81 103
45 81 77
81 43 93
173 189 129
141 37 75
113 47 113
51 107 123
171 11 91
199 11 165
43 75 159
123 81 149
5 157 63
151 155 11
139 83 195
79 63 71
127 175 13
137 97 125
149 91 81
63 55 155
41 119 57
121 171 99
181 35 23
135 45 131
123 41 81
185 111 125
159 27 3
159 57 129
49 137 67
7 195 15
125 51 181
97 151 21
35 77 141
79 7 25
23 87 161
39 11 187
169 15 171
129 143 33
169 113 95
163 31 143
15 11 53
69 31 179
145 75 179
151 5 13
37 69 195
153 55 123
167 129 161
13 161 129
31 55 59
61 101 131
177 153 95
111 35 109
187 13 177
95 129 25
163 125 175
17 151 115
145 111 67
9 143 137
167 105 55
67 37 85
123 131 49
159 143 25
75 23 137
5 47 27
33 125 121
183 39 83
197 11 3
43 147 147
53 1 59
89 189 25
123 39 195
169 167 117
95 103 75
141 33 55
169 153 59
7 35 195
17 141 81
69 191 181
69 49 23
163 73 75
105 67 67
71 89 93
79 163 61
111 17 155
65 179 199
3 77 167
145 61 79
135 41 95
185 169 163
161 43 137
133 15 3
21 107 107
87 73 177
9 131 55
91 35 71
169 105 135
133 183 41
175 183 185
143 49 25
89 89 113
103 91 73
115 101 109
187 79 33
117 37 121
151 11 129
161 145 123
143 187 195
125 75 129
79 99 103
167 115 149
163 93 37
63 1 45
45 35 159
187 59 49
197 91 69
143 13 125
33 9 85
11 137 27
15 143 57
129 91 135
21 31 5
23 75 167
161 137 31
19 185 179
109 55 165
25 83 163
137 167 9
177 97 41
119 153 155
113 191 169
145 101 99
123 67 119
61 1 45
149 85 109
107 49 31
189 11 43
59 19 69
157 163 5
109 119 183
5 87 5
105 89 119
75 113 167
181 61 89
65 171 53
113 1 3
29 149 13
151 17 3
19 125 165
137 11 121
127 17 135
121 39 139
33 5 147
93 197 21
167 51 105
73 157 169
21 169 187
37 75 15
65 41 165
181 65 183
101 199 23
139 41 55
47 187 175
147 113 7
101 17 3
57 91 171
131 77 43
109 195 63
53 63 3
119 47 171
117 173 151
159 131 51
49 105 93
161 15 43
83 123 95
173 93 195
153 39 157
147 5 87
9 111 99
159 81 153
133 137 175
63 91 91
73 89 153
191 35 107
113 129 67
109 125 53
147 81 25
55 71 177
165 169 27
151 25 37
191 199 195
81 195 31
73 51 199
109 157 71
37 129 61
161 181 79
145 111 187
15 191 135
89 19 93
17 159 59
121 153 113
115 89 103
69 87 87
131 61 161
163 121 173
143 199 9
157 187 75
53 25 19
71 117 35
29 79 27
85 95 43
173 197 163
59 189 181
119 53 155
145 25 85
47 137 47
137 11 93
65 31 155
183 169 7
165 195 77
61 37 9
161 105 93
149 85 171
105 39 133
129 27 53
171 73 101
181 71 147
11 25 189
83 135 53
77 115 139
19 123 105
123 119 69
111 193 29
151 127 83
81 179 91
155 183 125
129 33 95
57 21 75
191 75 191
105 13 73
131 21 55
49 89 73
43 23 99
73 9 9
51 99 63
137 23 145
169 117 3
191 193 131
65 87 91
181 159 81
3 13 185
195 189 19
17 87 67
129 97 13
29 63 85
51 7 39
73 9 79
169 43 49
55 133 39
117 117 7
131 5 91
23 23 197
111 195 193
111 111 113
173 101 43
85 43 175
197 123 25
145 171 1
77 113 169
99 23 127
103 113 45
127 111 79
25 103 101
135 119 115
35 65 25
79 39 103
1 169 91
75 169 87
187 139 31
9 169 13
25 13 111
135 91 117
141 97 43
61 11 171
125 141 107
69 147 45
37 37 27
5 123 27
47 59 5
17 71 95
133 85 7
129 1 33
25 149 167
139 119 13
183 129 177
129 175 5
165 1 73
193 133 109
51 41 19
121 137 65
5 143 185
109 175 119
57 47 47
177 59 71
105 35 113
183 143 97
89 17 25
21 125 95
61 47 87
101 113 137
45 97 161
19 15 69
65 61 177
27 35 35
165 149 115
109 149 123
125 173 107
153 67 99
1 153 119
17 193 83
113 153 185
33 21 29
197 103 151
33 137 121
85 155 147
33 77 113
109 87 125
177 185 49
33 7 105
131 195 9
83 179 25
9 111 43
15 165 179
151 85 175
9 137 111
85 49 99
77 77 131
61 125 41
173 133 121
167 143 57
49 71 187
63 17 175
27 195 87
17 75 101
153 185 155
105 85 163
181 119 151
9 159 131
141 183 97
187 145 69
163 35 139
179 113 187
175 199 153
49 3 83
137 61 99
21 127 155
141 79 163
3 113 143
91 9 55
35 181 101
173 119 87
87 9 153
85 65 133
193 149 107
53 151 59
181 107 195
163 173 121
75 117 61
189 75 167
169 175 161
193 167 99
1 119 73
67 155 159
119 61 147
69 23 139
79 123 193
53 43 77
73 7 39
147 173 17
27 39 5
97 137 79
119 9 71
75 167 175
39 115 145
63 157 63
185 53 37
27 129 115
33 71 71
109 89 143
147 197 195
85 75 125
197 145 21
165 121 139
183 169 13
139 33 53
97 69 19
25 87 107
1 159 133
193 5 69
189 199 81
65 123 133
113 47 121
137 187 117
107 103 185
43 59 167
111 181 11
101 87 11
59 123 139
65 191 139
167 177 131
195 13 25
41 133 89
131 153 105
139 43 43
197 9 53
179 123 95
65 133 109
189 73 113
83 115 173
163 47 141
175 71 11
11 63 5
69 71 151
111 17 81
23 69 19
51 67 121
87 79 3
159 193 67
179 69 159
25 113 147
199 123 13
165 33 93
35 87 7
157 71 75
129 195 89
197 115 113
179 117 67
75 87 153
143 151 17
159 1 195
83 13 123
19 9 25
105 17 189
175 195 127
169 189 187
187 101 117
7 71 17
95 23 195
149 39 71
53 33 117
169 59 77
179 83 63
99 71 185
93 103 193
81 89 167
85 5 41
155 125 27
83 121 139
25 95 137
163 115 85
21 191 137
105 157 105
79 141 187
85 37 85
175 5 83
83 149 67
9 79 153
33 17 11
31 153 197
145 141 23
41 181 185
197 191 5
43 177 13
79 167 93
187 49 81
39 19 55
119 75 43
39 191 155
97 187 91
37 113 121
123 97 65
113 7 105
193 123 7
63 119 153
15 1 135
35 159 27
109 1 65
99 59 87
87 149 127
103 173 127
1 39 67
111 47 189
33 157 5
153 109 199
57 149 61
15 175 77
121 143 111
179 31 123
33 61 23
5 187 13
147 53 115
99 147 19
55 151 129
69 149 67
121 115 123
95 95 179
37 5 193
171 127 17
135 53 197
25 65 133
183 85 41
129 103 189
79 137 87
133 107 45
47 29 17
141 111 137
49 7 135
79 25 77
37 125 47
5 57 87
89 97 111
97 189 93
33 179 21
43 25 5
71 145 137
85 83 87
91 121 131
115 197 83
39 149 65
199 35 101
97 49 107
189 143 99
169 67 195
97 71 131
41 111 173
27 101 147
149 135 31
49 17 123
197 187 141
135 87 85
185 97 83
31 197 83
97 95 73
169 27 41
183 199 137
85 147 81
19 81 109
141 3 161
127 49 9
13 133 111
15 119 149
11 107 133
105 179 163
35 123 165
139 163 37
85 43 19
69 55 7
177 15 27
25 129 167
61 39 93
179 187 9
85 25 23
167 91 137
89 55 147
155 195 181
199 15 119
157 21 107
173 151 177
5 21 153
43 113 81
133 27 141
61 153 23
153 195 109
111 141 179
107 121 173
25 145 127
149 51 125
101 131 83
121 83 159
139 67 163
69 7 109
21 31 145
15 43 7
59 125 63
181 97 173
125 25 183
79 149 111
11 135 61
197 93 65
65 159 89
71 67 27
5 117 199
151 123 21
77 185 139
173 61 103
197 149 83
51 59 111
89 23 93
87 87 103
45 177 101
17 107 165
133 107 139
159 31 49
143 73 199
107 175 179
55 161 57
19 71 53
145 165 7
137 171 97
113 175 183
123 43 131
29 183 147
163 135 183
37 37 141
115 17 187
77 73 95
51 29 53
119 37 175
195 37 121
169 123 57
13 53 73
99 105 99
33 191 33
69 133 195
189 23 135
165 21 155
195 179 31
135 153 185
75 177 9
197 137 3
153 113 171
57 13 183
49 45 81
85 143 17
107 79 87
129 137 179
107 167 145
163 55 43
45 63 177
181 65 155
95 37 151
11 123 103
55 109 65
197 125 17
179 115 101
115 95 7
185 143 39
145 185 49
7 65 13
177 19 57
117 73 141
143 175 139
51 143 149
177 159 3
91 59 105
89 171 187
135 9 7
119 163 95
87 175 39
105 135 151
177 179 31
57 119 147
199 67 89
159 175 141
121 79 21
91 169 15
5 79 9
167 175 143
45 117 167
83 67 53
61 97 63
179 147 143
151 141 199
125 185 103
107 5 165
75 19 85
59 131 81
33 75 189
149 41 155
121 197 103
121 59 185
173 3 149
113 105 33
97 7 183
101 75 107
23 65 117
155 145 95
133 133 153
173 191 185
169 197 39
133 85 63
135 33 183
143 169 155
151 151 171
129 161 67
193 77 71
41 173 95
77 125 153
67 15 85
167 157 161
51 19 33
189 1 165
157 61 3
13 31 147
173 3 1
155 73 33
31 167 27
155 23 67
73 11 145
29 171 115
47 109 83
153 177 37
117 181 129
51 31 191
53 135 3
127 167 79
197 97 33
21 69 63
31 13 123
107 31 99
15 17 129
191 55 79
75 183 135
9 173 155
47 79 7
15 159 59
15 95 89
83 63 87
95 89 11
31 187 145
47 19 51
101 3 169
189 137 161
65 93 139
145 3 149
7 165 195
5 55 113
67 141 33
155 55 115
47 199 115
169 155 145
171 123 191
13 187 197
9 127 185
11 179 153
175 77 97
133 95 7
177 127 13
31 41 79
31 155 139
89 3 89
11 195 57
199 191 133
29 79 145
111 31 153
187 33 67
81 39 145
7 51 79
49 35 159
107 77 191
111 165 125
9 125 13
103 57 23
85 105 125
115 161 153
51 131 63
195 77 155
149 59 35
183 17 147
163 111 99
127 35 5
157 47 19
117 175 131
23 99 33
87 157 117
19 123 137
95 181 187
57 17 85
177 67 35
89 165 17
123 73 181
75 93 11
153 23 71
155 161 189
111 77 115
139 117 1
119 9 19
39 93 17
105 127 177
69 49 155
47 133 43
139 143 69
65 119 47
25 11 199
7 125 155
123 125 169
131 49 107
25 169 131
55 147 73
103 101 179
35 143 151
83 115 197
1 163 39
11 161 105
39 115 33
67 189 39
115 199 67
85 129 101
31 3 125
35 85 85
81 35 187
195 137 127
157 175 9
23 183 113
41 121 123
29 63 65
29 129 131
61 31 151
167 59 139
51 143 169
191 35 107
31 161 187
5 169 181
93 81 43
13 107 169
75 171 113
109 5 143
139 155 75
101 93 39
45 165 7
183 71 161
143 57 55
15 143 85
199 89 195
105 57 87
179 169 3
183 15 181
43 193 89
135 33 131
101 143 33
75 7 181
133 63 163
179 147 9
67 45 23
123 35 21
195 37 29
11 123 111
3 11 93
139 47 39
185 79 175
193 163 179
55 29 53
105 37 185
151 163 163
185 87 133
23 115 55
49 129 51
59 125 165
105 165 71
87 139 11
49 117 99
77 169 91
17 59 145
179 125 155
65 59 105
83 17 89
11 171 15
137 135 63
101 7 27
143 121 35
163 19 123
35 111 75
197 159 57
123 113 73
85 121 53
5 11 21
177 129 9
111 97 19
117 27 59
37 61 63
57 87 5
71 163 167
29 19 107
47 91 103
167 47 25
81 173 13
115 181 123
11 103 99
141 163 9
1 25 31
89 135 171
155 5 131
173 111 105
167 15 135
119 143 85
91 61 51
71 183 133
173 81 47
39 193 161
169 127 101
7 3 5
11 133 197
27 39 151
145 77 27
191 161 195
155 11 113
137 47 107
121 197 81
19 61 157
145 161 197
147 71 69
185 67 75
127 123 189
3 149 119
67 47 63
181 63 159
29 73 113
129 153 51
191 111 75
55 11 93
125 79 143
97 57 193
123 45 81
175 69 7
23 131 113
189 193 83
63 107 65
119 61 197
29 135 125
143 133 115
125 179 171
181 75 199
131 61 199
199 171 25
33 85 1
27 167 127
133 135 19
193 131 81
31 57 1
67 75 133
149 149 77
25 149 1
189 51 87
159 77 17
43 181 15
115 107 47
49 125 73
181 111 109
141 15 5
15 147 37
165 127 7
17 33 157
171 23 85
151 39 73
131 157 31
37 3 179
67 181 197
177 193 149
191 199 33
41 139 173
73 49 93
9 5 161
31 193 177
173 169 51
129 105 3
35 187 133
119 87 75
113 35 141
15 69 21
153 145 115
1 37 59
111 197 35
7 77 43
81 129 177
185 35 149
75 167 77
161 145 113
195 85 135
167 9 47
113 27 61
149 87 117
51 121 119
31 69 133
159 45 43
193 99 123
65 175 107
9 191 85
199 127 45
111 77 145
139 43 111
25 159 23
49 181 77
21 17 31
67 61 61
69 183 125
43 195 21
139 79 85
169 125 199
149 173 197
191 83 11
55 107 149
35 87 77
157 117 127
17 177 147
199 5 117
97 27 185
177 15 133
5 13 175
177 113 143
59 125 195
69 73 187
59 151 145
175 181 83
57 31 39
61 149 55
191 37 159
7 169 55
19 47 135
133 189 43
161 89 19
137 179 183
191 123 155
171 5 15
3 45 93
55 3 53
91 161 115
165 121 9
11 55 15
105 99 35
193 21 71
171 107 31
197 63 71
1 181 63
45 73 33
153 127 139
17 145 97
137 153 189
97 73 153
99 107 67
119 81 171
131 15 67
193 85 37
77 51 33
53 189 139
83 127 87
131 25 39
189 117 57
61 173 97
71 39 193
151 115 91
165 181 115
153 123 45
5 59 141
193 197 17
23 189 69
151 27 153
67 187 187
39 85 175
183 181 35
1 73 105
181 91 55
7 135 123
67 75 181
167 195 185
155 167 81
87 23 103
177 11 55
61 185 25
43 21 169
19 125 151
109 85 55
147 111 35
125 91 43
119 179 13
85 59 83
109 67 143
119 25 29
7 49 5
27 17 171
57 71 117
141 125 135
155 65 147
47 11 93
25 127 17
189 9 135
159 151 123
183 83 135
31 193 53
153 163 61
127 183 191
157 117 47
21 167 91
135 59 151
61 75 197
173 113 125
29 139 17
111 75 175
7 31 157
73 91 93
55 187 45
75 137 75
41 29 31
99 179 155
77 79 89
93 107 53
137 125 27
11 99 55
41 161 69
37 53 181
23 1 53
159 75 13
91 11 87
173 165 33
51 159 35
159 11 113
187 141 109
85 99 45
45 73 159
1 53 1
1 9 37
181 21 59
95 13 121
59 45 13
121 79 185
37 95 141
81 109 3
181 57 189
53 17 177
9 17 127
17 53 127
143 15 33
59 39 117
103 51 11
85 141 173
181 185 95
193 187 35
49 79 115
65 55 95
81 85 51
37 117 163
155 53 181
195 169 27
149 83 85
193 55 91
177 53 175
67 87 59
145 107 51
105 105 101
189 157 69
9 119 55
61 3 91
133 133 151
15 17 49
71 107 197
27 83 191
19 45 71
125 97 139
29 101 83
89 169 91
113 23 185
115 19 193
49 73 55
169 121 91
77 117 107
63 11 81
107 187 107
107 125 125
7 111 49
81 3 183
7 187 71
25 179 183
97 137 3
17 29 155
39 39 123
153 119 103
139 25 69
167 55 81
79 7 187
81 189 99
171 61 179
53 147 185
191 149 115
123 7 115
161 131 37
79 137 179
7 111 131
61 191 175
69 81 141
161 179 123
125 61 107
73 151 77
125 65 35
133 83 25
167 119 51
7 97 11
117 133 193
11 107 103
93 151 165
175 179 137
37 85 1
187 67 127
155 101 103
37 29 131
157 183 63
157 97 133
89 89 45
99 191 161
155 59 173
133 99 169
121 101 143
91 131 179
191 33 69
123 163 127
105 131 165
1 167 25
193 11 85
89 77 175
51 153 177
55 121 35
155 167 167
189 51 193
125 119 83
191 47 179
25 115 5
193 139 15
107 23 119
87 101 113
39 183 105
63 17 155
31 89 9
81 81 67
103 67 159
53 149 83
167 155 179
9 73 3
137 191 99
141 7 7
123 111 197
141 67 37
29 179 3
13 151 137
183 109 121
133 193 25
191 171 181
167 77 149
157 177 61
165 87 197
179 83 139
45 23 61
129 27 105
79 163 37
187 189 153
83 13 137
157 193 173
35 45 67
11 107 137
1 103 93
83 145 161
107 111 141
37 15 89
103 157 17
91 109 199
7 149 187
105 25 173
149 195 131
159 131 69
167 129 79
111 89 183
21 133 65
141 23 75
1 143 15
109 143 119
163 33 113
91 5 121
191 39 25
25 107 77
153 89 37
147 71 3
79 41 17
5 19 39
149 35 83
91 57 83
123 169 95
127 89 161
167 17 53
177 199 147
67 35 171
137 141 29
177 157 79
101 195 157
135 181 67
191 63 15
159 159 105
153 119 27
73 75 57
71 125 127
105 97 105
149 29 171
107 107 11
5 167 93
187 33 193
153 47 127
111 55 21
135 81 83
113 43 35
39 169 13
39 177 83
67 51 93
77 63 41
43 155 51
181 51 57
131 81 147
187 101 99
171 183 115
13 123 49
87 135 65
63 121 7
19 13 45
81 159 15
139 9 91
189 169 39
69 115 19
73 15 53
55 129 39
81 81 11
119 49 23
41 57 13
157 101 77
115 21 95
125 15 79
93 53 17
113 175 109
127 29 81
159 67 153
143 77 7
191 5 193
47 17 111
53 197 151
73 195 109
87 177 23
45 193 51
123 5 49
151 85 161
123 37 191
103 149 53
11 141 195
133 51 185
129 107 137
29 15 189
5 141 165
103 97 155
107 49 103
97 113 27
133 103 81
185 155 107
125 149 115
81 37 125
187 173 57
105 65 91
149 133 119
149 193 27
197 95 129
109 25 37
115 11 133
173 21 169
121 135 59
63 61 183
139 21 167
109 111 57
145 133 161
137 161 15
137 89 163
65 29 161
75 65 173
97 139 89
135 197 61
195 83 87
121 51 53
135 107 191
69 173 99
133 91 45
125 53 85
59 117 21
123 91 191
61 83 169
161 143 65
45 133 1
199 185 99
9 177 123
85 179 59
175 127 31
29 117 163
49 137 191
139 31 49
21 1 173
69 65 137
1 169 3
187 173 47
67 95 45
45 57 53
77 87 43
193 153 17
33 145 149
65 193 199
65 69 41
33 111 167
107 113 35
183 63 139
77 11 125
39 167 95
125 9 45
79 27 121
127 175 17
23 77 49
93 119 17
107 85 185
123 23 123
185 161 29
195 191 115
161 85 95
171 129 133
101 153 59
179 169 41
57 123 167
175 43 189
163 29 185
185 151 195
145 83 117
39 197 101
125 91 199
157 25 65
111 187 139
183 131 39
105 97 17
149 189 177
81 79 151
31 177 17
17 95 1
117 99 51
7 99 89
135 163 117
25 5 75
155 43 89
155 163 71
49 141 81
31 195 133
7 13 13
101 13 147
1 167 67
3 57 183
69 77 93
73 151 133
19 143 61
181 15 17
121 199 75
21 131 27
33 47 57
45 97 65
117 67 69
77 49 173
153 45 175
9 81 147
151 143 19
165 63 37
163 137 123
197 165 147
147 21 167
147 189 199
13 163 149
165 135 65
11 15 141
91 161 197
33 85 5
199 25 157
137 147 121
5 199 189
129 165 89
119 69 141
185 17 87
119 185 5
37 29 169
103 25 83
91 135 79
115 91 111
167 115 15
165 7 151
129 1 155
197 141 187
117 131 105
5 135 193
137 105 17
67 187 53
1 65 59
195 81 149
109 199 65
117 149 31
117 7 99
161 193 27
91 3 129
27 195 149
35 115 155
125 169 195
95 27 61
79 81 165
77 49 159
25 183 69
135 81 89
31 107 109
33 139 69
133 193 159
47 147 185
119 45 123
51 107 49
131 71 143
179 31 21
161 3 1
145 91 25
155 199 63
95 171 93
87 129 31
137 19 163
181 141 113
191 93 137
167 35 187
101 159 21
103 159 103
97 87 63
199 53 111
169 147 65
1 81 159
19 43 149
65 59 189
157 195 75
97 85 65
159 105 135
23 7 35
109 173 41
163 83 41
13 149 39
93 11 111
39 65 113
1 53 35
197 127 3
185 97 161
91 31 161
1 67 119
79 11 141
161 53 155
13 195 21
129 11 137
193 27 29
149 61 171
77 65 171
173 129 71
107 193 57
173 111 51
89 157 155
45 15 33
39 139 99
49 75 111
179 103 143
41 177 135
9 147 85
41 123 65
33 179 37
143 133 143
3 87 21
121 121 13
59 19 57
133 33 95
139 177 49
115 15 27
167 99 171
89 67 83
67 103 123
103 151 155
189 75 3
109 191 109
31 47 31
65 45 89
145 93 127
159 25 65
59 99 85
125 183 51
133 9 43
187 165 13
165 71 115
155 179 103
1 9 117
149 3 51
147 129 115
75 97 59
173 181 19
59 135 181
173 177 9
137 189 45
111 103 135
89 111 99
99 27 157
5 77 61
133 97 11
29 59 157
115 181 31
49 65 107
27 75 71
15 23 43
23 159 83
133 161 193
63 119 81
43 83 83
139 93 87
103 153 123
187 87 153
53 195 67
31 65 19
53 107 45
115 189 165
77 181 187
99 165 119
181 49 181
179 39 23
35 163 67
123 19 73
21 189 59
85 7 111
95 53 45
187 17 99
71 107 117
35 25 193
187 109 91
27 35 177
93 101 59
111 173 93
99 137 119
105 47 139
61 93 127
181 95 125
87 11 111
15 109 181
27 103 121
63 183 11
67 41 37
145 39 33
81 157 47
127 1 145
123 127 155
121 53 119
37 67 101
145 153 91
151 73 107
135 83 37
175 25 99
117 161 167
75 9 111
179 57 95
9 11 21
61 131 49
33 135 73
185 25 109
57 35 157
43 73 109
171 75 147
133 145 121
141 159 39
197 53 17
113 179 99
43 27 107
81 3 169
9 17 105
45 173 89
21 185 145
199 131 91
145 157 63
7 99 195
61 19 39
39 117 35
169 23 147
171 95 93
91 199 77
65 87 87
153 135 35
189 131 55
49 193 157
51 91 5
69 129 13
89 67 73
15 119 111
111 115 183
13 193 57
5 79 149
43 113 117
173 71 173
69 27 161
63 33 113
95 149 163
163 21 31
185 35 23
99 17 39
91 177 149
169 125 65
81 41 173
151 15 17
83 79 93
19 193 67
167 59 129
187 91 25
125 17 91
45 55 75
21 107 173
147 173 65
91 145 33
9 65 19
193 159 169
89 25 155
147 57 173
141 81 139
159 171 29
13 45 57
121 123 101
197 187 123
45 19 173
111 141 167
173 111 81
101 169 73
157 143 161
143 185 11
17 119 153
167 175 111
89 77 27
75 103 147
197 75 47
139 145 93
153 25 107
121 97 183
167 161 83
153 173 143
175 29 85
149 139 7
25 165 173
31 17 61
105 167 39
155 59 139
179 69 77
181 51 133
45 37 159
17 181 125
45 169 181
87 175 155
157 147 105
77 111 33
43 149 65
7 89 73
75 69 27
127 107 111
163 65 195
47 189 39
17 75 161
95 29 5
43 37 197
57 175 153
7 143 133
199 15 175
171 147 181
77 161 57
141 155 87
35 193 153
109 57 1
41 63 121
183 163 15
61 19 161
3 151 19
121 125 129
171 11 127
131 171 1
189 57 79
87 9 19
143 113 157
109 33 169
71 49 115
193 9 1
143 27 61
173 59 63
183 89 183
153 91 155
113 169 189
25 91 83
139 153 169
171 121 111
123 35 125
133 139 195
63 199 93
123 165 35
115 149 7
5 7 93
77 99 149
169 181 165
121 149 191
145 165 129
85 193 3
23 187 127
23 183 163
187 19 25
39 129 51
149 127 167
153 75 75
133 41 153
187 135 25
55 167 145
47 169 193
137 199 77
121 161 101
43 91 27
171 45 117
97 115 157
77 191 9
21 47 161
155 71 95
121 119 185
193 111 39
193 189 189
57 193 125
51 123 149
97 39 191
11 99 67
105 109 163
151 69 143
21 67 163
139 155 117
155 97 141
143 85 135
39 115 31
161 63 191
199 159 43
99 25 43
111 91 157
83 35 63
151 197 117
9 19 43
107 159 85
191 197 39
9 27 85
177 123 123
135 165 187
63 7 187
153 163 189
187 129 3
89 151 85
107 193 139
65 77 149
167 117 55
97 1 149
19 29 159
183 15 39
93 105 77
161 197 139
193 199 91
143 85 183
135 23 71
117 171 177
137 129 145
41 79 111
69 141 9
189 179 27
93 55 115
91 193 111
193 187 71
77 169 169
5 39 111
79 119 151
9 65 171
87 79 107
27 87 147
5 19 121
163 37 109
155 147 1
45 123 195
15 91 189
157 105 169
77 55 173
45 129 53
123 35 165
11 87 51
133 111 77
169 19 185
115 123 147
141 23 5
31 11 49
41 83 167
199 57 125
129 13 1
67 177 149
153 131 71
167 111 185
185 199 117
13 145 189
35 53 9
149 5 149
31 173 85
191 1 125
107 105 123
83 53 51
117 123 23
27 13 79
25 129 47
73 23 135
29 31 147
35 83 181
111 167 33
111 195 65
119 23 159
171 177 67
197 199 53
9 79 171
43 125 197
65 59 127
199 111 199
185 195 29
57 29 167
51 197 77
73 155 91
155 125 9
153 179 179
31 53 79
59 49 89
23 79 35
133 79 99
31 11 1
59 177 185
159 53 41
19 143 197
143 55 173
25 33 127
77 111 81
31 103 15
109 137 179
187 139 1
197 139 37
77 29 171
129 173 31
175 169 93
29 143 111
165 173 55
181 53 79
83 173 157
125 151 91
63 55 199
107 195 91
135 165 191
11 99 69
181 193 197
27 103 77
103 61 105
157 141 175
33 1 155
183 91 141
141 89 65
39 83 129
3 75 139
103 143 177
199 43 187
101 23 71
163 129 1
7 7 105
7 161 165
1 101 197
193 71 83
77 103 23
151 41 61
197 17 167
143 107 173
167 179 171
199 179 177
5 187 43
69 151 153
169 147 63
143 133 63
45 155 55
85 119 35
5 191 89
113 67 85
195 39 29
77 119 99
65 65 97
15 17 101
67 79 169
199 141 41
59 99 185
81 135 133
71 127 19
43 117 127
81 49 39
103 147 33
167 43 111
183 47 79
165 15 197
105 159 63
107 143 167
145 77 129
73 199 9
189 125 185
141 69 27
87 101 11
129 115 17
175 193 87
93 95 173
51 157 137
99 27 145
79 59 51
77 69 101
105 157 77
173 87 169
179 1 109
93 17 195
191 7 27
85 179 105
145 115 101
77 163 55
135 13 153
107 17 135
167 93 11
157 61 21
157 73 193
77 67 75
83 197 73
165 5 63
79 105 51
41 161 99
159 17 175
175 153 15
173 67 121
137 87 193
11 185 149
181 163 107
83 35 87
87 1 75
97 51 39
161 151 119
81 29 63
33 147 125
5 69 5
91 165 177
179 113 17
143 123 27
177 11 113
179 189 195
133 27 185
187 49 81
121 17 145
67 141 27
39 145 59
3 25 63
117 43 59
143 173 141
57 85 83
45 79 165
73 65 47
25 49 83
41 195 71
183 21 191
31 79 57
57 47 1
3 105 3
175 149 23
61 33 167
139 101 23
107 51 69
157 133 45
151 3 69
171 97 111
153 59 197
199 59 27
7 61 187
157 85 189
93 155 165
97 177 129
147 149 67
79 193 175
83 167 35
179 181 185
37 177 59
199 107 11
61 95 115
49 187 25
3 55 181
83 183 177
33 155 73
129 33 19
199 67 99
179 51 85
59 13 167
167 23 109
165 41 107
151 67 167
111 47 119
93 129 25
47 1 109
79 125 45
145 23 77
99 11 77
111 177 55
39 85 115
79 193 185
145 63 149
97 183 3
25 7 113
129 19 111
53 63 157
75 141 37
189 121 85
167 175 89
51 193 199
147 81 37
115 133 21
97 137 165
7 153 61
131 167 85
97 125 119
141 65 171
61 53 151
141 141 139
37 141 105
119 81 61
51 101 111
91 171 25
45 31 25
11 21 137
39 139 67
103 109 163
61 59 9
1 103 69
45 7 9
127 171 47
131 83 69
101 107 119
133 133 11
57 69 159
195 135 169
7 1 113
171 9 119
73 183 179
183 95 181
155 45 25
37 113 55
143 33 187
179 43 87
47 1 123
85 73 83
191 185 181
103 9 189
85 187 63
85 167 135
129 97 21
43 151 175
179 137 115
125 129 163
125 155 141
101 39 93
191 19 177
199 7 71
89 173 175
57 11 163
57 33 47
7 111 81
49 27 123
177 189 5
131 129 129
73 21 157
93 103 57
3 173 151
177 51 53
91 15 143
123 61 199
35 45 55
165 167 165
153 75 13
185 3 93
7 159 129
109 121 1
185 175 93
37 29 1
51 171 177
15 73 67
61 31 95
131 195 33
7 113 197
113 5 149
177 37 133
97 39 43
71 35 55
99 35 41
173 115 181
45 87 135
75 181 53
71 117 113
87 113 149
91 165 59
129 97 75
71 45 51
105 99 147
45 43 123
159 23 125
149 61 99
129 115 143
45 131 19
61 183 193
25 41 79
27 117 73
71 167 105
73 19 79
21 141 89
147 169 133
9 67 195
123 11 145
157 133 177
141 125 127
181 107 187
1 83 117
73 93 143
195 171 117
39 59 93
7 191 113
75 187 61
85 35 69
121 11 95
45 137 51
55 125 191
41 41 77
133 87 181
105 3 53
67 199 151
163 113 189
53 173 197
87 41 175
97 39 163
35 89 83
63 185 127
7 61 85
93 41 125
199 199 163
197 53 67
109 43 37
185 143 199
129 117 51
167 79 137
57 161 35
41 191 173
5 179 35
149 103 41
147 65 133
105 35 35
147 73 31
89 175 45
109 27 29
187 163 159
51 101 29
41 73 189
19 107 29
25 51 137
195 87 87
133 121 137
5 57 41
181 5 91
111 33 179
73 95 191
79 125 177
151 113 131
163 47 171
13 87 93
101 173 23
125 15 17
85 55 149
89 147 59
27 29 143
121 21 53
149 101 29
167 137 107
117 107 59
3 105 125
81 127 41
95 47 45
53 195 171
103 53 55
37 99 145
161 151 171
165 181 195
101 87 49
113 49 15
17 173 35
47 15 37
93 59 21
191 133 19
149 93 177
47 141 183
199 15 19
179 9 179
169 57 49
19 175 149
95 9 61
13 151 181
177 171 27
13 95 23
105 71 15
45 157 163
59 177 9
173 59 111
29 107 193
109 161 163
117 21 85
171 107 83
47 37 97
141 61 177
115 179 189
71 45 95
151 157 43
11 69 7
21 61 179
181 127 111
107 11 19
13 199 41
49 95 11
13 175 57
191 163 101
139 161 15
97 109 191
165 115 141
129 93 151
57 3 173
171 127 57
169 167 163
167 177 175
141 139 129
9 39 141
73 55 37
181 45 175
199 89 71
195 145 35
199 117 69
29 77 125
195 41 199
75 15 169
13 143 39
157 189 181
11 25 93
159 199 69
151 71 155
95 9 153
115 77 149
193 105 51
33 105 79
151 177 177
199 15 155
187 99 73
115 95 29
113 165 143
87 119 5
1 71 155
181 123 51
191 173 165
199 155 61
175 131 93
189 191 149
193 63 147
87 91 37
51 137 151
73 141 167
49 95 159
171 49 63
49 119 43
3 179 137
39 73 135
133 125 109
195 175 3
189 11 195
125 65 185
65 135 141
63 93 13
113 59 165
31 7 137
9 143 89
185 79 195
13 187 137
187 93 69
101 87 63
165 177 155
5 117 79
1 129 47
61 95 111
67 135 127
9 127 157
87 121 69
179 59 159
175 31 171
63 199 159
143 153 59
59 33 129
187 79 133
185 93 37
23 19 97
149 79 67
71 53 77
33 11 67
63 85 149
61 43 125
119 7 91
151 39 33
133 75 91
131 111 181
53 113 71
133 179 93
89 55 147
99 27 121
183 175 153
131 3 119
41 93 85
183 125 107
57 119 161
71 5 93
183 75 127
163 71 181
121 17 17
51 137 105
27 193 107
29 17 193
27 5 123
55 111 67
175 71 49
179 67 9
157 195 81
27 79 167
45 199 33
85 7 155
183 113 5
199 105 135
107 133 69
17 199 95
191 153 53
57 161 27
155 145 109
137 113 65
135 145 93
141 3 41
157 113 125
63 151 11
195 123 9
97 17 19
49 71 35
115 1 129
59 111 91
75 175 45
125 171 87
127 11 125
143 41 171
95 51 127
17 165 93
139 183 191
113 123 89
17 51 41
127 141 155
7 91 119
177 177 193
93 5 117
133 175 149
87 7 91
51 99 89
35 91 107
157 83 149
111 123 165
53 183 181
47 101 109
127 197 19
131 19 99
107 167 191
113 57 27
115 51 115
109 61 165
191 9 103
19 173 163
1 153 75
5 165 31
1 87 77
19 187 3
89 81 37
51 109 143
101 127 159
161 195 179
73 99 87
45 165 79
101 143 97
67 173 1
153 153 109
43 59 109
125 97 33
33 143 25
63 7 75
57 185 79
59 175 39
25 53 111
167 53 59
45 157 161
101 65 131
161 79 83
161 15 31
7 39 155
13 19 91
101 97 153
77 137 9
33 151 173
191 11 101
147 171 67
117 101 15
195 87 21
113 117 85
151 175 45
169 65 155
67 17 169
107 131 173
57 103 49
171 107 187
141 77 177
145 93 27
137 113 47
157 197 145
133 145 57
197 99 9
119 171 81
49 145 51
55 97 157
161 187 119
37 67 89
33 95 135
49 45 183
149 191 119
197 47 77
97 159 9
171 41 109
19 195 27
21 153 179
7 175 33
75 63 97
73 101 39
117 85 175
107 3 25
59 183 77
17 95 75
161 5 171
157 31 45
13 11 65
187 147 85
153 149 91
159 187 69
43 65 141
149 89 163
133 167 69
27 145 31
31 19 49
167 63 9
177 127 69
27 115 81
175 111 171
65 179 29
131 25 187
123 187 29
193 159 177
137 191 13
155 39 41
123 151 175
49 21 141
69 5 21
179 177 153
61 5 127
85 191 97
175 123 131
135 99 53
29 17 151
67 161 191
121 135 147
45 181 69
51 105 21
27 57 193
135 89 75
125 185 137
47 115 125
49 71 101
65 125 139
25 117 167
65 167 137
149 139 161
53 159 7
15 57 57
7 131 187
191 171 121
9 97 149
183 101 99
109 39 51
129 109 21
95 45 149
33 5 117
95 11 65
151 171 23
187 61 141
157 85 147
157 33 41
57 35 153
199 191 135
107 11 147
55 63 75
61 181 169
175 45 1
51 171 1
111 111 151
197 57 137
133 1 199
169 153 155
63 193 13
177 139 11
39 119 23
123 191 77
73 97 41
43 97 17
59 151 67
115 89 177
21 191 77
173 145 11
165 61 83
9 177 145
127 199 25
21 75 63
117 117 187
13 37 59
165 7 5
157 87 63
147 165 83
195 175 103
57 161 75
33 105 145
135 33 153
113 95 183
133 185 3
169 147 25
175 153 141
167 15 105
131 1 165
9 103 15
169 83 11
177 27 171
9 179 3
7 65 41
193 171 153
43 195 87
195 137 159
115 145 39
115 15 5
123 29 39
5 143 47
31 113 119
113 19 199
177 59 7
147 13 117
143 99 109
183 161 57
127 199 51
141 3 69
75 41 185
17 191 107
131 109 15
149 107 45
9 17 157
125 135 37
127 147 183
87 3 29
87 159 11
193 27 43
139 11 183
129 21 57
143 35 179
153 183 109
171 43 161
9 79 73
155 63 197
63 195 27
21 111 115
47 153 105
163 39 1
87 1 43
27 179 77
9 87 19
157 151 171
35 25 45
1 125 53
197 153 113
107 171 79
163 179 99
1 179 49
1 23 115
179 99 107
169 21 133
121 95 45
49 141 1
173 97 141
29 113 141
199 191 41
177 193 147
61 43 109
83 61 15
85 167 15
9 3 99
103 153 67
147 57 187
45 101 35
157 43 113
53 83 141
45 135 141
191 147 21
53 161 81
123 177 67
31 75 151
183 45 159
143 137 63
45 75 113
191 187 157
73 33 19
111 173 71
59 97 19
19 179 11
99 45 63
77 101 89
123 59 119
59 25 5
133 139 53
121 199 1
57 121 191
29 95 167
29 115 79
7 29 137
53 195 155
57 83 159
115 3 35
45 111 157
87 163 119
85 163 53
111 57 77
5 25 133
23 103 65
51 143 93
45 1 5
129 159 161
35 195 17
49 55 131
13 175 79
79 131 165
41 111 155
65 147 65
71 11 173
13 7 197
13 11 151
77 171 101
71 91 29
29 127 167
107 5 119
141 75 131
51 29 115
197 197 155
111 169 123
119 69 193
33 125 109
109 25 25
199 157 101
125 123 75
35 41 105
109 77 115
41 95 57
37 153 107
109 75 9
179 171 119
103 183 141
127 7 175
83 109 187
109 183 89
53 191 15
33 107 153
127 163 61
79 173 101
57 181 41
131 101 149
113 145 127
121 23 133
133 9 163
19 99 149
115 17 57
125 73 15
87 133 47
163 137 175
145 177 157
149 29 119
93 157 49
117 193 67
29 157 91
31 105 23
47 67 145
23 81 163
155 127 87
195 5 77
75 67 41
105 89 89
165 41 37
157 107 33
17 197 53
27 123 187
93 173 17
77 135 169
107 23 191
17 99 51
187 43 45
75 131 25
115 71 129
127 9 93
27 165 153
151 151 75
27 169 101
161 41 97
87 31 77
91 81 183
133 31 103
169 159 89
143 87 67
151 83 183
117 139 109
171 13 135
139 17 189
179 113 119
115 93 81
99 181 71
129 83 161
87 173 199
77 39 71
63 125 13
3 137 69
119 177 89
137 69 59
153 189 103
47 173 81
27 43 99
109 109 199
185 107 31
129 81 119
53 93 99
95 65 163
71 153 69
43 13 187
31 115 123
107 99 77
151 199 123
163 101 53
173 131 161
53 153 51
145 53 179
11 119 135
67 187 29
79 173 3
97 1 47
101 181 181
3 7 89
103 59 143
33 19 105
187 69 77
39 151 129
61 87 177
47 19 91
123 23 159
27 173 141
7 57 143
13 145 43
71 87 45
195 95 51
167 171 83
119 99 69
5 181 11
127 71 175
149 29 21
25 75 49
83 17 75
131 163 83
123 111 95
17 161 71
189 43 65
191 17 31
171 131 149
147 107 57
175 31 185
153 79 37
73 59 167
35 141 49
145 139 179
105 9 101
53 177 23
173 9 11
7 61 105
113 23 77
49 111 23
31 51 101
89 17 159
29 65 31
73 149 67
81 153 115
59 175 125
171 89 177
135 195 53
157 175 59
67 197 77
119 1 29
39 159 59
105 191 149
157 161 177
109 75 153
189 199 139
77 79 197
71 35 71
45 95 5
145 75 163
147 103 133
9 161 155
103 109 195
63 191 3
139 47 63
41 185 75
121 85 63
155 155 141
153 161 115
131 27 161
137 63 9
99 123 59
111 21 69
5 127 75
53 189 139
37 63 181
123 127 21
181 171 45
45 85 105
175 149 161
39 63 197
161 121 133
85 93 135
11 169 151
199 107 155
165 191 111
195 115 53
165 65 79
155 169 59
7 33 9
69 29 183
95 67 21
187 1 85
59 151 73
69 11 83
59 25 185
175 77 151
39 59 49
111 23 119
47 31 177
77 13 183
143 139 157
47 127 51
199 1 141
113 83 1
137 173 69
15 27 33
177 75 7
199 193 149
29 169 163
147 57 9
85 13 85
11 167 131
11 11 83
199 115 81
171 89 193
197 121 33
71 31 47
169 83 129
137 45 127
97 53 157
13 43 103
179 173 91
95 55 101
113 39 17
1 135 119
121 169 89
55 119 189
137 47 163
181 79 131
35 35 173
77 41 69
153 131 83
113 135 165
55 55 163
95 173 77
63 61 77
85 153 103
37 117 61
115 47 199
53 123 179
93 193 117
127 179 97
165 47 155
21 11 171
193 191 25
159 171 119
111 73 85
27 135 75
179 37 111
101 15 129
197 37 181
79 37 177
127 191 103
41 161 171
31 91 191
1 9 89
179 199 151
17 73 61
53 87 193
171 15 75
111 195 79
149 171 77
139 177 59
101 147 185
95 43 129
103 35 63
5 185 169
181 149 51
67 45 67
185 119 23
179 199 193
53 179 105
133 37 53
185 127 95
27 55 195
61 23 193
149 191 97
97 41 5
143 11 187
165 33 157
67 25 143
45 33 25
187 85 79
113 181 11
71 79 195
93 177 125
187 177 89
131 181 37
141 167 39
173 29 85
103 171 49
39 195 117
125 177 65
9 189 51
191 87 67
167 117 43
143 5 39
29 147 27
99 185 157
127 69 3
97 21 79
93 137 181
69 107 21
161 61 49
153 33 161
173 75 55
81 113 127
27 43 173
115 105 1
183 107 101
5 185 27
45 71 29
55 195 25
117 147 197
149 107 63
127 65 15
143 191 91
187 165 171
91 69 199
101 169 113
85 101 1
59 129 109
53 57 57
199 53 113
9 115 133
75 33 185
169 123 111
37 95 53
107 197 143
75 13 33
79 117 37
111 25 123
167 187 85
21 99 139
39 31 41
73 119 51
99 29 29
193 185 101
93 33 139
11 169 45
127 7 23
57 129 103
43 117 13
141 55 181
75 1 105
193 155 47
125 183 119
13 83 19
45 125 115
15 169 113
21 193 123
53 95 49
169 11 105
129 95 147
129 199 191
187 151 169
73 69 65
155 191 189
185 11 107
153 27 151
145 149 69
143 101 193
155 111 149
49 161 119
153 153 151
103 121 183
75 187 169
171 79 41
85 185 99
111 41 83
163 13 37
63 7 85
77 155 29
39 177 183
191 31 135
15 13 87
105 85 93
89 125 169
177 129 43
121 11 127
135 151 37
45 141 199
199 169 165
81 55 43
111 93 81
29 85 175
113 177 93
143 49 103
71 91 95
185 17 71
41 157 97
181 155 31
53 25 179
11 171 81
103 155 161
187 129 177
69 125 109
117 131 21
9 25 67
129 1 41
87 97 131
145 31 171
73 9 55
43 89 11
197 155 21
29 131 27
155 39 15
189 163 187
15 135 103
119 175 15
15 105 49
149 179 135
157 137 183
149 147 57
103 167 99
33 195 97
175 113 29
43 99 87
81 105 77
55 25 195
65 73 113
147 111 31
85 93 179
31 149 135
103 153 83
97 153 187
113 181 123
115 69 3
123 145 149
147 139 29
123 51 187
137 81 155
31 163 103
83 97 91
35 83 121
187 173 23
169 1 23
141 107 135
85 55 153
127 187 77
177 173 127
161 129 51
123 135 187
123 25 121
5 49 5
83 177 143
83 103 35
189 143 107
43 95 47
133 171 35
105 99 161
137 53 41
175 39 1
103 65 27
153 69 53
33 115 161
135 53 43
77 159 125
77 109 17
151 143 163
49 103 95
5 143 1
45 47 41
13 177 17
81 29 23
99 191 79
153 33 111
15 63 151
125 79 131
67 43 7
171 41 159
17 145 111
65 187 117
41 107 65
175 129 77
69 113 61
5 23 63
67 173 15
51 9 31
197 15 59
37 77 125
183 93 199
73 9 17
83 177 185
115 157 129
27 17 103
51 183 171
127 199 177
135 133 147
55 191 101
35 19 97
127 19 39
39 35 21
15 123 197
171 51 79
91 155 193
75 29 21
177 109 175
13 57 5
3 157 45
21 159 99
143 197 37
81 121 165
3 117 3
55 99 123
113 195 93
141 15 89
155 93 163
11 99 139
71 143 151
133 145 57
33 181 181
153 145 125
173 53 5
71 175 113
171 171 167
185 59 79
183 21 123
81 63 77
23 117 191
167 173 167
51 59 99
197 87 133
153 195 189
127 107 163
97 73 137
157 55 107
81 179 197
145 159 179
165 151 163
139 117 185
101 119 55
187 155 105
181 145 5
89 107 157
65 147 187
25 159 85
107 155 145
65 37 129
119 199 73
139 87 39
59 45 81
13 53 181
157 59 71
167 119 51
19 107 43
177 95 13
35 143 37
175 71 143
77 49 111
163 87 31
111 71 169
163 155 27
21 129 145
45 83 5
151 127 173
149 43 95
91 183 71
161 29 9
9 139 183
199 169 59
173 43 125
127 173 35
55 117 197
139 123 123
169 199 167
115 197 117
97 67 65
125 179 59
167 161 19
41 123 29
83 47 131
55 185 105
77 181 135
199 103 95
101 173 137
97 89 9
67 57 123
45 115 123
109 39 47
31 171 117
181 101 157
165 109 39
49 45 95
153 43 75
125 179 177
119 187 77
79 13 77
99 135 47
137 85 195
11 1 103
111 159 37
21 101 121
169 99 85
11 173 133
93 149 189
183 25 19
195 5 41
33 155 119
117 149 121
21 155 57
179 95 67
81 15 83
179 3 7
153 41 175
5 29 89
31 151 181
139 191 163
95 15 61
147 135 93
103 193 113
101 163 133
117 149 17
119 155 1
63 33 83
93 121 139
147 5 145
139 71 79
153 35 17
191 31 15
87 143 67
51 181 73
103 197 173
59 197 89
91 79 113
117 19 175
25 163 171
1 145 119
35 161 161
171 81 17
113 147 7
93 123 95
193 95 49
189 89 151
173 1 9
95 79 5
161 51 25
105 73 153
169 137 57
153 153 197
3 159 167
125 53 79
21 101 77
109 157 69
13 165 163
91 73 135
45 1 133
21 155 93
157 11 197
109 7 69
173 173 23
129 157 25
135 137 151
91 5 171
159 71 183
33 5 195
33 137 189
91 133 139
103 129 159
13 199 21
91 125 129
47 149 5
87 99 135
91 173 69
163 59 159
71 157 117
113 147 53
45 85 191
79 147 81
181 167 87
105 1 5
53 109 95
57 43 45
133 111 131
193 173 125
149 195 191
199 47 63
187 37 79
39 23 123
109 109 105
109 113 85
19 7 93
165 155 147
181 85 107
153 115 143
147 105 39
99 167 93
39 149 91
61 73 183
171 81 21
187 167 129
99 59 143
53 109 65
43 119 133
157 63 113
61 5 67
133 97 117
81 93 119
57 75 159
139 199 19
105 127 93
67 173 81
81 141 179
199 75 31
165 187 73
171 157 29
171 179 195
63 97 127
137 55 7
135 179 65
167 71 107
43 151 115
185 129 181
163 65 165
149 41 165
11 175 33
189 169 107
85 199 79
45 5 141
23 173 183
93 183 21
149 97 91
77 79 135
45 43 23
87 111 185
61 49 37
133 155 47
131 137 35
39 183 25
117 69 69
99 89 195
197 181 87
179 115 35
21 41 17
37 25 165
85 61 51
143 13 15
185 151 147
167 175 77
139 147 21
27 141 137
7 133 35
25 167 135
65 87 113
193 53 39
159 7 75
171 23 63
121 73 109
1 55 197
147 75 67
89 115 5
21 53 33
91 189 143
83 101 73
39 139 41
149 117 35
75 83 97
149 193 67
107 189 91
181 57 195
199 165 143
51 197 135
39 45 59
141 117 149
183 61 135
101 199 173
87 95 27
79 65 101
173 61 49
133 55 155
97 197 39
199 131 37
43 93 89
63 147 31
123 81 171
123 159 59
121 185 63
187 85 149
47 39 29
101 97 105
3 137 141
133 77 141
131 69 139
77 101 85
157 175 51
19 33 175
3 95 1
193 45 121
31 177 11
127 81 57
167 125 63
149 65 65
17 109 101
117 193 31
93 45 107
125 123 65
125 27 187
169 51 191
145 167 183
129 23 117
53 189 147
21 53 19
129 155 167
27 89 183
175 197 5
1 165 1
27 151 29
181 45 153
147 131 25
75 47 169
63 99 1
21 117 53
175 83 179
167 169 107
163 77 133
31 77 107
87 11 107
131 163 37
63 93 123
13 61 173
111 63 47
131 19 15
13 197 35
87 9 113
163 141 79
145 153 147
155 163 177
21 105 167
113 27 99
79 103 65
45 151 181
63 165 93
165 103 23
173 15 141
113 93 27
169 39 93
37 121 37
141 87 95
71 89 21
173 57 37
27 39 115
191 35 159
93 161 127
11 101 91
105 31 63
47 29 79
71 169 153
63 65 189
55 189 129
113 25 103
151 141 179
89 3 7
49 129 101
55 19 99
85 185 109
17 169 117
187 121 165
155 109 139
143 141 105
167 147 161
11 125 177
15 131 31
47 33 119
171 131 167
155 39 21
27 157 11
147 25 27
159 67 13
3 173 71
149 37 13
75 13 85
5 43 199
141 161 117
71 127 165
15 53 135
75 63 193
3 89 125
173 7 71
145 77 135
181 195 137
97 79 87
139 77 65
99 195 69
131 63 115
183 101 89
149 197 103
141 121 81
147 97 187
129 31 161
123 167 9
105 157 95
85 21 191
183 91 131
45 109 133
49 197 63
47 5 149
71 189 97
167 177 143
197 41 89
69 49 121
25 143 147
47 135 155
41 169 41
149 101 127
145 69 77
149 17 125
139 19 75
19 161 147
59 153 17
107 75 15
155 125 83
193 81 11
161 25 57
61 151 97
129 131 45
51 57 95
69 131 43
29 181 85
181 199 7
159 117 65
189 103 77
173 113 31
197 171 23
51 67 87
183 17 51
143 111 85
177 57 135
159 47 107
61 53 39
177 119 123
79 99 83
191 33 175
65 159 147
37 45 143
157 95 97
67 83 79
27 17 21
73 27 103
127 65 61
149 189 121
151 175 1
183 149 79
141 95 173
185 141 143
183 37 179
67 21 135
187 145 105
15 47 131
183 11 109
171 35 139
145 35 191
197 17 141
91 95 27
135 37 167
173 119 55
193 53 141
41 61 111
89 95 99
99 3 17
135 45 199
73 35 75
91 79 123
185 105 121
21 71 115
139 29 51
95 171 127
59 81 23
153 83 63
61 3 55
105 3 59
141 181 193
123 103 169
29 127 59
3 43 43
33 197 167
3 123 9
187 145 7
71 111 65
73 167 19
179 25 183
63 121 87
167 89 131
197 149 55
39 95 187
139 167 189
61 175 21
109 87 127
21 151 115
187 73 89
115 55 65
35 47 149
123 177 11
175 135 81
175 121 79
141 15 117
19 35 161
105 67 21
161 181 131
33 173 55
193 37 41
39 185 155
119 197 93
159 77 119
183 59 95
197 81 173
33 41 113
99 61 35
183 95 45
59 149 5
95 93 37
185 151 133
85 43 75
65 163 99
125 161 57
5 37 143
45 53 141
9 87 77
105 131 79
157 135 165
51 77 23
105 113 21
149 189 5
15 87 193
79 47 163
115 189 191
167 129 195
157 109 143
89 187 55
127 151 63
3 173 21
117 195 175
9 103 79
95 1 131
141 163 49
33 153 127
67 51 145
175 97 111
163 151 69
113 119 61
191 43 187
89 17 95
95 199 115
95 131 123
161 179 17
17 11 61
171 155 197
67 171 63
123 143 39
41 3 1
187 189 17
107 187 111
105 101 103
139 23 199
23 143 197
137 107 63
91 105 79
165 71 51
107 109 21
109 13 143
3 31 87
189 45 73
91 149 179
17 51 189
65 47 127
171 109 53
179 189 189
51 143 185
159 163 149
77 107 57
11 97 69
55 75 71
3 157 165
53 145 159
5 177 175
113 29 39
5 123 115
147 107 197
15 55 47
25 15 111
121 85 187
195 59 197
57 23 155
1 181 63
81 61 19
15 3 23
137 117 41
147 115 45
105 65 97
121 79 111
109 169 135
167 165 159
191 25 59
171 87 115
31 105 19
35 129 101
55 73 115
73 117 155
43 117 5
121 131 109
91 169 133
159 129 41
183 187 9
69 5 199
175 23 73
7 27 9
79 45 147
99 103 1
121 107 179
51 17 21
21 149 141
53 191 135
143 103 95
51 5 77
73 77 51
5 189 129
153 135 39
57 137 21
163 19 119
83 39 143
33 83 195
127 19 119
133 113 75
137 93 17
117 143 171
107 175 147
41 13 151
81 33 105
99 57 161
41 199 27
125 97 111
143 15 47
159 193 77
51 113 9
99 83 49
73 31 165
87 181 71
23 189 17
79 53 1
79 81 101
175 95 141
95 141 169
87 121 111
105 33 173
187 81 25
17 45 27
103 21 99
195 141 89
49 141 113
33 41 95
127 87 173
171 159 53
195 175 147
27 147 137
107 171 41
55 101 133
179 1 53
119 193 59
61 9 55
5 105 7
195 77 143
155 33 173
129 179 143
75 21 137
151 165 163
51 97 173
155 55 27
53 113 7
61 71 125
165 77 89
147 123 95
179 95 89
159 37 147
83 77 75
47 143 55
49 115 109
103 47 63
119 157 123
191 185 175
171 75 35
95 73 1
189 161 147
131 109 125
111 87 187
55 45 173
73 153 21
23 121 173
179 43 179
165 17 1
143 155 95
15 155 67
79 5 65
91 35 157
179 21 87
127 195 199
81 119 157
105 195 133
147 77 157
67 77 135
21 173 3
81 143 49
85 7 63
119 163 47
45 155 137
143 57 19
165 117 147
63 49 131
139 5 35
119 45 85
91 47 151
137 1 75
143 63 155
11 109 41
69 47 63
29 169 11
145 115 57
193 45 125
103 183 187
147 67 29
97 17 149
97 197 143
65 151 81
77 95 127
27 63 41
197 73 109
111 35 41
61 159 185
43 147 83
111 175 89
31 27 139
27 171 35
83 155 37
177 81 5
39 123 81
17 135 109
155 81 105
113 169 119
163 51 179
43 43 127
69 181 37
143 121 171
97 61 103
179 65 185
5 145 65
43 157 9
123 61 25
93 85 83
47 167 195
91 93 63
175 33 105
199 109 77
59 11 21
123 99 21
69 163 103
25 171 107
191 99 55
179 181 177
145 81 173
143 143 125
175 151 119
83 27 93
197 151 93
199 173 151
163 75 179
37 87 47
41 45 175
125 21 69
5 99 47
51 23 193
1 141 39
29 137 13
179 133 1
151 85 101
131 167 101
121 13 167
165 91 107
89 161 147
187 111 73
113 7 181
53 45 33
191 163 33
27 67 61
111 167 145
77 171 199
193 137 129
189 149 49
53 95 13
163 167 103
75 149 193
119 85 107
185 117 63
51 83 157
19 27 185
93 25 95
135 59 77
83 107 173
177 25 65
49 31 117
101 23 185
185 33 163
101 97 185
183 53 171
113 37 21
139 37 143
101 17 37
111 93 171
135 159 53
69 179 133
197 67 181
29 29 185
125 15 169
179 89 175
15 109 61
51 53 175
171 89 17
65 163 117
23 15 27
105 147 67
173 33 135
105 17 35
23 91 65
111 65 189
21 29 167
177 107 87
169 123 41
131 143 13
49 75 181
99 141 3
131 179 11
53 15 87
143 183 193
111 171 119
43 43 31
151 33 155
73 73 35
121 189 3
195 169 37
39 75 85
121 87 87
135 77 19
117 173 175
193 93 21
35 27 35
171 85 77
43 119 27
137 25 5
105 61 29
85 49 23
75 135 61
151 57 85
125 135 125
17 155 145
147 189 137
31 67 75
53 197 45
181 105 193
41 133 129
193 155 137
31 119 21
89 5 95
23 129 151
179 73 75
71 115 195
41 189 45
39 139 75
47 131 31
181 59 11
39 99 155
63 25 51
67 23 81
99 173 169
75 47 97
189 145 179
83 189 49
21 167 195
151 101 137
113 111 183
115 169 67
139 19 107
163 5 169
39 173 139
191 173 37
135 151 111
29 105 5
195 3 87
97 139 107
111 25 161
185 93 177
3 199 91
7 71 31
85 9 97
161 45 135
17 59 125
121 167 165
27 53 193
165 63 187
93 23 187
185 103 99
87 195 83
157 129 189
165 25 101
113 159 89
77 189 49
43 153 169
97 145 89
63 35 19
191 23 183
93 25 181
87 107 165
15 199 53
143 3 9
7 195 79
195 149 191
51 117 67
195 111 111
29 129 111
155 17 173
179 197 163
189 161 57
189 117 47
95 31 63
91 109 5
39 99 115
155 71 109
169 85 159
99 195 57
115 167 191
15 35 145
79 195 125
197 41 113
27 103 5
39 13 101
137 31 191
111 141 133
195 3 191
189 61 161
61 155 163
199 99 181
193 23 195
33 137 73
41 45 69
157 145 199
187 39 37
31 75 79
35 67 189
199 131 185
153 93 77
155 73 41
179 67 39
19 43 31
63 17 169
113 15 9
151 157 69
27 35 55
197 127 87
127 111 25
123 93 127
99 37 183
165 77 137
111 11 19
127 83 37
143 91 5
99 159 117
37 119 171
163 5 101
179 133 97
71 59 127
107 41 49
87 177 147
3 197 15
85 137 127
81 45 53
143 65 99
61 37 101
169 137 137
5 35 101
63 65 79
7 115 53
89 165 63
189 181 55
29 11 161
75 167 45
139 171 29
175 71 173
17 113 137
155 117 107
19 99 111
133 151 79
99 117 85
183 75 77
97 35 65
63 185 95
33 13 73
9 185 11
25 123 91
141 133 107
39 43 61
93 25 183
113 15 117
189 91 119
127 157 5
111 155 101
125 27 67
13 141 5
135 31 13
171 41 37
119 5 177
143 189 119
157 9 115
153 31 27
13 139 15
167 39 143
97 105 157
37 109 81
173 25 95
13 165 133
123 45 9
111 163 127
23 77 69
157 9 131
95 23 83
133 69 95
141 27 165
155 11 61
83 9 1
49 47 173
93 55 91
161 181 117
141 153 131
149 83 153
77 69 109
49 163 3
75 31 39
191 91 83
199 197 37
149 73 121
3 163 73
87 79 69
41 9 29
27 65 75
97 77 23
163 79 99
195 21 149
189 105 127
89 141 21
163 165 125
29 141 73
109 11 77
21 143 163
191 17 107
67 41 135
51 43 135
71 95 1
175 23 99
21 43 193
185 167 81
127 145 43
41 125 73
183 191 85
1 99 9
145 137 199
187 175 171
83 175 21
9 75 91
155 171 171
27 51 191
171 199 79
95 71 109
85 59 149
87 67 133
23 171 133
197 141 77
77 65 167
55 59 49
25 29 57
75 19 117
73 3 143
47 111 113
9 61 111
181 97 195
151 133 187
195 9 9
163 79 111
21 129 187
51 89 41
173 5 65
175 51 43
87 163 21
51 73 171
147 173 181
79 159 161
191 71 15
69 85 9
101 71 75
95 15 95
3 183 145
55 131 23
17 151 197
195 25 187
71 5 141
29 69 87
3 83 69
89 195 59
63 69 33
79 165 133
165 13 131
95 35 135
45 137 189
71 27 109
179 169 103
49 55 77
35 29 105
31 87 13
3 23 101
167 61 163
85 191 145
23 125 111
159 17 5
187 127 155
59 133 129
17 11 107
45 19 59
37 31 95
59 35 29
119 199 31
15 143 103
43 53 187
61 163 9
91 117 73
127 45 163
41 55 21
61 19 37
195 113 187
31 45 23
133 75 81
179 81 105
137 67 23
99 181 65
119 53 29
67 119 119
121 139 47
43 79 87
59 65 51
103 87 151
83 73 181
163 81 17
135 103 195
115 71 131
71 101 133
189 19 51
127 169 21
109 161 47
175 11 89
61 65 149
37 45 155
21 165 37
123 161 1
195 195 135
95 33 153
17 187 23
187 9 11
51 55 41
165 47 149
31 195 123
179 151 89
145 91 29
9 91 51
3 129 77
139 81 71
127 7 69
39 17 87
197 161 177
43 111 131
39 137 95
93 129 125
183 63 9
179 113 153
11 189 161
197 165 67
3 137 7
125 23 37
189 103 179
3 137 175
141 33 17
173 61 159
35 69 155
51 21 139
41 85 21
109 153 135
45 63 131
173 3 39
179 181 67
117 59 55
149 75 163
113 139 103
183 93 179
107 135 119
193 59 169
49 195 113
15 29 21
17 171 171
101 37 143
159 197 25
137 159 141
75 165 193
73 47 107
7 165 193
67 135 99
165 47 195
193 173 43
165 47 161
105 189 81
101 13 181
163 59 43
31 51 85
79 61 63
43 53 135
177 57 47
129 51 113
5 199 181
51 159 173
143 145 41
59 125 147
117 73 151
73 61 115
133 123 49
91 59 127
147 105 171
101 121 51
3 101 179
67 177 87
11 19 137
39 165 79
111 19 139
75 133 159
199 183 31
161 13 69
169 183 63
89 35 113
93 117 13
173 109 17
191 45 83
59 29 197
79 71 35
115 133 51
1 165 125
15 137 123
197 199 187
135 111 155
157 27 147
65 147 39
13 133 13
41 129 107
15 69 167
149 119 45
113 147 159
153 175 161
55 161 175
69 117 75
95 63 115
43 7 71
79 19 39
9 29 51
77 195 93
99 39 107
45 103 55
19 167 71
181 141 127
97 119 85
63 33 153
69 7 153
191 45 195
21 97 177
15 93 185
159 103 165
165 63 63
131 37 109
175 69 31
93 153 11
31 107 11
141 59 75
187 157 47
187 133 39
183 23 163
189 187 177
51 51 39
193 63 107
61 93 37
13 9 11
23 123 9
81 101 143
141 149 83
75 91 173
97 53 159
83 133 45
37 173 35
3 79 189
97 21 181
9 31 145
35 143 63
137 85 85
189 73 167
79 45 11
131 109 85
63 153 85
139 91 169
19 81 109
143 165 113
77 15 113
21 77 25
9 161 59
81 31 195
31 43 183
139 127 165
195 117 95
87 85 159
71 97 97
139 9 19
153 25 161
29 49 39
191 109 163
125 7 75
167 95 61
199 59 91
115 155 29
103 17 127
199 17 13
113 141 187
137 101 127
187 43 79
199 109 109
5 185 3
3 149 127
63 39 199
121 171 197
137 97 15
57 15 117
197 1 19
3 127 131
45 111 173
59 19 159
147 21 61
95 51 65
37 49 69
7 149 35
7 163 155
21 183 195
127 107 51
157 37 153
67 113 155
189 71 103
113 131 161
165 101 11
117 73 105
67 11 141
133 165 51
21 63 59
127 17 183
67 169 13
181 123 171
155 27 141
191 91 131
91 103 43
67 7 111
77 53 29
145 7 199
111 65 35
127 153 55
1 165 85
123 39 57
53 181 37
145 111 95
47 153 85
157 65 79
113 197 49
121 195 125
89 29 173
145 189 83
111 177 115
53 33 115
33 173 37
143 69 195
1 57 139
169 137 89
165 89 149
63 119 63
195 91 87
183 79 79
161 193 25
97 107 39
71 47 91
139 41 29
195 83 171
35 75 75
29 25 43
147 191 111
37 181 77
115 59 73
107 187 159
117 25 23
69 21 121
109 153 191
97 123 33
171 103 131
99 49 71
89 161 99
69 37 45
33 13 185
19 173 101
149 195 111
73 19 133
25 113 1
51 145 109
153 181 109
3 51 81
67 53 179
7 97 173
21 81 145
193 85 177
91 101 197
15 33 49
127 33 121
73 45 145
53 155 195
7 139 53
59 21 159
59 97 25
43 43 31
129 19 155
29 119 51
165 167 143
197 87 157
41 135 83
99 35 59
141 87 15
163 45 125
59 173 87
5 107 145
25 63 189
143 113 21
15 159 49
5 19 13
141 7 113
175 65 57
165 185 157
9 109 97
85 101 163
191 45 127
53 33 131
167 53 155
29 5 3
49 121 17
55 137 21
23 195 65
7 55 39
21 151 107
121 19 115
69 145 103
7 75 95
163 135 147
73 41 17
193 161 47
35 85 199
29 151 53
83 93 179
137 1 91
155 19 111
3 123 135
183 17 107
21 67 113
61 85 77
21 35 53
9 33 149
159 189 183
53 167 11
157 57 197
175 71 39
97 109 193
17 17 101
85 33 83
73 13 7
11 65 67
147 15 191
135 101 199
5 113 63
63 13 115
37 51 175
51 149 149
171 49 151
3 35 71
121 145 59
89 11 131
103 105 45
5 7 191
21 69 29
137 87 35
189 61 1
137 115 141
89 169 191
27 39 161
171 99 69
85 133 189
93 179 77
99 169 85
73 103 193
63 137 117
29 41 53
143 181 145
111 77 81
53 37 73
151 9 3
85 101 173
63 179 57
135 167 149
37 63 153
77 83 25
21 135 191
107 81 19
183 65 161
123 43 175
133 45 29
33 19 83
115 179 167
185 33 133
47 185 69
129 113 9
169 103 191
153 27 11
17 187 21
59 67 3
9 199 127
27 81 163
109 49 99
141 85 15
29 57 199
141 67 151
149 161 183
175 75 55
65 97 7
131 3 129
33 33 91
115 195 99
67 95 29
151 13 139
9 115 79
179 65 109
43 153 153
117 111 101
117 119 179
121 151 45
153 41 79
53 45 113
51 73 131
63 11 197
177 91 51
147 103 163
3 55 141
113 61 183
31 143 5
85 187 25
127 171 145
171 187 3
43 117 55
159 17 9
153 171 71
55 135 47
13 179 97
177 67 99
121 71 13
11 95 147
85 145 33
71 51 63
91 9 137
11 17 83
183 87 41
21 37 193
199 39 151
65 137 69
39 53 45
39 105 69
183 41 81
137 103 165
145 143 141
65 25 135
151 67 147
91 59 33
129 115 53
171 183 51
23 27 21
127 1 59
71 185 97
173 149 183
19 193 119
45 129 167
111 75 31
73 11 85
187 63 177
73 17 9
5 37 179
5 97 107
189 193 137
41 81 9
35 103 181
67 71 1
45 5 149
55 91 59
117 171 35
37 179 127
75 63 199
171 169 3
67 105 7
51 113 99
155 199 141
25 103 79
29 51 145
23 13 189
193 151 147
77 181 63
43 181 3
11 87 77
19 199 151
37 97 123
139 141 173
41 19 127
195 163 151
111 55 85
165 1 107
147 167 5
31 171 185
117 47 27
19 103 37
117 25 159
57 197 195
181 125 133
143 179 77
103 167 175
103 179 189
71 183 155
41 167 5
191 193 35
197 133 151
21 91 171
19 191 191
47 27 151
129 9 131
97 183 179
75 77 81
161 135 183
31 139 157
23 173 197
59 27 93
53 101 89
147 91 15
175 147 137
183 181 183
69 159 111
145 143 111
79 127 89
121 83 49
93 185 79
121 181 5
125 173 167
17 187 21
67 123 167
47 9 45
7 25 27
149 135 1
179 25 49
167 177 33
55 57 153
139 165 151
111 133 175
3 57 99
29 23 19
39 173 85
167 103 133
5 103 43
133 153 95
111 89 179
71 41 145
35 95 103
71 69 41
127 169 151
55 187 57
27 177 87
129 109 29
33 55 195
89 53 103
177 31 37
121 79 147
17 85 121
85 125 59
157 181 131
145 37 57
121 27 111
133 55 137
91 153 67
143 57 3
79 93 91
61 143 171
147 63 195
71 121 11
155 155 1
193 13 61
123 27 109
179 69 29
35 135 65
91 137 155
87 131 3
133 5 185
99 199 45
125 115 191
79 19 167
195 79 121
23 189 17
195 121 141
129 187 23
169 45 161
3 151 157
7 135 43
109 85 81
23 179 179
41 145 103
25 171 87
13 187 81
133 31 7
23 157 1
173 119 33
27 75 105
67 21 107
151 5 17
129 185 127
179 191 149
149 181 95
39 167 119
71 77 35
27 79 167
49 15 95
27 25 171
153 131 101
157 53 167
45 179 21
141 31 55
121 125 33
87 147 181
165 181 19
147 53 193
65 147 125
89 21 77
21 121 105
177 193 161
155 13 117
89 67 67
15 3 7
161 87 31
47 11 119
99 3 187
149 31 133
169 109 197
193 117 191
185 77 115
199 97 91
169 163 149
173 73 37
59 105 51
69 127 117
177 113 67
7 149 165
19 49 113
135 39 81
11 153 177
13 43 163
175 191 161
153 29 33
161 183 5
87 3 169
103 69 141
51 137 21
3 49 29
43 33 47
99 11 87
143 173 97
37 37 109
169 69 189
57 179 45
59 51 5
33 191 195
169 13 97
123 145 51
155 95 53
165 181 199
41 183 99
77 195 145
51 87 85
133 131 55
183 39 15
173 33 177
89 33 9
33 187 83
129 145 5
13 47 159
195 145 29
191 193 173
77 79 155
113 37 5
151 51 137
89 27 119
25 141 195
117 23 85
61 131 21
107 193 53
157 21 67
149 195 165
131 53 155
71 57 137
25 97 49
53 119 103
97 17 95
23 5 121
153 27 141
49 183 1
71 153 11
169 119 167
125 177 21
181 113 151
181 65 127
99 73 151
115 167 107
25 191 3
51 131 129
137 35 185
91 47 35
9 117 9
89 137 81
3 193 5
171 119 89
147 69 69
115 177 71
9 83 89
45 117 113
183 101 67
133 39 5
51 47 199
91 127 7
187 35 199
105 123 1
79 95 77
159 165 23
145 159 41
61 71 155
67 43 103
105 151 85
153 149 19
183 59 173
123 57 63
149 163 51
45 39 59
113 165 41
71 111 103
47 65 49
193 167 13
143 155 79
91 173 185
149 145 41
5 113 127
167 163 49
109 125 199
75 167 147
89 69 59
57 21 35
23 139 81
81 17 177
55 105 119
103 49 9
15 81 61
81 129 169
7 31 137
77 177 149
145 141 127
71 175 15
9 159 71
129 135 197
139 157 79
187 69 37
67 129 139
101 97 59
35 137 139
117 87 49
57 117 125
135 133 175
197 107 45
35 105 157
191 87 85
59 123 23
91 165 115
91 23 85
133 163 185
123 11 21
39 41 41
75 15 97
183 59 135
87 119 131
77 3 165
199 131 59
163 149 117
91 33 111
53 19 105
167 143 37
7 183 159
125 183 199
87 117 177
5 151 159
113 19 149
147 77 25
95 97 127
127 7 91
49 111 181
95 53 137
181 11 7
67 113 119
183 91 43
37 153 131
55 103 39
131 31 151
131 159 97
137 49 191
153 133 23
5 173 71
119 83 167
137 1 51
27 149 119
179 183 5
185 21 43
17 173 1
175 173 133
127 165 167
163 187 105
135 161 161
17 31 69
123 83 91
71 1 27
53 109 53
177 151 137
149 57 121
123 93 41
191 59 15
81 163 45
145 27 7
177 199 45
163 91 167
67 117 89
175 171 63
31 11 19
87 35 195
179 77 145
37 195 171
105 41 65
131 151 49
35 197 193
125 163 169
41 155 35
115 17 101
125 35 181
161 133 11
37 181 97
31 151 179
175 119 15
127 167 23
27 161 59
189 33 93
47 69 17
167 73 57
105 53 173
37 167 1
19 63 161
73 145 101
193 65 37
159 87 11
23 145 41
57 37 67
29 53 159
101 15 5
155 187 75
121 187 179
89 53 121
137 153 139
1 93 115
89 9 107
33 49 171
175 21 193
27 179 153
41 89 181
131 163 83
23 47 141
75 167 165
131 9 157
25 123 95
33 135 95
81 9 87
5 105 25
185 59 199
177 143 129
43 129 75
89 173 5
159 139 27
71 95 101
99 93 33
137 93 161
145 179 193
153 3 177
11 1 183
59 35 71
187 109 47
161 113 89
3 45 83
1 49 145
95 185 17
187 145 115
69 41 155
73 19 99
177 105 155
11 79 71
119 125 129
137 117 19
181 199 179
29 145 85
15 65 87
63 179 181
105 37 71
27 39 139
35 193 115
113 63 93
37 191 7
153 11 127
57 93 167
1 83 147
65 169 79
147 53 197
183 27 61
125 69 69
117 185 95
181 181 129
75 187 41
189 17 181
187 183 37
69 33 93
141 17 197
193 13 61
123 177 111
191 45 197
175 139 121
155 171 39
47 11 123
167 191 197
151 29 187
87 25 77
103 23 145
21 187 85
197 99 181
43 199 103
181 25 93
153 167 173
67 89 31
163 189 77
191 79 45
15 155 99
37 99 89
129 87 193
131 67 13
129 169 113
57 167 155
23 139 41
15 169 193
109 151 163
187 195 125
47 197 115
49 85 35
137 181 175
107 97 103
181 11 137
147 165 67
189 109 27
157 101 51
11 169 169
5 93 77
105 113 65
95 51 15
75 25 63
77 33 199
87 169 11
155 139 191
65 167 41
69 121 29
37 89 89
35 71 101
147 39 9
197 53 115
125 115 113
61 19 187
135 29 167
73 123 157
143 163 17
167 95 185
161 87 53
31 187 195
69 101 29
121 119 79
139 31 75
157 121 103
89 89 165
11 45 99
77 61 75
171 149 123
59 3 89
149 101 49
49 33 183
71 15 51
101 89 75
23 95 15
15 59 75
59 61 165
25 137 79
173 59 157
79 51 31
83 5 193
19 187 143
33 143 95
25 121 167
121 135 171
179 115 97
41 79 111
81 61 75
43 17 3
93 49 175
1 145 159
93 191 145
139 87 165
59 157 197
99 127 23
13 25 143
195 39 25
55 113 169
177 115 49
129 195 91
73 57 89
65 1 89
55 165 181
11 67 23
41 89 83
169 135 85
9 63 97
25 33 195
141 81 49
135 77 25
191 165 153
191 157 27
61 43 195
127 65 49
119 51 59
157 135 3
19 31 173
155 25 85
37 179 109
17 3 153
85 61 87
41 87 181
83 81 77
53 129 137
103 91 167
39 197 189
173 73 145
103 157 67
81 171 23
187 123 163
47 115 179
37 95 63
21 171 7
53 11 195
47 81 47
45 69 53
117 117 195
179 185 73
53 111 175
175 73 159
193 155 49
89 121 97
163 31 37
79 25 59
63 175 15
133 133 63
153 127 107
41 103 127
151 181 105
127 139 61
185 189 37
105 189 29
41 129 21
65 187 89
145 3 71
77 169 133
107 75 65
11 105 123
95 115 163
35 175 19
127 115 145
19 49 35
147 69 43
39 61 83
145 131 53
113 65 197
91 33 177
195 155 187
13 23 101
189 41 197
103 89 135
55 27 61
29 71 79
89 153 129
125 5 167
189 105 111
125 81 127
81 173 17
7 73 117
151 69 129
143 107 21
171 167 29
41 149 83
193 79 111
103 149 105
7 165 29
193 91 121
69 13 45
141 33 29
115 65 35
21 87 185
93 19 129
41 5 99
23 21 43
173 125 35
41 57 41
131 177 153
47 21 49
183 155 117
49 189 57
39 79 75
57 111 1
165 113 93
185 155 37
109 93 61
69 39 137
45 191 81
171 39 11
125 155 163
17 115 145
199 191 97
13 95 135
125 187 95
183 127 165
181 91 149
19 27 163
9 107 31
47 23 181
105 89 55
19 137 179
113 35 99
7 73 99
97 73 111
25 37 141
115 185 123
47 51 7
57 83 25
183 63 33
71 21 183
113 199 87
147 1 107
123 3 19
195 19 131
31 159 27
121 185 51
171 193 167
157 17 117
123 155 173
143 137 157
45 25 131
47 35 43
49 157 189
67 87 113
129 19 11
115 69 147
11 139 171
131 55 45
85 29 3
127 89 125
55 19 69
193 63 113
149 155 63
141 171 113
159 183 83
131 33 13
71 3 31
29 47 145
161 49 179
49 79 169
69 51 95
35 67 53
189 131 45
161 147 97
47 133 37
79 49 99
185 183 31
135 127 5
89 107 33
167 75 195
121 73 147
187 125 119
21 169 153
167 169 47
