99 100
199 89 1
79 191 103
71 131 41
131 193 61
199 103 167
191 79 179
151 97 163
47 31 37
173 73 29
109 31 67
59 97 31
191 41 89
41 37 67
103 1 89
29 1 163
131 191 103
67 31 101
127 151 73
113 113 97
37 71 1
103 1 1
199 193 137
167 103 103
113 37 1
179 1 71
191 37 173
179 83 131
1 59 131
43 107 101
61 179 89
83 83 59
79 113 193
71 181 163
59 197 199
167 97 157
167 109 31
113 181 41
1 59 191
199 157 67
41 127 193
173 149 167
1 193 59
199 197 71
97 73 83
89 149 67
137 53 181
31 137 149
173 71 181
103 149 131
97 31 103
37 89 109
127 43 31
191 181 179
193 107 179
47 53 67
37 83 73
167 197 59
1 131 191
109 127 59
47 181 67
197 1 107
31 179 59
157 197 73
1 101 131
193 167 139
101 179 1
1 41 1
151 43 29
89 113 101
59 71 113
173 179 29
31 59 83
199 101 29
29 61 113
179 53 157
103 1 193
173 67 163
97 83 113
1 1 37
193 1 73
193 1 73
53 193 149
113 191 103
41 73 53
103 73 139
71 47 127
127 67 37
1 139 41
43 199 199
83 193 149
113 41 163
127 41 31
47 199 31
97 71 167
43 101 157
101 199 197
173 109 29
97 127 163
83 79 181
89 79 31
151 31 1
83 139 71
109 61 41
37 101 151
151 79 163
167 109 157
43 179 83
107 71 103
109 113 31
127 197 167
113 101 131
137 127 173
107 101 103
167 173 71
41 37 199
71 97 83
83 127 109
73 199 103
197 107 73
131 71 41
31 179 79
79 193 59
79 1 101
167 103 31
1 53 67
193 79 41
59 199 157
181 173 53
59 131 157
101 53 109
109 47 53
191 157 83
89 53 139
179 167 193
41 1 47
1 101 97
47 179 151
131 83 181
173 41 131
101 83 103
37 73 103
109 199 193
79 137 197
43 41 83
163 179 29
29 193 71
73 67 43
29 149 149
127 139 89
73 37 197
163 157 151
139 89 37
103 191 139
137 181 1
53 163 73
59 149 163
71 181 173
1 163 1
127 101 83
29 193 163
151 83 59
127 167 167
73 71 149
89 43 89
191 89 97
113 83 101
83 149 79
53 131 61
199 71 139
43 73 1
101 127 83
113 1 107
149 139 191
199 139 197
199 79 29
89 163 197
89 1 89
97 181 103
173 113 113
127 139 181
191 41 83
61 61 163
127 83 199
173 149 53
1 181 71
47 79 47
59 53 197
37 137 97
1 31 89
83 97 113
149 47 67
71 37 67
113 97 97
103 137 173
41 89 43
59 1 71
29 151 139
101 37 173
29 167 179
