2999 3000
121 69 127
129 153 197
139 189 59
177 61 121
195 87 103
137 109 85
81 53 65
129 9 179
65 85 71
77 97 51
51 25 93
107 21 117
97 183 149
157 105 191
43 111 73
55 195 67
107 163 107
21 45 91
105 115 123
107 165 187
131 57 169
55 77 19
37 129 125
141 121 21
51 193 81
149 163 123
111 69 81
59 159 189
173 81 9
137 67 17
97 35 123
77 157 53
7 187 11
127 111 49
119 193 93
81 19 49
53 101 101
11 89 117
195 97 175
165 17 149
105 141 189
61 97 87
47 109 163
159 61 73
55 57 199
73 105 21
173 7 5
61 123 57
61 1 171
79 149 165
123 139 131
19 129 139
31 195 103
91 69 151
149 171 13
157 193 171
67 197 43
93 55 121
95 25 181
43 95 147
85 129 129
117 67 51
113 169 173
85 23 5
55 139 199
47 109 51
45 57 9
3 177 75
131 61 169
25 7 167
153 39 113
123 193 199
197 167 115
19 75 131
63 177 15
75 29 71
131 141 21
11 119 169
73 191 171
183 157 103
127 71 31
119 69 89
85 87 11
63 123 7
41 137 131
173 111 97
113 133 171
31 5 7
23 177 17
179 183 193
153 117 81
125 5 7
13 17 125
135 127 115
175 161 177
191 161 121
27 133 93
31 43 5
111 163 141
197 61 163
115 141 45
119 147 199
39 175 123
71 89 39
135 171 77
97 91 53
133 89 43
79 93 69
41 33 99
101 99 115
145 145 111
195 47 25
171 73 145
59 113 87
133 189 157
25 41 197
113 187 93
109 159 129
47 59 7
145 77 47
193 187 53
143 13 101
17 61 97
129 51 67
117 113 29
63 109 163
153 105 91
113 33 107
75 39 15
151 189 165
137 41 111
53 47 7
17 143 151
69 113 167
181 141 199
193 7 19
97 97 185
129 3 139
167 123 51
155 87 125
101 101 179
147 109 115
193 163 73
105 33 89
45 31 157
53 49 41
53 35 33
57 77 33
83 127 161
169 155 31
71 133 187
83 151 191
45 23 41
181 17 33
11 173 137
163 119 85
101 55 137
177 89 95
7 49 151
65 81 137
197 171 105
53 65 79
179 105 161
195 137 109
73 177 193
191 61 107
45 103 71
133 197 75
87 51 157
71 187 163
145 91 29
9 75 129
113 35 85
153 49 65
129 41 59
189 149 131
91 123 25
191 101 71
41 57 107
27 125 97
23 57 167
97 185 111
35 175 119
83 39 135
29 1 87
81 37 15
3 61 109
7 35 103
65 143 95
189 39 39
45 111 67
133 125 193
107 45 89
49 83 27
51 171 15
87 89 43
147 101 27
183 5 133
29 3 139
171 41 3
185 11 95
111 3 139
59 195 177
141 23 187
15 37 37
105 183 191
109 9 77
17 141 127
19 183 13
165 187 145
79 81 21
187 125 5
181 101 115
107 191 173
47 27 19
133 17 33
45 197 41
185 29 151
169 145 167
59 91 91
43 15 55
167 19 37
171 39 23
67 115 109
93 133 15
15 167 167
115 111 99
47 61 145
193 133 33
187 23 105
1 181 67
123 17 111
161 145 181
77 53 57
113 67 123
79 137 119
95 141 133
155 189 153
191 125 199
117 31 95
1 97 81
19 111 185
67 197 13
119 53 173
89 175 153
27 197 67
167 131 49
59 187 143
183 89 3
13 185 193
15 169 15
29 59 15
25 71 137
77 43 3
155 101 121
153 167 11
187 119 141
77 167 11
165 169 69
149 65 51
23 79 169
81 95 183
151 135 115
97 139 141
197 59 121
67 173 77
91 113 133
57 123 23
129 191 99
193 43 63
177 11 117
175 97 139
109 115 19
47 55 169
11 81 169
183 61 167
97 193 137
123 119 27
115 17 83
61 183 11
175 99 109
71 141 189
89 159 163
145 31 71
25 1 23
85 71 33
181 7 119
99 35 15
19 117 43
1 33 157
5 45 121
145 33 95
9 195 69
39 169 157
143 191 101
13 127 29
21 47 17
55 165 101
75 7 103
11 67 121
55 187 27
87 81 135
81 53 79
155 11 87
49 15 31
177 149 173
127 165 91
195 171 111
107 73 69
77 99 143
65 29 155
49 163 9
103 41 97
17 33 81
31 167 35
179 43 85
49 133 165
123 43 195
99 111 189
197 159 199
129 17 77
91 25 45
37 25 197
173 11 3
139 149 19
181 33 155
115 101 133
61 95 85
77 189 111
35 187 11
51 167 111
179 11 41
109 9 131
119 11 71
67 135 43
5 89 85
9 125 67
105 11 85
197 25 49
87 35 125
55 147 63
65 187 17
177 21 101
189 197 9
27 39 31
115 125 1
39 95 5
153 179 119
179 131 127
117 57 123
63 119 9
153 41 63
79 141 33
75 149 9
113 83 101
141 83 127
35 193 145
117 111 185
49 37 41
9 159 123
31 71 41
71 135 103
11 71 161
63 79 39
145 181 113
133 11 129
125 157 71
35 45 9
175 85 31
133 9 79
107 49 191
41 55 21
111 15 197
95 157 7
179 69 175
189 199 23
49 173 155
93 181 183
179 11 17
91 193 191
43 183 27
97 109 39
17 105 183
173 15 199
147 189 93
145 117 71
21 71 163
105 55 13
117 175 9
13 71 187
101 1 181
9 39 23
113 23 25
31 21 41
125 17 117
41 87 63
15 153 111
173 69 131
53 79 37
123 169 57
27 151 69
67 173 169
193 101 81
117 141 97
133 59 129
123 121 53
179 137 197
49 67 11
127 7 185
95 63 141
149 133 63
27 5 193
127 87 163
173 87 59
31 15 175
55 171 11
191 167 133
163 179 113
169 67 65
33 7 191
69 173 189
177 69 43
167 33 69
55 91 99
69 67 71
145 77 5
111 115 61
89 131 155
59 195 21
169 89 191
141 77 127
115 119 99
147 91 75
37 191 147
7 61 1
189 171 173
7 31 117
137 89 29
131 111 21
19 5 185
199 35 153
23 133 199
113 111 113
7 57 163
173 161 103
143 135 111
77 155 3
165 183 9
179 109 145
87 197 179
25 149 197
157 51 195
173 67 121
133 29 35
95 133 145
29 43 117
183 149 59
71 157 39
83 5 109
79 183 87
131 83 79
183 181 103
49 103 165
183 41 41
115 185 173
61 103 67
9 65 199
69 105 183
73 13 157
159 3 143
41 185 125
125 193 55
27 61 141
67 101 95
157 73 77
163 141 95
27 139 155
35 25 67
151 85 135
59 27 111
147 55 173
139 111 117
103 155 41
3 153 69
77 133 39
121 27 195
59 181 157
189 151 185
73 85 123
5 99 179
59 175 141
73 91 87
133 133 131
85 1 33
19 39 37
149 35 17
131 191 137
185 79 99
175 107 191
73 85 169
49 129 77
139 15 135
175 49 113
175 187 45
119 127 33
57 143 155
151 183 105
31 185 139
41 177 123
29 49 97
157 125 75
75 59 27
29 75 69
15 23 45
141 57 19
187 11 41
73 115 97
57 53 49
137 81 183
185 177 23
109 51 51
73 77 111
147 147 185
75 191 13
131 113 131
45 59 71
65 155 161
21 107 33
101 89 91
79 15 131
33 169 117
15 79 129
161 169 1
55 85 53
71 17 127
129 87 161
189 49 5
199 185 69
193 75 91
7 111 95
177 27 173
159 59 7
127 61 125
13 17 85
29 47 43
19 7 17
171 115 51
157 89 143
135 83 141
45 177 133
175 55 141
35 165 21
199 89 83
15 77 11
165 119 127
171 39 59
189 89 181
181 31 153
63 173 13
145 9 51
199 53 97
67 73 175
155 61 113
31 175 111
53 101 29
91 63 193
85 43 67
115 99 57
191 111 37
1 163 5
157 163 53
31 41 51
195 155 21
169 65 175
69 199 109
35 191 161
77 163 155
177 19 39
191 159 59
57 67 153
123 119 57
165 73 15
119 93 149
87 171 143
189 79 111
181 143 83
143 99 117
65 41 97
127 3 73
99 157 169
17 13 25
195 27 149
87 175 113
59 117 135
41 131 125
185 13 115
187 33 199
27 131 45
31 3 109
91 75 139
103 101 37
35 49 55
113 65 49
135 199 39
65 123 1
183 141 43
15 139 27
145 183 13
53 195 143
127 135 77
131 75 167
179 129 175
43 81 113
145 25 25
173 25 159
113 67 129
157 197 111
139 9 29
135 57 79
173 133 131
47 5 161
81 179 93
65 195 175
193 19 123
19 83 67
189 11 143
187 25 161
99 53 117
155 131 159
193 165 197
197 31 169
175 27 121
169 1 105
91 123 169
173 95 163
87 141 85
111 101 177
69 121 67
103 81 167
69 77 25
99 151 17
125 71 13
29 175 91
57 47 163
55 113 55
195 197 131
1 79 123
121 145 137
1 15 5
79 41 109
29 161 81
3 79 179
81 73 7
127 37 35
41 195 91
141 29 145
123 151 45
69 89 45
83 93 165
27 105 167
93 185 149
75 67 81
147 73 83
183 109 163
81 103 193
111 49 137
61 93 183
53 137 105
147 101 77
155 171 65
141 119 195
7 199 87
81 185 65
93 51 13
195 45 99
147 181 181
39 67 195
79 77 159
85 153 13
55 17 63
79 13 17
77 3 61
167 69 173
17 185 157
61 83 49
147 167 147
117 65 95
193 25 37
147 37 21
67 3 105
79 19 63
187 185 141
159 157 123
143 17 193
129 65 9
1 115 175
65 113 121
193 55 37
29 75 135
31 83 81
155 145 147
43 191 131
103 17 21
119 9 83
87 121 129
1 95 57
19 15 161
73 157 27
147 91 19
29 75 153
77 125 87
171 159 145
91 179 187
3 61 89
125 189 111
19 151 197
139 111 199
95 41 17
89 61 193
67 117 139
191 3 71
151 53 51
33 143 23
199 33 17
91 143 21
41 45 145
57 147 163
97 163 101
61 59 99
81 197 91
189 171 157
41 21 53
183 147 107
119 165 43
167 185 41
11 129 133
157 195 77
23 97 133
81 99 135
77 191 99
151 51 181
171 103 169
119 113 9
83 157 95
171 197 15
99 33 181
197 111 191
93 147 51
97 185 73
87 85 153
137 65 133
145 33 83
161 145 157
117 39 75
19 157 61
51 41 31
65 135 33
117 185 31
101 57 27
185 9 123
153 45 113
89 127 155
137 189 3
177 63 163
37 29 81
79 163 99
13 197 53
199 131 119
159 61 139
169 185 39
117 1 129
149 155 81
137 157 75
103 121 11
131 1 91
95 3 129
195 159 111
29 77 123
89 119 25
73 63 185
75 191 57
133 175 77
91 49 25
115 165 161
19 55 65
21 87 99
179 197 193
161 25 91
79 153 119
45 137 9
35 97 185
115 175 163
67 199 97
31 65 91
191 33 5
77 131 23
75 125 43
3 119 125
155 39 189
197 47 173
93 135 17
171 99 53
75 195 71
139 85 137
171 89 169
101 111 159
129 57 139
49 85 13
191 75 119
37 47 75
171 63 71
173 19 67
71 89 39
59 27 113
147 99 155
161 161 29
121 99 33
7 17 67
185 135 115
31 9 9
93 183 149
17 51 119
105 193 197
131 9 67
133 163 127
93 191 177
97 23 43
113 193 67
47 11 73
161 19 57
47 167 191
1 191 189
193 187 5
1 53 109
67 83 145
57 61 77
185 7 75
177 73 171
189 51 83
111 11 33
79 3 97
69 191 145
55 99 145
11 7 43
95 151 43
59 133 111
65 7 71
137 177 159
187 163 41
199 99 133
105 197 43
199 45 121
97 93 189
103 135 147
159 83 63
195 97 61
1 167 119
81 31 87
147 71 127
45 3 19
145 149 121
93 71 25
187 163 23
121 15 23
107 77 125
3 137 187
75 159 181
105 45 85
175 171 69
81 189 119
29 13 69
3 37 13
167 163 107
181 185 93
161 15 117
97 105 25
55 191 131
3 179 5
77 49 109
171 71 187
183 139 171
125 153 1
87 163 107
177 159 73
191 179 157
95 107 117
189 39 117
169 43 75
121 153 77
191 43 155
131 15 29
187 15 11
53 25 135
11 99 127
189 159 103
1 77 93
39 97 91
81 173 81
137 49 49
181 107 169
99 39 63
17 51 193
41 89 83
43 15 135
3 117 145
183 113 39
79 5 39
51 189 181
5 37 165
15 109 7
55 171 91
9 69 189
97 151 5
113 87 45
133 135 89
47 173 195
51 115 177
143 95 55
179 165 11
191 171 119
65 61 133
133 49 187
85 53 99
171 1 197
9 89 13
183 187 145
1 163 191
1 123 145
165 133 87
135 51 169
195 87 63
147 179 129
199 77 61
103 73 145
97 85 19
83 135 133
47 125 19
169 175 19
5 165 123
159 135 87
45 197 125
127 29 23
5 91 169
181 139 71
171 63 175
105 195 71
133 13 153
107 135 199
177 59 71
15 49 75
11 175 137
145 101 87
35 71 13
77 141 17
139 115 103
37 185 73
49 43 81
89 145 13
147 17 25
99 195 1
73 133 15
175 19 129
149 135 73
89 57 11
109 159 89
197 135 131
39 15 169
185 27 121
105 155 9
3 155 59
135 73 159
57 3 135
97 179 13
153 191 161
111 79 155
45 9 167
163 81 163
189 3 107
145 11 195
3 175 99
77 133 101
183 171 141
161 185 101
151 49 197
133 107 53
47 73 163
127 141 111
33 47 177
149 41 167
123 43 15
159 47 17
33 187 197
121 193 179
171 189 141
181 43 195
55 109 33
99 125 183
145 101 109
89 171 47
131 185 195
177 107 21
69 7 179
61 187 11
153 31 133
195 129 7
9 161 187
133 143 145
137 157 43
109 3 91
197 101 179
7 121 13
119 3 95
9 117 163
39 153 23
71 63 175
33 155 75
79 99 187
139 47 119
45 41 159
145 21 171
169 137 73
171 31 183
193 193 101
145 119 109
113 199 147
67 177 19
69 163 155
19 185 137
61 143 77
185 115 121
121 91 171
57 73 139
153 175 15
73 83 7
175 135 55
151 57 167
113 115 33
1 51 7
143 127 25
161 153 85
51 123 69
125 61 95
3 75 151
85 185 103
19 145 79
179 111 157
93 49 11
145 55 123
175 183 123
127 69 171
49 41 35
15 39 87
193 189 115
83 197 117
27 179 105
41 41 29
89 51 7
47 79 101
31 105 149
3 75 123
147 111 155
187 101 107
175 119 121
75 35 19
159 43 101
199 71 31
49 79 71
127 83 65
33 31 15
11 57 149
25 11 151
125 119 99
43 143 85
181 65 163
25 69 143
199 99 101
77 75 3
159 139 51
93 57 83
151 7 19
161 61 29
183 159 55
127 147 83
191 15 31
61 61 115
63 161 139
137 67 139
179 21 119
37 103 183
43 25 75
103 55 129
167 13 91
17 95 73
31 125 103
91 41 199
155 83 59
125 125 121
147 149 163
153 131 141
179 109 177
137 39 123
149 33 131
43 105 97
73 113 17
17 111 153
99 73 147
129 97 7
77 59 131
111 1 181
19 177 135
57 101 17
89 31 153
99 31 5
115 47 151
25 103 23
97 51 39
193 57 43
157 91 75
157 73 151
133 111 61
137 127 79
167 183 41
101 187 33
53 137 131
155 65 45
109 7 173
165 49 173
57 123 71
33 177 27
143 37 183
173 21 19
59 165 157
149 197 27
189 129 33
53 77 85
61 155 143
13 127 53
41 101 17
17 127 177
159 13 113
83 137 55
47 93 131
43 23 93
75 55 41
57 43 31
11 187 83
41 39 47
143 159 61
173 137 5
91 49 21
27 9 179
23 43 165
45 137 11
5 177 55
47 111 129
33 99 89
175 145 99
135 109 45
175 113 91
127 39 63
135 121 57
83 87 187
123 97 9
99 151 159
115 185 163
13 177 113
157 77 51
171 25 25
83 115 159
121 81 133
43 139 61
33 125 99
129 39 85
185 101 7
73 167 11
49 79 125
29 129 137
53 59 197
167 121 167
49 55 155
91 19 75
119 21 21
157 107 53
57 113 87
23 27 71
7 151 143
39 191 95
97 189 125
19 59 177
177 13 49
99 193 97
119 13 91
25 171 9
43 57 71
69 31 31
21 173 159
115 171 165
103 95 107
67 177 109
79 25 31
71 25 7
189 115 105
159 27 23
119 97 153
149 129 195
25 87 63
195 155 187
91 61 103
171 169 109
99 199 175
27 109 159
141 117 29
71 45 121
169 197 79
1 191 101
87 157 49
145 49 177
5 151 173
175 163 167
77 43 41
187 1 139
103 29 165
147 151 9
47 133 79
141 139 151
99 91 151
147 69 141
1 41 85
67 111 195
109 151 169
109 193 149
43 157 39
193 165 47
29 147 193
167 3 145
59 153 85
31 199 87
175 187 33
85 181 137
139 53 5
131 3 113
191 41 23
155 87 65
5 185 161
7 129 93
65 117 165
167 5 127
153 141 157
135 79 35
187 187 119
93 3 161
135 129 91
125 97 81
13 57 139
45 55 47
163 123 159
167 49 127
107 109 93
89 143 149
179 165 83
183 125 175
111 119 67
9 103 105
169 41 31
127 191 147
49 149 193
97 179 155
5 175 25
51 125 35
15 111 125
139 85 7
57 57 189
159 161 5
103 95 13
199 43 85
51 139 13
31 93 61
5 117 63
33 151 171
145 179 23
133 187 37
189 79 81
55 187 41
53 103 1
199 189 7
137 105 5
133 69 57
49 35 191
105 7 99
187 133 133
77 73 77
157 153 113
47 195 103
151 99 61
139 9 17
147 15 121
15 175 57
155 69 191
161 167 143
197 99 151
69 79 139
127 193 15
25 199 75
123 163 123
35 179 73
153 99 115
31 61 165
99 155 179
67 97 133
69 153 197
53 91 97
149 9 167
147 85 197
109 111 21
191 87 47
195 1 81
55 165 35
113 47 65
113 85 165
65 185 135
59 83 107
69 153 63
57 149 11
167 169 157
53 15 169
157 95 65
25 33 59
71 99 17
59 167 129
45 5 41
31 15 11
183 79 69
131 89 137
3 151 193
17 23 159
15 87 115
49 49 71
51 65 199
121 97 71
29 43 33
43 53 181
25 121 11
19 59 97
73 155 131
95 19 133
87 133 53
135 109 69
105 107 21
1 81 175
43 115 199
199 199 27
121 115 173
83 11 103
37 47 121
55 179 193
93 33 191
105 5 77
11 129 13
197 103 117
15 5 21
13 31 169
127 107 167
43 9 87
89 129 73
171 25 111
107 17 69
111 197 65
143 9 169
149 29 85
153 51 81
87 19 95
195 89 11
3 177 43
37 49 189
61 63 77
181 37 151
179 5 59
91 79 73
121 163 17
75 147 69
197 145 23
85 155 109
165 197 103
119 89 11
181 165 47
121 21 11
127 79 193
5 55 75
71 175 165
17 45 189
161 171 167
19 183 163
121 87 153
9 1 117
79 47 139
99 161 121
81 153 145
39 131 175
15 1 83
163 189 153
133 157 73
115 23 137
105 79 157
105 101 181
55 39 189
17 63 171
73 9 69
109 87 53
109 171 93
97 123 11
157 101 173
85 37 9
67 193 27
167 77 37
7 67 45
69 37 101
181 11 21
69 167 197
143 59 105
169 173 117
69 49 15
107 161 75
3 189 63
81 25 131
51 69 1
191 73 7
1 197 181
169 99 65
131 3 37
9 121 179
57 39 149
123 17 17
111 185 27
39 19 31
11 19 15
85 131 65
185 15 55
83 79 161
191 21 33
15 199 67
157 51 75
173 69 37
61 95 159
79 29 173
99 43 11
29 11 21
43 171 9
25 35 195
45 67 77
45 133 171
95 113 185
67 149 141
67 107 19
199 183 79
147 193 159
157 117 161
31 127 189
65 25 135
35 5 159
169 177 109
185 161 57
133 7 55
143 25 123
125 7 93
21 165 91
137 125 37
63 17 99
191 151 33
197 15 99
173 123 37
133 179 5
43 33 189
67 59 25
75 151 167
143 147 195
173 183 15
189 185 57
45 19 23
59 21 15
85 57 11
63 167 183
199 59 19
59 85 63
113 155 33
59 55 11
147 173 155
35 29 31
157 53 123
177 67 167
139 77 129
9 59 117
67 181 83
55 43 83
115 77 45
169 191 61
141 145 121
171 79 171
127 3 109
193 73 67
69 3 147
31 119 85
11 3 93
159 189 65
35 137 23
129 197 137
179 21 9
57 95 55
59 5 129
133 71 55
39 17 47
61 7 19
167 3 49
59 67 59
195 91 17
193 131 155
117 141 189
13 195 167
17 123 23
87 177 187
7 127 23
13 145 61
17 193 25
187 155 97
77 77 155
113 135 151
157 123 47
151 89 163
177 17 175
57 3 95
87 25 181
31 189 189
127 117 105
185 13 121
61 169 109
101 23 89
23 173 1
17 135 61
33 15 115
139 13 91
67 195 51
159 87 137
75 95 71
193 17 197
65 29 183
87 117 147
59 23 47
97 83 175
111 199 191
125 193 127
23 149 169
13 85 35
107 157 97
27 57 171
55 39 67
77 187 131
3 137 17
85 111 179
187 5 77
85 35 91
33 3 119
21 141 45
81 37 161
139 113 173
81 83 199
67 15 159
5 31 139
19 115 141
25 191 129
59 185 117
167 105 105
11 149 137
153 111 157
169 83 39
51 185 81
65 143 161
1 81 133
115 125 41
9 55 59
193 75 187
97 179 151
151 19 117
61 175 31
47 117 183
31 101 55
79 63 107
63 195 75
189 35 75
147 93 93
21 81 5
103 31 199
121 51 199
199 81 149
21 169 113
121 23 159
183 33 95
177 109 77
115 87 43
9 85 135
193 89 81
127 87 5
177 87 107
161 139 131
33 53 131
161 115 151
193 113 175
5 93 159
93 137 39
177 71 155
169 57 67
57 61 163
47 73 89
89 3 169
141 133 33
161 187 67
177 163 27
71 25 123
7 167 129
181 121 125
37 91 5
99 53 173
171 45 133
173 117 83
11 151 173
101 121 113
167 51 177
191 173 155
159 101 25
183 129 135
179 133 115
135 11 153
85 143 51
1 27 125
55 199 1
175 15 11
25 97 17
199 51 183
3 179 79
37 113 141
169 27 27
179 179 5
27 133 141
53 57 129
155 59 129
73 173 185
169 93 63
123 77 89
101 155 191
13 95 97
41 121 133
123 31 7
57 75 89
17 3 115
179 35 71
57 19 129
149 83 107
129 75 75
83 65 103
81 65 3
107 103 121
41 109 161
115 197 187
117 17 147
55 191 69
75 121 151
61 27 7
39 5 61
7 107 189
71 15 177
173 135 57
185 199 67
87 185 107
103 37 21
197 105 41
117 55 1
47 167 75
157 27 39
63 15 77
181 191 187
115 153 57
113 123 135
3 31 119
39 155 5
143 101 11
197 101 9
163 79 125
93 21 77
13 1 33
107 187 199
59 147 181
87 81 199
117 1 113
175 109 115
179 121 153
183 129 199
61 157 99
185 33 167
185 169 59
171 73 71
23 157 179
103 155 141
7 67 27
117 85 47
37 141 127
69 139 105
25 39 89
163 5 53
35 63 39
107 39 23
63 121 99
123 61 25
93 193 127
179 143 135
23 69 155
163 79 191
105 167 59
109 123 187
75 161 149
113 89 185
33 91 195
199 115 163
191 145 85
133 79 177
107 33 59
185 127 83
55 89 149
177 77 53
139 25 161
131 113 139
21 109 157
39 71 189
183 155 91
167 35 185
199 199 23
31 81 129
119 133 113
195 185 167
125 49 143
37 187 185
49 143 115
119 37 39
177 127 77
117 17 61
115 39 27
99 167 129
31 183 159
119 149 183
167 195 81
57 85 5
1 199 147
141 39 99
171 115 123
187 79 3
129 105 119
95 139 137
181 1 35
33 183 169
29 65 87
113 173 53
15 23 15
53 123 119
73 45 59
55 47 133
65 167 25
3 103 153
3 43 153
91 11 133
59 3 167
31 159 195
55 173 11
81 91 129
125 53 87
75 187 159
41 11 117
49 67 181
195 19 183
109 153 91
111 119 85
71 17 143
43 27 173
39 155 131
91 41 11
77 103 39
191 21 115
59 105 59
77 193 11
29 83 5
147 167 115
67 13 129
93 89 199
153 21 43
97 135 185
105 79 75
29 193 57
133 155 47
125 167 9
111 171 191
181 189 19
193 119 71
83 21 137
7 167 135
45 151 191
123 27 87
19 83 191
175 33 123
141 43 57
15 33 85
109 155 197
131 129 81
151 171 75
119 105 61
173 95 171
199 85 119
185 181 43
19 103 165
165 63 139
101 149 183
159 49 199
89 129 11
163 107 141
67 71 195
65 145 113
53 65 191
33 11 189
41 175 79
7 19 1
155 1 69
107 103 169
141 113 31
47 53 23
23 49 185
167 65 155
135 55 19
145 149 177
25 131 113
43 131 153
43 199 65
147 71 19
59 101 31
17 29 171
169 13 121
33 169 143
193 91 15
45 67 149
175 85 199
105 141 23
7 5 65
77 25 11
81 159 61
13 129 121
27 49 41
99 97 9
93 15 41
65 163 137
149 65 181
89 87 155
95 55 163
23 67 169
181 127 149
13 151 135
165 95 147
61 103 77
75 49 175
143 185 173
111 167 37
199 121 185
157 85 177
127 157 71
159 107 93
109 145 177
5 91 189
11 73 155
59 47 119
45 123 195
115 159 41
139 47 151
127 25 53
85 95 11
95 93 137
39 69 95
129 163 109
1 117 17
153 35 27
75 133 191
139 77 35
185 133 53
9 185 191
9 99 119
5 141 3
73 139 97
35 151 135
55 167 167
91 99 73
23 89 129
5 27 3
137 183 45
121 173 31
125 91 143
65 197 55
107 197 59
59 35 133
129 3 71
27 179 127
19 107 121
149 13 47
131 59 51
9 193 187
99 39 13
1 95 137
197 153 105
33 189 11
139 165 69
21 91 199
127 115 129
43 161 53
5 117 105
197 103 37
37 115 149
35 155 47
187 59 151
81 175 149
45 43 85
39 145 127
153 75 51
17 31 81
133 135 123
37 75 129
55 23 29
115 175 169
77 125 3
51 177 95
95 165 175
143 195 19
17 45 57
151 29 9
191 153 25
65 185 159
193 13 99
167 87 57
195 89 171
77 183 153
41 157 3
141 79 97
89 135 41
119 47 161
175 73 17
159 135 7
75 137 71
161 97 63
155 69 133
41 125 129
103 127 109
181 129 53
117 73 193
67 33 187
139 153 105
177 159 183
17 135 141
115 101 119
87 35 81
11 67 139
137 79 179
65 131 81
137 125 167
75 15 187
27 119 53
91 101 97
25 145 73
29 63 195
167 47 109
137 185 195
15 69 5
147 53 45
175 19 111
189 109 151
11 163 129
111 59 157
159 35 151
125 29 79
173 137 107
61 35 75
33 143 11
87 189 27
9 3 77
23 153 51
185 83 39
147 143 49
181 93 63
115 75 125
155 181 49
191 55 21
133 171 187
121 101 19
123 177 9
181 131 123
167 169 145
109 121 129
105 87 75
179 11 159
63 59 73
119 185 29
193 171 123
93 189 55
173 103 81
103 25 107
71 169 87
95 1 53
85 75 65
95 137 169
153 115 51
41 143 115
11 169 137
105 23 129
7 103 125
31 115 97
103 1 199
103 159 173
81 23 171
17 97 55
131 147 149
177 165 5
145 101 47
73 133 161
79 57 65
193 153 175
195 55 109
153 27 11
79 101 113
175 155 193
123 103 11
87 13 45
93 163 23
25 123 167
83 93 143
139 67 23
195 177 15
125 91 113
27 5 65
85 101 145
93 15 23
105 61 145
171 187 137
93 57 29
89 1 157
61 23 39
141 37 83
31 151 77
139 119 105
41 167 35
55 191 121
19 39 13
5 79 21
63 11 191
63 169 187
189 7 181
25 89 41
79 69 181
103 79 11
173 113 151
67 137 95
11 53 53
89 73 73
101 167 77
69 59 43
179 39 105
173 79 197
145 163 23
23 173 5
41 27 11
81 25 185
135 79 51
111 151 61
79 131 55
41 79 155
79 87 127
61 85 105
23 107 181
99 15 127
127 27 53
151 115 93
133 69 79
187 35 13
119 89 123
197 43 105
83 73 145
167 81 127
177 63 187
97 189 9
27 145 13
141 143 139
9 21 193
43 33 31
131 59 17
77 165 135
53 13 35
135 45 23
197 31 93
89 145 71
33 157 71
175 199 97
195 95 37
131 125 149
191 143 193
59 181 27
71 17 9
115 143 61
51 35 195
99 9 191
55 79 183
157 175 17
51 11 191
81 65 91
23 57 21
3 187 11
123 195 69
65 161 45
5 155 63
13 51 17
93 33 115
67 49 73
183 145 29
47 35 185
7 159 65
97 171 87
197 143 193
157 91 117
111 155 85
161 171 89
99 87 103
51 159 99
195 93 69
133 77 155
93 141 105
167 131 111
13 123 113
105 143 109
59 29 65
133 21 175
123 27 41
83 125 43
79 99 93
155 53 89
95 159 125
25 69 121
51 85 191
195 193 5
127 57 109
147 137 71
79 177 3
107 123 127
5 15 113
59 7 191
17 133 145
189 157 143
75 149 71
67 153 25
125 165 19
165 35 145
45 141 197
167 67 75
181 83 181
189 73 187
25 121 149
181 167 165
33 141 57
89 167 131
53 185 103
191 35 131
133 31 95
103 9 139
187 93 105
163 183 85
85 131 177
155 199 1
97 57 87
167 187 23
151 89 17
89 123 69
23 17 165
31 155 1
29 163 7
11 49 193
47 129 61
45 35 49
101 25 3
193 47 3
81 63 169
5 37 25
125 105 113
81 9 137
43 15 71
195 113 99
29 173 15
63 21 61
87 127 105
37 131 7
5 99 199
145 27 183
49 141 91
57 181 17
71 51 1
183 55 147
59 69 47
79 129 75
7 137 41
41 143 127
43 45 67
71 133 71
115 127 119
95 47 167
49 47 127
7 99 103
75 49 189
107 27 153
45 67 31
91 97 141
41 163 85
77 139 129
3 57 103
51 129 17
1 159 15
3 165 167
51 155 175
77 11 153
143 41 165
39 87 9
107 171 3
45 3 147
5 105 23
37 25 27
197 39 181
161 7 181
19 85 185
29 37 139
175 1 17
165 113 63
135 21 7
43 167 17
147 95 165
173 121 169
115 101 7
25 185 107
109 73 67
147 13 191
147 133 19
165 195 97
185 105 61
55 121 101
149 85 143
69 159 89
73 165 165
163 71 81
35 41 9
47 31 119
179 155 65
79 51 115
87 113 79
9 13 167
197 59 23
155 147 171
23 17 145
197 1 121
143 9 83
173 127 23
31 95 69
83 11 153
99 193 135
15 161 21
73 183 133
123 57 35
139 1 93
43 123 21
53 109 17
83 131 63
179 105 37
189 161 171
85 95 53
45 19 55
131 57 69
189 195 45
189 87 169
15 107 11
125 29 55
159 91 11
63 31 93
23 3 71
21 159 163
145 15 49
105 187 197
99 33 129
89 105 117
197 115 9
129 73 129
123 83 157
155 81 115
61 151 83
19 19 9
137 171 135
125 167 79
61 95 87
69 115 185
183 29 73
161 157 173
147 113 101
27 131 129
179 13 83
101 23 143
71 61 65
37 139 3
37 129 31
151 113 195
83 89 63
39 63 149
151 67 13
83 195 161
199 181 187
125 27 69
185 197 169
27 103 39
155 37 181
171 31 17
61 197 71
27 49 155
197 63 193
193 23 49
77 9 35
105 79 33
5 47 159
107 191 143
143 171 75
77 187 29
73 57 1
121 115 165
87 109 191
109 157 187
23 191 83
101 127 65
51 85 73
145 133 77
115 7 183
5 139 29
167 139 105
81 7 177
93 197 1
153 89 89
47 75 197
175 139 19
163 11 23
199 191 179
5 173 27
145 1 47
187 9 51
195 185 121
95 187 107
183 75 103
163 175 57
101 99 103
17 25 181
7 107 49
85 135 47
189 85 53
199 39 101
87 161 191
177 171 185
51 73 185
131 129 167
133 137 33
157 21 135
169 69 55
103 117 165
91 73 153
129 77 47
89 67 149
59 157 35
37 141 13
69 11 167
5 45 1
131 83 133
199 137 195
19 5 163
195 159 169
71 5 59
43 153 187
199 187 181
43 103 143
53 175 179
97 175 49
83 109 157
19 103 87
25 65 191
87 33 113
91 195 109
147 181 83
37 161 125
141 105 27
115 187 69
89 35 123
101 193 123
107 183 7
171 173 129
107 87 57
5 99 143
187 181 137
51 11 83
155 37 121
143 107 165
81 133 79
177 159 71
161 69 77
133 199 183
123 159 59
21 7 69
107 143 75
117 131 61
153 51 15
163 119 171
199 197 17
63 171 1
131 151 179
33 135 139
193 193 175
103 165 99
149 39 119
79 3 129
33 19 45
151 93 103
51 13 169
127 13 73
77 191 135
11 129 65
107 105 99
73 107 195
15 129 97
19 59 45
37 103 29
33 109 61
45 79 13
57 151 167
49 85 93
81 53 171
89 55 85
195 49 193
125 49 169
183 199 183
189 27 1
99 191 141
81 107 173
135 75 17
123 167 179
175 41 27
31 127 11
183 119 101
33 191 95
135 173 19
65 79 1
55 123 95
163 97 193
37 17 177
107 195 111
149 125 137
179 41 111
1 141 45
191 139 133
67 159 69
145 63 3
69 157 67
69 53 121
189 133 187
89 43 127
117 179 139
157 195 87
1 143 169
141 75 169
3 143 159
65 49 25
127 115 75
83 141 47
17 31 115
163 159 103
47 97 95
145 87 13
87 55 169
67 127 171
9 189 111
163 13 17
181 191 81
25 37 111
57 55 99
119 63 115
119 157 181
5 169 27
163 43 171
89 117 163
77 131 29
193 147 141
89 27 103
125 43 85
85 141 13
147 159 69
7 139 187
177 167 105
123 41 13
39 3 79
169 135 167
115 77 147
45 179 141
191 167 133
131 181 161
193 153 45
133 45 191
3 53 103
147 171 79
151 49 105
85 121 143
65 67 111
149 111 129
19 43 77
199 5 69
57 49 199
5 145 193
57 47 29
27 29 31
181 133 177
101 179 31
167 193 21
183 121 85
25 197 33
133 65 53
87 169 155
135 65 115
85 93 119
113 27 81
149 107 11
31 43 191
23 167 195
143 51 163
43 189 49
13 145 73
85 3 111
149 23 197
145 141 131
75 125 15
85 137 31
127 31 83
93 27 113
49 93 39
141 141 85
189 117 127
191 27 43
117 127 127
59 57 75
183 175 123
23 109 197
55 95 83
81 111 113
173 149 111
17 33 159
133 65 3
65 107 191
191 35 85
153 13 3
31 137 165
141 37 51
139 119 75
51 137 33
103 47 17
137 109 93
1 111 109
107 5 145
141 193 9
155 195 1
195 63 57
31 115 87
55 93 131
191 125 71
37 141 25
49 33 127
159 45 167
67 189 167
59 199 179
159 103 23
21 159 81
39 149 75
131 81 11
159 55 65
99 183 55
35 13 195
79 181 43
69 51 105
67 29 171
73 157 133
31 37 195
179 17 17
163 131 159
121 195 91
103 153 49
117 51 53
1 93 87
51 101 71
185 175 139
141 107 109
81 103 85
1 23 115
131 181 197
29 175 65
85 129 185
135 181 193
27 171 13
31 41 13
5 83 63
17 95 47
23 179 91
149 93 77
129 195 77
9 163 113
137 51 45
117 43 131
87 55 65
33 171 197
115 35 27
11 185 137
189 77 153
187 57 175
85 37 123
47 149 155
97 195 163
45 29 3
3 93 119
175 89 111
9 21 143
97 157 161
77 109 75
133 187 65
171 13 155
23 71 39
121 139 189
149 141 189
43 61 33
35 75 37
55 121 11
11 81 123
23 61 19
113 29 97
125 183 133
197 125 103
135 113 127
75 101 47
39 39 197
17 179 143
137 189 177
123 15 33
183 33 147
11 33 171
193 167 187
21 173 113
133 99 13
137 51 51
79 151 29
57 93 69
149 173 85
163 109 127
197 57 49
133 131 31
3 117 41
177 133 137
179 145 157
29 99 193
83 129 33
79 101 113
53 89 73
65 15 23
121 63 185
155 93 85
177 37 19
109 77 21
159 33 197
57 129 177
185 163 109
85 179 97
175 51 175
93 73 131
157 59 197
153 47 21
95 65 81
171 191 57
5 187 69
37 67 27
199 81 189
81 81 77
37 159 67
109 91 145
71 191 37
119 115 193
87 195 51
77 51 145
65 25 115
35 51 23
19 143 165
99 21 67
59 87 149
53 31 185
147 67 197
61 165 69
57 15 91
11 63 177
35 81 55
191 105 23
133 69 161
153 39 181
143 187 183
173 75 145
145 73 197
109 45 143
27 135 109
89 111 165
169 69 175
177 91 115
149 157 105
189 137 37
79 23 191
155 169 133
27 69 11
71 117 155
109 25 63
123 93 193
193 171 81
187 85 49
143 189 131
183 27 79
111 121 171
79 157 51
51 167 5
167 25 135
95 191 5
187 183 17
159 63 139
43 17 131
137 147 23
67 129 69
187 101 157
47 55 67
119 59 49
143 193 99
135 101 67
117 117 161
85 55 53
5 91 115
55 17 61
183 85 197
187 41 63
41 11 153
3 59 1
195 159 119
95 129 61
115 193 99
171 45 121
165 63 5
181 125 9
169 121 63
115 89 149
125 41 41
89 41 81
47 63 189
79 125 183
71 23 183
21 143 97
187 51 67
111 163 135
33 25 115
25 79 85
65 119 103
11 103 27
73 91 115
101 179 65
29 161 47
75 57 23
127 29 147
89 163 133
19 183 45
97 171 181
119 73 5
21 3 69
17 119 183
195 87 57
59 135 157
115 157 89
47 103 165
11 139 91
97 183 83
67 163 5
43 167 5
45 141 123
163 27 49
155 187 169
193 145 163
53 137 21
59 101 39
197 95 87
181 83 1
47 87 1
119 93 67
163 15 109
189 167 153
177 135 21
25 1 79
161 21 71
63 165 123
61 51 181
143 155 81
31 155 61
123 125 109
41 33 27
9 89 189
47 13 81
49 91 57
173 161 81
137 187 147
91 71 9
45 153 69
103 117 13
27 129 147
163 59 69
53 47 13
169 33 125
61 89 173
125 75 21
17 21 193
87 133 131
143 105 21
61 21 171
189 167 73
49 139 101
199 153 63
31 77 19
25 153 189
3 173 49
23 71 77
59 105 93
163 125 85
185 199 27
55 73 191
195 77 181
51 139 133
31 63 35
185 51 171
61 3 195
131 79 101
35 77 123
65 161 85
63 91 47
39 83 135
115 167 95
159 99 89
21 37 43
71 7 73
177 105 161
55 5 23
35 31 57
195 115 93
87 67 61
73 105 27
39 199 67
137 191 181
77 33 43
85 107 63
189 171 37
99 193 13
129 51 173
149 47 7
119 11 107
23 37 97
23 103 169
13 189 7
47 135 47
57 199 123
131 35 111
125 153 101
79 125 103
29 35 135
39 45 83
75 141 1
83 109 25
175 19 151
109 65 163
11 93 113
47 3 73
103 7 5
27 109 33
165 45 15
11 31 43
151 137 81
165 65 59
87 15 45
57 81 123
149 99 137
55 75 147
63 79 97
75 15 199
23 29 129
55 71 95
95 55 9
159 19 63
173 167 131
157 91 19
55 27 179
131 173 31
113 175 85
129 173 51
61 7 127
37 101 53
91 13 11
13 75 105
181 111 63
175 129 139
105 11 97
181 41 55
155 125 89
129 177 107
135 7 139
139 163 199
55 175 35
33 79 31
143 47 43
175 89 127
185 89 101
25 145 5
55 137 91
135 43 45
45 181 77
7 181 115
181 119 157
165 149 11
115 97 149
3 23 91
93 29 171
37 137 155
77 27 85
121 73 43
5 53 177
185 169 21
9 125 27
157 41 113
53 189 77
181 79 191
9 153 97
145 13 189
77 97 129
53 139 7
105 19 31
73 39 35
103 169 125
143 81 133
131 61 89
113 155 47
67 53 27
79 41 35
79 75 83
121 81 159
139 15 115
81 49 21
49 173 93
35 105 99
199 99 41
155 145 75
7 171 93
151 109 159
129 191 141
9 55 123
23 169 147
177 93 189
149 91 69
159 189 21
57 135 159
1 9 159
75 101 113
183 163 23
77 7 77
35 129 7
109 179 119
105 167 47
195 139 23
185 161 75
119 23 33
31 181 193
133 197 193
199 123 171
7 105 57
39 111 39
19 133 177
185 179 189
125 105 95
189 181 89
115 117 73
97 111 95
197 7 127
25 179 163
129 139 161
143 177 71
75 59 111
159 47 33
167 141 121
51 31 149
169 7 41
79 7 157
189 37 157
71 103 153
11 63 177
91 39 9
149 53 151
101 85 131
41 5 89
175 155 55
87 99 11
197 55 179
33 11 161
135 69 149
101 149 21
43 159 135
95 13 25
83 143 79
89 31 179
147 191 123
45 1 3
5 83 89
15 43 189
187 95 21
137 115 59
199 153 63
11 83 107
155 161 105
89 43 189
183 165 181
87 167 31
169 159 75
115 147 79
11 71 199
29 33 185
183 97 121
65 107 119
129 115 35
171 103 189
135 187 77
7 17 61
165 93 147
17 75 21
87 177 135
121 163 145
121 187 175
131 11 61
149 45 125
53 33 53
143 13 23
161 73 61
157 125 67
31 145 137
113 79 153
75 129 143
165 103 63
175 163 87
19 191 121
155 43 71
169 169 27
145 133 169
173 1 129
21 41 85
5 193 21
133 135 133
35 103 111
101 93 75
91 15 155
37 189 173
109 15 33
41 87 105
145 17 153
185 5 127
177 129 147
17 165 151
23 75 187
19 55 21
137 9 25
125 85 19
43 117 159
131 21 67
51 175 13
55 5 157
89 55 143
53 111 23
129 97 143
87 23 165
95 47 185
179 171 121
1 129 151
21 101 193
99 113 27
7 69 77
63 11 37
173 139 125
173 81 177
195 151 9
147 39 199
117 63 93
149 13 177
49 111 177
161 137 101
31 15 1
145 155 111
83 79 173
69 159 49
123 73 23
161 71 121
127 165 67
141 141 183
155 21 37
91 121 85
9 121 47
163 33 77
145 109 125
105 63 9
81 85 181
151 5 103
19 177 167
63 63 93
83 99 137
5 185 91
29 31 87
165 11 95
179 135 163
41 47 11
29 27 115
33 129 99
9 95 155
73 93 173
171 29 141
59 121 127
89 7 35
3 5 169
139 71 133
185 83 15
13 101 55
45 1 187
45 155 21
137 31 133
165 75 109
189 3 185
99 141 43
9 109 37
79 147 39
65 161 177
71 121 67
71 107 183
129 31 27
63 69 175
43 81 111
149 65 181
89 13 169
199 49 173
145 191 181
9 73 163
33 139 29
45 121 99
179 51 73
47 27 105
129 41 71
97 125 113
109 199 61
61 171 55
53 151 53
29 17 101
167 149 13
191 151 47
145 127 195
171 135 173
117 7 125
41 23 157
143 189 53
113 43 67
167 199 31
185 99 83
37 15 15
189 165 181
115 159 75
51 133 21
161 161 95
183 117 11
75 169 157
117 139 3
115 171 117
117 157 187
133 173 75
97 57 113
161 133 5
93 153 119
157 47 73
73 163 33
41 23 121
181 25 195
151 45 17
11 33 35
183 11 153
41 123 189
173 127 189
29 151 149
179 23 145
141 161 101
67 185 173
197 179 119
145 99 3
81 135 57
93 191 67
119 83 51
151 175 91
101 125 167
27 173 195
187 75 173
171 151 19
55 173 189
57 175 89
95 135 35
189 3 115
71 157 111
47 151 31
75 117 181
47 15 185
25 187 11
177 109 103
149 3 177
29 91 135
163 125 193
69 145 87
25 55 77
175 189 51
91 169 1
105 57 75
197 69 27
9 75 51
11 51 131
103 91 185
131 83 117
75 73 79
35 53 149
23 9 77
97 9 53
57 189 47
29 15 57
103 169 157
59 101 165
149 189 81
135 105 183
111 87 17
165 139 197
173 17 31
85 173 157
73 123 157
191 179 15
65 39 43
69 109 51
57 189 109
161 75 161
151 91 199
91 87 109
107 21 177
183 83 149
105 39 139
85 157 115
27 105 107
135 155 75
123 167 143
197 31 199
193 29 63
79 41 13
5 19 103
87 71 113
29 9 95
187 125 1
195 135 189
149 9 15
19 55 151
49 53 73
181 19 175
21 31 167
39 39 149
111 151 153
23 151 143
147 151 173
185 139 63
97 57 57
151 7 109
107 185 127
125 63 79
61 29 59
99 81 79
153 35 119
103 177 133
53 53 155
95 19 7
153 75 191
63 87 193
151 117 47
13 195 155
145 53 183
27 133 43
165 155 45
45 87 199
99 41 5
21 47 59
97 143 57
87 39 113
5 85 81
199 143 31
53 127 149
89 73 197
147 23 127
137 21 91
81 25 41
33 187 43
175 149 63
13 61 63
97 141 151
145 77 155
71 25 153
47 125 109
69 53 101
193 47 151
19 87 87
109 33 169
57 97 1
23 159 79
163 13 91
39 167 91
167 25 35
93 37 9
49 139 57
95 89 125
87 81 23
119 153 41
119 153 53
183 135 15
195 129 37
67 19 199
91 159 143
31 71 13
169 31 9
163 61 57
147 83 57
99 27 143
155 79 165
89 93 189
17 129 75
139 33 173
1 79 39
73 91 33
103 101 65
163 61 137
149 117 3
175 163 53
55 33 151
51 21 9
181 199 97
117 171 113
195 11 53
85 147 157
89 115 29
151 157 37
67 63 103
31 117 53
63 171 27
187 181 81
185 77 133
155 95 17
69 51 133
121 7 31
35 141 115
95 177 109
159 79 59
75 131 29
149 159 163
129 143 129
111 75 115
109 195 3
159 31 63
69 61 131
9 81 155
185 189 191
169 151 85
99 179 147
161 143 21
105 175 171
83 91 3
183 197 113
13 59 125
75 95 83
59 49 57
151 143 169
101 29 59
183 79 27
29 101 29
5 175 191
199 81 199
195 99 81
55 23 167
149 11 181
101 67 159
45 35 17
177 93 167
55 23 171
155 53 153
33 43 183
115 145 91
13 129 89
35 97 83
149 77 41
15 139 93
155 155 195
151 25 39
175 195 15
27 51 69
173 137 129
117 27 65
45 19 179
45 7 95
25 47 35
163 45 183
117 39 103
45 181 57
39 195 7
91 167 181
27 199 111
159 65 83
177 147 103
183 43 53
135 181 97
179 163 123
121 169 85
101 129 107
199 41 151
165 125 95
165 37 185
133 23 115
79 127 177
121 83 155
5 179 41
73 5 175
41 195 57
171 101 177
11 155 77
135 49 179
75 137 145
99 157 13
129 133 145
11 191 23
189 33 49
99 111 53
93 169 125
97 49 167
51 127 41
101 105 155
141 153 193
97 69 173
31 13 71
21 141 199
53 189 113
69 41 5
37 71 103
85 141 195
115 85 195
125 39 47
181 135 51
51 107 191
63 81 89
3 79 119
95 95 43
41 101 1
111 3 69
155 103 105
39 97 93
77 143 113
115 193 37
23 185 17
7 177 67
87 199 35
85 41 141
185 41 37
189 109 181
195 117 91
91 115 45
139 27 83
35 63 63
123 183 81
99 155 7
97 189 15
43 33 5
83 173 89
97 153 75
117 147 167
31 95 161
57 81 155
119 143 93
7 129 33
161 135 59
53 53 159
189 57 159
163 147 105
115 125 189
167 91 189
61 51 105
143 109 41
189 107 97
117 139 121
157 197 127
9 59 191
67 123 43
117 27 135
41 119 97
131 107 117
85 117 83
193 157 143
99 157 85
141 77 75
43 107 95
101 1 51
23 147 61
155 83 31
73 179 147
85 199 91
105 81 21
61 129 9
121 13 1
103 191 5
113 191 145
115 41 187
61 5 193
47 139 119
27 85 73
25 79 51
11 99 135
139 11 39
55 13 3
151 121 123
141 169 25
85 61 43
195 157 157
133 75 121
123 53 169
1 103 99
5 37 123
15 179 37
131 181 79
51 103 135
125 33 189
185 75 129
141 135 117
119 55 111
171 23 45
73 121 167
13 149 71
191 89 75
171 169 91
179 103 21
115 91 177
93 123 101
27 39 189
185 151 33
9 99 151
33 169 123
85 39 99
175 19 113
143 13 103
149 137 75
143 113 157
65 117 71
7 9 163
61 41 93
159 193 77
31 19 189
71 117 23
193 133 107
5 37 185
141 15 127
159 75 75
75 145 17
85 11 185
29 7 193
125 83 53
47 73 117
69 199 147
1 9 121
141 195 113
59 25 117
133 101 59
181 21 121
95 111 195
101 103 183
89 59 13
65 175 41
63 27 89
175 147 157
169 61 157
195 81 3
199 43 61
123 163 195
33 63 79
39 45 175
99 161 75
177 3 67
3 195 131
151 151 193
115 11 169
195 13 41
39 179 139
1 173 41
167 51 165
13 129 101
77 109 141
183 175 143
177 107 119
31 99 123
147 171 177
159 117 91
137 55 85
13 1 27
169 69 133
97 169 99
109 13 15
85 155 93
191 75 179
193 101 157
69 77 91
185 167 37
143 155 197
143 87 37
115 123 155
85 21 27
97 141 27
157 33 137
31 11 21
35 71 115
111 163 107
181 199 175
39 99 63
125 41 111
47 99 157
173 125 73
113 151 61
49 87 61
163 11 17
139 125 151
101 137 185
3 15 95
7 183 179
47 93 19
145 49 47
173 25 199
123 85 75
115 147 91
125 163 43
155 19 5
195 3 143
9 3 147
95 85 151
187 103 157
141 55 107
165 157 155
51 31 127
197 25 49
63 67 67
185 175 97
189 119 51
95 169 149
179 119 61
187 179 157
41 85 143
101 143 83
35 69 49
59 23 3
29 89 103
3 185 69
121 139 55
91 191 43
113 53 41
197 9 19
185 55 5
129 43 149
197 91 49
123 197 187
13 99 45
101 167 177
41 21 181
31 167 5
187 7 199
195 27 113
51 135 13
93 85 197
87 37 125
187 25 27
85 173 149
155 55 161
177 35 167
47 39 7
159 39 141
89 55 33
23 67 27
11 167 181
153 93 177
81 23 167
157 171 153
11 37 37
45 3 97
189 113 177
131 157 23
185 189 181
155 121 173
121 101 197
117 79 111
139 149 63
111 103 47
51 43 5
53 139 119
69 115 165
25 43 57
119 127 187
39 101 75
139 1 133
121 111 157
71 79 75
77 29 13
119 33 27
59 57 181
77 125 137
23 181 5
55 71 135
155 145 53
59 181 195
73 137 133
151 11 159
85 129 133
21 59 9
77 145 127
1 81 89
181 87 71
155 125 93
3 177 51
183 171 5
121 7 63
35 69 137
67 1 191
31 113 75
175 145 97
55 33 77
45 7 79
169 5 163
49 55 119
123 165 121
35 131 9
103 171 33
9 67 67
121 141 39
169 141 69
107 19 43
113 1 1
117 163 47
77 185 15
41 11 169
171 19 91
47 51 125
113 21 133
157 59 141
99 127 165
21 73 135
125 75 41
87 25 57
177 143 79
187 111 155
5 107 99
159 31 173
179 67 19
39 111 131
69 77 89
47 115 91
25 59 15
49 19 139
191 97 129
7 155 105
113 53 195
143 131 103
115 149 61
25 185 41
5 177 183
23 67 155
81 185 105
101 123 129
101 155 177
57 61 73
13 159 79
143 63 191
197 123 37
85 67 151
61 153 81
31 109 85
15 13 109
137 47 93
91 127 97
55 199 199
15 181 159
77 75 75
103 17 123
171 71 119
123 151 107
135 37 167
53 49 197
99 45 11
25 143 51
129 45 45
13 107 101
89 181 19
105 103 199
175 125 101
31 31 175
171 101 99
19 1 137
167 115 189
109 165 87
57 115 17
163 119 49
49 137 61
55 39 53
181 43 61
115 19 141
121 21 171
121 157 45
37 147 167
105 33 133
19 153 147
137 1 3
177 167 71
15 123 119
59 185 77
181 29 57
1 199 77
157 43 197
103 9 21
41 45 161
193 191 171
99 99 189
65 169 31
91 191 7
75 67 127
103 29 89
5 9 69
151 109 69
63 129 25
109 195 129
3 165 73
101 57 65
173 87 67
67 199 35
135 125 127
67 117 1
75 185 9
87 157 13
119 181 69
113 13 131
77 189 39
135 55 43
125 25 47
123 61 21
151 187 87
67 91 125
155 99 95
111 17 169
197 85 159
113 15 79
103 159 191
61 105 173
85 151 11
145 75 135
131 163 59
23 191 9
25 87 181
41 159 135
125 119 47
45 197 147
107 91 59
11 63 65
65 177 125
141 113 11
7 75 59
101 83 95
187 167 21
51 103 45
169 53 87
69 103 115
63 161 63
31 27 169
7 151 179
119 65 149
193 125 89
181 123 199
147 143 99
153 187 191
109 177 41
11 93 113
173 155 85
103 29 147
157 7 177
127 155 185
155 147 7
77 49 1
19 53 85
5 43 31
183 187 89
179 3 197
37 87 9
65 137 85
177 19 187
35 107 47
183 113 173
31 17 127
187 101 3
29 37 21
119 125 131
121 25 113
111 33 195
153 21 135
171 7 1
181 55 81
93 27 115
15 59 97
19 61 33
55 83 19
83 13 153
109 29 71
45 127 97
67 61 7
177 165 159
135 45 33
67 161 13
125 161 11
185 193 25
171 117 43
87 69 3
19 43 189
145 139 1
111 51 47
75 9 17
121 147 97
185 159 137
145 169 3
43 193 127
63 141 15
35 143 91
77 35 177
121 37 197
171 187 45
83 107 155
29 3 31
93 139 55
61 45 143
159 75 191
99 195 33
145 85 95
179 61 129
119 161 111
105 7 135
11 65 105
119 199 91
161 53 25
7 99 117
81 91 177
179 123 135
63 123 137
125 155 185
189 169 69
99 103 187
165 111 93
163 3 103
121 27 125
19 143 87
109 23 93
137 63 77
163 103 57
21 89 119
191 157 147
93 143 41
5 139 139
111 147 103
41 71 67
183 157 187
109 49 109
171 31 19
75 191 59
67 109 21
127 161 41
173 1 135
113 43 29
59 147 137
33 117 151
191 7 191
143 115 173
173 37 185
67 95 157
177 19 135
41 61 105
145 99 31
187 127 3
37 167 19
57 117 181
63 107 15
179 183 5
119 169 51
15 29 129
33 67 195
197 171 75
97 105 19
127 107 163
199 31 55
115 11 195
127 25 53
109 133 19
181 89 197
9 17 117
179 115 35
149 191 171
53 9 73
65 77 73
95 35 199
9 29 197
139 185 17
175 5 143
63 1 155
183 21 137
99 159 49
89 131 29
1 3 81
181 75 39
15 177 7
45 79 5
29 95 13
33 141 151
139 95 31
63 135 197
127 185 181
57 117 79
163 197 71
141 35 175
21 41 157
99 45 171
97 163 119
37 17 53
37 47 85
171 45 127
155 129 95
175 7 21
173 181 181
111 59 47
57 15 187
101 91 7
167 9 11
185 61 107
135 51 49
179 81 85
107 175 159
17 99 19
101 183 193
161 29 165
79 119 77
169 31 133
179 41 137
143 51 105
193 99 193
75 87 127
153 47 11
157 65 21
139 161 143
73 127 43
191 107 107
21 143 187
165 183 59
17 191 37
19 183 85
11 15 77
161 25 55
129 149 113
89 91 69
15 39 111
25 49 183
71 35 175
55 199 99
149 139 65
37 23 81
51 101 3
179 59 13
31 171 173
123 39 101
65 151 191
113 133 109
149 11 39
51 111 13
189 175 67
13 159 121
17 161 157
75 79 111
47 155 89
85 57 119
139 151 145
177 163 9
187 105 123
97 119 175
175 89 25
133 9 117
199 69 129
77 179 145
31 171 21
191 195 67
45 139 55
9 53 195
17 79 171
135 157 157
25 85 159
137 1 133
7 131 67
89 75 169
61 199 45
55 65 75
97 25 171
53 19 15
131 93 23
191 153 145
75 111 79
77 149 7
111 119 49
89 87 55
89 131 47
57 109 107
185 79 65
107 95 163
199 21 15
57 165 51
71 149 41
19 155 21
41 107 97
127 65 111
161 113 199
175 19 191
157 85 153
51 151 137
177 69 45
45 119 147
193 65 3
53 85 75
159 85 197
25 195 39
41 97 69
59 193 31
47 49 109
197 89 65
171 133 21
89 185 197
153 187 145
141 165 139
25 163 95
19 105 53
21 173 181
117 107 21
165 15 185
53 81 31
91 5 133
75 105 103
165 49 95
131 91 153
197 185 93
101 39 119
73 123 41
85 49 165
99 33 81
83 167 45
191 3 3
95 9 93
145 105 71
35 161 35
21 53 69
163 75 169
189 117 69
37 185 47
69 67 131
141 15 133
143 121 121
153 13 111
161 83 7
121 23 55
77 195 89
153 165 13
173 33 79
157 183 69
127 17 105
47 151 79
167 71 19
181 181 161
167 91 17
93 145 177
89 139 1
53 151 79
189 31 31
173 3 107
189 107 63
43 185 95
113 107 141
199 69 107
89 85 191
35 167 63
77 167 155
27 149 43
161 83 199
67 189 189
175 157 65
63 51 53
171 191 97
143 1 113
131 193 15
97 55 105
169 9 43
21 157 119
105 59 49
197 47 115
57 111 181
107 69 59
1 69 27
107 85 101
99 101 43
153 109 173
65 151 175
125 173 47
185 125 171
135 143 179
47 29 177
19 87 33
191 17 45
75 117 149
175 159 55
83 37 57
137 115 113
13 161 83
43 131 7
185 111 191
13 191 31
5 127 181
21 75 199
139 129 189
1 87 167
37 145 143
151 161 129
15 43 67
51 51 183
65 145 25
55 175 11
85 155 127
161 57 131
89 149 57
79 117 99
23 59 99
185 187 41
131 157 191
181 45 111
31 69 161
5 183 25
65 15 183
121 49 67
71 105 131
187 3 123
149 7 3
39 47 129
101 37 17
145 51 149
117 115 129
101 43 159
19 25 69
67 197 133
77 31 157
79 155 27
85 61 117
131 189 65
73 111 9
27 59 109
143 91 53
185 155 169
115 23 173
111 59 191
45 119 163
199 147 39
163 167 21
153 137 107
63 145 141
25 53 117
115 9 145
69 81 191
195 159 175
157 149 89
77 15 103
127 53 149
93 75 51
29 85 15
173 129 71
129 151 37
137 95 61
123 189 175
81 163 149
133 157 47
149 59 5
105 7 185
179 163 111
167 177 107
1 47 137
151 83 13
149 143 47
137 21 87
99 73 9
55 121 89
19 29 23
129 117 75
91 27 179
67 37 63
17 77 29
3 91 29
145 41 83
71 127 31
47 41 167
71 129 171
3 55 129
119 33 147
49 13 77
87 179 71
163 7 43
157 141 59
197 23 63
29 159 111
69 125 85
101 199 133
61 129 3
93 75 7
9 55 29
187 127 79
99 169 165
143 131 127
69 97 189
27 9 185
57 197 117
55 129 185
183 37 191
163 147 155
17 175 47
47 53 161
119 121 147
51 153 149
51 141 91
163 29 161
161 147 91
193 35 147
133 129 107
79 83 89
159 35 155
115 195 77
37 45 123
93 99 43
33 189 197
165 53 47
15 49 11
51 99 75
83 5 67
167 199 1
105 153 183
3 29 141
151 57 161
49 3 197
143 103 193
99 149 25
147 63 93
151 137 109
155 109 63
57 13 145
115 195 15
47 41 119
103 1 25
9 101 177
111 93 129
61 21 71
27 113 171
69 21 21
81 83 171
93 133 31
191 147 191
31 171 105
135 99 153
35 75 159
127 5 169
51 179 183
165 53 147
89 75 175
77 149 147
9 83 27
59 75 119
133 83 109
33 139 45
11 99 179
119 171 119
99 57 149
55 5 1
33 179 165
183 29 53
169 55 129
43 77 41
127 89 101
169 133 137
67 17 169
141 135 85
199 83 3
3 83 5
85 151 61
17 109 93
71 37 179
51 183 149
139 187 95
177 123 125
193 197 95
31 81 65
17 187 111
101 97 13
155 61 119
63 153 107
5 37 123
91 89 97
77 87 147
199 13 189
99 11 165
83 179 157
71 89 91
71 5 109
131 123 113
187 29 67
23 55 35
111 151 143
199 1 33
115 191 109
29 155 11
7 17 111
1 107 193
109 119 167
33 31 37
165 3 71
125 37 59
75 179 81
181 11 97
171 23 199
29 33 17
149 143 45
161 41 155
79 7 59
111 149 169
113 123 105
149 181 173
31 167 97
41 167 77
63 165 57
199 85 131
143 33 63
183 91 13
93 55 173
145 127 51
69 31 161
153 107 177
119 5 125
85 81 59
153 41 3
141 75 169
173 137 169
65 53 111
23 129 197
149 85 193
179 45 139
85 127 111
193 155 63
177 15 87
121 17 171
195 187 29
37 155 169
193 169 47
123 69 15
7 61 37
155 103 185
81 117 67
37 181 55
155 67 49
171 141 129
61 73 51
119 43 45
87 89 185
59 7 179
121 43 5
127 131 11
45 197 69
129 51 151
195 3 91
39 133 45
113 87 119
59 131 181
51 21 99
57 199 91
3 3 149
133 117 173
129 185 5
83 135 49
191 129 177
27 77 75
113 197 17
147 81 129
167 83 187
165 77 37
71 27 197
187 103 199
173 107 131
11 59 163
45 35 151
121 13 141
117 31 71
101 159 183
185 51 33
61 191 1
191 189 69
199 91 45
9 23 31
69 89 107
7 39 23
21 83 67
155 57 91
17 143 113
67 177 13
163 177 101
55 149 67
145 193 57
71 129 159
65 35 169
7 161 37
91 131 43
147 23 167
91 135 121
171 147 139
147 153 109
199 19 71
193 179 125
121 139 175
59 107 149
21 47 13
55 193 21
77 161 15
11 81 65
63 19 59
15 129 29
33 103 79
115 29 79
53 107 71
63 55 95
109 173 153
103 97 77
63 111 133
47 175 9
171 35 125
99 167 91
105 47 9
37 125 145
143 195 59
103 193 113
75 145 79
75 127 189
185 59 195
63 171 161
97 199 7
65 89 81
15 97 83
139 41 189
37 5 25
29 117 169
77 195 175
3 87 153
61 185 27
137 145 11
135 57 73
25 41 75
25 125 43
67 113 57
71 137 195
91 105 135
189 183 163
181 135 143
69 161 147
119 75 7
79 149 143
119 127 183
43 169 7
155 25 31
93 123 1
101 57 175
85 123 169
123 65 63
85 115 147
159 123 15
11 169 133
137 151 11
9 61 131
33 197 173
59 101 129
19 181 125
45 53 25
15 115 13
129 165 137
51 181 125
125 113 83
179 29 199
145 159 39
141 35 49
145 163 185
29 191 45
83 121 167
101 133 13
67 173 27
47 97 155
63 85 111
91 83 139
49 121 21
189 169 165
151 59 9
47 103 59
167 173 87
99 185 169
73 115 71
73 175 137
157 189 87
39 127 149
65 51 41
137 17 193
195 129 181
1 187 37
175 179 187
63 147 153
179 121 155
57 161 131
45 47 5
75 101 161
125 45 105
45 141 169
79 27 105
169 63 5
147 153 5
199 105 179
119 59 147
185 191 29
31 99 85
35 59 33
79 163 107
21 35 135
47 45 85
13 49 163
165 53 131
173 137 79
31 83 181
125 111 99
23 99 83
187 131 19
53 37 53
89 75 37
133 159 57
85 121 7
41 157 123
177 139 191
163 119 163
73 17 97
75 5 23
5 23 149
41 179 135
21 15 93
179 175 181
101 85 17
57 7 5
99 101 45
17 63 23
33 161 185
141 87 163
67 35 141
47 75 147
165 167 91
141 51 111
129 171 91
41 175 95
141 19 55
5 145 153
165 131 169
51 197 105
189 137 47
63 187 113
133 79 159
183 189 29
153 183 73
127 77 1
51 35 41
195 187 87
29 155 91
129 61 159
171 11 113
157 123 101
139 187 69
33 15 1
15 87 89
197 191 41
31 137 73
19 23 27
77 17 21
41 175 155
51 191 83
175 195 53
65 167 115
183 169 53
69 161 85
163 105 5
99 81 105
25 107 135
41 33 57
119 187 39
13 69 79
9 27 131
175 141 9
47 97 177
111 183 159
17 91 131
97 195 93
5 33 97
37 195 121
23 33 67
195 111 89
21 145 103
65 57 15
163 33 93
49 95 45
139 25 155
37 23 171
69 119 69
63 143 177
199 113 117
111 3 43
159 9 37
121 23 59
57 19 27
153 63 189
177 19 37
103 93 175
21 65 11
69 41 185
181 157 47
87 103 151
199 141 61
125 103 123
145 129 147
7 119 5
129 59 157
127 35 37
191 149 45
33 133 65
93 85 37
197 35 123
41 199 9
143 25 9
175 173 133
93 81 181
57 141 93
91 81 21
143 125 147
181 95 139
169 131 75
107 53 71
105 167 171
33 175 11
109 11 57
189 193 33
129 85 29
11 9 85
39 61 79
133 103 23
65 81 107
21 151 75
187 27 181
65 37 189
181 199 21
173 31 35
161 163 23
73 49 57
37 31 171
139 157 9
19 63 143
171 137 111
197 21 131
137 9 119
135 135 87
69 169 67
33 95 143
185 55 103
119 25 81
77 139 117
139 185 57
181 199 179
1 129 53
115 151 153
153 39 91
121 105 129
119 49 103
175 55 135
103 39 23
145 157 141
33 117 121
31 199 165
65 53 145
15 5 49
157 199 67
167 33 19
119 135 43
173 69 163
117 195 41
177 39 47
197 161 193
195 125 129
47 173 161
157 125 25
59 193 143
91 115 5
25 159 171
197 121 89
191 65 165
135 111 81
95 7 57
123 137 157
199 1 153
123 25 103
19 71 59
135 75 23
93 149 113
117 141 139
181 107 135
195 91 31
107 53 165
43 9 163
43 65 85
171 169 187
145 131 109
125 153 33
73 67 167
15 109 163
25 147 79
115 177 163
71 45 61
81 7 167
49 195 113
17 181 155
53 195 29
5 27 175
175 97 99
187 59 75
135 137 193
15 3 17
61 63 37
171 31 107
71 143 91
155 3 141
149 135 61
79 13 113
79 111 23
137 91 197
177 83 89
179 101 23
43 137 37
177 147 97
23 39 173
25 83 43
65 143 197
77 57 51
93 183 33
183 83 113
65 171 49
69 193 27
109 31 109
57 31 55
199 107 31
81 149 55
23 51 183
183 101 47
165 37 125
49 149 17
19 103 103
117 33 71
51 141 141
185 197 153
93 131 9
145 89 111
195 73 191
199 23 119
37 51 5
185 171 75
87 73 123
119 145 45
165 189 65
65 141 115
195 55 101
85 165 97
61 61 41
187 83 37
39 191 139
9 65 175
187 91 65
35 41 55
23 105 175
67 125 43
121 25 107
191 25 5
155 65 193
141 5 157
131 145 145
101 23 87
191 87 199
135 143 185
41 21 19
165 63 41
93 73 13
21 77 37
85 71 27
195 27 85
43 171 129
65 161 165
57 161 65
199 145 159
123 165 95
185 109 39
161 25 107
37 63 103
107 89 123
39 79 111
113 7 105
75 171 51
35 139 117
179 99 173
47 193 75
61 135 197
85 41 85
147 143 45
141 65 81
123 79 93
33 185 35
5 35 147
47 55 21
145 131 159
41 5 43
175 1 193
119 189 53
61 33 43
29 19 93
109 15 33
197 49 59
135 99 93
191 121 1
121 183 47
31 25 193
31 19 137
125 175 17
61 17 135
79 111 101
197 47 129
45 107 141
145 199 137
169 103 177
151 149 167
81 141 191
99 183 21
73 199 157
91 133 81
105 33 141
151 67 125
161 7 121
63 49 71
165 25 119
115 95 87
159 85 141
141 107 21
139 167 119
177 47 97
113 91 91
179 15 195
91 137 49
43 111 11
171 29 177
65 19 143
53 159 161
63 85 119
29 107 165
75 3 7
167 93 87
85 191 1
21 41 83
35 155 173
63 131 119
81 177 89
145 137 153
29 161 111
135 29 173
43 35 3
39 27 77
31 27 147
175 109 33
129 187 157
59 105 193
141 99 55
77 51 41
141 161 185
169 135 117
109 41 155
135 117 197
161 169 37
173 105 171
63 61 145
73 157 73
171 117 35
21 157 175
87 45 157
125 161 97
165 115 171
185 17 79
57 157 13
161 127 77
127 175 153
83 151 17
103 185 89
59 65 163
7 125 87
71 125 173
187 95 1
107 173 69
63 89 159
93 69 15
67 23 81
121 143 7
9 135 193
73 97 97
101 183 59
27 61 67
121 165 137
199 35 27
87 193 37
157 111 99
83 191 95
129 101 161
63 95 81
63 95 195
149 153 67
9 123 73
175 165 99
113 191 123
9 29 121
119 31 113
15 127 173
115 191 55
113 177 87
7 171 53
161 141 115
187 13 63
151 15 177
47 139 55
179 163 167
9 75 79
39 151 101
135 109 115
15 195 135
185 47 47
29 65 159
147 129 119
161 9 9
3 167 161
71 133 7
49 115 185
1 15 97
109 131 137
105 65 175
55 15 189
121 173 173
153 195 105
161 5 51
127 165 117
163 75 23
77 59 93
91 59 143
125 99 47
93 73 155
13 61 59
185 137 19
85 43 139
193 197 91
157 113 51
135 41 81
97 133 147
155 179 127
55 25 121
127 181 47
189 143 43
125 161 55
71 3 145
69 93 133
85 47 125
125 127 185
59 73 119
141 199 15
71 121 73
51 71 127
97 113 159
163 73 147
165 121 175
163 53 47
9 177 19
137 161 103
113 79 29
17 197 191
41 69 131
15 101 1
31 59 155
103 109 157
23 83 23
179 33 91
155 51 53
115 155 63
97 87 103
93 77 15
67 111 135
167 17 175
25 75 93
133 31 125
119 157 27
153 49 155
107 101 133
165 67 193
51 169 11
127 185 109
39 23 105
159 103 75
33 195 41
169 119 169
125 51 101
77 109 125
179 145 77
45 137 87
15 149 53
103 161 103
29 169 31
131 45 173
127 85 35
149 55 67
199 59 35
107 183 65
53 163 141
93 51 119
145 103 69
9 109 187
179 43 193
127 15 21
115 49 57
73 21 183
133 55 35
19 23 35
183 165 45
137 187 1
143 55 199
51 145 143
95 137 153
13 159 35
167 15 161
187 101 75
145 39 149
169 177 185
133 23 3
119 127 89
79 29 129
23 173 71
65 29 27
127 167 121
141 31 37
145 105 3
183 157 93
161 141 39
87 49 7
117 41 43
147 171 65
23 145 143
155 171 71
25 195 135
55 33 61
63 139 105
21 33 153
65 71 39
17 181 103
59 23 189
133 87 11
77 135 61
153 5 83
51 43 141
187 103 165
127 111 123
63 63 185
133 101 109
17 5 175
143 97 95
133 11 57
67 71 189
175 57 171
17 197 27
23 65 77
37 187 65
99 173 95
105 81 157
13 159 193
13 55 9
25 15 151
95 5 187
153 79 55
53 9 133
119 85 151
105 53 77
181 147 115
167 103 117
125 199 125
83 7 41
99 61 55
7 49 183
189 7 77
197 139 133
81 193 187
39 175 9
185 193 113
193 109 199
191 139 165
103 83 193
163 137 77
115 119 79
121 101 189
165 33 177
157 123 77
131 131 61
123 149 99
137 147 85
179 15 181
61 7 171
103 187 73
125 65 141
25 157 159
163 133 185
85 113 149
121 175 9
69 73 45
119 61 71
133 41 111
139 117 89
127 189 55
95 33 157
53 193 81
89 177 11
3 29 173
177 37 161
153 185 81
15 57 149
55 167 171
171 161 103
65 119 147
1 75 177
193 59 71
73 69 27
101 145 21
43 107 23
27 91 103
187 41 55
59 115 69
19 19 29
137 165 103
115 141 71
77 115 73
51 47 169
195 67 43
5 89 47
97 95 89
41 149 21
155 123 7
173 55 65
41 157 187
85 133 27
105 5 45
151 77 123
17 119 77
105 71 175
199 159 181
51 83 77
173 195 21
27 163 175
89 151 53
125 81 197
33 31 83
109 57 187
133 133 137
3 107 153
65 87 161
149 67 63
143 87 17
105 167 191
159 19 121
145 119 113
175 1 141
31 91 173
163 131 83
173 187 15
165 147 17
135 113 81
127 131 133
93 25 75
15 49 85
133 67 147
39 7 91
129 181 169
165 167 199
151 181 65
3 101 143
115 85 107
149 123 41
173 101 167
127 185 163
193 37 81
199 127 119
179 97 157
49 199 189
29 169 153
33 111 105
23 17 107
49 161 125
149 33 75
39 195 151
75 181 77
105 99 173
105 55 173
105 43 55
177 101 105
87 109 37
7 119 175
167 43 101
103 21 149
3 77 97
183 153 135
81 127 113
135 3 19
81 57 123
85 65 131
193 103 11
111 181 97
59 81 7
79 29 79
155 29 181
13 165 183
43 181 69
45 199 149
5 27 187
71 61 173
77 177 57
57 73 155
137 185 65
69 63 27
97 147 107
165 131 165
147 199 177
49 53 123
179 39 167
145 11 173
121 173 147
97 127 23
81 191 183
143 19 23
91 29 91
125 193 91
27 75 161
79 197 11
23 69 163
33 145 143
109 91 191
35 17 111
131 103 7
53 125 193
81 119 39
177 113 129
155 73 157
57 187 89
125 151 167
173 93 93
63 187 31
183 97 139
189 7 175
17 199 105
135 39 61
151 71 141
129 133 21
115 21 81
65 91 137
61 185 165
47 15 137
47 153 103
55 31 189
157 39 177
99 99 193
75 143 31
7 165 85
27 149 13
117 189 129
5 153 97
123 193 63
77 199 109
11 187 157
51 67 115
149 163 175
93 97 75
161 181 149
109 99 59
97 27 85
153 27 105
49 89 15
47 103 137
137 59 117
107 77 129
173 51 179
69 29 31
153 81 123
51 139 187
181 127 95
9 137 95
1 151 151
103 87 199
161 5 149
141 37 85
97 119 95
125 149 67
111 177 135
49 67 89
81 163 43
17 161 25
167 17 137
157 15 137
65 165 41
101 153 105
123 49 47
177 115 47
57 155 75
123 147 185
189 189 139
151 117 19
167 53 35
85 191 105
153 31 61
107 135 127
59 85 131
77 131 55
31 7 31
81 95 87
71 33 113
91 51 103
145 189 157
135 93 27
69 155 111
107 185 169
193 115 179
27 169 37
33 103 17
33 93 153
65 7 33
21 13 7
9 169 99
103 195 43
161 9 81
145 177 53
59 155 159
133 95 55
139 113 83
33 65 19
143 1 51
155 9 21
27 11 41
125 53 49
37 37 151
119 193 15
177 151 159
73 111 19
89 193 55
57 115 193
57 71 25
65 91 71
75 131 129
31 83 155
171 139 183
163 153 21
19 113 139
129 35 19
25 89 91
43 185 83
113 115 139
107 185 197
37 115 61
121 173 41
163 61 175
115 185 147
27 27 13
165 45 31
157 137 159
143 123 87
57 63 131
145 59 43
163 23 151
41 167 91
101 143 115
85 193 77
111 5 193
59 37 123
99 99 193
23 187 149
85 117 195
143 63 155
69 117 101
37 113 167
179 27 7
75 9 11
79 105 95
115 131 109
119 123 73
105 177 171
125 75 193
91 31 77
113 35 123
25 1 193
155 113 133
163 123 15
171 123 89
103 135 167
129 7 187
105 179 105
85 171 113
115 153 141
53 179 31
53 171 143
69 7 71
193 21 27
115 13 93
153 181 65
161 71 167
139 175 199
13 191 105
165 131 189
145 65 7
19 113 59
131 87 15
151 113 189
165 7 181
49 175 199
119 45 151
197 43 111
91 51 153
125 143 167
93 149 35
5 111 83
197 31 7
109 19 137
19 103 191
97 101 59
141 51 11
185 67 33
35 123 29
179 193 119
31 133 43
143 119 137
77 125 45
95 165 41
197 61 55
1 23 177
155 35 75
21 67 119
49 1 103
41 23 43
173 171 21
93 11 51
121 55 97
191 1 77
51 159 75
73 39 175
11 17 175
79 137 131
183 39 55
5 81 103
175 5 49
185 161 21
145 161 17
49 39 139
111 113 129
149 89 83
167 167 59
103 1 71
45 57 53
31 63 35
35 111 143
99 37 119
61 157 7
3 95 55
19 127 103
107 113 13
179 173 67
179 147 137
35 103 39
3 41 187
17 183 17
157 5 157
115 117 55
113 171 19
145 75 21
57 191 41
133 161 51
79 97 29
85 135 113
125 27 51
13 43 53
121 103 71
37 159 131
9 177 45
187 103 159
81 47 103
43 97 159
139 31 197
179 143 75
5 193 65
151 151 93
55 125 105
117 55 27
197 101 63
99 59 175
145 65 161
147 23 43
177 19 85
23 199 127
119 167 105
69 59 13
97 165 165
153 95 19
53 61 39
15 37 35
79 101 135
5 143 183
129 131 129
31 59 9
197 67 135
55 81 55
123 45 27
17 167 125
79 5 77
19 39 33
119 77 151
167 61 29
97 93 137
59 7 65
127 141 199
7 99 195
155 127 155
25 155 77
133 135 199
75 167 181
57 21 199
117 49 21
113 89 187
23 59 189
165 57 47
167 157 77
197 111 187
151 91 45
85 89 69
155 173 105
175 75 181
127 97 37
121 187 57
179 175 73
35 127 97
95 3 165
109 191 131
1 35 129
193 9 183
167 113 173
145 197 127
41 137 7
29 193 37
107 171 157
33 67 135
37 31 75
131 65 169
165 193 79
77 81 183
191 53 79
91 83 149
29 89 95
125 127 135
95 187 67
161 123 79
95 101 111
161 173 51
57 155 181
137 137 51
93 17 127
177 165 21
65 59 113
95 99 45
83 69 169
109 147 65
9 59 129
85 13 25
41 195 89
177 149 49
97 75 187
167 1 183
129 17 159
27 61 129
1 29 127
147 93 9
109 127 21
123 55 133
21 143 19
169 95 59
147 185 139
51 169 141
67 127 107
127 55 35
61 183 167
57 95 167
183 21 17
37 153 127
83 75 153
179 37 77
163 81 149
131 21 199
163 127 51
17 65 21
103 31 53
199 197 113
123 119 169
75 45 153
55 101 93
91 81 177
171 29 59
191 131 125
21 181 57
87 107 19
21 159 139
123 71 147
41 39 145
189 95 171
89 189 45
73 69 3
101 31 95
31 155 169
117 11 65
23 133 85
181 177 75
51 123 97
193 171 19
193 141 163
85 89 151
153 93 39
183 91 111
137 59 115
53 27 49
89 17 165
65 91 91
91 91 175
61 13 129
105 175 123
195 125 19
191 67 103
81 81 55
43 99 141
71 149 181
191 17 33
81 109 27
77 187 91
89 117 87
169 143 51
93 161 157
65 63 55
145 117 45
45 161 29
193 141 175
113 79 149
125 105 139
113 99 125
29 185 1
75 37 193
35 97 161
97 151 55
117 99 119
77 127 167
121 5 11
199 155 107
7 93 125
107 17 49
195 121 161
31 115 93
31 75 167
181 33 105
183 55 1
13 23 21
19 137 1
173 149 123
169 73 25
187 121 33
11 187 43
125 183 37
105 55 173
137 159 3
97 65 89
119 85 71
159 191 85
107 113 7
179 41 179
5 177 147
191 19 37
77 57 49
131 29 77
195 31 181
163 119 119
47 95 15
141 179 37
53 185 99
199 67 7
175 117 89
195 59 93
51 107 187
183 183 169
117 69 3
141 187 197
35 105 159
117 45 111
5 143 51
71 53 9
91 143 111
149 139 85
159 31 79
47 199 33
115 1 119
5 103 37
109 61 177
57 75 11
199 31 31
157 143 35
99 53 9
141 137 99
171 121 153
169 57 111
75 177 61
177 13 175
37 93 179
17 7 191
47 37 47
189 175 151
145 183 107
81 185 109
1 41 49
163 57 125
139 117 93
55 93 167
51 175 143
57 167 85
197 117 5
171 171 155
57 181 47
41 89 191
187 43 71
43 167 177
159 163 139
155 35 181
131 81 139
1 69 189
21 73 45
193 27 41
173 73 115
167 63 171
113 39 115
79 119 101
145 161 143
179 141 7
165 79 161
33 67 195
11 15 99
37 159 121
15 73 17
181 43 93
19 61 59
137 163 171
1 9 153
141 15 3
123 81 85
93 179 49
107 183 187
65 7 197
41 23 137
187 115 151
49 79 37
11 49 55
19 107 97
139 109 97
123 193 143
101 43 65
83 133 159
89 129 169
15 169 139
35 121 179
113 157 167
65 115 15
171 115 25
183 13 147
177 59 189
123 123 111
55 185 117
87 155 103
55 93 193
79 71 111
139 141 145
55 155 57
73 83 123
85 135 197
143 123 181
171 139 157
59 55 183
13 157 37
9 53 27
185 165 81
125 109 161
185 71 3
67 97 57
1 93 35
29 177 119
167 37 167
21 19 41
81 159 99
135 185 17
3 171 25
15 131 113
85 133 39
181 95 23
179 129 193
155 151 195
97 21 127
115 165 93
179 169 17
163 185 97
37 113 135
71 27 137
109 169 153
107 95 141
35 87 123
89 185 5
15 111 63
83 107 159
51 123 179
35 125 157
149 59 23
79 101 61
47 53 131
45 193 39
131 19 145
117 127 83
131 191 77
39 53 195
65 31 77
93 91 129
57 115 67
157 79 15
113 9 197
9 153 43
133 1 87
163 189 123
57 65 143
111 163 177
45 39 15
137 71 185
155 139 181
33 153 37
145 55 97
97 1 9
3 193 123
191 115 159
159 161 121
121 137 179
159 57 89
31 41 37
169 21 173
25 163 127
183 59 63
185 173 9
177 95 9
