99 100
89 113 179
179 1 193
109 139 53
167 47 131
61 149 151
53 67 173
181 113 53
59 73 139
199 127 1
179 179 137
67 113 61
61 109 31
97 113 157
149 109 67
103 79 197
79 79 101
61 103 71
173 1 107
43 1 83
167 127 167
73 1 193
71 163 31
31 31 181
197 73 61
131 179 67
43 37 113
113 47 193
67 1 97
37 173 181
199 47 41
1 97 151
41 193 151
157 53 197
179 167 73
139 61 199
181 1 199
101 47 179
131 79 103
29 107 113
47 61 83
197 1 101
109 173 167
31 167 109
109 191 29
181 163 73
173 199 83
137 173 167
113 173 139
181 181 107
79 157 109
61 79 73
37 89 131
137 137 89
1 103 113
197 61 67
107 71 71
157 181 199
181 37 113
47 109 83
43 149 199
37 157 43
67 107 101
179 173 1
37 37 59
29 1 191
73 139 193
53 53 1
199 53 73
71 103 139
131 79 109
193 151 1
43 47 73
1 61 59
89 199 103
113 101 103
79 83 191
73 79 149
103 83 157
163 89 113
193 43 83
71 71 31
113 1 101
1 179 31
53 107 73
181 79 179
1 139 103
67 61 197
59 61 59
149 37 37
89 67 163
59 137 29
43 197 101
43 67 127
113 137 79
101 71 191
139 1 61
179 151 1
179 31 113
191 109 97
59 41 197
181 127 131
89 103 59
167 199 173
101 89 149
179 53 61
167 163 67
83 179 37
151 31 127
61 71 167
79 131 157
157 127 1
179 53 31
173 179 37
53 127 97
61 199 157
107 113 59
181 59 139
137 157 29
101 83 137
193 197 1
41 61 1
139 163 41
37 67 31
179 1 101
151 137 37
127 37 73
137 157 73
79 59 29
173 101 71
53 163 193
103 113 163
107 113 1
139 199 41
191 89 67
89 157 181
191 103 137
53 137 37
59 151 109
71 163 113
1 1 113
151 163 73
167 173 107
1 53 41
67 199 191
61 59 101
113 83 79
29 103 41
73 191 43
139 199 167
89 151 137
43 103 139
89 59 163
37 43 163
191 43 113
101 101 1
79 97 197
67 191 71
83 73 97
191 199 109
199 197 163
1 53 163
151 59 107
127 139 167
193 83 71
107 167 103
127 89 109
73 71 181
173 47 31
139 101 109
181 149 191
59 71 29
179 89 101
37 71 53
1 191 131
67 139 103
53 1 37
47 83 1
127 199 43
1 97 139
109 127 163
179 53 41
41 31 139
47 151 157
191 149 139
181 43 29
127 79 107
109 149 157
167 1 37
1 71 193
109 29 79
179 109 151
31 109 127
43 103 113
61 31 41
149 109 137
1 193 79
151 113 103
139 29 89
149 151 137
