2999 3000
47 45 141
191 111 33
73 159 75
41 45 119
21 141 149
177 101 181
49 77 55
79 179 37
169 91 71
105 139 125
149 183 3
59 17 153
123 91 47
71 113 119
11 167 63
15 147 85
93 1 165
175 143 117
65 117 195
109 41 165
195 147 69
11 3 17
5 49 179
23 73 5
93 135 181
143 123 191
143 87 7
189 3 3
105 103 81
145 67 145
195 39 53
197 159 49
151 41 163
23 47 73
61 27 199
89 121 91
175 31 33
83 137 79
185 17 69
155 67 77
97 119 23
55 71 17
95 139 119
45 115 69
71 113 195
97 107 159
31 43 47
169 121 127
89 93 113
155 171 97
179 97 155
49 17 51
91 135 105
5 107 103
21 101 149
127 61 123
169 107 19
195 137 51
87 49 123
161 49 115
57 3 71
75 157 49
113 165 1
21 69 93
121 17 97
85 139 119
97 63 149
33 17 119
187 139 113
35 53 103
143 27 169
99 75 25
65 77 3
133 73 21
53 169 41
191 191 65
157 141 55
173 163 151
15 179 87
173 81 73
199 49 109
75 179 51
55 85 149
127 105 117
199 49 153
95 115 5
35 169 101
101 23 161
79 109 135
159 183 149
113 195 121
195 45 121
79 97 99
89 119 57
137 71 87
155 181 189
27 185 83
49 145 117
63 79 17
149 133 199
143 157 63
91 181 175
187 79 73
105 39 55
81 125 143
165 115 185
149 101 139
197 123 167
181 43 119
113 43 181
69 105 129
155 183 175
33 55 65
177 109 53
5 157 61
23 141 45
125 79 9
47 149 157
89 173 59
131 57 39
139 91 151
121 65 123
79 131 77
93 87 15
49 51 95
189 97 99
171 9 123
25 71 151
197 129 197
53 167 189
143 21 25
113 47 163
43 125 189
33 43 67
187 137 159
83 139 7
197 165 99
67 115 175
195 15 199
65 109 99
85 133 55
131 199 103
159 187 15
1 55 161
41 13 97
181 125 83
145 127 71
165 101 67
179 3 133
87 5 31
123 61 95
123 67 83
109 81 117
163 145 77
81 41 181
109 123 127
35 193 107
41 163 155
43 95 119
153 29 3
13 123 89
79 109 13
63 27 135
7 7 147
47 187 15
73 113 95
171 123 107
133 79 141
29 101 85
57 103 33
85 193 185
97 109 197
123 147 179
33 93 41
21 107 151
37 105 197
161 11 173
143 57 143
43 45 77
51 77 9
43 61 169
55 57 157
1 139 55
197 179 81
9 33 115
113 133 135
29 107 75
189 49 139
33 29 185
111 37 133
171 7 183
133 163 129
71 17 183
155 99 87
187 117 83
121 155 91
131 29 109
179 73 41
9 57 29
149 189 165
155 171 75
119 99 151
39 185 83
41 71 57
157 59 115
111 53 103
141 161 127
13 105 57
173 133 139
163 99 147
37 77 1
41 131 155
129 13 177
1 175 17
163 89 57
15 95 15
81 21 29
185 181 73
23 121 85
25 171 163
5 171 125
137 127 65
53 103 105
27 23 35
21 185 139
115 103 5
41 131 123
21 5 107
141 193 93
113 155 19
83 183 43
113 49 151
121 57 87
143 91 141
127 133 71
29 137 91
161 165 111
69 71 151
61 67 171
17 85 113
199 31 129
47 183 115
105 173 29
99 113 149
137 185 91
177 179 123
141 89 55
13 39 15
79 115 187
69 131 49
99 59 65
185 173 167
159 105 119
175 53 127
159 49 129
43 75 65
131 129 43
75 49 183
93 35 99
23 187 179
185 155 47
61 123 49
167 145 139
123 71 97
75 103 71
53 169 135
183 115 177
135 1 11
169 101 189
61 79 81
15 29 7
137 77 95
185 15 157
55 15 27
63 87 53
31 125 33
49 5 85
49 15 171
149 109 105
27 93 179
55 101 39
37 195 53
155 55 95
171 81 79
161 39 39
189 71 101
193 155 131
111 31 83
19 135 131
17 17 81
117 159 11
15 13 67
71 11 7
55 89 161
93 127 35
163 27 99
23 61 87
53 47 79
91 179 95
109 59 17
67 69 33
183 39 149
193 149 69
83 15 139
113 49 193
45 149 87
9 139 153
57 123 175
35 17 27
197 33 23
65 67 35
9 119 101
157 187 189
171 29 181
125 23 167
73 13 185
115 165 29
37 141 141
53 71 197
191 197 135
161 31 131
79 37 101
171 25 109
103 109 169
125 77 141
41 165 65
7 97 41
51 37 155
25 139 97
23 73 149
53 109 43
89 113 3
17 125 187
127 93 61
107 33 163
71 1 89
167 145 33
3 5 39
45 101 89
23 153 19
35 197 41
147 199 197
71 89 87
163 149 7
101 113 133
5 105 39
151 137 109
155 81 179
55 73 87
7 91 131
107 131 57
11 129 91
99 119 37
49 29 11
161 163 175
169 1 179
105 15 183
185 97 133
59 183 191
53 19 149
185 75 61
17 167 167
39 107 177
67 119 77
133 197 29
39 175 93
157 157 61
53 195 69
141 89 55
159 39 17
137 99 69
7 169 157
115 147 77
33 127 19
29 59 87
107 151 19
167 11 57
65 79 117
155 37 171
193 157 111
195 27 173
163 87 109
13 165 117
43 183 135
5 173 71
155 97 99
69 57 109
53 175 75
89 145 45
47 159 199
177 131 95
167 143 193
131 163 59
19 97 177
191 167 19
191 169 129
49 77 83
23 57 153
71 101 5
133 3 197
167 97 147
109 193 27
73 51 195
73 27 125
41 151 47
9 79 143
191 65 133
151 17 85
51 125 11
157 27 81
157 173 117
149 105 83
199 99 97
131 127 73
81 175 145
63 21 185
127 153 99
49 39 193
77 49 143
103 35 97
181 55 53
85 139 9
87 139 157
13 11 59
91 155 189
111 45 173
169 143 139
111 135 67
63 77 115
1 77 95
57 129 199
99 137 83
37 197 71
47 159 157
1 53 73
149 25 165
91 165 179
129 135 51
109 153 161
185 47 25
113 149 25
153 31 81
53 101 179
13 161 119
65 35 165
193 103 71
61 185 19
195 37 15
147 197 47
99 125 157
47 151 45
79 135 63
83 115 119
149 137 173
183 103 185
189 77 49
77 199 145
113 13 7
15 61 1
139 121 53
193 69 151
129 131 197
147 51 179
83 127 63
89 111 115
165 63 1
165 7 189
81 117 169
45 119 187
69 75 1
139 25 43
173 125 141
127 105 69
53 71 119
67 185 1
129 185 195
41 77 159
157 45 27
179 31 109
53 135 153
181 83 23
107 23 161
11 195 37
185 113 165
169 17 17
153 11 85
133 171 117
177 101 61
113 9 123
47 163 5
129 185 163
55 49 143
49 85 49
161 153 163
179 171 147
93 159 19
167 179 171
69 145 103
77 171 185
39 175 97
127 137 143
79 81 177
69 33 31
21 101 81
95 47 145
53 67 27
137 141 121
81 149 87
51 133 155
129 133 137
67 179 79
51 155 7
187 91 189
87 75 57
39 19 183
105 47 77
149 71 131
97 157 171
133 17 155
65 153 109
149 31 37
7 141 7
97 35 161
171 91 149
95 73 139
45 55 177
115 89 81
175 59 31
191 13 31
47 121 69
183 61 37
27 173 185
61 133 193
57 185 193
33 125 69
87 101 163
175 183 111
33 117 25
149 51 199
173 119 95
139 157 141
111 141 27
43 37 55
29 31 115
153 99 171
53 165 5
139 75 91
159 99 67
11 1 3
33 95 57
189 141 29
35 167 167
175 21 181
5 41 25
7 11 157
171 119 109
45 11 65
47 181 5
49 87 163
47 143 77
91 77 111
59 147 3
183 129 141
23 57 117
139 13 25
57 121 33
67 185 3
151 93 153
143 161 199
85 141 151
65 155 199
117 159 89
45 3 51
101 23 139
113 49 65
137 185 3
25 91 61
119 43 31
183 147 87
123 97 29
79 199 17
141 193 83
47 43 103
71 85 147
23 151 151
7 153 167
97 117 103
141 149 127
87 35 149
87 167 35
87 183 159
79 169 141
25 71 81
111 121 31
165 71 101
117 37 123
35 43 129
87 75 131
25 23 71
191 163 61
77 121 51
47 165 137
117 149 119
143 179 49
13 81 63
155 107 27
197 37 47
71 167 185
199 141 71
161 105 95
185 155 189
149 197 67
97 115 113
75 163 133
59 25 75
167 155 193
107 3 147
177 187 47
21 59 119
125 57 21
183 151 85
179 17 69
199 33 121
65 69 121
195 49 99
149 41 159
55 91 125
43 137 135
5 159 111
165 179 131
115 63 159
35 35 45
67 59 25
41 179 127
89 79 191
129 37 89
19 65 143
59 199 197
19 13 39
101 47 147
69 109 113
103 153 131
163 81 167
141 7 137
123 103 177
159 95 65
127 37 97
29 35 19
41 177 79
191 125 1
99 141 101
157 71 169
37 141 177
45 79 43
51 159 183
145 25 107
183 121 169
121 45 97
97 123 125
125 123 71
65 127 165
41 97 65
181 73 21
163 115 161
123 1 5
51 11 159
75 85 105
119 85 191
41 113 111
67 183 7
195 53 37
91 21 101
67 145 45
85 105 131
189 15 197
105 173 119
189 181 73
73 171 149
185 81 67
73 193 13
125 29 79
145 33 73
193 183 67
97 113 37
111 109 121
189 133 15
169 109 119
141 57 107
125 125 83
21 137 67
153 119 43
187 97 71
73 163 119
185 105 111
197 129 9
33 143 23
143 61 11
103 71 181
27 153 25
67 125 53
91 167 75
187 39 27
53 61 117
157 173 189
191 181 77
133 3 75
99 119 11
169 99 57
123 27 161
47 79 91
117 153 63
59 181 153
121 97 139
197 191 95
177 67 53
83 141 43
105 57 79
107 113 177
133 177 147
117 69 173
69 131 123
153 187 39
155 125 3
145 19 27
11 175 23
57 121 199
17 105 185
33 81 91
11 131 101
183 103 35
17 25 151
3 169 123
31 171 77
153 197 135
33 123 79
153 121 193
161 9 49
43 3 65
173 105 99
181 43 13
5 97 195
77 19 11
151 199 117
51 133 147
173 115 3
197 109 35
7 61 93
113 31 53
121 33 95
67 45 173
163 143 153
87 153 61
85 173 139
123 119 89
141 121 141
153 61 113
119 153 15
149 5 21
181 5 37
129 177 159
71 33 129
127 93 93
99 135 179
121 129 167
145 173 193
5 189 39
157 3 191
67 127 13
71 165 161
151 27 45
183 155 77
179 151 147
115 33 177
43 1 179
119 97 99
107 135 149
111 31 153
37 43 15
105 109 185
35 57 55
191 39 109
141 89 91
175 67 69
79 45 87
175 49 129
15 197 151
149 53 59
191 171 73
3 155 13
165 113 119
3 21 153
91 111 47
157 85 93
107 171 171
155 5 49
55 155 127
107 117 45
79 189 193
33 3 89
51 25 91
71 81 55
87 33 57
75 125 53
45 95 113
153 47 19
109 77 77
25 123 131
119 115 39
25 3 21
153 199 157
33 53 7
65 15 183
93 67 69
187 179 47
33 103 91
15 179 45
137 111 57
155 53 185
159 177 103
61 133 127
113 45 183
31 27 17
1 199 185
181 45 79
187 39 65
165 83 3
179 43 17
135 29 57
111 131 11
149 163 73
193 145 133
123 65 151
121 51 181
69 33 183
11 1 67
95 3 53
41 123 121
69 83 101
105 199 139
67 71 51
115 109 103
85 59 95
135 143 17
71 125 41
71 95 13
179 147 23
5 173 21
89 177 63
87 115 131
61 69 35
169 171 5
27 65 25
171 185 109
199 129 147
95 141 17
145 69 87
117 89 65
93 55 71
113 187 63
181 125 149
153 35 9
121 59 83
107 71 109
35 17 183
81 137 87
149 23 85
141 193 133
197 167 155
87 29 151
115 81 63
149 193 45
111 75 101
181 89 21
101 175 31
37 165 171
165 49 51
157 183 103
27 137 43
159 191 39
39 55 125
135 3 41
115 7 93
107 27 5
81 163 89
151 133 191
199 183 131
85 85 95
125 31 51
117 71 181
75 99 139
77 43 81
83 41 17
13 149 35
175 37 141
107 131 125
193 63 75
181 157 179
13 113 63
187 93 93
189 137 9
137 17 83
177 137 63
125 171 49
65 15 61
197 45 141
163 119 151
119 1 145
135 169 125
133 61 41
69 69 27
189 55 121
127 21 57
1 69 137
17 33 165
165 77 29
83 29 129
189 173 91
157 1 115
17 43 153
189 173 189
43 93 57
63 53 151
35 189 77
171 57 181
49 87 101
77 119 65
153 115 149
153 133 41
99 85 197
177 75 13
173 35 1
27 185 147
119 165 113
177 147 147
167 47 117
85 113 165
199 165 145
131 5 97
121 1 51
195 117 53
133 117 29
119 167 3
83 79 133
133 25 51
181 45 131
197 115 97
161 59 87
69 61 85
69 15 121
89 67 145
109 1 43
75 3 175
153 39 197
81 193 185
29 125 117
143 125 1
107 11 197
167 1 157
181 25 25
151 169 197
151 11 189
57 89 97
95 87 171
89 71 27
117 91 11
41 93 41
53 89 87
53 151 193
77 79 63
149 181 147
159 169 99
47 171 153
37 141 11
107 73 105
103 83 97
195 123 13
187 11 55
41 107 11
25 171 167
5 21 43
77 119 95
47 73 53
93 187 3
165 195 41
151 93 51
75 9 153
189 167 51
199 177 143
73 143 183
95 89 7
117 183 115
93 139 97
79 47 47
75 87 139
71 41 7
79 99 159
151 149 137
127 91 29
175 179 27
63 89 101
151 5 195
89 5 15
135 51 109
125 95 187
167 101 165
65 163 35
117 3 19
113 31 169
91 59 95
179 63 173
87 161 37
91 175 91
47 83 83
141 71 19
41 35 47
109 175 117
111 193 85
143 161 3
105 159 19
167 133 109
127 73 191
101 67 183
185 149 73
159 71 119
193 119 59
71 139 5
63 25 17
127 131 127
87 149 173
123 161 77
99 55 43
165 37 73
17 111 175
89 133 63
111 97 21
49 5 117
177 21 189
107 51 155
159 25 83
23 101 73
79 49 99
115 121 101
129 199 65
167 61 185
167 185 73
171 7 183
95 99 33
145 53 113
169 39 125
175 111 83
23 113 11
47 13 193
47 181 11
11 167 45
101 39 11
11 127 81
109 63 155
65 175 49
105 99 97
119 183 67
33 97 145
45 89 167
27 99 117
193 143 67
31 57 79
61 137 83
123 91 93
99 43 1
197 141 65
83 111 73
179 55 193
171 125 25
175 41 69
117 109 95
79 91 191
15 173 127
11 65 187
53 169 111
97 137 9
7 11 109
61 107 193
185 131 75
131 199 47
39 199 21
129 93 41
5 19 119
69 111 39
141 21 49
181 133 5
191 41 103
1 33 13
131 109 75
35 59 163
137 79 93
29 119 131
153 143 163
63 181 167
187 133 139
119 41 79
159 143 165
97 157 59
109 135 61
167 97 191
45 95 129
67 129 65
9 93 199
189 163 151
25 103 117
67 85 103
113 49 21
173 109 83
107 169 83
109 63 191
107 193 61
35 161 105
31 159 77
195 109 85
1 25 179
85 127 3
39 51 69
51 39 87
19 121 59
185 17 71
81 77 83
43 87 189
1 163 23
15 151 159
39 129 153
71 37 153
25 9 141
63 95 179
89 155 29
105 25 151
85 107 41
171 199 121
37 125 163
189 83 69
21 139 83
57 91 121
67 137 95
65 115 121
19 49 87
147 199 175
157 39 183
155 161 69
81 27 143
67 95 85
7 177 177
1 3 197
137 1 159
157 25 129
5 113 193
107 191 117
147 79 63
11 51 125
141 193 183
37 181 63
117 157 35
23 59 145
25 17 145
49 49 187
65 145 143
161 61 51
39 29 157
89 153 7
185 135 17
167 103 63
27 137 99
85 185 119
5 129 143
53 19 71
199 65 23
163 115 89
191 177 49
47 183 191
183 105 79
85 167 167
125 169 133
13 191 65
141 133 149
65 107 59
129 131 15
149 19 13
125 171 81
11 65 71
115 47 119
185 13 5
57 51 193
49 115 21
85 167 33
193 25 77
123 41 141
45 157 71
119 37 19
183 13 47
29 35 57
145 39 77
195 31 61
13 155 119
181 187 71
109 63 155
149 5 147
107 179 173
47 101 17
59 147 39
93 107 21
35 183 153
169 45 3
123 67 101
109 41 115
173 195 199
81 47 107
163 19 57
63 141 67
113 179 113
19 105 77
3 161 73
151 163 109
121 65 77
161 83 1
59 81 13
105 187 89
29 43 169
169 109 131
51 127 97
59 3 9
125 75 29
191 87 135
55 165 85
41 69 109
121 185 173
109 75 31
55 147 137
69 183 69
99 79 141
101 193 191
79 21 155
167 59 79
35 47 69
7 155 29
191 127 69
65 61 191
13 197 3
99 169 161
177 109 133
169 5 31
93 159 131
55 141 115
101 113 81
159 141 19
189 115 25
51 9 15
151 115 81
121 75 197
29 9 95
137 39 71
95 75 145
139 189 141
53 173 197
97 191 1
11 15 161
123 29 149
37 13 199
113 9 151
25 103 175
167 79 3
41 127 141
133 171 139
105 71 183
95 73 139
13 137 35
43 85 151
55 189 73
169 43 111
175 17 127
53 123 55
83 167 21
55 11 63
125 193 195
101 131 5
37 69 99
27 19 113
15 197 59
161 11 17
81 137 185
3 191 65
75 115 117
85 177 105
181 77 159
15 81 187
83 83 193
7 99 29
3 157 55
13 79 173
53 167 37
147 31 117
61 53 25
143 157 99
19 19 87
99 109 67
181 101 81
81 131 67
141 89 73
19 167 179
91 107 191
121 25 147
173 153 93
33 155 59
51 41 1
161 11 19
61 195 117
95 61 1
89 39 185
159 17 127
65 113 49
89 59 139
145 57 61
99 115 137
139 115 171
53 37 125
47 57 85
13 57 51
51 147 49
171 73 137
83 121 95
47 165 65
7 129 153
25 65 3
43 139 101
79 65 145
135 53 197
95 7 149
41 57 161
17 97 115
43 97 85
7 161 73
135 17 23
199 19 29
43 25 53
107 169 199
63 69 77
71 17 115
31 177 113
31 91 155
127 81 75
191 153 117
9 79 123
131 11 57
155 167 161
27 165 3
97 41 13
113 59 179
195 171 49
189 29 183
69 105 119
125 21 45
3 145 141
13 105 149
179 65 183
143 67 139
87 183 69
145 163 165
21 115 183
49 3 81
153 121 69
175 165 139
23 9 167
127 157 171
193 45 87
163 87 171
147 155 17
13 25 9
127 7 57
129 87 77
153 59 127
23 197 79
31 165 157
189 39 179
137 29 107
23 103 3
177 121 165
1 129 15
111 185 131
101 167 59
161 93 91
61 171 149
129 129 171
71 11 1
101 117 93
3 119 29
27 189 51
59 107 29
149 39 133
115 1 149
7 195 49
81 143 113
113 113 175
125 19 103
145 111 175
169 141 179
157 191 85
167 123 17
109 161 75
109 109 23
9 61 41
151 79 47
169 53 33
187 59 145
97 137 69
141 19 119
37 105 87
159 121 147
23 99 113
35 27 23
97 67 35
175 19 43
131 51 99
189 99 67
31 73 157
49 191 157
153 77 99
177 23 135
77 135 197
103 61 21
73 97 55
91 139 55
45 141 133
145 7 63
17 67 157
7 25 187
83 27 35
9 65 93
47 165 69
109 89 49
109 49 55
151 103 129
93 141 19
3 3 169
71 63 113
199 153 129
129 189 39
193 185 25
61 157 33
151 7 79
199 61 91
5 189 199
145 113 151
53 81 43
115 97 45
69 129 19
161 167 17
145 95 145
101 127 41
11 109 103
73 1 157
165 103 155
181 53 159
165 199 105
61 45 61
93 63 175
163 185 147
57 33 107
183 75 155
197 81 161
101 37 171
3 95 147
161 157 17
159 165 197
107 25 67
171 1 127
59 51 125
91 63 87
69 121 145
149 81 31
89 157 27
87 7 127
45 23 35
9 125 195
35 191 153
139 21 61
93 145 135
155 33 193
77 81 187
61 111 57
17 139 109
129 169 199
55 107 189
179 101 33
73 159 147
199 19 85
47 57 23
183 153 19
63 139 175
175 195 51
17 9 15
89 7 33
197 99 65
97 133 119
55 79 3
177 67 179
33 89 177
185 107 129
29 185 111
127 139 175
135 155 53
45 91 69
145 155 157
181 73 57
59 179 59
125 159 17
117 39 195
127 167 131
17 183 21
155 61 49
109 113 175
199 181 15
57 41 59
131 3 3
13 61 183
171 77 145
115 175 173
185 107 193
167 127 25
27 79 41
139 157 99
23 171 113
169 135 111
171 41 169
135 129 3
11 177 15
187 151 91
197 47 5
27 175 189
105 119 61
165 19 87
137 131 131
175 145 57
15 17 129
143 123 3
121 139 137
175 133 53
21 137 39
101 29 139
19 89 165
141 177 173
71 11 137
121 67 177
137 197 151
61 199 167
103 41 109
35 93 133
75 35 107
103 173 33
193 137 133
73 13 55
187 149 197
157 127 171
57 77 91
161 147 133
1 161 97
93 93 199
127 1 137
3 137 11
43 69 17
55 27 113
3 23 89
33 99 75
15 189 33
161 25 89
121 121 49
119 23 49
119 159 45
159 73 75
131 195 77
157 107 119
85 197 173
183 175 81
171 7 113
101 1 127
21 153 193
149 107 113
11 151 135
85 131 157
79 7 115
89 31 45
85 107 3
165 187 87
75 5 69
75 131 143
29 27 147
135 45 169
189 179 21
119 137 31
31 51 19
61 97 1
167 3 91
155 193 79
63 165 43
193 11 119
21 159 97
65 127 125
43 51 163
83 81 57
135 101 79
135 5 109
41 95 73
33 175 41
197 121 99
7 143 161
165 41 57
195 69 181
45 137 149
31 193 97
35 175 179
39 85 17
135 157 151
13 101 191
37 103 23
181 167 123
21 25 35
193 109 199
129 59 99
25 155 47
1 37 77
189 55 111
49 5 55
151 101 93
157 123 105
125 151 45
149 185 25
161 87 149
19 185 143
77 137 175
115 13 1
169 29 105
77 187 93
177 79 141
5 87 195
59 131 153
43 157 77
33 9 129
123 55 89
59 31 13
175 31 89
107 135 107
93 131 179
171 71 161
57 171 137
189 123 45
49 103 103
57 135 49
17 23 187
47 139 109
181 133 167
19 39 45
149 123 153
123 83 45
93 123 121
15 73 81
21 79 173
155 129 21
83 115 183
21 127 199
153 93 45
97 137 129
19 193 147
5 143 199
127 63 121
199 143 15
79 117 133
111 41 155
129 23 109
55 125 95
51 73 117
91 1 173
85 51 69
27 49 191
89 171 195
135 89 27
155 125 25
197 79 7
123 93 117
49 187 45
25 7 99
27 181 149
181 153 145
31 49 29
105 147 55
97 173 47
21 199 85
5 109 41
1 27 37
91 71 63
99 75 15
183 127 41
39 71 171
191 3 151
139 57 85
111 7 189
13 93 189
27 133 11
53 73 15
27 135 119
5 55 9
133 95 11
107 65 193
111 119 137
71 5 127
79 97 169
75 87 185
7 1 101
183 119 127
21 37 179
75 45 111
169 57 115
137 153 151
161 89 59
69 121 73
165 89 143
155 73 125
155 175 199
177 5 109
13 185 91
163 95 113
123 113 91
75 65 61
69 123 101
93 99 61
181 145 129
159 175 199
37 173 153
41 187 13
129 181 189
23 93 107
137 89 69
105 149 95
131 153 169
29 15 141
173 47 33
51 45 119
25 103 77
115 19 17
95 111 57
93 17 187
181 189 113
33 187 153
185 61 57
199 1 187
151 139 119
195 57 197
1 37 47
123 157 175
35 13 89
155 103 185
49 121 181
35 177 161
95 139 193
1 29 177
139 149 81
99 49 135
39 95 33
195 71 35
111 63 157
119 151 95
143 131 51
119 195 99
161 187 37
191 69 133
43 53 37
91 187 79
89 123 177
63 157 119
127 19 17
77 113 31
113 67 149
107 69 195
199 107 19
67 143 179
23 179 73
113 57 115
35 137 5
97 55 199
19 175 61
35 5 187
103 59 169
171 53 81
181 71 91
123 155 89
5 27 59
61 143 81
197 51 97
155 49 133
129 111 133
135 1 151
97 169 185
149 153 191
125 45 163
79 133 47
9 193 171
151 177 175
107 179 141
59 111 41
169 147 197
75 97 29
43 185 67
101 177 163
145 43 113
181 89 141
77 59 123
55 139 131
33 79 187
47 119 197
97 19 55
193 49 129
81 115 3
57 79 149
99 95 49
189 139 97
151 61 79
193 95 155
175 81 113
199 77 145
17 37 95
169 165 191
85 167 87
67 115 169
65 69 129
3 165 29
167 43 121
61 199 71
47 15 169
27 65 143
63 159 141
27 55 63
97 45 31
117 117 115
185 47 85
149 179 149
97 99 151
199 73 117
13 41 83
77 185 129
141 125 155
99 187 123
143 123 149
165 141 151
11 27 67
189 175 155
191 31 103
63 51 103
105 37 101
193 165 19
21 25 95
9 147 139
35 199 37
175 149 85
1 119 49
81 73 163
15 81 151
169 183 45
7 189 107
75 7 115
99 5 107
149 49 129
53 85 41
105 73 75
25 121 49
97 83 155
81 137 35
65 181 153
157 193 121
67 107 127
71 119 107
119 151 5
109 95 59
181 73 111
7 121 15
89 179 39
27 13 41
111 69 121
103 191 89
115 21 45
137 127 111
87 37 87
85 95 109
157 5 121
181 123 7
161 67 13
77 107 101
147 131 31
137 125 47
61 73 53
189 89 167
25 79 7
119 187 197
27 13 81
149 19 37
15 31 19
25 35 83
61 67 159
89 17 105
161 69 145
153 141 7
31 147 99
123 145 123
135 129 145
153 71 75
183 193 23
17 75 143
187 33 71
3 43 131
177 91 19
117 1 85
63 99 37
111 125 69
145 69 191
15 47 29
7 175 181
81 117 67
17 91 187
163 127 79
55 49 185
55 133 161
155 75 77
79 143 45
53 37 59
3 169 3
177 149 17
197 119 23
89 9 7
119 87 25
167 73 187
5 137 145
79 15 1
125 163 59
65 21 41
33 25 197
85 145 1
3 169 177
11 79 175
99 7 167
75 99 85
11 43 51
129 43 55
195 5 37
17 47 161
145 43 25
89 43 57
161 125 141
41 3 47
151 169 59
49 157 61
93 7 39
39 167 153
45 3 83
91 69 77
37 93 197
81 55 141
109 99 135
111 147 95
79 109 39
139 73 191
145 111 143
15 63 35
123 49 75
191 31 23
187 27 113
145 73 149
45 111 133
95 109 145
3 149 55
75 43 37
89 185 175
151 125 25
105 103 143
135 125 65
65 37 159
137 89 51
47 127 195
61 71 143
9 31 37
155 67 143
43 43 121
71 171 9
173 113 161
97 83 65
37 41 103
31 195 167
61 95 9
131 37 55
65 179 115
133 25 27
79 147 85
49 155 33
65 19 103
147 83 181
93 185 77
87 57 19
85 65 153
27 23 13
5 139 47
133 69 113
79 59 45
35 195 27
53 97 179
41 77 43
129 59 95
185 181 187
49 133 177
73 145 63
115 191 89
87 7 197
49 155 33
43 181 113
141 63 51
121 107 7
83 105 151
63 195 81
99 171 169
147 137 19
139 129 195
49 29 109
5 63 99
185 175 149
49 129 191
59 135 35
67 87 157
61 71 143
135 39 111
73 161 9
105 155 157
135 167 199
197 67 47
75 119 51
107 109 141
41 145 93
31 5 55
5 51 121
45 161 181
109 75 115
169 31 91
135 133 197
105 83 131
127 39 31
37 83 9
85 175 115
193 133 59
43 53 91
5 137 199
183 155 147
13 47 57
49 147 25
35 181 63
73 115 73
59 123 199
137 37 139
69 95 127
121 89 119
57 193 163
13 139 71
163 195 53
13 123 169
193 91 121
107 67 155
133 65 133
169 109 95
167 35 33
161 155 101
153 21 23
91 195 183
191 151 99
17 23 165
107 143 177
173 1 169
143 37 179
51 133 111
189 165 183
47 65 55
67 191 15
165 175 71
115 177 161
41 143 55
183 119 73
89 193 83
125 75 161
161 187 7
29 73 161
199 127 149
189 45 197
67 115 167
149 181 133
91 139 151
113 11 97
105 199 183
85 63 71
175 69 101
47 133 165
79 81 195
123 77 193
143 149 85
123 185 153
61 39 101
177 135 95
79 119 7
141 189 17
113 193 101
45 159 75
29 153 25
11 49 103
159 133 131
143 189 73
181 193 99
117 87 63
139 199 39
127 119 21
25 19 65
183 197 177
39 21 125
87 29 155
19 159 165
113 31 27
105 33 169
97 95 53
95 135 73
13 59 11
135 125 43
131 5 67
55 131 49
83 189 87
41 57 77
175 83 95
7 155 7
103 111 17
141 185 113
199 99 7
123 141 123
129 111 57
163 63 91
151 149 145
111 129 29
97 129 173
155 39 149
65 55 155
153 167 57
53 77 197
97 103 101
9 159 23
71 49 151
125 99 17
157 127 167
85 99 181
125 151 77
83 107 31
155 67 97
31 169 153
135 69 109
197 91 111
151 147 23
49 163 197
79 35 121
81 15 183
33 93 67
43 27 95
109 27 179
77 181 133
49 193 67
141 103 105
191 125 103
153 123 157
187 147 109
107 129 187
103 101 171
129 195 107
157 173 149
41 9 163
33 77 143
41 181 193
165 187 37
87 143 27
139 51 83
67 141 175
71 17 81
67 27 183
143 81 15
57 43 75
133 89 19
17 185 157
5 21 197
51 151 161
7 35 153
51 9 91
171 89 61
199 175 37
79 93 103
121 169 149
113 187 5
99 143 41
119 43 59
71 5 167
9 61 121
17 55 31
9 19 83
183 55 53
179 61 51
147 11 33
39 119 153
85 161 171
129 123 69
37 89 91
97 113 161
55 145 169
73 27 89
129 183 97
189 139 183
103 171 163
23 29 109
183 199 51
9 67 41
1 157 169
113 23 109
57 95 5
187 185 59
75 185 35
13 169 163
87 131 57
115 143 63
113 99 85
83 139 171
145 107 83
71 15 83
69 123 197
157 85 157
143 23 49
111 91 123
145 147 39
191 113 125
89 103 145
27 177 57
37 61 45
155 143 93
181 43 163
169 1 31
193 153 189
83 179 35
133 121 49
45 45 193
147 189 87
125 151 81
89 99 11
31 191 49
75 153 107
179 87 193
35 179 65
13 13 57
133 61 43
81 157 175
71 45 125
125 125 175
23 39 3
13 87 91
69 99 123
155 195 101
39 59 183
51 21 17
17 63 29
173 143 65
121 67 145
149 41 119
189 149 43
179 39 169
181 65 85
175 69 153
139 51 13
159 67 51
21 95 101
163 63 21
133 9 99
79 127 19
27 75 73
169 43 165
35 129 47
103 185 133
59 197 11
125 47 149
125 53 11
187 177 33
195 75 99
27 199 137
101 175 15
47 139 145
79 89 113
169 21 51
165 33 59
117 85 117
73 97 41
49 33 69
125 35 57
27 171 155
1 89 181
139 137 185
131 155 33
153 5 15
89 167 183
173 83 53
173 29 169
5 1 145
41 57 193
115 13 21
109 97 47
45 83 47
199 19 89
109 137 125
75 121 181
63 173 69
195 45 145
195 93 23
157 189 27
73 11 171
169 161 87
155 113 99
77 105 143
15 29 47
39 9 155
115 181 133
63 31 99
155 53 93
143 79 193
57 155 53
19 145 125
35 43 197
139 185 57
73 31 133
185 89 51
167 23 89
197 25 3
153 119 65
31 15 123
89 67 67
33 95 123
75 91 45
165 147 183
99 185 123
189 35 99
115 125 83
139 31 153
161 1 149
79 123 101
145 93 37
39 17 125
35 165 63
85 149 137
69 175 5
105 73 105
133 59 197
67 13 111
67 65 153
95 71 19
187 107 97
3 135 147
73 197 185
21 39 123
195 43 9
171 51 77
29 47 85
41 157 17
107 15 85
177 33 55
187 129 149
25 75 137
127 165 43
69 191 115
111 199 39
163 77 33
113 65 107
175 83 137
189 71 81
21 125 91
53 179 67
33 115 157
101 61 87
91 177 13
91 119 81
71 153 95
135 163 161
121 99 75
95 85 49
125 175 37
103 43 161
121 103 13
181 189 149
61 1 49
181 185 141
37 81 31
199 41 5
3 115 139
87 67 165
61 103 59
7 167 183
111 85 189
3 33 109
5 83 91
93 127 55
173 61 35
119 65 71
33 107 175
101 71 177
107 35 63
75 17 123
159 111 131
95 19 145
81 109 147
7 69 55
67 103 149
131 79 25
39 53 143
13 133 81
47 195 85
169 21 191
79 55 169
1 103 31
15 51 127
83 9 7
185 157 15
167 87 185
19 29 117
55 109 59
49 193 175
175 89 127
29 161 95
133 193 77
87 119 77
95 29 195
157 147 77
43 133 167
71 153 133
85 11 57
181 89 111
69 15 65
31 109 39
127 89 67
149 71 103
177 65 189
29 47 189
161 13 145
17 49 187
27 105 161
115 121 149
35 185 131
47 23 103
137 193 37
111 97 67
79 189 15
125 177 97
41 25 125
91 11 85
195 77 5
115 129 31
3 59 49
25 67 83
19 7 35
19 75 171
111 89 185
193 185 63
17 109 93
133 97 133
9 101 23
137 35 123
101 189 141
71 175 145
77 9 73
151 83 195
145 67 13
129 35 29
143 31 21
143 163 37
149 91 169
87 117 81
179 57 19
155 105 23
67 179 93
55 173 169
121 91 25
59 119 169
193 139 1
157 79 47
151 49 191
171 129 43
131 51 129
37 73 109
15 165 167
91 39 137
181 63 191
3 31 17
141 135 75
125 183 69
173 173 129
5 119 183
57 47 153
129 59 83
199 129 23
37 67 141
3 57 33
137 73 117
71 53 121
53 25 165
129 57 89
47 39 165
199 95 171
57 81 27
187 105 59
53 149 161
13 181 101
87 3 103
139 27 39
67 191 15
123 185 171
161 149 101
159 23 51
39 49 49
47 13 11
197 173 101
81 75 57
83 81 69
109 25 59
5 39 101
189 9 167
41 13 89
169 169 153
121 17 111
133 131 55
11 31 101
85 191 97
69 61 179
93 23 165
35 125 75
149 91 183
161 85 75
33 37 19
51 53 187
85 107 109
21 7 41
11 9 155
175 91 39
199 55 109
27 33 105
21 15 141
105 193 89
47 13 153
3 199 187
109 107 141
19 53 25
27 7 149
117 151 161
77 163 39
109 67 141
29 7 167
21 199 93
33 153 101
137 139 51
43 79 53
199 7 161
111 157 181
61 21 7
23 59 29
193 105 105
105 175 117
103 67 145
55 73 71
193 123 7
175 177 143
183 137 91
43 117 193
63 29 103
25 57 163
129 65 89
105 181 187
75 31 91
147 5 193
71 11 49
47 59 145
183 53 25
5 45 7
137 149 49
97 15 15
161 9 39
45 195 169
179 85 177
183 181 51
99 133 199
61 183 173
113 7 19
61 117 105
113 69 13
33 83 149
145 121 149
139 193 13
127 169 163
107 125 141
145 27 29
127 199 31
133 121 91
49 25 107
117 39 71
103 91 89
23 145 121
121 157 65
193 119 107
117 165 33
143 193 43
45 127 187
165 121 113
191 27 149
133 1 197
127 89 17
71 9 119
133 177 47
155 83 167
119 19 159
15 167 77
45 153 123
165 171 169
191 119 133
97 117 27
185 37 63
99 157 95
75 3 165
63 169 1
81 31 61
47 11 83
105 135 3
75 7 47
97 43 13
117 175 107
155 37 3
111 131 189
113 1 191
185 105 65
15 165 127
131 49 113
169 51 63
175 97 167
121 13 145
95 121 43
37 27 63
71 119 17
71 109 31
81 175 47
45 5 31
93 21 151
47 85 185
49 155 153
61 5 31
181 151 151
9 13 151
127 135 91
37 165 161
115 13 137
23 147 17
149 97 61
33 81 59
91 137 9
199 167 57
149 119 119
163 173 99
97 63 11
165 23 43
177 63 183
125 79 97
125 45 23
111 7 171
47 15 107
15 177 103
37 95 101
9 97 51
175 13 117
101 55 117
165 37 81
147 37 59
95 59 87
101 135 11
21 41 121
197 143 169
91 45 87
91 199 123
103 19 35
157 135 9
97 119 13
37 81 177
97 167 29
135 83 123
79 3 25
23 75 149
171 161 145
73 83 139
91 21 29
129 133 37
47 147 193
33 27 195
199 55 31
81 179 31
189 107 165
63 55 45
25 199 171
11 41 45
137 173 21
69 9 111
15 107 143
43 101 93
97 35 125
75 67 125
181 135 109
35 83 97
137 157 161
177 105 89
55 125 3
63 139 139
169 185 9
173 79 127
9 3 169
179 31 67
113 141 45
101 141 131
161 5 69
67 93 111
95 1 191
35 43 45
19 155 109
1 83 77
5 51 155
35 21 163
79 171 45
21 101 61
25 73 161
23 183 123
127 175 93
169 19 187
125 127 125
111 109 49
65 63 49
87 129 53
161 173 193
61 137 71
37 99 195
21 125 21
195 121 147
13 11 73
45 137 41
153 185 69
119 137 179
151 191 45
27 87 35
163 61 195
61 57 159
89 181 195
113 31 119
125 103 113
61 47 127
149 21 75
85 103 27
179 51 49
65 85 199
127 183 25
87 45 187
171 145 153
1 63 145
7 81 59
53 111 183
177 185 147
81 11 95
131 163 83
121 161 63
7 89 31
53 75 61
101 131 147
67 181 21
147 39 21
57 125 131
41 175 89
155 173 65
117 55 145
181 117 181
69 149 101
49 9 107
179 61 63
159 185 67
101 7 135
129 41 81
103 129 139
75 195 83
131 139 39
151 23 59
3 123 41
117 135 109
81 101 157
65 169 137
175 103 199
17 87 101
145 25 133
139 13 37
183 51 15
109 109 49
33 149 1
71 59 107
171 119 23
139 55 7
145 159 73
33 163 47
161 95 63
173 131 113
127 147 155
37 195 137
89 99 151
51 111 183
171 133 53
129 45 127
191 117 171
153 163 115
49 131 147
83 43 109
133 197 185
33 39 113
131 189 53
41 75 141
79 31 97
123 157 171
143 127 3
105 147 195
139 93 51
85 105 99
83 91 87
25 3 19
117 55 51
191 99 87
125 99 31
185 69 13
17 177 39
163 171 181
55 21 191
65 25 129
155 15 15
61 33 1
19 189 129
21 179 45
121 9 139
93 23 167
69 61 151
143 43 167
69 137 129
197 65 89
11 183 153
147 183 11
39 15 175
17 59 193
27 101 13
153 67 37
117 123 35
63 89 103
199 123 151
65 11 123
151 67 119
135 77 129
53 51 179
113 147 19
117 63 35
89 101 165
11 135 117
99 141 35
21 195 97
31 117 97
1 35 65
77 67 15
31 151 53
177 169 107
41 3 123
45 73 143
83 189 31
127 127 41
123 129 45
39 129 65
179 97 1
149 111 1
99 69 183
67 79 13
175 105 95
151 47 39
43 183 83
171 23 69
3 67 195
131 37 117
131 141 61
145 141 143
13 27 91
195 41 95
99 39 65
51 77 143
33 63 93
159 131 137
131 125 11
167 147 117
107 7 151
151 53 81
179 47 25
123 141 143
161 7 137
141 53 141
3 147 191
133 187 127
57 101 85
3 17 15
113 167 181
165 47 191
13 71 143
57 13 25
167 55 147
21 195 11
71 89 151
57 15 57
157 99 189
173 19 45
139 103 153
89 95 169
63 141 39
181 165 51
35 15 11
29 129 179
117 183 199
35 39 69
133 27 29
55 175 185
159 31 61
157 1 103
97 39 191
165 193 157
179 3 137
11 85 171
193 83 103
31 55 123
57 187 157
135 75 195
167 135 49
167 141 111
109 35 67
101 193 67
7 33 31
93 5 113
79 11 123
135 39 115
25 195 49
101 93 105
139 47 145
185 157 111
19 129 181
115 195 89
149 27 93
57 43 99
67 167 191
105 185 71
5 35 109
1 43 133
47 187 137
109 97 77
37 181 61
135 69 183
65 65 99
109 165 47
179 59 103
163 129 73
101 141 83
145 179 87
35 115 87
37 95 39
17 59 147
191 147 87
55 45 21
123 195 87
183 1 195
15 73 173
61 155 39
39 145 141
57 137 189
153 79 23
115 25 59
61 15 77
9 35 171
3 25 25
3 123 53
181 95 35
39 39 153
185 83 13
25 71 51
103 197 109
31 161 165
45 141 183
183 111 45
9 39 53
131 91 161
131 29 163
169 183 143
155 99 87
129 151 175
125 163 199
85 31 5
129 13 35
39 161 79
79 119 61
73 79 69
103 145 105
189 193 35
87 79 107
141 53 61
7 155 189
141 159 17
59 193 7
19 175 135
41 139 79
119 9 61
65 17 133
161 51 139
39 61 127
91 121 119
149 13 163
107 133 171
99 43 111
73 179 169
11 161 93
123 21 133
43 57 157
93 197 21
153 27 181
177 49 123
93 13 117
27 183 65
69 197 171
151 71 173
111 163 149
35 199 63
93 155 91
193 79 133
123 163 27
173 85 83
185 105 165
71 169 57
171 43 83
41 15 57
107 163 7
107 27 23
165 117 57
45 49 53
7 179 149
197 167 73
101 131 45
175 91 133
17 79 107
137 135 77
99 141 119
29 67 129
49 125 35
3 81 105
85 31 149
155 103 59
189 51 159
81 183 61
159 89 139
93 69 155
137 91 195
5 21 199
33 159 27
113 63 181
47 11 87
149 175 171
103 133 127
189 193 19
181 35 99
51 95 161
141 89 157
161 87 95
121 115 3
183 199 35
99 85 51
73 159 3
109 85 55
7 105 159
41 107 147
135 69 129
25 129 83
111 23 23
129 25 89
31 163 113
115 119 199
75 121 97
63 175 73
71 133 183
83 185 93
55 17 133
183 99 69
7 25 197
135 113 11
3 25 141
25 25 171
145 25 191
23 3 65
61 89 31
45 181 103
165 113 185
63 85 39
191 185 21
105 197 131
33 41 171
57 11 173
187 105 101
189 169 45
77 1 171
57 7 31
73 191 179
63 133 47
47 57 109
43 189 5
83 63 109
199 139 141
103 39 103
177 187 89
81 157 77
191 93 153
85 175 113
17 23 185
177 35 151
165 39 199
131 51 145
69 193 133
107 199 131
197 87 137
155 67 17
151 123 1
125 35 191
147 123 179
183 75 99
125 73 77
177 17 145
169 149 77
71 183 145
157 25 157
23 145 153
145 51 11
83 145 161
5 125 87
79 23 137
55 99 23
177 45 149
29 25 29
117 73 101
45 29 171
189 87 127
39 97 53
185 163 101
13 153 183
35 89 91
39 17 75
187 69 33
11 97 9
83 197 143
17 167 59
103 197 103
103 49 195
65 53 139
17 35 27
11 29 39
27 103 177
95 137 15
95 49 105
91 191 115
57 153 103
53 159 23
5 59 29
57 197 131
195 127 101
23 165 21
31 141 135
71 61 65
119 165 63
15 185 157
167 191 47
31 117 103
89 145 59
189 179 63
115 183 23
79 5 121
123 139 49
87 5 79
157 67 53
141 25 171
35 175 89
151 79 161
199 41 191
177 9 183
161 31 171
69 153 85
7 1 67
115 183 93
87 35 181
15 5 137
189 199 181
171 159 119
13 149 69
21 35 67
155 5 147
107 89 11
11 59 79
193 151 191
27 131 105
137 171 95
135 55 109
93 173 3
145 145 173
179 115 89
87 63 109
175 73 169
33 153 75
87 47 87
19 151 79
93 47 11
149 59 147
121 61 185
171 35 181
85 27 29
147 41 111
125 9 197
181 83 75
27 73 11
81 57 97
31 67 19
91 117 113
55 101 61
193 81 85
21 13 55
61 123 141
69 119 191
55 97 19
33 107 199
193 3 129
163 127 115
79 39 145
83 99 139
67 87 195
79 143 187
1 83 7
23 177 171
119 197 143
129 99 199
35 133 135
161 47 127
199 191 89
1 131 71
89 125 57
31 15 123
17 23 105
97 97 9
93 41 31
97 39 53
29 77 181
179 3 15
169 195 81
3 169 79
31 25 81
47 147 169
173 51 103
69 59 23
109 193 119
51 149 117
127 33 13
33 151 145
131 31 123
99 111 195
123 95 199
173 167 29
23 69 75
185 195 151
81 113 21
133 29 129
165 145 85
117 89 115
51 115 149
161 111 183
159 13 83
125 145 109
97 125 83
91 75 105
109 95 195
137 129 179
187 117 113
179 31 181
95 83 97
109 67 53
25 53 117
169 161 77
93 43 1
73 53 3
71 151 197
199 129 105
19 145 43
51 127 133
37 127 111
7 179 5
59 97 17
125 77 41
167 181 115
123 183 111
73 181 183
107 85 55
155 31 157
185 163 81
113 179 131
195 183 71
195 105 79
71 49 41
53 163 165
35 179 37
119 161 159
109 119 137
43 181 147
111 61 101
89 95 87
175 165 103
79 43 1
129 189 197
195 153 67
173 189 23
39 53 163
157 189 81
137 135 93
197 139 137
91 129 47
161 31 135
107 33 109
95 133 93
49 199 21
141 127 119
193 89 197
181 169 35
19 167 191
63 103 33
191 53 133
127 187 129
159 199 89
91 91 195
193 15 195
119 135 43
7 131 183
81 69 81
151 59 165
53 195 185
105 129 151
195 161 141
193 153 67
85 147 129
3 45 19
137 87 117
171 175 139
39 55 51
3 19 35
101 107 185
133 57 37
93 103 45
45 169 39
97 99 135
141 21 123
133 41 127
11 181 167
169 31 43
187 65 81
199 49 187
159 189 89
61 33 21
135 175 115
137 13 63
61 137 159
103 167 5
83 133 137
17 175 147
81 161 115
33 51 5
21 139 107
157 65 171
35 83 135
47 145 173
87 9 109
53 13 171
91 53 177
169 103 59
33 121 179
85 29 59
127 137 195
191 11 119
177 145 179
123 119 13
35 131 163
151 101 51
3 77 7
9 39 1
129 17 171
157 179 3
197 77 191
7 195 119
57 173 13
175 185 191
105 53 17
111 7 51
91 117 1
35 119 107
155 89 115
135 195 43
11 91 103
111 9 101
83 125 11
173 19 67
25 35 41
135 189 51
51 93 65
169 199 59
161 113 93
157 59 49
151 163 87
63 167 1
187 177 111
111 45 99
145 189 71
39 143 199
131 7 133
131 67 183
147 63 57
111 111 17
73 101 77
39 7 27
119 117 89
163 119 181
153 93 91
199 91 139
7 127 177
177 111 13
39 71 143
55 87 193
155 69 103
65 95 175
183 89 117
5 173 141
99 63 103
189 105 159
21 83 159
131 95 69
105 141 45
191 133 187
59 141 41
59 19 101
51 137 165
23 181 51
189 83 57
93 147 155
175 9 47
173 181 67
17 25 101
151 11 5
91 157 101
109 57 63
149 125 25
33 177 75
21 137 1
167 195 189
79 41 83
59 13 161
187 17 39
101 127 55
57 131 109
17 193 103
143 123 117
23 101 169
159 103 3
153 195 23
193 77 93
109 143 171
31 181 133
157 35 119
87 49 19
183 151 181
9 67 197
111 141 43
117 143 65
111 165 23
189 57 175
131 131 73
15 63 85
49 85 115
97 7 175
153 187 165
123 89 149
63 35 61
5 101 171
73 27 191
129 107 103
163 179 195
129 167 29
13 83 43
21 161 195
111 127 197
199 75 149
35 135 71
39 11 135
65 1 43
75 7 117
53 1 149
125 133 113
7 175 145
167 75 159
93 71 83
71 123 193
111 97 97
25 135 35
129 179 73
137 199 41
41 147 117
79 163 73
53 109 197
31 171 107
101 53 179
127 149 175
25 45 151
63 183 165
145 55 189
143 1 21
91 21 61
157 93 7
169 195 85
43 5 137
199 183 73
149 63 173
97 13 5
81 81 133
39 69 195
143 193 141
163 55 187
161 61 181
155 145 139
159 185 11
47 57 55
13 135 53
25 139 105
105 175 3
77 73 187
69 13 129
27 105 73
87 85 35
135 23 99
121 139 157
177 193 21
111 149 67
153 55 183
31 161 7
105 147 15
117 75 195
21 51 167
11 191 195
137 89 185
75 47 121
171 171 41
121 37 121
175 19 137
135 129 193
185 47 25
163 145 129
119 111 149
109 9 75
101 195 85
51 19 21
21 59 97
161 179 67
83 19 91
115 13 65
161 37 103
9 165 191
121 113 59
33 187 177
131 71 189
149 197 89
111 93 141
195 63 161
13 155 27
25 123 109
61 131 25
129 121 185
43 83 99
133 59 123
109 47 155
105 41 87
101 181 139
163 45 51
21 71 45
145 85 57
179 109 187
99 197 151
183 95 81
145 17 27
97 77 63
137 67 171
21 5 179
169 159 79
145 3 147
29 165 167
137 151 15
37 5 193
133 189 197
53 15 83
129 183 131
195 153 27
105 133 163
63 115 87
171 61 57
135 133 1
189 147 133
193 45 69
87 145 105
101 27 141
187 157 195
141 89 27
177 155 127
195 43 31
57 3 197
189 3 167
39 135 5
187 107 193
131 115 91
157 161 177
19 155 181
107 85 169
61 11 13
7 145 93
9 143 87
11 109 47
49 115 139
59 11 83
175 101 69
135 181 1
193 163 157
181 35 79
193 151 185
41 43 151
183 33 157
197 81 167
15 123 81
25 5 35
31 75 93
11 75 171
77 135 9
15 15 105
165 103 87
111 157 183
145 115 23
129 185 111
51 65 107
57 3 121
131 1 49
109 171 79
147 85 195
161 93 175
169 83 191
125 65 155
143 193 67
127 103 115
193 113 43
99 33 93
99 185 53
175 65 87
59 59 99
55 33 47
139 127 111
3 83 79
99 53 109
105 71 51
17 113 179
153 109 75
139 67 173
107 57 73
165 157 47
101 3 9
29 113 63
15 193 1
171 5 109
41 55 111
57 33 17
69 107 137
39 185 195
97 57 37
53 7 143
55 119 11
167 181 111
63 87 43
67 99 57
27 9 131
59 129 75
71 171 131
159 165 105
119 1 143
125 47 39
147 57 91
127 71 145
117 115 17
119 75 183
129 7 155
161 81 181
131 117 143
95 21 117
199 163 75
45 3 193
101 197 21
173 47 167
191 167 199
65 149 115
175 7 35
57 187 67
173 35 27
97 151 63
59 27 157
165 123 61
67 145 105
113 111 111
79 109 187
131 129 177
43 67 41
29 133 17
167 63 177
23 125 53
153 187 149
75 47 111
19 55 181
35 165 47
47 151 63
175 31 45
145 177 79
181 193 121
45 73 55
73 125 21
59 177 43
9 87 195
65 171 175
133 17 97
85 183 131
115 27 83
195 107 57
91 27 107
163 81 87
191 103 35
167 49 109
159 149 71
129 123 185
51 19 49
33 55 85
61 137 169
71 97 189
97 3 183
83 195 75
89 29 141
137 137 133
189 113 3
15 97 65
35 145 195
193 133 149
33 103 181
129 195 145
37 81 15
31 59 17
59 105 99
101 141 91
13 47 131
109 113 121
157 11 135
89 159 73
95 43 65
193 189 97
179 107 131
141 27 167
45 29 101
185 119 159
33 51 59
49 75 71
59 9 83
17 83 39
59 51 33
151 53 127
163 87 121
93 53 3
123 57 143
145 15 189
99 179 77
173 153 13
87 37 61
169 179 23
123 11 143
79 43 107
165 163 57
121 69 123
177 11 17
97 103 43
75 181 187
131 97 191
167 63 163
51 85 49
61 29 121
7 39 149
169 95 27
141 123 193
153 139 113
55 85 91
139 175 187
141 165 165
3 33 95
191 81 167
123 107 17
161 55 181
161 81 189
83 177 61
125 91 3
113 85 155
87 71 113
53 35 53
85 33 97
69 199 99
79 15 193
133 101 21
119 89 85
199 53 45
89 55 31
77 113 59
51 131 171
85 87 163
23 183 119
21 185 107
141 177 175
41 101 55
33 187 91
85 31 113
45 167 113
61 25 105
191 101 87
77 63 137
59 181 127
43 87 149
125 165 169
25 123 109
11 119 53
147 31 85
113 47 75
41 57 119
141 143 179
107 79 75
191 5 55
181 57 19
147 27 61
173 39 89
91 93 19
27 177 29
177 51 79
33 73 191
79 157 137
63 31 181
171 189 89
29 7 183
159 173 165
197 61 111
193 79 187
75 13 79
29 195 105
103 91 81
59 27 19
193 7 1
85 199 167
93 183 139
65 51 71
29 161 133
13 147 129
25 129 27
19 33 101
13 19 129
39 141 31
151 141 193
149 13 89
35 55 175
85 125 171
149 57 35
1 89 63
129 115 75
67 15 3
189 49 127
33 183 139
77 81 179
89 169 33
143 47 181
67 17 121
27 155 5
21 19 59
135 197 59
55 1 91
103 31 61
85 169 153
165 51 185
39 83 63
189 169 151
111 89 95
65 197 65
187 55 197
185 17 17
89 13 151
119 177 109
87 131 115
43 115 105
125 177 173
197 33 11
85 31 105
187 95 15
145 91 183
67 11 171
79 67 59
159 175 147
89 91 65
109 99 55
189 71 97
21 187 127
51 91 123
51 9 113
45 191 99
57 65 43
123 123 109
97 69 91
91 37 51
189 93 139
61 93 151
151 19 141
41 47 161
153 159 13
47 161 167
113 3 11
35 17 67
9 107 189
45 61 191
41 105 185
135 55 79
57 195 43
7 157 193
69 73 137
29 39 89
33 153 135
153 21 47
163 113 187
25 7 195
129 193 143
183 71 185
179 113 23
39 9 183
111 145 95
53 33 163
5 71 193
129 119 129
43 9 81
49 107 43
145 49 67
15 137 99
31 63 83
143 151 165
87 45 3
119 7 17
95 199 69
13 31 73
125 111 107
31 59 149
183 29 101
121 129 47
87 115 165
37 79 101
81 81 43
193 97 131
95 69 153
127 45 47
141 151 163
199 99 87
29 105 21
61 151 5
175 115 29
157 15 115
37 59 57
37 93 137
105 45 33
53 197 129
5 159 55
7 151 195
111 171 195
61 175 127
81 3 91
199 23 65
57 79 21
53 119 161
99 153 101
95 81 5
157 39 57
107 33 165
79 131 173
157 161 187
161 51 49
87 115 33
69 39 31
187 103 193
43 3 45
27 111 47
65 73 45
99 37 3
133 113 109
95 101 91
145 53 49
165 85 9
107 19 199
11 11 67
13 161 53
29 7 1
101 53 27
137 55 93
155 67 95
55 159 27
107 7 121
95 119 171
113 117 39
29 87 145
189 43 155
195 43 73
151 71 101
5 163 105
177 161 41
135 187 99
45 13 153
163 87 163
183 125 57
69 69 75
111 129 103
155 105 91
129 109 85
195 13 141
155 157 49
45 57 25
57 9 63
143 77 107
171 133 173
41 7 155
73 109 23
177 103 39
85 93 97
97 33 25
157 81 19
13 11 77
127 73 121
3 85 83
135 57 129
47 13 101
59 139 141
67 81 117
159 177 93
191 105 81
175 123 81
185 103 37
163 25 51
47 107 177
103 35 83
19 39 121
63 179 167
47 199 131
25 91 197
129 171 59
157 155 153
59 193 127
187 147 17
93 27 179
33 109 25
71 29 31
155 101 155
153 135 121
149 131 167
23 189 191
179 45 25
171 171 85
117 187 143
143 69 131
155 93 127
183 29 63
187 183 39
121 103 97
155 69 153
47 165 101
91 93 29
63 177 7
153 119 81
23 153 101
19 185 147
151 151 101
133 189 187
139 85 175
113 143 95
181 43 51
73 175 97
49 85 189
71 165 155
129 169 11
113 115 33
63 119 157
157 107 107
145 185 145
87 79 83
35 33 99
9 35 79
95 127 151
163 81 103
133 91 175
151 29 103
71 185 119
81 195 181
65 139 41
47 127 187
185 25 73
19 9 11
145 159 21
129 167 19
123 141 85
55 147 17
143 65 73
139 149 47
77 95 127
107 81 95
133 57 45
141 69 29
3 193 47
73 11 95
117 95 127
63 17 51
31 89 9
85 135 153
179 165 91
59 163 71
19 7 179
87 37 15
79 187 59
193 83 165
193 9 39
9 163 155
1 173 123
39 29 153
3 119 141
165 93 119
75 71 81
111 189 101
99 47 91
85 117 171
197 155 67
161 13 59
37 135 67
65 193 171
87 133 9
179 53 115
155 37 183
47 41 59
199 133 169
115 103 171
173 169 55
185 133 53
121 199 117
113 171 57
149 83 25
105 199 111
143 85 193
183 143 51
115 17 3
121 187 1
195 147 19
127 199 191
29 19 175
103 75 199
187 99 15
89 113 165
173 9 69
21 165 11
37 167 99
127 71 117
73 89 143
175 183 41
193 157 71
67 61 99
69 75 107
85 39 197
199 13 189
67 127 161
137 25 85
7 47 121
199 93 49
181 133 25
41 3 1
101 5 193
81 15 165
119 11 137
35 199 23
163 65 125
91 149 191
137 175 127
29 127 37
65 151 35
67 151 119
177 145 159
191 13 165
107 149 45
105 75 67
73 103 103
127 93 169
101 123 59
27 159 101
177 97 33
33 119 99
81 183 69
93 147 149
145 95 141
125 65 47
27 71 55
25 39 33
147 3 159
11 103 59
107 39 189
27 137 69
9 111 101
59 59 181
57 199 177
121 149 123
97 109 47
39 141 73
41 99 97
47 61 149
87 49 159
23 117 169
37 123 99
97 103 107
199 81 69
149 107 125
57 153 151
197 129 151
199 131 189
59 183 31
11 141 77
31 13 67
153 113 195
161 123 31
145 193 127
51 21 31
107 75 179
139 25 139
173 15 39
155 149 141
199 129 199
13 197 113
125 191 143
151 125 1
47 157 161
69 187 105
47 69 59
177 7 165
191 149 7
43 89 181
171 191 39
71 103 39
165 45 155
91 45 183
47 109 133
137 13 181
5 71 153
11 139 103
63 147 79
151 31 173
141 173 15
147 115 91
191 69 65
141 155 31
49 193 25
167 173 175
141 29 111
185 131 115
35 11 29
65 87 91
37 103 145
153 97 189
125 161 135
81 191 29
73 119 169
149 93 123
81 3 193
11 21 133
125 49 117
13 43 151
19 187 119
19 175 61
179 109 117
75 43 41
193 11 25
191 37 1
193 29 149
15 67 133
167 87 145
115 143 173
101 61 89
181 25 11
193 141 29
35 87 9
151 15 187
187 17 83
121 69 73
91 3 67
177 51 185
119 127 55
85 17 169
13 27 175
155 57 59
145 169 51
159 155 191
175 37 141
149 15 31
151 185 55
105 169 145
31 127 123
47 1 145
179 175 133
139 33 147
107 187 5
165 177 149
105 21 11
119 53 91
103 11 39
175 157 93
7 183 197
7 127 27
85 165 75
117 111 53
7 115 191
185 167 1
5 177 69
161 67 173
77 9 197
33 101 3
119 97 179
149 125 89
113 199 95
23 155 179
41 49 199
7 153 5
185 21 93
155 193 3
165 93 163
65 97 143
67 179 175
191 67 197
93 65 147
151 147 59
199 145 187
55 53 27
75 147 35
171 149 123
65 15 181
65 159 49
43 37 19
13 35 85
77 85 75
127 143 71
71 33 21
27 61 123
173 199 177
25 25 51
41 5 125
103 159 93
139 177 157
77 61 103
161 135 115
9 5 95
145 129 21
5 51 195
107 27 23
35 181 99
145 9 125
103 103 69
79 163 171
139 67 13
177 85 195
85 85 59
13 9 67
63 109 13
193 131 121
77 133 133
85 57 167
91 125 111
55 199 13
25 117 195
13 111 37
97 169 13
11 141 97
119 153 13
153 177 179
85 13 75
143 181 151
171 195 141
171 113 135
191 107 93
101 145 117
69 61 35
9 63 35
65 75 45
147 159 163
159 33 115
43 89 1
39 29 47
151 67 17
57 161 91
105 181 81
167 15 85
29 51 155
7 95 67
165 163 37
199 181 87
87 181 45
19 131 89
85 149 127
45 143 181
131 129 141
145 13 47
195 71 117
195 43 49
157 79 55
137 165 125
23 113 123
153 105 113
5 135 131
53 115 119
181 161 69
193 111 199
169 27 143
11 75 43
193 33 141
157 157 1
173 183 41
79 95 63
117 129 121
33 49 29
193 21 81
103 19 61
33 161 159
11 107 127
147 47 137
105 47 33
191 89 93
191 55 65
119 175 47
71 109 165
195 189 101
13 155 93
79 113 99
185 143 35
137 183 45
183 15 191
175 107 199
31 75 95
109 123 85
17 87 107
111 91 83
65 87 77
81 185 91
23 123 73
109 71 57
123 61 97
133 165 185
7 163 159
33 47 93
23 153 107
113 139 27
199 17 137
87 11 105
9 83 185
79 43 111
45 141 123
113 125 149
75 83 81
121 81 193
177 187 25
21 13 49
37 55 65
151 159 65
33 49 151
75 63 65
15 187 143
43 135 91
127 121 3
7 17 77
97 41 101
109 193 183
163 163 3
27 27 143
75 81 93
41 145 29
27 89 7
67 179 23
187 87 169
3 163 95
147 169 5
45 55 5
7 57 115
137 103 181
17 99 111
163 31 89
155 37 131
133 59 61
123 29 127
87 27 17
159 137 123
13 141 175
173 159 19
179 45 129
77 59 65
107 149 185
143 79 147
107 139 5
39 171 43
169 187 165
9 111 155
55 189 113
13 7 125
161 39 1
21 7 179
73 191 159
151 43 169
193 47 17
67 89 123
159 55 65
69 9 137
161 27 147
71 55 105
109 57 117
19 139 183
9 99 107
155 67 179
3 83 33
195 109 129
153 77 197
67 119 155
93 169 127
147 73 87
107 93 157
47 75 169
49 181 187
115 159 99
103 95 55
115 25 161
97 21 59
15 79 13
183 5 79
55 195 75
147 151 21
127 23 129
11 9 79
75 107 127
169 65 145
193 129 47
117 189 67
195 105 163
199 87 177
193 161 63
47 181 117
69 13 167
77 91 93
89 17 9
57 67 83
187 113 51
79 83 149
87 45 65
173 125 61
133 187 163
113 7 61
31 79 107
25 75 177
147 83 157
13 165 149
29 121 7
113 69 97
61 37 79
91 97 165
77 165 137
189 25 173
67 131 85
141 11 19
129 73 45
93 21 191
117 131 3
89 131 135
127 113 47
127 77 13
91 117 103
19 89 179
151 79 71
65 1 41
137 45 183
63 139 15
97 141 107
133 181 129
45 27 17
27 39 143
47 141 71
137 25 65
119 199 85
119 41 139
69 127 3
7 141 45
53 151 11
33 79 11
59 97 143
3 143 93
47 117 119
71 183 69
175 171 109
15 109 27
141 15 51
81 163 119
31 77 125
15 89 177
111 135 113
53 27 77
171 49 79
57 119 29
131 27 5
39 159 179
157 9 193
25 31 37
101 155 117
189 37 51
125 149 65
55 25 79
105 7 37
127 37 111
153 41 167
15 19 1
23 115 39
157 151 99
113 67 123
53 21 25
1 191 117
131 69 41
137 9 97
77 119 105
117 189 31
39 189 87
153 131 103
103 31 29
73 57 187
95 185 3
189 103 55
161 47 159
171 47 89
193 151 131
183 85 7
75 173 29
7 179 67
141 111 21
197 97 27
183 3 101
189 57 99
35 121 87
83 9 151
137 43 121
23 155 19
99 183 1
77 49 75
187 173 185
189 1 125
95 101 27
57 103 113
177 189 101
89 139 135
133 165 121
87 183 59
173 87 81
21 65 179
99 51 159
3 79 49
103 105 37
109 121 133
97 21 93
139 61 69
7 181 157
93 39 193
179 23 79
149 105 51
199 63 177
181 113 179
191 53 181
111 89 187
37 181 95
97 49 95
77 111 137
21 103 49
43 87 141
53 41 25
115 121 173
131 99 75
89 183 55
177 73 45
63 167 61
15 165 97
125 103 193
133 151 173
19 195 193
163 19 141
85 191 97
87 169 115
71 25 47
143 173 39
15 33 119
83 129 181
89 25 197
143 199 25
139 95 157
61 139 79
157 35 43
125 55 31
149 5 117
123 43 91
59 161 139
93 143 57
117 43 139
19 171 29
19 129 171
61 111 13
1 57 75
55 87 31
59 5 155
101 199 105
165 137 131
11 97 93
53 37 185
25 169 7
57 139 25
71 153 147
129 27 9
15 161 9
123 115 167
123 123 129
163 53 29
61 147 97
1 35 109
169 41 65
11 67 193
67 117 153
197 125 25
157 37 153
73 107 167
195 35 195
153 167 117
3 65 183
37 77 147
79 141 147
49 39 19
165 191 31
195 15 97
135 71 199
43 143 155
181 137 27
149 157 127
117 139 183
193 87 185
133 137 21
171 157 3
67 187 155
185 187 121
57 185 19
199 141 153
135 71 99
195 101 81
133 83 29
123 67 145
61 193 41
17 99 77
107 55 153
197 79 19
183 1 3
27 153 59
1 157 161
7 37 199
89 169 193
61 17 127
157 57 49
55 133 13
13 85 29
195 7 39
195 11 37
53 173 123
9 135 53
45 133 53
117 127 59
37 157 53
93 109 113
129 123 173
119 55 131
125 199 145
135 35 139
13 61 39
51 113 91
183 69 99
13 129 47
73 85 163
87 101 103
113 73 195
167 3 27
69 147 145
7 191 71
67 29 109
179 119 25
49 121 75
81 167 59
165 33 175
169 135 153
41 33 39
43 59 151
95 109 21
189 179 91
17 191 97
39 17 69
63 91 47
29 53 199
165 133 183
3 85 51
35 27 19
197 177 59
105 197 7
187 191 101
83 193 89
3 61 9
93 11 151
51 115 13
87 97 145
75 149 13
101 71 15
77 131 153
177 41 149
73 141 159
65 133 49
125 141 131
39 195 133
153 7 131
51 55 85
103 67 171
77 185 45
111 137 49
151 189 125
91 51 5
127 101 77
67 135 45
61 69 73
171 103 113
129 91 169
195 61 19
179 9 25
19 57 103
9 85 117
59 193 69
63 175 63
199 19 191
171 93 161
73 109 127
163 77 1
127 1 131
39 25 125
199 31 9
187 53 27
179 121 35
153 87 199
77 77 61
169 143 59
77 69 29
57 69 5
57 199 71
187 125 101
121 37 43
173 63 145
93 99 131
85 1 15
161 61 71
103 25 147
75 157 19
145 67 199
143 137 57
171 143 113
7 89 99
71 35 21
73 165 193
73 83 191
37 155 179
61 101 139
19 121 147
85 119 21
125 79 165
171 193 13
61 91 87
95 15 199
163 113 173
47 7 149
105 185 21
109 27 161
133 173 23
157 99 145
35 167 133
27 83 161
23 171 133
141 169 97
53 45 191
163 193 57
51 117 7
79 77 111
155 3 21
53 51 153
125 183 13
7 49 49
81 181 75
153 181 1
197 75 143
189 131 99
9 139 167
87 153 17
193 77 199
45 135 155
131 147 111
179 195 35
63 175 147
43 175 27
117 21 181
153 25 177
195 191 71
147 7 79
129 111 69
63 65 167
9 79 11
109 19 141
83 165 25
161 191 87
87 75 35
111 157 151
5 27 103
11 9 97
121 183 149
89 149 77
169 159 43
187 3 51
55 131 63
149 19 49
25 53 115
181 107 1
111 115 15
119 11 19
101 63 133
49 139 159
111 181 47
115 137 119
45 103 9
167 153 63
123 171 13
31 171 141
145 185 121
59 107 31
123 39 53
165 197 155
51 45 107
91 67 19
193 77 37
49 139 185
19 55 153
93 195 179
181 19 9
87 153 57
127 7 117
123 65 143
167 171 11
35 93 61
15 129 151
57 19 49
113 171 1
11 53 21
31 63 113
87 23 95
93 43 181
61 185 11
33 197 135
29 161 5
159 17 143
81 169 157
51 169 15
7 189 31
69 7 41
197 5 175
39 89 63
129 101 59
29 35 121
189 143 57
109 87 85
77 43 147
47 161 27
139 191 181
145 137 189
53 15 161
143 77 157
147 41 197
181 161 29
27 17 57
113 5 149
61 153 59
21 83 135
117 65 181
157 157 121
171 117 169
153 75 23
193 175 69
153 3 15
73 163 99
181 111 125
133 169 143
121 105 3
185 189 127
141 13 147
161 183 103
139 109 179
113 81 131
19 95 123
181 97 179
93 125 155
165 67 135
69 69 173
163 101 93
175 47 181
157 55 25
169 33 185
49 163 125
47 189 141
47 167 65
173 25 45
39 159 41
13 35 7
17 31 179
63 11 141
21 35 117
53 21 177
119 49 51
107 189 3
177 53 155
1 3 1
65 147 173
3 153 117
35 37 33
45 177 49
185 197 15
5 79 37
157 129 193
49 35 17
103 189 123
9 191 5
155 67 109
13 87 77
49 119 81
129 71 19
127 191 63
109 27 151
141 123 59
175 139 15
165 167 65
59 171 71
125 79 79
117 61 33
139 141 45
11 63 93
1 29 23
131 181 53
53 39 161
97 55 5
63 119 179
137 93 47
119 171 105
179 107 135
23 153 51
85 149 189
115 75 103
95 31 103
133 95 137
91 99 95
113 79 191
5 125 157
79 135 93
187 69 11
43 23 95
191 115 117
171 19 3
1 25 21
1 163 115
99 57 151
81 151 147
111 107 59
45 103 169
17 17 47
39 111 33
57 133 75
75 39 171
101 59 141
167 77 45
23 131 149
77 77 49
87 137 129
189 105 39
109 151 187
125 89 3
57 163 145
199 133 3
57 177 77
133 127 81
63 75 47
141 27 173
181 157 49
189 99 135
139 191 27
27 193 41
95 43 165
131 45 125
109 25 123
139 11 83
13 57 15
41 135 181
101 87 25
103 127 109
93 153 97
191 97 141
33 165 71
181 89 165
5 115 97
15 197 109
177 115 47
111 1 59
197 129 3
123 39 7
181 135 111
77 179 107
147 51 97
35 15 129
55 15 109
51 123 19
71 169 33
71 133 113
199 135 23
141 143 125
77 157 151
55 63 131
9 65 113
25 97 59
143 7 197
67 129 51
35 65 7
71 179 181
7 105 155
53 29 153
113 181 95
175 15 75
39 31 33
137 89 43
47 191 171
79 145 113
143 55 179
25 35 119
131 189 189
63 47 99
147 45 55
67 23 167
97 55 47
91 1 189
185 171 29
129 85 179
89 63 57
123 85 105
17 179 129
167 77 163
115 37 131
137 107 77
95 153 47
97 47 145
67 75 139
151 159 123
119 15 51
107 23 43
85 153 71
67 19 87
7 149 157
113 131 71
171 177 111
17 25 5
195 163 101
153 189 73
73 145 127
95 187 149
151 57 57
75 47 45
127 3 15
161 177 21
43 87 135
67 197 9
135 1 25
123 73 123
67 105 181
55 53 157
15 13 155
63 163 11
65 177 85
147 199 115
137 133 77
133 141 119
135 69 185
111 95 23
119 179 51
173 135 117
89 91 75
51 5 91
29 89 153
27 3 121
63 183 67
107 101 109
79 191 41
173 13 79
153 63 95
191 85 13
81 63 89
85 153 179
77 9 29
185 35 161
167 5 187
173 113 153
163 59 59
79 137 137
47 135 15
35 53 167
97 141 157
155 23 143
163 53 131
197 117 113
107 9 1
19 161 71
77 21 43
119 61 109
157 75 93
9 145 139
151 103 173
173 149 173
129 79 127
151 95 195
159 95 95
119 167 1
43 113 125
9 23 1
83 115 23
29 157 181
35 33 93
183 5 43
165 37 121
165 31 153
59 29 103
129 31 61
43 155 85
169 59 127
83 187 39
143 167 123
175 59 55
83 7 193
23 31 79
157 183 43
187 87 111
121 147 171
179 31 3
37 63 45
127 101 117
93 127 199
57 85 45
167 77 123
197 155 111
179 103 133
65 13 91
117 87 181
51 91 101
17 39 79
23 157 19
149 59 147
35 105 143
111 27 103
67 137 173
73 175 169
85 169 53
173 149 21
63 153 41
101 135 93
161 153 109
21 3 35
125 51 185
55 57 123
97 31 137
71 199 107
143 155 179
91 177 65
43 17 37
177 13 3
33 27 7
141 61 169
191 45 93
47 71 17
77 9 175
181 115 175
135 199 149
15 63 91
33 3 181
149 109 127
175 19 7
37 187 41
185 183 85
57 199 75
169 79 25
187 53 7
185 3 91
151 93 25
57 179 145
165 9 81
89 17 29
179 161 5
163 45 41
161 23 25
143 151 185
101 157 153
103 47 45
99 177 29
181 121 85
95 1 45
111 29 11
175 33 3
19 177 181
145 107 143
95 195 9
157 53 151
3 97 51
179 29 57
3 113 61
3 63 145
137 73 39
73 179 149
51 159 123
61 103 45
55 111 93
107 61 93
3 17 49
137 177 155
153 37 135
15 183 41
191 21 149
169 75 85
129 101 157
31 51 111
45 47 171
105 139 27
25 187 37
3 143 145
143 181 81
125 21 33
51 73 49
29 157 39
33 19 9
83 33 41
131 5 71
69 135 115
161 75 123
7 19 53
187 99 55
111 133 101
185 85 131
45 123 181
167 35 113
1 75 145
109 49 133
147 67 63
21 191 35
41 147 99
139 1 105
175 5 195
59 135 107
183 115 195
121 131 39
197 77 7
45 9 111
113 175 19
7 113 165
153 13 185
57 21 25
61 17 69
197 123 43
15 21 7
51 59 189
127 169 109
39 183 9
117 1 55
29 69 71
145 55 181
167 183 133
183 155 93
9 103 57
29 109 53
191 97 173
65 109 23
47 119 53
153 77 195
21 51 111
179 31 139
163 67 189
21 159 155
123 15 41
31 173 153
31 49 181
45 175 75
67 27 139
47 21 91
97 131 43
31 173 167
97 65 147
159 19 13
77 163 33
153 115 157
1 199 91
175 179 123
105 21 167
125 111 137
159 57 183
37 25 79
101 75 13
25 87 109
91 119 171
111 179 47
109 71 1
191 97 105
13 167 81
27 103 185
189 85 15
13 67 77
87 79 113
77 91 119
195 61 47
175 11 137
149 115 47
45 21 61
115 5 51
17 189 167
101 107 195
71 185 183
149 1 99
39 119 89
99 69 165
13 7 159
129 157 37
149 17 89
153 173 133
45 139 47
153 133 167
41 19 171
41 21 41
65 109 189
133 73 131
139 137 133
1 77 147
17 167 75
93 3 127
33 155 183
69 121 27
89 93 83
109 133 123
123 27 165
195 157 29
35 91 65
113 37 109
183 15 109
185 45 125
139 27 19
61 157 155
57 41 23
189 67 15
119 135 29
77 67 151
71 133 49
11 41 189
25 149 5
69 177 187
95 99 171
155 53 15
195 77 179
167 195 35
101 23 127
169 77 47
101 127 27
141 115 97
89 119 107
169 9 35
69 179 103
121 97 101
101 75 55
1 109 155
23 37 121
5 187 21
131 13 189
149 109 193
67 119 133
75 153 125
157 159 95
55 163 67
33 121 91
143 75 193
179 99 97
69 121 119
81 13 123
93 7 157
11 43 105
67 73 75
25 71 53
187 137 115
11 131 73
87 123 105
185 123 47
9 43 129
127 69 197
37 131 181
183 139 73
55 119 83
29 171 53
69 189 77
1 61 167
27 71 179
151 21 169
97 55 57
69 155 171
199 137 1
139 9 141
161 197 123
35 49 83
25 31 111
189 101 85
59 183 85
185 55 111
39 113 61
193 187 61
129 187 131
43 127 129
39 153 171
191 35 35
21 51 71
27 135 95
113 123 187
169 137 47
185 103 31
171 163 173
61 93 165
91 127 95
147 1 137
183 37 79
137 107 69
175 105 195
1 91 125
137 41 37
39 71 5
107 43 93
199 113 63
29 7 27
31 47 21
171 125 169
77 97 55
181 195 95
71 119 69
113 157 69
87 65 109
35 159 53
147 125 159
57 153 157
7 77 91
35 45 121
131 99 91
127 193 71
149 165 51
105 137 25
171 151 41
129 3 33
157 161 171
109 21 117
187 111 77
135 31 187
139 25 21
131 95 55
1 49 181
137 179 35
87 123 139
193 155 13
153 125 45
175 145 3
85 125 15
21 111 105
149 131 41
149 187 179
101 71 13
79 105 13
3 149 55
61 161 45
91 111 143
139 113 95
65 31 173
175 137 163
11 177 183
101 59 35
75 71 183
181 189 189
33 147 171
97 95 77
7 37 139
23 37 29
55 9 167
95 171 135
71 57 15
33 197 25
7 179 29
99 71 103
149 43 187
45 119 19
185 57 21
125 189 131
135 61 155
9 195 113
67 113 7
63 137 181
145 69 117
17 173 123
59 159 23
177 83 75
139 103 23
31 33 9
91 91 133
191 3 171
103 113 181
145 197 47
13 113 13
89 37 157
49 163 77
35 37 39
41 61 121
73 173 163
69 105 193
175 181 189
89 161 83
85 111 89
199 123 33
139 183 151
101 61 143
137 3 191
101 123 129
73 85 169
83 79 147
63 171 15
23 53 189
133 141 181
55 79 171
37 133 169
1 75 11
5 171 111
127 99 151
117 173 53
99 119 125
69 37 7
121 129 69
165 15 195
147 185 127
79 57 85
155 67 27
125 81 27
127 31 135
99 83 167
121 113 83
61 23 85
191 197 153
5 191 177
189 23 45
149 107 193
15 133 71
95 65 129
29 103 157
17 69 85
129 55 87
55 139 113
51 91 173
147 171 163
169 17 71
179 9 163
17 79 111
81 113 29
183 69 27
157 153 57
11 145 73
55 57 105
49 133 63
21 1 19
37 71 165
149 139 37
27 49 15
43 183 135
113 9 119
169 169 7
113 145 163
73 153 77
7 17 131
7 35 181
181 103 105
119 139 45
169 57 193
55 193 123
167 111 167
137 21 79
185 183 47
139 165 65
59 199 137
93 179 143
99 187 53
37 31 35
197 23 153
93 147 25
109 113 79
129 95 151
17 141 191
181 5 175
179 143 17
63 189 75
49 147 71
81 181 169
7 37 109
153 167 11
169 149 103
63 99 11
5 89 45
113 169 61
159 185 41
53 165 19
199 35 81
83 109 35
23 17 19
189 27 25
139 35 83
37 149 51
127 193 19
95 53 23
183 197 39
147 121 199
183 105 51
91 139 153
11 157 35
143 87 161
177 169 151
125 123 89
119 141 125
75 67 155
73 107 153
193 9 137
97 163 187
141 115 169
97 53 163
87 13 79
55 163 21
179 155 197
23 185 121
91 43 143
101 197 19
109 37 195
71 23 187
89 97 187
141 163 127
57 41 129
125 61 15
79 161 175
167 187 57
11 129 79
7 147 73
147 45 173
73 31 185
73 123 55
37 49 47
181 81 91
43 1 149
107 175 73
93 135 55
23 13 23
73 87 137
119 163 47
53 149 193
175 107 169
129 155 43
113 45 79
113 193 59
191 169 5
125 129 113
139 55 5
129 191 131
195 37 109
143 133 27
51 101 183
5 143 63
153 125 95
147 89 7
19 93 25
147 109 15
105 19 141
95 53 183
35 161 15
167 91 9
69 75 153
115 41 3
41 135 111
129 45 63
125 69 113
35 189 37
157 129 87
9 15 193
171 29 191
61 37 27
39 189 193
79 95 165
117 109 185
163 77 129
135 189 57
123 25 85
155 17 23
169 9 179
197 199 93
35 25 63
127 123 27
127 191 67
139 175 49
15 103 167
109 63 33
37 149 167
53 75 195
61 55 149
165 147 119
93 113 19
15 139 157
111 109 85
85 159 115
93 29 157
155 165 173
7 131 185
83 29 21
41 179 179
91 1 143
3 19 107
45 177 105
155 165 23
17 183 133
149 139 123
113 15 15
147 199 73
177 125 185
59 7 171
59 149 115
181 161 5
61 65 111
129 87 155
111 125 13
155 47 133
169 165 81
73 141 193
101 125 45
107 199 21
159 113 183
119 117 145
87 27 125
79 87 91
3 99 19
153 33 35
117 17 189
161 11 61
87 55 37
189 179 137
103 161 43
123 105 3
151 133 25
141 23 113
39 147 95
175 181 1
193 73 153
107 37 173
65 75 133
43 11 123
107 55 113
115 161 119
151 185 41
79 1 95
25 95 35
109 199 179
181 151 57
121 27 49
195 65 59
7 187 123
165 3 69
125 121 79
109 67 97
15 161 49
13 197 31
13 79 55
67 135 67
95 89 151
63 147 71
49 175 67
157 147 73
181 27 37
47 27 65
113 75 77
109 105 91
91 63 105
25 129 21
17 79 87
165 55 85
43 121 147
189 97 101
119 133 57
147 101 141
125 177 93
135 173 5
197 181 17
31 1 107
13 87 35
67 77 53
91 23 121
187 27 163
23 187 151
123 129 71
5 21 121
177 25 45
157 145 179
157 51 81
147 85 111
23 41 27
151 161 199
177 123 89
69 179 77
197 153 3
121 73 127
49 117 131
193 1 107
43 81 63
31 95 123
73 121 173
33 23 101
61 113 51
39 93 131
95 95 199
71 125 99
91 55 19
91 65 67
171 31 163
169 153 5
195 127 141
17 27 13
129 181 149
125 15 9
21 119 151
145 17 45
105 141 19
169 111 111
1 75 1
57 79 77
87 123 149
17 135 143
101 85 161
117 197 89
139 149 119
155 97 139
95 117 187
111 131 91
185 35 165
167 111 69
91 61 29
129 3 117
13 67 37
115 61 139
63 179 159
63 21 97
83 7 155
13 3 155
49 71 65
63 139 49
27 167 119
135 187 9
1 25 139
61 67 55
39 25 169
163 25 135
