3000 2999
109 1 37
79 89 173
2 181 13
71 17 113
107 83 17
23 17 158
199 31 37
173 47 47
83 23 163
73 11 197
53 11 2
179 173 197
47 107 113
29 7 1
1 173 191
7 97 167
3 142 1
155 127 13
2 149 61
149 173 59
167 197 1
163 73 11
127 199 1
97 61 83
101 7 61
23 167 199
113 53 149
89 83 59
122 1 1
107 29 101
53 191 127
197 103 7
181 101 193
1 173 101
107 107 19
83 47 41
197 61 19
107 127 131
29 29 193
101 73 1
103 73 163
37 79 173
181 1 1
179 149 109
151 61 83
29 1 73
61 5 61
101 29 17
61 151 41
197 97 5
137 37 109
97 1 73
197 1 67
13 181 53
119 113 181
61 1 1
157 73 23
151 53 139
97 73 1
29 197 43
131 179 86
103 103 3
61 101 5
1 157 163
181 127 3
157 19 97
97 107 199
59 23 61
73 71 5
89 109 83
41 118 1
107 185 137
157 109 83
191 149 37
191 29 31
13 194 53
179 79 83
139 31 93
1 31 79
109 29 89
163 199 29
181 47 197
17 71 29
199 197 61
5 1 179
193 101 103
59 31 197
1 191 7
181 71 97
29 103 151
11 11 137
139 17 109
29 89 199
151 139 73
7 53 17
79 19 41
131 163 109
35 179 19
113 193 101
29 179 97
83 113 97
29 151 89
29 133 83
151 41 89
35 127 71
139 7 5
59 1 17
19 163 73
41 131 1
149 1 181
197 167 127
127 37 199
17 118 103
43 137 79
137 1 139
13 149 157
173 61 49
11 71 47
151 163 2
121 29 151
97 7 67
89 107 139
137 65 157
131 163 166
1 53 157
37 5 157
73 199 1
43 163 101
71 47 53
101 53 53
151 97 1
1 181 151
67 67 157
23 83 199
157 193 7
173 181 101
173 159 53
67 151 3
53 73 47
149 13 157
181 31 151
101 107 113
173 142 47
41 73 53
1 181 151
1 3 23
101 109 193
61 191 149
17 199 53
149 11 131
163 13 53
109 149 1
67 6 115
2 1 53
11 19 61
73 131 73
1 17 23
181 23 7
31 82 149
13 167 127
23 59 157
29 58 191
131 191 197
19 131 2
199 101 103
157 181 13
37 191 71
1 89 113
1 11 57
1 89 41
47 166 191
191 5 53
89 23 151
1 131 1
3 1 157
23 197 89
5 157 73
53 113 19
131 53 1
197 47 151
173 163 107
1 109 191
61 157 139
113 1 131
157 59 11
197 1 59
103 67 167
1 139 107
167 61 83
151 23 193
19 37 181
17 5 19
97 113 67
193 3 127
167 41 7
1 97 179
83 13 149
7 67 149
3 127 7
173 199 1
59 41 5
5 89 141
43 89 73
97 131 181
59 131 17
19 1 1
107 3 53
67 101 7
13 137 67
19 5 139
101 131 163
97 191 151
19 3 59
173 23 199
1 1 199
131 151 61
139 19 1
179 103 11
137 61 127
37 157 41
1 131 109
127 67 173
41 173 89
127 1 181
113 179 13
17 197 3
103 67 73
3 137 89
79 101 97
33 83 193
13 53 7
101 86 29
191 163 13
113 41 127
151 1 139
127 31 67
197 149 113
41 149 79
179 109 109
38 67 127
139 31 71
89 53 167
37 139 29
131 29 101
149 47 29
29 17 1
19 7 23
179 11 31
137 103 103
193 59 3
181 47 89
167 183 1
59 151 199
139 1 7
161 59 151
31 101 101
47 71 73
53 53 67
17 107 149
17 29 83
97 149 1
181 134 17
199 1 107
19 13 61
1 5 1
23 17 43
137 79 103
109 61 17
29 129 197
107 13 59
22 31 151
11 139 173
13 157 97
191 1 139
113 109 13
163 2 61
73 197 163
153 199 83
191 157 163
139 23 179
173 29 197
17 47 71
1 47 155
109 67 2
1 151 149
149 193 71
163 149 1
3 191 199
29 151 79
43 67 61
97 41 1
199 157 163
197 149 109
71 53 109
199 31 2
181 71 85
39 59 67
157 47 5
1 157 139
127 29 163
53 199 173
1 199 173
65 47 1
1 2 13
127 1 173
7 43 31
17 59 163
131 17 89
151 5 113
157 199 113
173 191 43
17 53 109
13 179 19
89 53 37
151 181 83
113 113 2
29 58 193
1 107 67
61 163 7
43 71 107
181 149 177
79 71 95
53 149 151
79 47 79
5 53 137
13 11 59
107 103 167
173 59 71
59 47 1
107 179 47
181 107 86
5 1 89
97 59 107
11 97 157
157 26 29
199 7 199
103 131 43
29 199 191
131 1 107
1 1 191
127 151 197
199 23 1
103 107 1
97 13 131
97 127 7
31 97 109
5 173 61
47 59 41
83 29 11
59 137 191
163 1 1
193 179 97
101 2 37
193 53 83
1 43 179
31 37 1
3 167 47
1 59 167
19 103 71
109 59 17
127 149 5
139 73 53
151 11 79
1 193 73
167 17 3
173 1 73
53 59 5
79 11 167
47 79 139
83 71 17
71 137 73
1 199 31
103 163 37
29 139 151
113 1 37
197 87 127
53 47 199
193 67 79
113 139 31
89 101 173
5 151 97
103 5 131
47 1 199
1 83 191
5 197 79
139 1 13
1 37 149
191 1 53
17 167 197
11 41 89
107 103 67
107 47 173
71 101 1
7 71 179
3 19 193
127 50 131
83 97 157
199 157 94
113 139 1
142 163 1
61 191 107
101 79 191
139 1 107
53 137 97
3 163 11
149 79 61
89 158 37
163 173 127
167 17 17
179 167 167
71 11 7
59 37 31
131 173 137
17 179 1
1 43 191
157 17 166
129 59 107
181 149 1
109 31 37
17 109 109
13 131 1
109 3 111
173 61 137
31 163 139
163 193 59
193 149 113
2 19 1
167 97 97
179 127 103
151 1 191
37 47 199
53 107 73
173 1 73
137 113 149
167 193 197
43 179 109
199 191 59
71 137 181
73 11 139
23 43 113
193 17 59
167 167 113
137 19 151
7 71 1
19 59 17
83 37 167
163 7 89
139 61 107
59 43 1
83 37 193
47 61 1
149 13 29
1 181 97
53 149 29
167 11 181
137 19 97
127 1 181
193 139 163
137 167 59
173 151 5
191 1 107
179 17 103
31 79 141
59 43 107
37 139 31
151 127 89
19 29 13
89 67 109
73 47 79
151 11 149
167 29 197
89 43 109
89 137 185
1 127 109
97 139 47
1 149 181
67 113 101
3 191 1
181 59 59
47 193 61
163 10 23
163 29 29
191 83 37
1 149 61
37 23 109
89 61 11
41 131 1
181 89 157
61 149 1
1 167 7
101 29 1
107 101 131
29 173 191
41 163 41
11 59 131
53 23 79
151 1 1
193 77 31
103 13 2
71 11 107
167 47 59
193 1 179
29 109 109
43 79 103
181 61 193
1 1 67
61 5 158
47 137 29
19 199 107
37 1 1
137 113 61
83 149 1
109 1 83
139 67 113
1 149 137
37 37 149
31 19 13
101 79 193
43 103 1
1 1 1
149 131 131
158 197 71
79 31 137
193 101 3
82 7 83
137 151 1
77 5 11
17 3 167
1 101 79
191 19 127
139 67 167
131 151 137
89 113 191
3 97 151
83 173 163
167 151 71
41 47 199
149 73 97
41 89 29
1 1 26
79 67 163
29 31 193
113 73 131
11 179 103
1 149 41
157 167 139
41 167 191
31 23 1
79 41 151
41 149 53
13 17 199
179 89 3
101 103 122
197 89 139
163 61 43
23 1 197
53 31 113
41 13 67
1 167 37
63 131 157
1 1 197
89 113 23
157 11 163
131 13 167
97 83 47
103 101 3
109 151 1
181 1 41
83 41 101
103 37 127
181 106 199
41 171 43
73 47 1
73 139 1
19 67 179
1 83 151
1 41 47
71 127 47
157 7 193
167 19 1
79 1 53
41 23 37
1 3 101
71 67 149
85 197 83
109 191 1
7 1 1
191 23 23
109 38 47
131 181 151
191 177 7
157 131 83
191 199 1
1 61 89
149 1 1
157 61 179
83 167 61
181 191 119
73 3 17
13 71 19
1 167 1
97 71 101
139 163 193
47 101 3
23 117 191
131 155 137
193 79 131
157 1 5
197 43 97
79 29 113
193 17 22
191 167 41
151 1 1
5 89 157
1 41 1
179 83 97
101 1 113
118 109 47
101 167 10
197 197 199
97 73 151
41 3 43
62 181 1
34 97 11
191 151 13
38 13 13
181 1 103
7 151 1
11 31 107
149 107 19
103 67 1
17 139 199
149 131 11
197 59 37
1 113 113
137 199 149
193 2 41
71 111 5
23 89 43
59 181 5
43 167 71
134 193 73
137 79 37
107 167 11
151 11 167
137 163 199
103 101 89
131 181 31
167 157 1
31 43 89
1 139 131
197 127 167
47 157 17
151 23 11
194 23 1
1 37 41
187 179 41
157 73 41
1 157 139
139 1 83
41 23 1
31 101 107
127 89 193
79 113 47
79 89 179
157 41 38
151 47 11
157 19 193
193 127 5
11 71 185
59 163 197
113 191 97
83 163 73
181 79 43
179 43 109
71 82 89
199 151 149
17 11 149
199 67 31
199 47 61
193 167 191
163 109 1
23 109 73
103 167 29
197 199 41
97 29 43
37 71 181
157 41 71
61 131 103
3 167 199
59 79 31
151 137 191
17 109 79
2 67 41
193 79 17
113 179 157
151 83 13
1 59 149
161 31 89
59 47 193
43 47 173
41 61 197
59 59 109
17 107 79
67 85 1
199 131 97
31 83 163
163 167 53
73 131 87
41 89 1
113 13 13
109 197 163
179 1 3
41 149 151
29 167 197
37 1 133
41 23 109
67 97 109
137 191 187
97 197 134
89 3 151
19 137 59
7 163 3
29 191 109
37 29 163
1 191 179
29 67 67
41 3 37
19 13 7
107 131 167
31 23 137
151 137 149
1 61 7
179 5 137
59 89 13
199 137 3
17 123 127
1 1 107
3 127 79
41 157 2
191 37 11
59 53 157
167 127 101
151 151 185
163 11 97
199 109 59
163 19 1
71 2 41
37 11 107
97 113 1
47 3 61
1 41 1
191 167 79
71 97 2
139 59 2
107 151 151
23 89 197
131 13 193
109 191 163
157 1 71
83 2 149
173 11 101
79 199 131
137 83 1
1 137 151
137 37 131
89 83 59
113 113 67
107 17 59
59 199 1
109 43 97
59 5 17
109 71 179
53 163 173
37 19 79
29 181 5
151 59 5
151 149 29
83 73 2
149 1 1
163 167 61
59 17 179
1 59 121
2 71 1
193 79 151
197 173 41
1 107 1
19 61 157
97 17 97
73 127 163
101 89 11
2 113 131
5 167 137
22 101 109
83 1 199
1 67 7
109 131 197
143 5 79
127 1 11
41 181 11
19 1 101
191 127 127
43 79 29
95 11 139
37 19 139
1 157 83
163 19 83
109 47 11
7 7 53
151 1 101
1 95 107
199 73 103
53 137 101
26 113 11
53 7 73
139 55 86
1 167 71
1 89 179
53 109 131
37 37 109
73 193 101
109 179 97
5 101 197
173 197 113
47 51 197
7 131 109
181 97 137
89 151 103
3 67 167
17 73 1
107 19 2
2 1 163
23 1 127
23 191 149
29 17 113
159 67 1
23 139 163
1 59 107
149 139 101
1 97 11
1 113 167
131 53 167
173 79 193
101 53 1
3 1 17
173 1 173
41 23 109
31 73 1
167 149 1
61 127 199
13 181 197
142 173 97
191 149 139
131 151 101
17 113 67
139 37 167
11 103 179
1 149 157
74 101 113
53 193 31
97 127 31
181 1 41
29 11 17
41 13 3
47 131 127
1 157 79
89 61 47
1 109 79
1 107 109
199 37 139
97 199 167
157 53 34
163 61 163
3 83 113
7 59 1
17 59 53
109 2 127
199 11 173
157 67 163
193 107 37
107 109 197
37 1 29
35 119 109
13 191 191
37 11 41
11 73 179
127 29 61
193 1 23
31 151 5
1 6 137
11 173 47
59 59 1
67 1 1
83 5 167
131 137 59
1 43 29
197 19 4
43 11 61
157 193 101
155 167 49
107 139 157
47 151 137
1 83 191
41 139 141
157 109 17
53 71 197
127 167 47
139 103 23
7 67 157
137 61 31
62 139 149
131 1 107
107 19 11
107 1 19
181 47 74
151 127 179
193 83 107
89 1 41
61 197 109
163 167 137
79 41 107
181 67 197
5 53 149
127 31 79
3 5 193
173 131 13
103 101 37
101 146 137
181 11 101
37 181 167
151 61 107
146 2 37
71 137 59
181 127 1
13 157 83
151 197 2
1 11 199
53 109 13
197 151 1
1 1 97
157 53 83
53 163 41
113 149 5
11 83 137
173 139 173
181 61 59
13 191 85
23 47 43
37 3 177
107 29 83
7 41 113
3 31 139
179 23 37
137 139 157
101 191 139
137 79 101
59 89 31
37 17 53
179 41 31
83 17 193
107 149 82
47 157 11
29 97 199
3 173 151
11 199 113
26 97 137
179 151 91
193 17 67
83 109 173
111 109 89
79 179 113
179 151 181
13 113 139
53 7 11
181 181 103
29 181 199
67 53 157
103 5 1
23 101 101
59 11 151
67 37 67
7 179 13
139 47 113
113 1 7
53 59 23
101 131 1
43 1 19
35 167 167
1 71 173
151 127 71
151 181 53
127 53 193
107 23 103
97 17 73
109 127 31
47 89 191
5 193 191
11 1 199
107 67 109
47 181 29
29 113 163
37 83 1
1 199 89
1 199 197
61 113 53
53 109 181
3 107 161
67 59 61
163 61 151
1 1 1
193 67 1
139 53 197
3 107 179
23 149 61
1 11 7
19 1 13
109 31 129
47 97 62
47 1 107
193 113 29
37 67 163
107 53 129
23 31 7
17 43 19
179 67 61
149 197 1
1 173 1
79 107 13
29 173 46
43 197 67
1 19 1
127 139 5
29 113 163
163 181 109
67 151 197
13 1 13
191 1 37
13 43 37
157 103 29
113 5 89
137 89 163
97 167 3
43 167 1
173 7 43
53 71 79
127 113 113
1 113 47
31 127 167
17 29 195
151 107 37
107 3 199
151 37 181
23 179 19
11 29 97
137 179 179
39 89 193
107 179 2
11 151 199
107 191 191
113 11 73
59 19 163
113 93 61
149 193 11
151 71 71
41 167 83
181 127 13
73 199 41
5 19 137
83 3 11
47 89 29
61 53 97
19 79 3
71 73 107
151 1 131
129 41 79
1 31 193
5 93 113
79 37 163
181 29 151
97 101 29
127 139 71
181 97 185
2 31 149
142 17 127
181 31 79
109 94 61
83 7 66
139 37 139
37 167 137
127 113 83
89 158 79
191 43 179
17 181 43
23 3 47
26 71 1
97 13 113
17 1 181
127 41 199
1 29 103
5 179 157
191 2 197
157 181 29
1 179 31
109 193 31
83 191 41
199 113 3
79 97 91
139 1 191
157 89 2
1 149 7
47 35 31
199 11 61
1 1 31
139 157 43
83 59 43
67 94 61
101 131 193
127 137 43
5 71 179
197 1 97
59 97 11
67 57 167
37 53 149
79 83 55
1 17 167
139 131 111
43 151 1
71 179 53
89 133 149
1 101 7
83 33 103
163 97 113
23 83 131
131 151 2
1 97 149
197 101 103
31 53 7
67 37 61
151 137 67
89 101 163
131 127 109
53 37 167
193 67 157
79 157 127
167 79 13
19 1 101
1 53 137
101 89 83
167 149 43
67 1 31
127 53 71
127 123 67
71 61 89
113 67 193
41 79 11
1 47 101
47 59 159
173 13 199
59 37 31
103 163 181
1 67 53
3 61 67
155 157 107
7 1 167
29 181 122
23 103 191
199 1 137
193 7 149
17 11 107
67 37 197
101 173 1
127 199 29
149 127 181
113 67 62
41 5 67
167 43 151
17 113 191
43 46 139
131 149 103
79 53 13
163 133 97
1 197 7
103 13 109
191 89 199
173 47 199
3 17 183
67 61 139
3 83 31
7 79 181
1 199 79
1 61 151
137 47 1
131 1 43
11 73 71
41 167 149
83 197 138
11 97 167
67 137 146
131 1 59
163 97 113
137 131 11
23 103 29
199 11 163
11 142 17
67 37 71
197 73 73
109 11 139
167 191 31
61 67 7
101 121 191
139 61 113
181 123 167
157 83 101
149 163 197
67 157 11
179 11 193
1 91 167
89 167 107
137 151 137
3 43 13
199 181 107
179 137 157
103 83 193
149 59 41
151 179 83
2 193 79
139 109 5
53 197 5
127 151 101
193 43 197
151 67 139
1 155 79
31 103 103
131 97 197
53 41 7
139 109 83
31 13 53
29 71 101
101 19 1
1 193 7
5 19 53
197 7 137
13 1 109
67 155 71
13 127 173
37 53 97
1 23 83
181 109 13
101 1 47
19 199 41
167 193 107
3 127 179
179 3 1
1 73 43
17 61 71
131 193 173
59 1 101
127 109 109
23 47 73
103 29 61
163 151 151
101 137 157
109 157 163
91 53 6
41 151 43
19 101 149
193 101 2
5 149 157
11 11 73
47 107 61
107 191 109
23 197 83
109 178 53
151 191 157
89 149 61
11 73 23
1 79 179
41 197 47
2 2 142
167 1 3
179 19 83
173 71 17
199 103 191
79 191 3
23 191 11
151 5 103
167 41 53
89 31 3
127 107 67
53 41 5
139 23 139
163 179 137
89 61 3
145 71 89
23 73 47
179 143 1
67 1 83
151 101 127
53 199 191
193 83 61
1 173 83
1 25 113
103 139 89
103 103 139
23 29 31
179 193 137
109 1 101
1 118 59
109 137 199
127 181 5
1 123 1
43 97 179
191 181 199
107 29 199
5 181 103
1 149 127
37 179 151
131 13 181
13 149 113
157 41 11
17 197 59
83 53 3
1 19 122
131 149 1
131 1 183
5 58 151
2 43 97
41 19 79
173 1 181
181 41 41
179 197 43
103 47 79
97 127 139
173 59 7
1 103 185
73 107 89
101 127 37
6 97 151
137 41 17
89 101 157
1 5 179
13 197 89
43 137 53
89 191 199
103 17 79
13 61 157
173 43 59
5 47 149
181 1 26
103 61 67
83 1 5
163 1 13
173 193 29
199 181 47
11 13 79
1 79 79
29 113 71
107 179 59
131 7 173
89 1 137
53 11 191
199 1 193
173 103 107
167 73 1
37 193 41
71 197 173
7 131 2
37 74 193
97 145 62
19 191 79
1 3 157
11 197 179
137 71 1
5 1 151
11 73 3
137 199 109
1 163 53
17 13 137
107 37 53
1 43 19
103 199 1
23 113 131
97 11 41
103 167 79
131 47 197
199 113 1
1 1 19
173 19 73
41 7 137
194 59 151
167 163 13
103 181 22
43 191 149
29 89 47
13 7 137
5 2 191
97 199 62
109 11 13
19 1 1
103 47 37
43 181 1
127 53 181
57 167 181
127 193 191
157 103 89
149 1 173
83 79 193
67 11 97
5 69 67
71 107 131
199 13 59
1 137 37
61 43 151
167 59 29
13 109 89
131 19 89
101 167 149
19 47 29
167 79 37
71 167 107
23 199 1
101 73 11
13 193 101
37 157 2
127 1 41
139 13 34
127 119 149
107 163 47
139 1 29
113 31 71
131 173 103
103 47 3
29 67 163
97 179 173
59 89 199
113 167 149
181 179 5
181 191 89
197 127 101
3 13 181
118 71 89
107 131 83
177 1 71
139 151 191
113 3 7
47 79 1
29 167 35
2 109 173
119 71 197
47 139 43
109 43 179
17 23 37
191 29 179
1 53 107
101 41 79
29 1 73
167 103 17
173 67 79
101 137 1
131 79 193
2 193 83
1 1 23
197 167 167
137 29 1
17 149 41
1 23 19
71 1 59
73 131 13
111 4 1
19 127 157
193 97 17
139 37 131
181 113 157
1 163 193
83 3 1
59 3 151
43 86 109
181 137 37
53 97 97
179 31 71
179 1 191
139 11 97
11 1 191
97 193 113
29 113 107
149 2 133
179 47 73
179 127 23
61 193 151
89 197 79
11 97 109
11 97 103
83 17 199
11 179 107
2 73 163
53 89 79
173 29 37
47 127 17
53 61 47
167 2 59
41 151 149
179 34 197
197 11 83
19 113 11
13 17 131
67 1 17
83 23 13
1 1 1
53 167 113
7 31 61
103 41 197
149 191 89
191 131 79
163 89 1
197 73 3
71 1 17
97 1 1
113 167 101
193 29 11
101 1 97
3 163 127
106 59 53
17 59 109
41 41 127
1 163 1
41 113 47
103 89 67
167 191 73
29 41 67
43 157 191
1 13 193
19 59 67
23 11 145
137 193 37
89 137 5
191 109 79
127 97 1
1 167 131
1 1 163
2 103 131
139 83 193
181 83 151
79 11 23
97 1 139
197 97 1
137 149 73
139 5 149
23 159 17
31 197 173
127 1 101
1 67 165
197 7 13
157 151 167
151 13 53
199 113 151
79 199 179
157 1 131
19 5 193
181 139 143
61 157 137
19 3 161
5 167 103
59 2 151
167 181 5
47 67 1
101 1 163
103 47 191
163 163 151
101 1 83
197 193 167
137 5 29
41 1 103
79 109 73
71 19 149
127 1 149
157 151 11
197 1 61
2 7 199
151 7 107
139 73 97
193 103 191
149 41 31
5 71 53
37 1 19
1 103 157
167 71 167
89 197 17
181 71 69
149 61 1
43 7 59
59 11 1
41 1 103
1 79 61
173 181 193
37 107 11
19 109 113
1 103 67
3 23 103
197 113 59
67 89 3
53 127 37
137 151 137
121 134 17
11 157 19
131 167 197
31 71 82
127 19 41
7 23 21
139 89 193
107 157 137
59 31 107
83 1 73
157 101 67
127 1 187
179 43 139
1 23 173
17 151 53
17 13 41
89 37 109
83 197 73
5 1 67
157 127 199
113 139 71
1 19 31
179 41 199
71 59 197
61 31 71
83 199 29
29 43 53
101 13 23
157 94 139
181 107 19
187 5 179
197 3 23
3 157 107
13 79 113
97 71 127
53 131 13
1 41 131
157 97 29
137 37 61
1 47 193
41 103 107
161 1 79
131 101 179
103 29 107
103 197 83
193 107 199
83 89 139
97 107 159
73 137 157
1 137 1
71 1 31
149 103 79
101 163 193
79 29 103
85 83 131
157 10 7
67 131 17
177 113 161
191 17 2
1 167 3
103 15 31
163 11 19
47 191 163
7 2 139
31 191 89
127 1 103
2 67 107
11 163 103
61 17 23
29 101 131
7 61 33
1 2 151
61 181 77
5 89 17
113 11 71
193 79 47
23 89 59
43 151 97
31 179 139
193 47 167
1 149 197
67 43 113
131 37 79
109 61 5
181 71 173
97 31 61
71 83 109
127 163 137
41 29 103
109 61 103
107 178 41
13 109 31
131 31 167
137 191 43
71 3 167
97 71 1
137 127 1
181 137 67
199 103 199
79 19 97
37 107 2
109 199 107
23 79 79
181 109 51
1 37 197
59 167 103
13 67 11
19 1 139
83 163 29
173 83 173
127 47 199
13 113 107
19 59 137
173 61 1
149 107 107
181 43 163
1 11 23
74 131 113
149 109 71
23 127 103
97 191 83
137 11 43
1 163 2
103 71 167
131 157 13
197 61 113
163 83 7
37 1 89
131 83 41
173 1 167
89 97 79
5 7 113
157 83 103
197 157 47
193 173 31
101 93 151
37 1 1
193 179 1
11 173 71
191 101 67
11 199 163
107 107 157
139 107 23
197 17 61
1 53 163
109 157 37
29 2 23
61 19 41
1 127 59
157 43 181
83 181 193
167 11 23
199 11 5
113 55 31
163 67 127
1 199 17
167 157 181
151 43 179
155 71 149
17 89 19
5 163 107
133 59 122
193 73 71
23 73 5
1 19 19
157 167 167
37 55 139
47 73 43
139 5 11
67 1 29
167 19 1
101 23 113
47 163 1
163 1 1
149 149 169
163 53 157
1 3 181
199 101 41
43 163 17
23 137 107
83 47 163
131 181 86
103 61 59
14 89 11
43 199 101
193 31 181
31 89 183
59 163 53
191 29 149
149 26 61
89 59 101
77 31 97
163 103 163
7 1 1
127 89 11
181 1 193
37 157 79
17 5 31
41 157 79
131 197 179
113 11 1
59 109 181
79 179 89
23 13 5
199 137 139
131 1 97
61 191 107
157 113 107
127 113 61
23 137 3
3 31 186
3 3 101
37 109 191
191 181 19
103 1 53
7 19 7
1 89 31
1 137 73
195 41 86
1 97 5
53 173 109
149 193 149
1 109 131
37 19 191
151 29 47
107 59 97
71 191 5
1 157 61
103 179 151
5 59 5
17 47 13
17 5 79
2 17 61
101 1 131
1 113 101
13 83 1
73 1 1
197 19 79
29 5 163
109 113 17
31 101 41
1 67 1
83 7 73
107 19 47
167 1 113
157 73 109
47 43 82
131 47 2
11 19 67
101 109 193
173 181 79
191 71 97
51 83 73
41 167 73
13 1 1
73 43 109
71 5 83
137 61 31
1 167 19
131 31 107
179 191 43
59 1 59
199 67 53
199 1 151
37 67 151
89 199 79
157 53 127
131 131 59
151 1 11
107 23 193
157 1 163
67 1 151
157 61 53
2 37 47
1 13 107
157 103 53
107 1 181
67 59 2
59 23 1
79 23 113
197 199 89
31 43 151
149 19 38
7 151 11
83 5 7
179 71 1
29 7 73
107 61 7
193 197 29
191 83 3
191 197 107
7 61 67
137 199 197
181 137 13
94 71 79
7 181 113
109 1 3
181 167 101
86 67 3
43 163 89
103 59 61
29 193 173
103 47 59
107 23 199
5 181 21
47 1 1
17 1 101
11 31 179
101 141 11
167 179 179
193 139 89
107 179 131
82 157 101
17 199 149
1 97 167
149 193 31
179 59 1
17 113 167
145 41 173
73 43 41
127 41 89
71 71 31
97 39 41
2 67 73
61 37 167
131 113 167
149 5 83
97 139 29
97 5 13
113 2 83
127 73 3
38 73 59
41 157 31
13 87 127
97 149 187
17 31 1
199 1 181
167 173 34
86 109 183
43 149 19
5 109 163
23 79 97
163 53 167
131 53 137
113 71 89
59 139 183
131 131 173
73 131 197
163 149 31
41 157 41
10 151 107
31 13 191
97 197 1
97 83 73
43 193 97
17 193 157
173 167 101
53 157 59
5 1 113
41 79 97
61 89 109
17 107 127
53 159 7
83 1 1
197 103 3
23 101 139
151 137 109
73 6 7
109 173 191
199 73 199
163 191 3
149 109 181
137 127 191
71 19 149
157 163 67
13 159 23
179 7 1
167 1 11
2 71 139
109 61 157
139 67 197
193 73 197
163 17 157
167 167 13
131 127 97
59 107 7
29 111 1
79 157 73
61 1 107
181 149 179
19 113 22
3 17 1
73 1 79
101 71 127
83 41 127
151 127 157
5 29 109
131 193 139
167 123 131
1 167 19
173 21 73
179 109 47
71 1 127
3 127 159
83 1 131
1 17 199
107 67 191
193 5 29
97 73 31
167 83 79
43 67 113
83 43 103
5 137 1
107 157 23
11 101 163
1 41 13
181 71 173
1 109 67
107 89 193
167 59 61
83 107 73
179 139 197
17 97 67
19 61 151
131 17 97
151 193 157
19 173 23
47 31 2
127 181 158
127 1 167
199 73 1
71 1 151
133 179 193
197 197 97
149 131 173
107 149 41
89 1 89
53 47 13
149 2 3
3 142 79
2 59 181
2 37 29
163 41 47
43 179 67
1 181 73
109 191 193
157 131 43
3 19 197
151 193 23
173 193 85
19 7 1
53 31 31
131 157 157
109 151 71
107 127 23
47 131 59
79 59 19
23 1 73
163 107 131
181 7 11
31 2 71
89 149 23
37 107 37
79 179 113
61 173 11
139 41 199
149 137 103
71 73 67
41 109 151
139 131 23
131 191 163
83 97 127
179 23 89
23 139 131
91 158 59
107 47 167
61 29 131
23 149 3
197 127 103
89 2 13
163 19 173
103 191 5
103 179 3
193 173 119
109 41 1
107 7 5
1 37 2
173 166 181
1 169 13
43 109 1
29 107 113
59 191 131
151 5 47
1 43 19
83 1 73
109 157 1
61 11 151
1 101 89
107 59 157
41 149 41
101 43 29
107 13 179
37 41 193
101 2 109
5 73 107
53 43 1
197 53 7
1 157 13
31 101 61
101 157 1
193 127 113
2 29 1
163 193 179
191 97 79
191 127 167
11 73 59
191 47 77
43 29 73
193 47 109
191 9 41
31 127 61
71 115 109
73 157 71
34 163 163
107 107 31
1 73 89
31 163 1
199 187 89
163 139 1
1 3 79
61 101 131
173 5 26
71 19 127
37 167 151
89 71 163
149 199 89
157 67 11
29 101 101
61 199 113
146 17 1
131 173 179
46 71 79
181 127 109
67 167 1
193 53 167
103 199 37
197 79 127
79 197 123
173 107 47
17 7 149
73 71 167
142 97 97
109 173 89
191 19 103
47 2 19
59 1 89
97 13 2
41 3 109
11 179 53
31 97 177
11 5 113
101 191 127
37 101 179
71 17 1
83 157 1
17 49 73
163 61 103
181 83 11
47 5 53
157 31 163
197 131 101
5 151 43
47 179 43
23 59 181
137 1 71
191 113 157
73 101 17
167 103 149
179 31 31
97 127 17
89 107 19
109 127 1
103 1 109
181 167 199
37 23 11
2 19 71
23 19 67
79 197 5
107 181 61
1 67 37
83 73 127
199 158 83
1 149 163
1 61 29
197 149 107
61 157 47
181 131 11
103 1 157
73 167 151
17 163 103
1 197 137
71 31 103
167 43 1
127 199 127
97 199 53
199 53 131
181 1 1
101 61 29
157 173 173
73 101 191
131 29 7
109 191 13
1 37 11
86 179 173
61 53 179
41 163 193
101 5 157
17 101 61
73 61 83
149 181 109
173 157 151
7 107 1
131 167 1
29 193 53
10 1 79
167 151 1
59 29 181
41 5 59
97 3 2
163 61 5
157 89 173
29 127 1
197 1 1
59 167 11
179 1 199
137 17 163
79 107 19
17 163 109
83 197 7
193 151 157
37 167 47
71 127 73
13 29 103
3 1 11
109 79 97
1 167 59
157 73 41
19 19 163
107 167 137
151 53 191
62 23 47
141 1 53
131 41 181
101 83 197
107 131 113
167 137 139
23 79 149
1 141 157
31 1 163
31 103 89
61 109 193
157 97 97
1 1 191
167 31 193
127 59 179
107 179 137
31 41 47
1 61 178
109 1 47
61 43 173
19 59 83
199 43 191
151 127 5
157 61 139
1 1 149
139 127 67
103 199 37
155 83 1
151 5 17
5 67 23
67 157 193
163 67 103
179 79 163
193 139 23
1 199 137
83 89 1
97 167 83
3 17 103
197 53 89
1 83 197
79 1 73
181 89 191
151 89 71
149 41 47
89 127 97
83 113 3
83 67 1
41 19 197
31 97 5
89 197 107
29 71 157
59 23 151
127 83 197
103 139 47
61 163 29
71 197 83
173 47 91
37 53 161
193 73 71
1 173 11
1 181 41
79 59 1
67 139 83
137 17 1
173 103 73
179 87 5
97 1 13
181 109 73
1 43 51
53 17 197
89 109 29
61 151 41
109 73 41
3 71 19
97 193 101
17 131 139
113 109 197
163 173 191
41 95 131
163 199 5
131 191 97
149 113 167
73 67 47
1 3 53
71 5 47
79 73 71
5 13 103
7 193 79
1 199 109
199 181 122
61 97 159
101 1 179
13 131 103
151 137 5
41 1 67
37 1 199
67 181 97
1 151 53
163 95 71
53 101 79
47 101 17
19 53 23
83 139 181
19 191 1
113 163 101
139 173 83
191 157 11
59 149 11
83 2 38
11 13 59
157 53 1
179 103 13
131 13 151
193 103 167
61 149 109
157 19 41
163 179 139
106 131 151
1 1 179
139 53 141
137 181 31
113 101 67
31 193 197
107 157 199
197 37 17
7 1 23
43 2 131
173 62 131
193 199 83
109 79 199
193 107 19
1 41 173
89 113 107
149 131 131
137 173 53
151 137 130
71 19 13
37 101 73
167 131 139
131 73 137
26 41 73
191 17 37
19 79 149
197 53 67
23 163 97
19 107 47
139 5 73
91 193 97
67 94 97
89 157 149
13 3 1
109 107 1
11 163 157
179 67 163
89 113 17
1 73 191
131 149 199
157 31 97
5 131 163
79 191 73
47 137 19
23 113 19
47 31 67
137 127 103
173 109 197
19 197 113
43 83 193
137 106 157
73 137 197
7 179 194
31 167 71
47 139 1
134 2 1
71 17 5
59 11 17
131 193 37
107 101 89
109 191 107
79 107 137
167 89 61
197 5 1
1 193 67
193 173 7
109 1 199
167 127 97
43 7 7
137 107 157
79 103 197
11 19 13
37 23 179
59 43 149
89 113 33
103 149 19
197 187 101
13 83 101
21 3 13
181 193 191
101 89 79
109 19 167
199 127 31
79 193 19
139 163 43
31 29 47
149 79 173
1 181 19
107 23 167
59 29 113
37 157 131
83 59 3
67 103 179
61 5 163
1 41 191
47 127 137
1 181 1
97 79 31
17 73 19
5 118 127
1 151 95
157 1 161
1 67 37
113 53 67
113 127 83
107 191 113
113 157 79
193 1 71
37 47 173
71 149 97
1 193 61
191 137 113
1 19 149
1 1 39
134 29 43
109 79 17
79 1 23
173 151 5
173 2 197
29 13 1
139 193 59
157 41 94
113 7 37
103 173 193
1 101 1
59 53 151
89 193 149
37 41 1
17 1 93
7 193 163
73 23 23
151 41 1
1 41 1
61 29 101
19 113 73
173 179 131
97 67 37
101 193 61
179 137 53
127 131 111
69 41 137
53 83 97
103 23 53
17 181 82
31 29 167
151 139 131
149 23 37
109 43 137
17 199 137
193 1 139
101 2 31
79 2 101
179 5 131
197 177 29
101 29 163
83 173 159
193 41 13
137 107 17
1 197 139
11 67 187
173 83 1
83 89 23
1 43 127
67 179 43
97 1 61
73 7 59
59 1 11
151 181 73
139 47 191
103 1 23
101 83 197
31 19 137
103 107 29
73 179 1
41 47 23
111 167 1
15 29 113
103 97 17
154 197 193
97 83 67
31 103 197
149 97 131
103 37 1
29 41 43
199 163 47
179 59 59
167 73 23
139 26 167
13 131 19
97 163 149
199 167 1
23 199 73
26 29 2
149 167 71
182 101 5
97 1 191
29 13 13
109 61 53
127 11 163
179 7 1
157 19 137
11 43 5
41 1 163
17 1 59
1 83 11
83 181 107
17 109 197
101 137 71
149 139 7
1 179 127
107 107 2
1 31 59
47 103 59
131 41 181
181 151 73
73 131 173
94 193 11
53 145 71
127 7 7
1 127 7
59 131 89
61 131 169
97 37 113
5 109 1
43 79 197
167 53 47
127 179 13
3 137 109
107 194 79
97 191 181
7 139 89
149 29 113
127 199 73
37 2 167
43 173 37
31 113 89
137 173 109
103 194 143
37 107 1
113 1 79
43 83 61
149 101 157
191 67 13
1 73 1
137 31 158
173 139 103
179 97 1
71 59 3
157 149 61
183 73 43
101 109 61
71 199 163
67 73 43
89 197 191
61 53 103
163 109 61
179 139 59
113 7 71
1 101 1
38 181 157
83 173 67
53 19 199
103 199 61
157 139 57
167 173 2
13 7 79
109 15 101
19 1 109
107 5 17
139 73 67
151 197 97
106 181 89
179 149 167
139 35 1
1 59 41
107 11 103
139 13 101
131 41 73
2 139 1
3 131 197
161 109 131
55 59 5
131 1 107
139 67 7
89 173 5
157 83 199
5 31 179
163 197 53
2 31 5
71 67 113
1 83 59
113 179 37
193 67 19
151 191 157
179 1 149
181 1 83
5 109 83
149 83 181
13 149 3
109 199 97
139 79 3
17 178 197
113 73 167
67 155 1
191 113 61
41 7 113
67 89 179
182 89 41
157 1 59
1 73 47
79 107 3
131 53 127
109 197 157
167 7 71
123 61 109
41 37 17
11 107 1
179 115 19
53 23 109
131 1 1
23 197 1
139 1 107
43 109 127
83 131 11
1 139 73
173 113 139
103 37 139
131 193 199
167 199 59
163 53 29
191 193 193
173 151 3
179 53 109
1 19 47
7 13 1
73 113 17
191 29 101
79 29 197
59 47 1
151 97 149
173 191 179
103 89 13
2 1 53
179 59 89
181 139 191
89 37 29
197 13 31
1 139 39
5 101 83
71 151 157
3 31 191
197 23 13
163 65 1
97 31 1
131 179 191
103 19 41
47 43 1
43 113 179
151 1 157
23 61 173
23 101 107
7 5 167
29 73 11
157 1 137
83 191 151
93 57 19
5 11 181
197 19 163
46 71 179
59 7 199
113 7 139
139 23 127
47 11 17
157 1 13
97 29 23
79 97 139
53 1 149
173 71 82
61 193 163
199 3 61
199 1 73
173 158 83
43 89 97
34 137 137
101 47 103
107 1 113
1 71 71
151 97 29
157 83 142
43 29 167
23 93 1
5 89 5
5 7 149
181 149 29
3 73 71
23 1 7
61 41 19
1 89 197
97 109 47
111 173 47
43 26 21
53 7 101
29 43 179
7 17 73
29 127 107
61 179 193
179 151 23
127 1 59
1 1 23
37 5 73
1 17 127
41 1 191
111 19 23
71 97 151
89 41 23
59 1 29
67 79 61
29 1 3
151 7 3
149 47 115
1 73 13
113 67 163
67 7 109
43 167 79
137 167 17
59 103 41
71 41 53
43 53 157
41 23 17
1 191 109
53 53 107
7 1 199
103 137 163
113 167 61
59 97 101
43 1 97
13 71 107
107 19 113
61 11 137
59 69 11
23 157 47
1 197 193
7 181 53
47 3 43
89 167 3
103 1 127
131 19 53
101 79 109
1 43 139
41 73 139
137 157 1
82 41 1
59 131 89
179 17 139
47 17 191
149 109 1
151 83 139
139 47 1
41 11 134
193 71 157
103 181 1
107 89 173
43 59 1
95 85 13
79 67 149
1 17 31
47 77 1
109 5 199
41 173 101
53 149 151
83 127 1
113 157 71
67 23 193
1 11 179
101 1 173
17 37 139
11 137 139
7 149 127
139 89 157
127 79 47
1 13 31
11 127 47
43 67 11
89 23 1
191 61 41
193 179 197
89 47 131
127 71 23
29 43 5
71 1 3
67 1 181
17 13 17
197 163 199
163 178 199
103 71 59
173 17 199
37 1 25
191 157 197
5 79 1
179 1 37
167 157 163
139 31 113
1 139 137
137 173 73
23 197 193
53 7 1
151 167 61
73 167 167
61 151 183
71 19 97
151 89 47
109 17 61
97 131 38
179 79 191
83 9 113
47 47 199
43 91 97
139 149 149
123 137 149
149 43 13
157 197 103
17 109 67
179 89 173
21 157 181
17 103 37
1 139 79
191 179 17
1 34 97
23 2 11
59 71 1
149 151 43
89 113 17
137 191 179
193 26 71
31 157 199
73 79 149
127 97 137
197 163 89
71 151 101
163 163 122
1 1 89
13 181 1
1 41 47
101 197 7
17 1 89
103 95 67
23 134 178
38 7 137
3 1 1
103 113 83
19 23 53
2 101 191
1 107 11
23 17 11
67 113 137
127 107 97
93 47 53
103 53 1
11 131 1
131 1 191
97 35 1
73 91 151
1 37 179
26 89 31
139 103 67
47 89 71
37 59 139
197 97 199
53 2 71
13 23 193
101 151 191
7 109 109
59 1 167
193 131 197
47 29 103
1 103 83
193 11 197
3 113 101
1 109 149
109 37 173
19 13 151
43 113 41
127 149 167
193 163 181
17 179 7
5 59 181
82 151 139
47 197 49
73 1 25
149 73 139
127 43 149
83 53 29
43 2 109
59 73 53
197 19 61
83 1 17
181 139 127
157 163 89
103 137 61
131 47 13
109 59 17
29 122 47
193 1 179
7 163 47
47 29 1
191 109 83
7 149 131
161 1 31
131 53 2
181 53 73
67 13 7
179 181 35
59 137 37
191 3 67
151 163 19
137 5 1
137 107 103
1 173 19
197 149 23
151 23 59
103 53 79
167 199 49
5 1 29
149 43 1
157 83 1
1 127 193
197 173 1
29 181 131
89 83 101
73 23 197
1 159 19
29 1 71
94 1 193
166 179 97
37 149 103
89 61 83
187 173 179
107 122 53
137 1 29
53 41 103
41 179 167
71 163 83
95 163 1
7 109 131
1 61 83
1 167 157
197 1 73
37 101 157
1 83 131
149 1 109
67 59 79
139 131 67
179 127 71
79 89 179
73 107 107
143 149 41
5 71 101
109 109 71
17 37 73
33 167 103
3 181 1
107 67 89
101 29 193
1 97 47
127 101 149
113 89 73
1 157 83
103 101 151
39 89 187
103 113 179
1 97 137
113 109 173
179 19 47
11 101 13
167 101 149
59 73 29
163 11 107
1 1 179
181 199 11
19 17 197
167 73 53
59 71 13
43 37 193
137 13 157
67 1 29
11 11 77
1 11 73
131 199 79
145 79 193
173 107 7
79 71 17
157 179 19
167 167 163
137 1 47
37 197 29
97 13 79
199 113 179
113 139 89
91 73 71
2 197 53
173 1 73
71 179 79
131 193 1
59 1 23
181 59 11
47 23 5
179 187 1
11 151 89
103 97 17
173 67 19
191 17 137
53 109 41
47 127 67
71 61 83
13 137 193
139 79 107
79 37 17
3 73 31
97 29 137
139 41 5
1 37 47
59 119 1
73 29 83
79 173 73
1 1 101
1 137 71
1 5 1
13 85 3
139 1 37
61 47 73
197 83 1
107 151 197
139 181 163
37 181 1
193 149 97
163 37 59
79 67 37
17 13 73
131 173 137
5 5 149
163 37 97
93 127 111
1 59 101
107 173 1
163 109 197
37 47 1
39 61 197
37 41 67
11 137 113
159 107 193
173 47 3
37 37 137
127 79 29
15 167 173
1 137 19
113 137 191
13 137 83
109 43 193
131 197 83
83 23 47
113 53 1
151 1 71
47 157 163
43 5 5
37 34 173
89 5 31
131 179 13
193 67 199
11 103 149
193 47 26
7 107 2
149 7 157
29 17 191
13 31 41
1 73 151
11 5 47
97 83 5
83 47 173
71 13 47
149 83 83
62 7 149
23 1 7
13 79 83
181 7 127
1 173 89
113 149 103
79 3 131
5 107 199
107 1 7
157 131 167
89 7 37
23 31 122
11 47 23
167 71 17
43 31 1
47 167 157
1 67 113
71 137 83
157 71 97
181 61 181
139 61 11
61 181 3
109 29 167
167 19 97
89 107 181
61 43 181
59 1 83
101 106 71
43 159 39
2 51 107
167 5 107
83 157 109
13 47 59
163 73 67
193 97 181
3 179 137
131 163 43
59 31 179
3 181 101
193 41 59
53 139 79
157 127 1
131 13 14
19 41 139
71 41 19
34 139 137
59 97 13
97 167 197
199 109 191
193 31 131
19 143 163
31 167 7
127 37 197
17 89 177
167 41 157
7 29 73
23 41 101
199 2 79
109 181 137
62 71 59
41 197 97
79 131 79
157 71 83
137 199 157
11 1 86
101 163 131
1 53 199
71 83 163
79 53 53
181 113 5
47 37 31
139 163 71
5 67 83
181 59 97
95 43 17
142 107 47
101 26 71
179 89 1
1 191 19
47 1 1
37 11 11
149 19 113
191 1 43
173 59 1
1 29 71
179 94 37
3 137 10
73 41 7
37 83 83
37 7 13
79 59 17
197 61 167
59 151 146
87 59 89
107 1 43
127 3 17
31 1 151
71 17 79
127 137 131
29 37 101
1 79 73
79 107 67
5 1 67
2 1 53
5 71 131
61 107 191
51 158 109
127 53 109
3 19 1
113 67 167
199 41 31
62 1 1
163 2 47
109 97 109
1 71 113
146 149 173
3 103 59
47 179 113
97 11 5
59 41 31
103 1 83
53 179 9
131 43 31
141 103 163
109 193 107
73 31 157
1 35 73
79 53 53
103 103 23
67 179 139
127 145 173
181 83 197
17 193 43
2 59 1
67 5 3
47 131 43
187 7 17
19 167 139
23 47 79
61 59 199
1 89 7
1 127 137
53 13 173
137 199 11
191 97 89
191 137 29
157 173 1
1 43 139
83 199 179
113 33 101
174 137 197
173 193 1
113 113 1
3 101 107
19 13 145
197 53 19
131 73 79
59 191 151
103 199 1
167 37 79
163 139 23
113 97 179
151 127 181
31 13 197
151 53 197
191 109 139
193 103 83
101 1 191
163 43 151
173 11 31
103 199 149
101 181 113
149 163 41
127 1 59
199 137 149
23 71 199
71 157 97
149 41 1
197 67 71
155 5 83
13 97 157
17 37 53
113 1 29
31 83 9
149 199 53
89 83 1
17 58 103
142 101 19
2 149 7
67 79 43
89 193 1
29 113 109
109 19 23
109 43 29
139 17 1
1 43 113
173 109 59
1 1 163
61 151 79
89 1 197
137 127 1
173 109 37
173 67 1
43 131 137
47 41 73
47 1 53
179 163 127
11 53 157
71 197 97
71 10 137
7 23 107
1 79 29
103 127 179
73 89 79
87 17 1
163 71 83
199 29 61
1 19 83
73 79 149
113 191 31
193 71 109
83 191 1
23 73 107
137 43 31
79 61 113
173 59 131
191 101 1
79 19 5
59 97 151
181 41 137
5 1 139
79 109 5
31 86 1
7 103 67
5 23 173
59 17 13
83 13 151
73 131 103
59 83 149
83 59 181
61 191 97
89 137 199
1 127 137
157 149 7
139 179 47
109 23 1
13 53 19
139 19 29
73 193 37
43 29 43
151 149 61
1 53 131
13 93 79
199 67 1
67 167 1
61 137 1
131 137 101
139 113 19
197 3 149
131 73 2
97 137 61
1 10 1
199 19 137
193 101 3
173 5 199
41 89 73
67 113 157
79 107 167
97 61 163
29 137 71
53 35 113
7 41 127
113 23 41
67 73 95
1 61 39
1 7 3
3 149 167
199 1 151
173 157 131
137 1 101
109 71 142
47 53 5
17 23 163
131 191 167
167 1 157
31 1 41
71 23 5
127 1 191
131 7 31
1 107 37
41 179 167
47 151 113
107 79 191
109 149 71
13 73 193
107 67 17
97 173 161
191 31 163
31 61 1
43 107 109
83 113 83
67 67 107
59 13 41
97 131 79
79 1 193
179 127 43
181 173 62
149 53 167
7 163 107
127 13 26
179 19 139
163 37 103
127 173 179
1 47 53
13 1 131
3 37 89
173 199 163
97 131 67
181 172 199
19 1 3
1 139 97
191 193 19
79 47 53
107 1 97
1 113 3
17 127 161
3 107 71
5 55 179
1 113 1
17 39 19
191 53 109
31 113 131
101 166 199
101 157 163
157 3 101
199 103 97
97 137 73
167 173 131
59 197 173
179 2 101
29 173 181
17 1 79
151 14 97
23 83 173
47 157 29
23 191 85
37 131 5
85 31 163
89 163 131
181 31 107
5 29 5
29 101 157
109 199 173
23 167 82
47 2 149
41 113 149
157 39 17
113 137 1
163 193 1
113 151 151
113 5 101
163 43 65
131 151 1
1 137 71
13 151 79
109 83 131
149 43 53
31 73 139
109 139 53
13 61 157
199 1 71
89 179 127
113 3 83
179 57 37
14 197 107
61 101 97
113 199 131
61 61 47
43 173 173
1 197 1
101 103 1
179 1 1
149 11 139
163 197 29
61 41 1
97 61 1
97 179 97
79 3 11
113 157 131
107 3 183
38 173 37
181 71 13
13 59 3
109 197 157
73 1 149
31 1 73
19 67 1
193 37 13
38 73 1
41 199 199
67 23 193
103 23 109
73 41 83
61 73 1
127 73 181
113 31 131
1 29 163
199 67 37
167 181 83
149 53 167
163 113 57
1 34 197
59 73 67
2 1 107
67 181 89
29 131 113
83 191 181
1 73 127
7 65 101
97 5 139
43 151 119
29 109 2
127 69 11
158 157 179
13 7 7
101 158 149
181 1 23
107 59 157
73 151 53
13 29 181
193 41 37
137 5 41
1 191 73
97 43 83
1 73 41
179 59 71
67 89 71
107 107 199
181 199 23
191 69 79
137 107 47
181 149 79
83 1 5
127 17 71
59 31 187
7 1 89
41 143 139
61 1 71
23 101 107
109 43 167
137 11 127
107 23 134
61 181 101
61 47 11
59 167 137
167 103 113
23 23 1
97 31 197
103 199 43
181 89 197
13 43 1
1 199 1
1 23 11
181 191 181
113 149 139
113 43 53
139 83 97
193 107 11
19 89 5
11 23 19
179 1 97
149 29 107
139 163 197
53 1 101
17 97 1
1 5 93
127 131 5
89 101 193
37 93 89
71 197 197
5 173 23
23 83 59
151 1 193
43 41 43
113 103 167
157 151 89
5 67 7
71 41 181
37 43 97
199 199 122
127 23 113
94 113 149
61 137 173
23 149 1
67 131 59
131 79 163
167 53 29
137 89 191
181 139 113
101 23 127
47 127 191
67 149 71
97 103 73
79 19 131
61 31 41
107 11 7
179 1 5
199 31 61
67 179 23
139 97 157
113 5 31
197 22 15
37 115 31
67 191 23
1 43 1
143 75 97
103 157 37
1 29 53
61 101 139
43 31 181
53 181 53
3 43 103
53 181 47
109 103 197
53 43 83
67 1 97
151 163 61
17 173 157
41 149 29
101 137 181
73 1 151
71 107 59
181 1 109
157 109 191
29 19 129
149 111 181
157 179 199
83 13 59
61 1 111
17 113 5
61 71 23
7 89 97
127 1 97
107 1 89
93 1 1
137 5 179
83 37 71
67 139 7
151 199 59
151 199 67
109 89 53
127 113 141
193 197 151
131 5 89
23 1 151
101 97 1
181 43 7
1 13 173
29 199 2
47 103 41
1 131 43
53 1 23
59 89 47
131 3 61
73 197 131
31 37 37
43 13 197
191 1 67
1 23 59
41 1 127
83 43 197
1 53 113
19 157 109
1 159 89
179 199 97
155 179 73
67 23 13
43 1 65
1 31 83
97 181 31
107 79 11
199 139 31
5 37 101
83 163 199
193 197 71
1 89 4
137 151 123
191 29 199
109 41 101
31 167 71
47 127 151
2 177 43
149 29 199
166 1 5
1 137 79
113 193 1
131 79 131
103 97 41
13 89 151
83 61 179
127 106 73
163 1 97
43 37 79
181 11 163
1 199 163
37 73 67
181 37 157
139 149 5
137 79 83
197 89 71
37 191 11
199 113 159
111 101 71
71 127 109
101 19 31
103 181 89
113 163 191
3 17 131
103 55 71
2 59 17
1 97 181
151 137 149
149 41 13
167 1 139
179 61 197
43 61 79
109 53 1
163 59 11
137 199 89
59 181 1
177 1 197
149 37 139
137 1 53
1 151 31
1 137 139
59 47 107
73 107 173
101 127 73
151 97 47
41 1 47
1 1 113
131 61 109
43 107 137
1 59 37
97 101 109
5 17 11
79 1 107
31 163 119
61 137 47
59 103 199
2 107 53
7 181 199
43 181 123
149 199 109
11 191 79
127 101 53
79 7 167
1 97 179
181 107 181
1 109 199
61 199 107
59 157 163
101 53 53
13 151 181
181 191 113
59 47 151
139 157 29
29 1 179
197 85 97
43 83 179
13 103 93
1 41 1
105 11 1
7 89 113
71 1 197
109 191 43
2 139 7
191 2 1
7 73 199
13 61 41
131 131 127
29 167 21
11 191 103
67 199 122
143 83 59
167 1 167
19 83 13
113 31 101
173 127 47
157 167 97
103 151 119
149 197 31
167 83 163
43 59 3
41 23 179
157 67 1
7 163 89
193 167 151
1 107 149
1 59 191
101 47 109
178 41 139
1 1 107
139 197 193
199 193 1
29 73 193
7 97 37
23 179 11
11 179 59
197 131 1
157 5 37
7 181 17
163 199 11
107 137 197
1 1 41
19 23 31
101 181 79
103 89 113
3 151 73
97 71 97
41 43 173
122 83 41
151 139 1
107 107 163
199 185 1
163 97 179
23 97 131
127 191 69
67 139 23
73 107 151
19 23 1
37 82 151
137 21 23
139 1 199
131 73 43
2 95 37
43 19 137
59 71 193
1 131 29
61 89 107
179 163 191
3 157 1
179 61 1
2 61 151
157 137 103
173 47 17
1 137 1
73 122 73
181 73 163
29 181 113
151 17 131
101 17 131
89 19 167
181 5 193
71 83 131
197 11 103
197 137 179
193 167 17
11 107 199
89 167 1
47 191 61
181 83 71
197 113 197
167 199 101
37 1 73
89 113 101
101 23 26
49 17 3
7 101 113
113 107 67
61 173 43
101 197 1
41 197 29
79 127 89
41 1 191
11 149 139
73 71 179
181 151 53
97 113 29
17 43 109
197 79 31
109 11 83
191 97 73
37 29 53
83 193 59
131 199 37
111 131 47
5 107 97
71 1 38
163 179 61
13 193 47
59 71 67
107 191 1
157 131 197
107 3 101
73 83 113
109 1 41
167 43 191
57 3 73
109 97 137
53 131 191
31 47 193
1 37 157
83 83 134
199 73 181
23 41 79
1 43 31
151 167 97
113 83 149
149 67 109
118 29 139
17 179 137
134 131 89
73 182 101
1 19 89
83 2 67
17 137 59
191 67 17
83 89 7
7 139 137
41 137 181
19 71 109
197 73 83
37 151 37
139 197 1
41 137 29
73 149 146
167 47 83
179 1 155
97 79 19
31 1 83
2 191 83
47 37 7
173 79 173
179 113 163
157 94 91
71 29 199
43 139 1
181 183 17
127 193 178
97 1 191
79 59 109
149 79 7
43 163 103
29 13 89
41 73 127
131 83 41
19 67 79
53 139 47
181 53 157
1 167 101
83 47 3
179 71 113
131 139 101
1 107 113
167 103 101
17 79 5
107 3 103
157 1 167
15 73 29
131 137 3
179 47 2
61 113 197
197 5 71
71 17 109
11 167 167
37 13 1
67 149 1
199 97 103
31 43 61
19 139 73
89 199 157
151 19 1
107 43 103
79 127 41
67 35 71
155 7 169
199 109 31
103 29 47
7 191 43
127 79 38
1 83 3
67 59 53
53 113 113
127 193 37
83 137 1
179 151 131
23 103 173
11 13 109
23 41 139
137 23 1
1 1 193
107 179 107
61 191 67
71 107 3
151 7 53
43 127 29
139 71 13
1 167 137
101 3 19
97 79 53
79 73 179
113 149 107
71 67 17
41 1 31
191 181 101
103 167 97
179 131 167
1 37 103
151 1 89
71 137 199
73 79 97
13 59 47
103 17 5
89 199 167
1 139 101
31 83 13
181 173 191
21 1 3
79 73 109
179 61 127
67 79 7
23 29 11
41 2 193
1 127 103
29 137 13
59 181 7
47 107 73
29 71 1
71 127 41
11 71 181
181 193 1
31 37 179
1 43 3
157 89 139
113 73 181
127 103 73
131 29 29
167 101 149
97 163 37
17 139 191
1 5 19
47 31 139
59 61 151
97 199 1
83 37 137
29 43 197
83 7 191
19 1 59
97 17 29
89 163 157
167 43 41
47 47 19
101 149 181
1 97 89
37 167 1
37 199 107
43 131 179
34 53 73
89 173 137
167 41 79
173 167 179
29 139 107
11 86 2
107 73 131
191 31 107
41 191 113
67 109 197
23 53 107
1 103 97
5 103 17
107 1 17
47 1 59
73 89 109
157 1 43
83 163 181
191 157 73
23 1 181
131 101 1
149 107 1
103 127 19
193 71 167
19 1 29
31 167 101
83 139 67
1 139 11
103 1 151
71 101 134
179 7 79
191 73 193
19 199 31
83 17 127
101 101 1
1 17 143
17 37 1
97 89 127
127 29 89
137 67 151
157 31 41
107 67 131
133 131 131
103 193 113
59 131 89
1 1 97
163 109 113
13 53 1
7 161 79
47 41 109
107 137 59
83 1 179
43 101 167
193 199 13
17 73 79
149 199 67
67 139 139
47 41 89
167 61 149
59 17 97
181 67 103
71 89 53
1 5 37
83 139 67
193 197 139
131 71 47
47 43 197
53 127 197
113 43 191
199 43 1
31 109 83
83 109 61
151 1 83
167 131 181
149 149 43
109 157 37
191 179 59
1 97 2
2 181 41
149 197 19
151 101 43
14 114 193
181 109 2
106 142 179
11 37 157
179 83 97
13 151 167
157 157 89
181 2 103
13 1 193
29 191 7
131 61 149
31 157 43
193 131 179
37 89 97
41 71 89
101 1 1
139 137 13
163 107 101
103 139 1
19 37 67
103 193 97
1 1 139
2 127 127
89 61 139
149 7 179
193 1 59
5 1 1
149 181 157
97 71 59
59 53 59
1 11 107
199 193 5
131 149 139
163 41 158
107 43 41
35 13 1
17 151 85
43 23 179
1 1 89
3 31 191
1 181 113
83 185 199
173 113 1
173 163 89
3 173 13
137 197 1
1 137 29
6 71 163
47 71 191
127 181 123
53 179 193
1 41 103
151 73 5
11 1 139
83 191 61
167 131 139
19 119 1
109 83 37
55 199 131
19 1 97
97 89 157
11 71 197
47 157 79
41 73 23
41 15 31
137 199 13
61 131 83
1 157 1
53 2 183
149 149 53
3 31 139
199 37 109
29 167 37
59 197 3
23 191 79
167 157 41
58 5 47
79 31 79
137 1 107
43 17 29
49 41 151
149 71 79
139 151 89
1 37 149
134 11 137
13 97 167
113 7 107
151 57 79
1 131 109
101 161 53
109 53 194
103 199 31
179 109 1
131 71 1
23 199 67
103 131 1
79 37 107
41 103 83
107 101 83
31 47 29
137 181 79
163 127 167
11 67 7
19 181 173
127 149 47
155 71 89
13 59 1
193 73 79
11 37 109
7 179 191
1 103 107
73 149 173
69 127 1
197 5 11
71 61 1
109 101 1
127 11 29
157 199 181
19 1 5
1 79 7
5 71 173
37 13 131
1 5 193
149 163 2
199 13 113
61 67 59
199 65 73
127 41 139
1 3 181
157 191 127
83 173 59
3 101 17
149 149 23
2 61 137
83 191 199
131 157 139
5 19 149
59 149 37
178 71 97
173 23 1
87 107 43
157 178 163
197 47 73
181 163 197
149 23 197
97 109 41
149 67 11
3 131 83
89 1 137
41 179 173
71 191 113
139 61 71
1 1 151
17 1 103
1 3 199
47 181 13
73 59 37
139 173 1
13 71 101
79 179 89
97 9 59
166 103 157
29 149 83
197 163 167
149 167 37
43 29 23
29 59 155
29 5 1
179 13 94
47 31 37
29 137 161
103 123 83
59 86 151
109 179 5
163 179 167
179 122 167
179 155 131
181 181 41
101 149 1
197 3 31
167 59 37
157 7 163
89 67 149
19 1 79
73 11 101
173 179 127
17 197 191
137 83 11
139 101 41
1 11 107
13 127 107
29 103 181
89 5 5
11 13 2
199 73 83
97 71 137
2 113 118
103 151 183
107 101 17
11 157 13
3 167 109
1 79 89
43 191 68
107 37 167
103 141 37
97 94 31
73 23 131
1 181 79
61 43 137
131 1 1
109 43 131
89 191 31
139 127 137
29 3 163
31 1 29
193 37 127
5 83 89
197 137 173
1 67 149
1 59 181
199 103 53
101 118 181
17 83 17
17 29 59
149 131 94
71 1 79
47 31 181
197 43 193
109 31 191
107 67 97
53 113 1
157 89 67
89 103 1
197 73 1
107 59 97
181 181 53
151 11 191
1 97 1
1 101 5
157 31 1
101 11 1
191 61 1
87 79 163
1 151 1
139 97 167
101 43 199
83 173 59
29 193 37
14 111 3
19 137 151
193 43 3
41 38 137
53 11 149
97 131 151
47 41 103
139 23 3
29 191 53
73 83 67
167 149 46
41 131 107
167 163 127
73 89 131
154 57 103
149 11 191
199 53 197
193 31 29
47 5 183
53 47 139
19 139 157
71 13 193
109 179 113
53 29 179
193 167 19
137 109 7
1 37 127
58 107 139
173 137 103
1 34 47
83 127 41
199 181 131
107 71 127
139 11 1
157 41 31
53 149 167
7 127 1
167 179 87
11 41 1
47 197 113
157 1 3
157 3 89
127 107 107
1 71 1
179 7 151
23 79 53
5 139 109
139 91 101
89 149 149
109 151 191
1 59 131
43 1 107
113 193 9
3 149 197
83 151 107
157 139 197
113 157 151
191 29 157
179 17 127
199 1 19
139 137 83
73 17 107
67 127 97
31 191 185
71 13 137
11 107 7
23 19 97
19 61 1
181 41 1
103 191 79
59 193 167
41 79 191
179 137 193
127 43 5
43 37 103
38 173 73
197 41 197
31 127 29
97 47 23
1 163 11
47 5 113
59 94 113
151 131 67
53 197 1
107 113 59
11 29 1
41 41 97
37 179 7
191 67 83
1 97 173
83 17 107
79 179 137
191 113 23
173 109 13
107 193 2
151 167 79
179 73 1
199 103 197
113 103 179
113 139 3
1 109 127
199 47 29
61 47 1
59 47 131
139 103 151
79 83 191
167 43 41
37 89 151
67 19 199
1 97 13
83 191 23
79 103 1
181 53 89
1 151 53
157 73 199
31 97 1
181 1 79
3 23 109
149 47 167
127 73 79
199 83 193
101 109 17
167 1 107
119 79 185
181 73 101
29 179 179
29 101 199
23 1 71
3 53 11
197 1 139
2 181 199
1 127 103
151 29 17
61 97 17
89 43 179
179 29 79
29 113 29
103 71 79
1 5 37
1 179 83
71 41 61
31 41 1
79 129 19
193 1 1
157 1 157
199 67 131
157 43 199
79 1 1
29 178 163
151 13 1
2 109 41
149 181 109
1 79 1
131 23 83
53 1 53
181 71 5
157 1 157
157 199 197
107 1 11
29 43 23
38 127 181
197 1 1
43 41 197
103 29 89
89 61 23
169 23 47
1 119 23
23 37 7
181 151 71
113 53 41
31 173 137
109 41 113
127 61 137
13 197 83
173 191 13
3 107 11
59 37 199
1 103 139
107 89 19
31 193 61
47 101 113
67 73 19
179 53 37
37 7 53
89 1 107
37 34 43
47 97 181
59 113 1
13 123 3
23 3 101
83 151 193
151 97 53
59 158 173
167 19 179
151 109 37
53 199 157
79 73 2
37 151 139
167 167 191
1 11 113
59 139 179
157 47 1
179 55 67
163 163 113
89 73 101
1 5 103
29 3 79
151 2 101
67 5 83
137 53 41
79 101 19
131 107 103
181 73 73
179 191 197
173 97 173
97 107 11
139 197 101
127 167 199
89 1 127
47 61 181
13 139 179
79 1 59
73 129 65
49 29 161
197 131 97
13 53 163
163 113 7
9 191 31
61 61 107
71 67 23
97 23 69
83 89 197
71 83 173
11 131 71
166 179 53
1 191 37
41 17 29
197 1 79
181 67 71
11 181 41
55 19 199
1 53 7
197 89 113
83 139 131
131 181 109
23 107 1
113 113 157
13 127 17
61 113 1
113 191 11
181 157 37
43 11 89
37 57 71
131 179 41
163 38 71
199 139 61
123 1 199
83 83 101
71 101 151
3 149 97
139 2 11
1 137 1
41 71 199
163 151 1
59 199 7
13 1 166
13 1 1
1 167 1
43 79 157
11 2 123
73 29 89
71 73 53
61 61 197
149 191 101
53 29 2
29 181 1
199 127 137
151 59 97
146 127 47
113 19 43
173 67 191
31 47 179
47 13 79
97 191 139
53 181 179
61 3 101
13 17 127
193 1 151
7 163 53
3 58 61
103 163 149
17 71 127
167 23 37
41 166 127
67 2 83
103 71 83
149 1 197
37 157 103
53 103 7
31 7 73
43 59 17
193 101 149
43 37 47
103 67 139
163 197 193
53 93 193
17 79 167
149 1 113
139 53 103
113 199 137
167 131 163
11 109 31
191 89 113
53 139 29
79 1 89
179 71 131
113 127 1
113 157 1
19 89 107
41 37 97
1 199 197
139 173 53
5 127 17
19 53 163
53 149 193
107 107 193
107 197 127
197 199 181
79 139 29
89 1 163
149 197 53
179 31 113
134 97 13
181 109 67
1 113 1
53 53 13
199 1 2
37 193 103
5 73 127
23 19 161
109 1 31
199 139 61
31 79 103
67 59 199
139 131 7
47 11 197
2 137 199
11 17 43
139 173 146
43 1 103
89 17 179
7 19 131
77 61 1
71 5 97
131 7 89
73 113 113
71 113 43
101 7 167
191 173 151
17 199 61
109 5 193
142 109 137
1 11 23
199 26 53
97 53 197
173 1 43
179 167 89
1 73 7
97 159 67
37 101 89
119 37 79
89 79 127
59 13 173
41 127 191
193 17 1
11 109 151
29 61 5
101 1 23
131 131 47
7 107 137
95 5 109
181 193 197
13 142 79
37 1 107
41 131 149
1 181 1
59 161 1
47 11 29
97 47 11
199 31 193
75 31 1
139 17 5
37 29 31
151 1 115
73 5 181
163 199 101
181 53 137
38 11 1
133 79 109
89 151 1
127 193 37
13 97 37
41 83 127
23 149 173
127 167 79
13 47 61
79 71 1
59 127 61
113 3 157
29 167 179
179 59 179
1 109 193
1 71 7
19 37 181
29 127 37
1 67 47
179 167 167
7 13 1
163 193 6
157 173 101
122 87 109
73 191 47
159 163 129
41 107 71
37 59 59
7 1 2
71 19 47
113 11 149
37 113 193
159 1 43
83 1 107
2 1 3
23 161 73
1 127 113
31 127 131
1 107 47
23 139 101
159 85 113
1 197 5
61 101 199
107 11 29
31 173 47
157 139 101
23 19 137
163 53 59
167 73 131
1 14 1
62 107 43
129 179 5
1 97 137
149 1 41
173 3 163
193 29 193
37 61 149
137 43 1
97 97 59
131 43 61
13 97 1
71 141 107
1 1 151
193 103 197
47 67 1
79 127 199
137 197 23
79 7 121
149 149 193
57 58 107
179 1 137
137 41 103
103 89 61
137 43 13
71 1 29
181 173 3
137 53 109
29 13 10
1 127 19
83 23 47
181 103 1
1 197 7
37 103 41
22 157 83
53 17 97
23 191 83
167 59 53
37 193 101
19 23 53
139 79 43
23 163 43
167 41 193
29 5 113
65 107 1
191 61 73
53 37 151
101 2 79
127 23 179
173 1 43
193 19 11
41 181 71
167 167 197
191 71 137
47 137 97
5 1 191
2 61 179
62 181 13
109 61 163
37 101 107
31 53 151
101 139 107
17 103 107
23 61 29
142 11 179
173 127 157
179 131 5
199 191 7
7 181 167
127 1 29
103 131 61
173 185 173
83 137 89
131 89 197
107 79 113
1 101 1
191 113 115
97 43 53
137 113 149
131 1 149
157 7 113
79 61 113
109 29 37
197 17 127
61 197 71
127 167 73
127 73 139
19 197 1
167 113 163
101 67 6
103 163 97
59 127 191
103 29 29
86 181 29
127 1 21
29 61 101
191 83 157
163 1 47
5 1 23
178 59 1
97 127 51
89 59 1
127 107 67
67 163 79
89 31 179
23 181 7
1 139 173
107 61 23
197 103 29
1 191 5
101 139 71
73 37 173
179 13 173
89 1 59
17 107 131
191 193 23
139 43 131
167 157 179
7 1 13
23 37 83
103 19 5
67 113 26
11 1 53
131 149 167
155 17 1
73 53 31
151 1 139
61 107 53
137 67 167
199 179 23
199 41 79
167 67 5
179 41 199
23 127 7
173 173 47
199 53 29
197 131 62
173 187 127
167 157 103
53 37 29
37 1 43
1 3 41
2 163 1
103 149 181
1 1 193
199 37 101
113 157 191
71 1 67
1 139 167
127 13 139
41 14 107
163 107 17
101 119 73
137 101 127
173 79 173
13 13 11
1 67 89
1 163 11
83 167 113
199 101 131
2 1 199
191 157 19
3 191 67
179 41 151
11 17 1
179 137 149
37 191 131
87 19 1
52 97 37
19 47 1
17 149 103
197 47 181
19 101 181
1 191 53
13 107 199
79 1 17
31 41 23
197 19 1
53 79 59
181 61 113
13 71 97
37 131 17
19 193 1
1 11 137
1 59 181
89 179 157
113 1 19
1 7 199
83 43 77
191 11 1
1 173 141
3 173 101
101 139 53
83 1 127
5 149 197
67 83 163
19 179 71
127 193 59
127 57 61
139 151 97
47 127 31
191 157 157
83 23 71
137 193 113
113 13 137
95 163 113
131 197 199
1 83 73
5 1 23
151 149 137
59 157 83
31 19 83
59 61 79
53 5 127
167 1 1
17 191 181
1 137 127
49 23 179
173 37 3
13 89 149
118 181 71
19 97 1
197 151 83
137 43 181
13 43 89
191 83 53
146 173 23
71 1 199
67 151 173
199 181 43
71 101 111
149 31 139
5 5 149
173 107 101
109 149 1
23 199 193
103 65 181
1 101 5
113 107 127
103 37 173
197 101 23
197 53 101
61 37 19
11 194 83
67 113 179
149 1 107
181 101 157
137 107 86
3 149 1
1 107 137
103 199 1
97 101 79
71 113 59
197 109 29
97 1 167
199 47 113
43 41 13
1 193 197
131 193 107
109 179 7
37 89 83
59 37 83
167 131 89
29 149 199
23 1 61
113 163 109
1 151 173
13 149 197
59 59 53
199 83 11
1 5 139
19 37 127
193 199 53
109 151 151
23 11 2
179 59 103
193 109 173
173 1 74
149 15 53
113 19 47
23 19 97
103 199 11
127 131 31
89 109 107
163 157 151
113 163 157
199 131 37
73 2 197
139 197 13
59 31 3
3 43 23
127 53 1
193 89 127
89 29 31
67 199 1
197 17 167
61 1 1
139 107 47
157 47 67
5 73 151
41 109 139
23 31 89
67 149 89
181 1 97
41 2 151
41 73 191
41 83 131
131 89 5
5 77 1
137 167 7
1 167 191
89 13 159
19 53 193
7 23 1
37 35 29
167 19 1
1 197 47
3 73 163
199 7 145
41 47 73
67 41 173
74 158 103
1 19 89
43 179 183
193 173 23
47 131 101
67 137 137
13 181 89
41 193 145
1 1 83
71 178 179
83 139 89
1 1 13
61 191 127
11 5 127
109 173 179
17 23 157
113 1 79
19 127 1
31 59 197
83 73 71
7 11 149
181 37 149
137 47 173
17 11 199
179 151 149
1 47 83
29 151 79
173 151 107
83 19 149
61 69 83
83 79 173
137 23 107
1 197 193
1 67 11
1 83 181
13 47 107
71 37 1
179 7 11
1 157 1
113 67 193
191 1 197
73 23 47
37 109 149
3 11 127
79 163 109
151 181 181
197 1 139
151 29 73
65 73 173
173 137 1
131 163 71
59 89 193
53 101 97
7 53 97
94 97 3
157 79 73
101 167 101
7 167 106
197 47 191
2 79 1
11 193 157
19 181 97
1 151 107
197 59 73
43 3 59
199 1 73
103 139 115
139 109 199
101 73 19
47 29 37
139 113 79
103 47 109
151 181 59
89 151 197
3 29 157
1 31 89
163 163 1
41 1 193
13 109 191
89 1 23
23 23 163
67 179 59
179 17 1
53 61 149
31 83 1
67 29 103
3 17 29
113 107 199
191 1 151
157 89 109
1 103 181
113 71 197
133 107 139
73 43 151
127 83 53
71 1 191
89 5 199
191 61 199
157 19 139
79 71 127
131 13 59
3 107 1
13 199 83
71 93 109
157 181 181
149 1 101
37 199 131
73 151 29
17 79 137
79 61 86
19 23 46
7 143 1
83 191 1
139 29 23
113 131 73
69 179 1
58 199 67
151 97 73
1 79 19
139 151 1
1 107 59
23 197 163
139 11 157
179 13 199
193 67 137
11 101 61
77 1 29
13 179 1
131 29 13
83 7 131
19 17 139
199 103 53
109 157 59
107 67 83
3 11 11
13 163 1
7 59 73
103 199 41
61 173 158
151 131 199
193 97 137
103 193 67
109 89 183
139 71 61
1 97 19
191 151 37
131 161 47
151 1 147
79 127 177
11 1 1
61 5 129
23 107 31
29 61 61
31 13 19
23 191 37
29 107 101
97 83 1
19 13 131
73 47 7
155 53 1
131 11 43
7 137 167
23 1 3
139 151 29
19 67 199
193 163 103
41 13 47
163 101 1
13 157 137
1 29 163
101 83 101
3 107 157
137 5 118
71 37 83
167 1 103
79 107 199
53 107 149
193 41 177
109 43 43
191 1 193
43 43 167
13 1 101
157 79 53
1 137 19
127 1 1
151 151 193
181 199 113
47 191 1
17 1 61
181 23 17
83 1 109
143 58 137
179 127 1
179 197 39
97 113 19
43 157 61
83 113 11
41 79 181
67 61 157
59 181 11
131 67 101
173 5 151
53 199 23
173 107 59
127 103 199
97 157 23
137 19 53
89 151 197
109 29 13
41 1 137
1 113 113
131 61 41
29 1 118
137 79 181
181 149 139
197 47 137
167 107 193
191 109 181
163 127 179
149 79 1
149 103 73
89 71 127
59 109 113
173 199 61
137 29 191
173 47 37
167 1 61
7 193 89
13 167 107
107 181 113
191 97 67
199 157 47
137 7 3
3 61 71
73 181 31
191 1 61
5 137 173
151 107 151
13 1 179
197 173 43
161 13 113
139 17 103
109 191 163
109 97 199
149 131 37
41 83 71
7 101 43
29 137 151
17 139 29
31 5 113
95 197 127
7 43 67
23 29 109
103 19 83
41 109 191
3 47 179
53 103 167
23 127 131
199 41 61
1 181 5
79 191 19
103 131 29
191 1 69
1 157 31
149 179 61
113 191 19
19 37 149
5 178 41
31 11 179
83 11 1
193 103 149
59 137 139
1 131 1
17 13 19
157 139 149
191 137 191
73 79 31
199 1 199
13 131 191
19 1 61
29 13 173
197 11 43
19 149 101
43 137 73
97 37 107
1 67 97
113 53 127
1 79 131
71 19 1
83 7 59
19 19 97
59 107 67
23 181 167
191 41 73
89 107 73
1 142 62
11 97 71
61 53 37
71 197 23
19 29 37
199 83 74
17 1 149
163 1 79
59 53 61
29 122 59
157 89 79
31 79 71
1 149 1
101 59 89
5 127 53
103 197 97
103 19 89
106 123 3
13 1 107
199 59 53
17 1 17
107 13 61
139 101 19
169 13 181
11 71 181
79 103 23
137 101 101
1 181 37
1 157 199
137 109 191
5 59 199
113 59 47
127 23 197
101 1 197
85 47 2
23 151 19
53 53 101
1 129 173
199 127 5
131 79 13
79 103 43
191 37 179
163 193 11
199 167 61
1 107 65
179 181 13
179 47 83
73 199 53
181 107 109
107 127 17
73 199 59
131 89 97
29 59 2
31 109 139
163 83 181
61 173 127
151 29 59
157 173 29
157 179 59
11 79 73
167 151 1
47 149 179
1 179 83
83 2 71
179 199 157
149 137 7
1 1 197
17 59 167
71 97 37
11 71 79
199 167 79
157 107 139
67 93 131
37 7 37
41 11 67
29 43 7
131 59 59
31 13 139
71 59 53
178 151 17
179 123 113
17 139 73
191 19 53
13 97 111
13 181 131
178 19 1
107 38 197
131 1 157
173 47 3
13 181 199
127 19 31
113 97 83
1 1 58
113 5 67
67 109 51
149 193 197
181 11 59
5 163 181
59 61 1
1 38 103
173 197 107
19 61 1
7 29 41
97 179 157
109 41 13
89 2 163
1 43 101
127 37 97
79 29 131
71 7 67
197 103 89
107 167 109
149 73 65
7 65 41
79 19 1
5 61 1
181 107 151
79 29 41
73 19 5
149 173 43
19 41 167
193 4 83
59 79 173
11 83 41
61 109 7
97 73 155
139 1 17
139 61 29
67 1 1
31 31 157
131 157 41
199 197 1
19 157 3
113 1 191
127 41 193
89 71 89
3 17 47
199 137 31
13 7 61
73 61 9
101 177 37
41 139 199
23 19 17
2 167 43
41 37 103
177 101 103
3 163 43
89 109 158
19 61 103
127 37 79
31 101 47
59 1 1
4 11 1
181 41 47
79 109 83
37 157 127
73 179 131
103 53 193
37 181 1
101 19 167
17 157 41
86 71 113
109 3 89
181 73 29
163 173 1
71 163 79
59 5 1
59 157 149
103 61 7
71 1 83
41 113 61
163 59 5
139 97 67
191 181 23
139 139 157
197 47 83
6 43 103
194 53 166
181 143 199
127 197 131
113 167 53
19 17 167
167 1 163
193 163 31
109 197 19
43 146 71
113 59 163
17 51 19
191 197 1
23 5 197
1 13 14
149 91 167
59 163 113
29 181 17
1 13 167
149 5 59
5 97 1
197 67 163
131 17 29
29 77 43
103 23 149
113 79 107
53 103 137
167 1 59
29 115 1
142 127 59
142 1 1
17 137 131
1 95 79
13 3 71
19 133 101
109 113 193
183 41 131
19 43 53
97 47 47
67 131 1
43 1 127
17 199 109
79 191 19
199 191 179
17 5 113
163 1 1
127 7 1
113 17 107
1 191 19
83 13 101
17 109 1
23 101 53
53 127 47
143 29 29
37 1 13
61 95 79
163 61 131
1 113 131
161 199 73
89 83 199
181 181 71
191 167 47
17 17 139
19 3 173
3 61 43
1 71 83
122 53 43
83 159 197
131 41 181
173 181 131
53 37 193
139 73 173
166 101 11
17 139 59
163 2 67
71 3 157
37 15 191
179 67 19
83 101 5
23 163 31
139 149 191
101 71 163
79 97 2
53 137 43
139 113 103
79 3 199
73 31 1
113 173 26
131 193 1
83 43 17
59 109 83
127 31 89
101 179 181
109 79 107
97 3 31
51 173 13
199 43 109
23 173 23
109 163 173
3 1 97
1 199 107
109 107 1
23 179 41
19 139 11
1 53 23
157 11 151
149 59 109
73 139 41
149 2 71
89 79 1
113 101 191
59 179 179
67 151 151
73 71 173
113 31 89
97 37 151
53 193 89
101 1 173
1 31 61
83 101 87
83 41 151
73 49 151
167 103 101
59 31 197
11 179 193
179 131 151
101 53 137
173 1 31
58 101 167
19 19 61
191 109 113
59 139 101
73 53 127
47 103 83
199 199 23
1 82 131
37 97 149
103 101 137
139 93 1
43 41 61
31 149 83
71 199 89
113 178 199
59 149 29
109 97 19
103 97 1
199 5 1
103 37 91
157 113 163
109 113 173
157 29 149
163 173 1
138 199 1
43 149 127
41 97 149
31 79 97
173 142 97
31 137 1
17 103 7
179 1 47
73 163 41
151 7 97
23 191 173
97 79 5
73 127 7
2 89 31
47 107 107
1 191 13
5 39 11
167 1 19
163 79 79
53 3 29
101 191 3
151 43 43
53 43 89
1 79 193
1 17 29
199 131 191
13 71 31
29 191 199
43 61 13
1 159 73
47 41 41
7 139 79
83 149 131
149 83 157
89 3 197
29 157 1
91 17 23
139 151 1
11 5 61
10 13 137
43 13 107
71 1 127
97 179 185
59 29 107
47 101 37
118 151 89
73 157 1
197 79 101
2 23 107
73 173 41
79 185 83
79 83 1
73 127 137
41 1 7
137 11 2
1 79 173
43 71 139
163 167 2
199 1 179
33 31 1
127 29 71
41 109 1
47 197 73
43 19 23
139 19 199
19 137 47
43 193 157
145 151 71
89 41 67
163 127 71
3 151 1
95 167 89
142 59 113
13 53 79
82 71 41
61 197 157
59 199 71
19 97 59
199 197 193
31 7 11
131 37 197
113 61 107
73 83 7
17 73 29
43 103 173
158 163 47
23 103 131
139 167 47
37 47 51
127 3 97
193 193 5
137 113 163
113 149 43
197 3 71
43 13 181
83 37 43
41 131 53
179 41 191
1 107 163
53 181 97
71 13 53
31 137 19
179 101 151
71 1 17
29 193 173
13 29 59
29 5 199
73 43 163
109 167 23
79 109 43
47 179 3
151 101 23
193 131 173
129 149 151
23 47 53
181 1 107
101 2 1
1 13 43
157 6 41
173 47 193
1 173 149
23 47 173
139 19 67
3 149 151
1 83 107
101 131 137
191 37 151
199 89 11
61 1 67
7 41 167
173 97 10
79 109 23
47 37 107
7 17 59
113 17 7
19 159 89
31 149 137
19 89 157
1 193 23
13 103 163
149 197 193
103 11 71
191 122 83
197 3 1
139 37 79
173 55 19
29 131 43
1 1 1
47 179 59
199 101 71
43 155 191
71 59 51
141 53 1
13 29 53
97 101 193
3 89 73
1 73 163
7 69 191
13 149 17
179 107 5
97 43 1
131 157 197
157 193 13
173 1 47
1 197 67
143 173 97
191 53 113
131 131 79
1 46 157
118 1 7
101 157 101
199 1 109
5 73 179
