2999 3000
101 103 87
159 17 169
157 159 21
137 103 197
95 37 163
31 1 127
47 155 103
103 79 123
101 171 71
95 183 91
101 69 59
21 37 159
181 163 21
187 63 177
127 25 19
31 153 113
185 55 47
167 81 93
139 151 197
121 145 97
93 3 95
33 65 197
99 85 17
161 63 101
187 81 191
43 193 119
1 39 149
81 37 39
135 33 5
79 33 47
185 129 71
49 125 163
133 45 101
99 147 199
83 41 161
179 159 147
123 13 93
159 51 93
95 159 173
127 111 107
55 181 89
83 49 73
33 53 121
83 51 157
123 115 161
83 61 43
199 153 127
153 149 49
15 121 111
125 131 5
11 19 35
59 195 91
111 115 77
65 177 13
181 41 95
145 187 19
3 113 5
151 65 107
73 175 59
107 83 73
127 119 103
121 113 113
141 189 75
21 3 185
61 1 153
47 123 133
65 127 79
129 33 185
105 195 135
187 173 111
105 75 19
17 187 49
111 61 169
17 149 13
121 101 137
45 139 101
171 121 149
109 105 117
7 39 45
179 151 53
53 169 145
143 17 153
3 89 75
151 7 89
157 47 105
95 149 25
15 1 173
119 117 145
61 161 157
11 119 163
83 63 47
3 15 3
197 89 147
3 177 149
49 185 5
197 115 161
101 87 55
17 135 173
83 195 195
1 63 55
63 109 67
181 111 53
175 57 57
55 7 53
145 115 159
59 75 7
49 33 109
185 109 9
179 103 131
41 157 13
53 127 117
165 181 83
125 37 63
35 193 141
149 151 197
127 157 45
159 169 103
67 83 151
73 117 39
31 129 123
157 45 67
41 31 121
181 93 85
173 139 113
123 39 149
185 83 97
57 185 25
139 39 87
55 183 59
87 105 131
35 171 161
65 91 23
63 79 167
1 193 149
39 141 121
121 141 149
9 69 133
151 157 189
133 119 33
37 49 191
113 115 79
3 137 113
187 7 83
83 155 145
127 181 49
67 129 87
41 165 111
101 57 23
19 89 77
67 185 11
181 63 151
21 79 63
133 65 171
87 9 61
171 161 143
99 151 69
167 61 39
25 187 79
17 65 179
1 179 101
167 129 73
151 97 53
15 171 179
129 31 15
89 173 101
41 145 73
5 183 75
193 167 147
161 49 75
139 151 91
171 23 197
67 179 163
37 61 113
171 75 33
47 81 161
191 57 49
79 35 89
149 85 95
197 159 191
51 51 151
177 151 193
61 17 163
25 35 31
5 67 171
189 27 143
149 179 189
183 173 85
69 171 163
27 161 111
181 15 11
35 7 167
53 73 47
87 103 11
153 179 141
83 25 145
61 13 37
33 97 185
107 163 167
67 177 139
185 93 71
95 163 155
169 9 191
175 125 43
153 65 129
177 9 185
95 45 67
95 133 31
59 99 169
139 143 75
31 13 47
193 167 31
107 157 127
31 103 199
199 31 173
111 119 31
59 185 111
191 121 5
193 193 101
135 67 63
147 17 1
19 49 137
79 79 33
183 77 139
117 153 73
37 183 71
125 95 85
149 3 143
141 103 133
9 69 127
129 175 61
177 111 113
159 143 35
139 187 17
93 163 199
75 139 21
73 23 161
77 167 189
83 3 139
57 129 79
31 95 191
45 7 121
187 145 1
77 161 161
145 65 99
83 85 191
9 149 171
175 137 147
179 75 127
11 155 11
105 49 171
15 169 1
159 171 45
121 131 135
185 133 117
173 29 61
25 199 143
161 49 151
141 177 31
95 91 113
143 61 123
17 61 29
187 9 147
21 143 107
153 59 131
181 119 115
83 165 191
133 21 119
13 155 79
103 67 123
163 93 17
23 25 65
31 173 185
77 79 171
137 9 95
159 27 47
125 121 133
49 39 119
3 21 155
69 145 167
65 65 173
91 33 135
63 17 61
141 91 195
53 185 73
79 137 113
103 173 71
45 91 99
65 151 51
113 21 53
179 195 25
115 129 91
133 95 181
127 89 147
113 65 191
153 177 43
125 153 25
119 155 31
69 7 75
91 163 43
189 189 157
117 183 39
115 67 153
5 13 189
173 107 117
55 53 133
7 181 189
65 11 113
175 85 31
139 127 5
31 187 199
117 25 187
183 83 7
99 71 123
5 91 31
161 127 3
141 115 57
151 131 167
139 163 137
169 71 111
157 69 153
181 159 183
63 69 99
39 95 185
129 125 187
161 33 95
75 193 55
7 65 195
73 1 49
47 15 187
19 169 157
177 55 17
45 59 197
45 43 165
169 31 107
105 125 139
3 85 99
67 79 79
67 129 85
185 19 61
153 175 107
9 95 125
67 197 5
13 161 153
147 171 197
177 109 71
61 9 175
139 191 81
171 179 147
191 39 117
69 49 103
165 77 159
161 81 167
25 137 137
195 39 55
7 109 1
15 187 81
109 69 141
87 119 185
125 37 59
77 43 49
153 1 23
137 73 91
75 113 51
17 167 179
125 73 77
15 153 83
83 199 3
3 87 111
143 145 199
185 99 27
185 121 105
57 11 161
171 165 99
41 47 77
113 123 93
171 5 121
73 7 135
159 23 123
103 21 29
1 151 171
25 159 59
139 121 43
7 123 5
53 103 79
175 195 23
85 19 41
195 57 11
17 179 83
141 111 145
93 81 47
51 43 153
75 87 177
197 195 21
99 177 27
197 103 81
15 143 159
177 57 147
155 43 143
67 187 63
51 35 5
95 187 1
85 67 155
183 87 31
63 19 27
165 3 31
109 161 27
165 13 147
9 155 123
195 17 181
133 125 151
23 125 3
195 185 1
185 15 85
3 145 171
5 175 33
71 107 197
83 53 9
141 79 79
61 59 87
91 11 185
119 117 23
103 117 149
117 105 143
167 179 33
45 11 35
151 111 145
107 121 119
185 103 105
149 189 149
63 77 9
179 3 3
199 153 123
103 199 25
81 135 47
195 171 13
105 19 57
129 41 113
31 49 19
123 197 109
105 109 57
11 113 23
67 35 1
171 163 199
105 9 5
179 125 189
197 87 183
141 199 191
189 121 25
89 29 159
103 189 187
15 11 195
153 11 5
19 113 73
133 117 147
57 9 51
47 191 31
45 87 131
167 111 73
195 173 165
89 159 159
99 153 61
15 63 75
127 39 131
149 185 53
61 35 185
53 65 147
43 101 193
57 173 39
29 41 109
93 199 7
45 59 95
107 37 195
145 71 113
33 125 39
69 109 91
37 159 153
137 153 109
13 191 55
55 99 111
157 105 43
121 105 135
157 99 85
133 115 191
57 57 41
69 149 73
29 5 45
181 17 83
75 71 19
77 85 33
85 127 191
189 63 147
191 147 67
105 41 129
163 185 61
15 163 21
19 7 193
139 193 21
113 13 105
197 149 83
27 43 159
89 93 45
139 65 33
85 193 25
173 157 129
135 177 195
47 169 9
39 95 131
155 103 69
7 187 85
49 145 81
143 189 109
111 127 101
103 151 145
163 183 133
139 83 105
11 91 145
9 23 191
113 195 133
99 81 193
147 65 199
137 77 153
167 83 199
21 27 109
3 63 115
85 167 77
81 111 119
7 5 33
105 43 147
89 35 59
155 137 61
135 193 7
17 95 47
147 3 117
9 21 137
177 1 45
191 23 33
101 57 113
143 3 119
81 165 129
17 129 17
115 39 75
9 87 11
117 3 131
41 141 79
43 89 191
65 121 71
25 35 167
131 57 67
199 185 9
127 107 89
167 181 9
157 191 27
63 27 141
3 105 57
91 199 97
117 71 43
151 37 13
111 103 37
97 15 73
107 7 71
87 119 103
183 147 69
9 87 25
17 47 87
15 47 195
189 91 189
129 7 105
135 147 159
149 19 71
59 195 71
179 97 177
29 69 167
19 93 149
169 83 157
15 181 173
9 75 93
15 83 81
163 43 11
85 17 145
183 191 199
79 71 57
147 37 139
143 187 71
131 47 193
15 125 161
89 17 81
173 1 89
119 115 9
39 165 75
133 163 63
3 123 47
39 167 125
129 37 177
177 135 119
5 95 153
21 175 169
21 169 57
137 177 133
101 155 155
167 17 97
193 63 29
159 189 135
101 69 79
35 91 7
129 45 87
9 13 91
177 173 15
57 11 141
11 69 181
27 167 81
91 99 151
183 35 143
155 113 7
45 23 107
89 111 141
5 105 173
83 121 85
197 61 61
65 41 117
135 25 31
35 79 59
173 125 53
85 131 139
107 37 93
121 81 137
131 159 131
51 43 39
15 105 25
159 125 21
87 61 191
165 119 125
89 75 63
21 13 35
161 105 23
43 145 35
105 179 155
147 19 189
155 43 143
185 169 157
45 159 19
67 187 105
141 51 69
153 189 63
161 13 187
9 47 147
189 105 93
111 95 197
57 37 49
25 99 3
87 117 187
75 127 135
29 195 1
17 161 141
133 147 197
179 95 157
189 91 71
187 193 59
127 41 73
129 43 129
47 135 59
173 69 49
71 71 123
33 115 55
83 113 73
81 173 5
173 43 89
165 5 181
5 77 167
151 111 197
189 73 127
163 121 173
137 149 49
51 3 23
67 179 159
41 89 43
187 177 123
193 157 199
173 27 163
83 23 71
155 149 127
181 25 115
129 177 77
35 1 13
119 63 169
7 105 35
183 133 75
43 131 63
69 199 159
91 173 131
41 99 15
65 119 73
43 99 157
147 113 189
9 185 25
19 19 143
151 95 149
81 61 35
183 19 77
157 149 145
159 67 35
77 45 179
177 1 45
193 191 191
177 119 41
195 165 49
193 17 67
157 51 17
79 31 3
133 175 89
199 113 45
147 93 109
53 41 185
147 135 65
65 175 57
133 23 33
149 195 133
103 115 29
133 117 187
11 111 65
123 59 197
119 167 101
63 57 151
197 121 3
171 179 149
195 115 117
93 151 49
7 181 101
29 71 3
139 39 39
197 37 153
69 41 181
125 191 99
45 195 163
23 47 63
43 165 35
193 117 133
77 19 25
147 125 31
187 69 59
127 21 101
71 1 3
61 5 71
159 71 195
111 133 39
75 71 167
191 3 9
113 131 105
143 67 87
11 29 137
135 131 27
41 133 153
149 3 127
19 101 189
55 139 51
31 105 161
33 17 139
69 27 35
135 17 147
163 153 193
197 181 3
33 37 43
139 165 83
39 57 135
179 107 153
187 173 111
109 111 141
39 145 79
55 197 147
7 189 185
91 97 51
33 139 153
197 125 185
157 59 125
63 115 67
35 25 149
51 71 137
195 53 149
191 103 187
85 87 145
181 41 55
119 193 51
43 179 83
5 7 183
119 73 139
47 23 1
21 63 141
73 115 191
175 5 89
165 149 185
7 107 69
199 157 49
81 39 71
87 21 113
161 159 21
87 65 139
149 5 185
167 99 7
171 91 183
119 75 159
25 47 123
87 95 33
125 165 137
147 181 17
9 1 105
73 43 169
181 133 159
183 139 11
179 25 177
53 183 147
5 11 169
99 147 97
169 83 183
53 101 109
159 109 159
1 77 71
133 35 145
175 149 29
1 125 117
87 71 95
1 143 51
149 39 55
31 23 59
131 35 131
39 193 183
19 63 45
157 111 47
105 45 83
29 161 163
3 159 67
145 9 153
185 65 155
111 27 7
145 157 37
41 43 73
7 89 15
23 39 35
67 25 95
131 187 1
89 157 133
97 111 41
65 169 185
195 175 73
151 115 183
99 187 31
91 3 71
33 141 79
57 35 101
149 35 71
105 73 1
119 113 89
87 1 89
165 75 59
81 161 53
171 193 109
173 63 7
113 45 1
149 145 33
87 15 193
63 119 141
175 7 151
177 1 69
155 59 61
115 15 25
107 123 9
75 33 181
119 33 153
65 65 171
183 163 23
103 103 109
13 53 77
13 27 51
175 87 131
191 111 85
17 121 1
51 5 11
83 157 85
53 31 5
119 53 173
21 67 59
179 143 161
5 97 79
91 29 195
105 113 171
25 17 65
133 133 81
195 121 35
25 29 23
183 1 179
49 61 97
95 125 117
191 3 199
123 103 3
141 73 197
61 41 103
193 25 31
115 61 165
143 83 159
49 165 87
13 61 69
41 81 21
45 81 19
51 187 11
123 89 37
67 191 177
91 125 143
55 193 135
41 151 153
5 143 1
65 11 49
147 137 165
131 155 5
21 69 153
109 107 3
3 187 29
129 129 199
121 169 91
177 121 49
119 25 91
33 177 199
73 141 65
29 51 115
1 3 149
107 111 169
199 139 79
31 139 81
199 133 113
25 85 139
49 175 115
27 175 137
71 143 73
121 161 147
29 109 79
139 77 79
77 155 91
119 141 193
155 157 23
41 95 23
15 9 151
93 49 199
139 27 129
99 173 1
7 155 25
85 33 53
143 27 191
187 19 173
145 43 195
39 169 151
153 119 191
105 21 109
131 55 107
7 159 45
161 183 145
99 141 55
125 131 43
145 7 187
91 3 77
163 57 21
185 47 61
5 155 117
163 165 21
121 11 153
9 59 159
149 113 25
183 61 123
95 47 151
97 123 95
153 49 89
103 109 51
161 129 35
127 149 145
137 101 107
99 165 133
115 189 141
175 15 193
125 165 175
153 165 69
1 53 69
13 9 125
141 147 27
89 91 93
95 103 19
163 35 59
151 79 61
165 71 175
33 45 55
197 19 179
155 191 131
163 117 35
109 47 47
1 139 91
7 61 181
145 23 179
23 83 141
93 59 195
41 17 63
163 195 95
155 31 93
175 65 47
21 113 113
65 3 21
125 87 125
53 169 35
135 109 179
97 103 1
113 69 197
109 165 143
139 161 105
107 111 163
19 23 137
127 147 159
13 177 127
183 11 155
195 191 7
3 95 143
71 93 143
139 35 57
99 43 69
113 7 111
39 143 17
91 5 141
67 131 67
181 87 183
75 93 69
171 139 65
167 83 171
105 139 145
147 111 85
57 21 87
1 37 105
5 177 143
137 147 33
127 131 3
19 199 185
159 167 59
41 41 133
83 187 99
193 175 3
13 61 151
153 165 7
35 13 111
85 149 21
15 153 61
119 137 187
189 99 109
31 33 67
121 131 11
95 135 93
59 189 189
129 99 105
45 11 163
193 135 101
145 195 185
185 181 105
85 89 23
21 61 115
55 71 49
93 69 73
81 57 167
85 67 131
199 29 163
133 129 7
127 113 199
11 17 145
99 143 33
159 59 21
135 11 41
3 85 97
163 155 93
29 85 175
57 151 163
89 157 65
3 61 197
123 109 27
67 141 37
29 163 135
39 107 199
27 107 37
183 1 39
171 79 105
123 41 39
183 105 199
43 5 89
151 31 195
93 171 117
159 9 87
65 7 115
77 43 59
77 185 85
155 195 171
99 33 143
107 135 169
15 23 151
149 121 195
119 39 145
127 29 37
135 49 99
81 11 165
171 95 41
69 171 21
5 113 175
139 185 177
67 135 187
187 129 1
129 75 149
159 15 67
111 115 193
121 183 31
119 23 17
89 147 91
105 121 159
89 1 163
25 91 5
153 91 71
131 143 59
147 113 91
165 9 153
147 145 63
73 161 183
19 155 103
43 113 95
147 179 1
37 183 89
31 55 17
77 17 171
189 107 5
101 165 55
45 27 19
109 11 69
63 17 141
79 111 63
161 111 105
49 105 155
103 121 191
23 195 125
33 1 1
197 55 93
25 179 195
139 47 39
155 93 53
169 155 19
81 165 99
89 119 163
9 15 11
5 139 17
5 45 39
163 137 177
141 131 77
189 75 101
185 127 143
139 145 1
7 147 171
31 111 155
149 25 43
87 43 51
35 185 159
173 65 163
103 143 31
81 147 171
7 91 63
57 91 47
3 165 91
17 119 97
147 65 31
189 21 179
77 179 171
143 47 5
85 77 177
31 47 185
25 111 65
21 61 177
185 151 33
9 153 139
73 183 61
93 163 7
73 133 99
23 137 175
99 19 21
49 3 9
159 171 41
125 147 169
75 179 189
27 119 175
115 179 183
77 89 159
9 187 157
49 161 133
67 87 155
173 95 53
145 39 101
91 9 165
175 197 89
93 75 67
175 161 199
63 121 113
49 181 189
113 113 101
199 67 53
95 119 25
133 123 197
45 191 45
43 79 137
21 51 111
183 49 107
7 65 185
187 157 47
99 161 199
165 13 15
187 37 15
13 139 13
5 183 49
187 119 95
37 133 41
189 143 61
53 127 147
9 77 153
169 179 43
87 195 45
123 113 113
61 29 99
45 77 17
67 171 21
105 115 7
47 177 45
175 123 137
155 181 191
135 23 103
129 173 73
145 85 63
173 89 185
49 105 151
125 125 99
39 131 69
119 79 173
43 121 125
23 111 3
149 13 157
121 189 91
111 51 123
199 141 67
103 195 143
131 197 97
165 65 21
149 143 163
69 67 83
179 69 29
95 129 155
189 21 103
143 47 129
187 19 39
181 161 141
177 57 43
147 181 173
89 49 41
59 131 189
127 159 57
55 113 139
179 119 35
27 151 127
149 189 173
13 33 161
175 75 45
155 151 127
3 193 177
37 85 65
99 143 123
11 81 153
35 19 111
185 49 91
79 23 21
111 87 73
91 35 85
145 161 59
41 41 15
127 105 121
69 131 63
53 187 161
177 99 173
25 93 111
47 113 95
37 185 77
73 69 93
137 33 183
179 151 127
187 71 73
119 133 199
9 95 171
107 171 127
199 185 103
15 183 129
199 61 79
173 153 117
5 39 189
155 69 125
129 141 103
167 43 91
165 13 113
39 141 121
23 43 133
5 75 131
169 155 147
121 71 49
63 59 125
133 87 33
177 95 91
21 185 21
137 1 91
77 25 55
25 157 93
99 193 115
53 43 23
123 91 193
85 121 17
173 153 81
67 45 117
155 169 93
59 59 113
83 113 51
145 109 31
137 127 159
83 149 59
77 141 15
197 63 139
55 143 127
3 163 3
171 55 69
133 73 127
149 27 89
57 161 77
183 121 21
35 179 61
81 193 143
143 35 123
189 163 121
151 165 79
109 139 81
85 169 51
111 59 183
73 135 35
97 155 91
75 119 177
171 165 11
7 87 195
73 111 137
141 189 29
183 69 83
153 23 193
11 109 181
49 143 93
107 137 69
25 113 69
93 29 143
179 23 17
91 65 127
79 93 199
53 177 45
75 73 27
185 53 83
127 49 93
65 21 45
81 89 151
109 135 175
37 153 67
101 79 151
97 183 145
177 131 127
49 61 179
7 145 55
159 141 143
181 187 69
173 137 37
13 17 119
165 187 131
147 137 167
33 81 171
163 9 173
25 91 149
169 145 103
109 87 13
199 61 171
137 1 55
153 119 133
139 51 145
181 121 109
61 197 159
173 169 193
65 21 59
113 123 187
105 135 59
69 11 73
69 65 71
189 101 7
143 45 63
167 57 107
163 17 87
35 113 51
57 75 25
83 63 193
19 25 9
133 97 113
101 73 181
3 183 155
47 47 47
9 57 189
25 143 59
41 193 127
115 121 65
81 17 121
107 27 5
107 43 127
179 129 163
67 83 63
113 129 65
169 21 17
15 79 25
7 109 153
33 175 193
49 199 107
75 107 93
23 33 199
151 99 105
33 163 189
161 131 55
181 51 71
163 179 143
177 131 157
55 27 67
53 39 3
161 131 53
97 129 31
197 137 53
159 29 3
193 83 139
45 57 99
127 199 183
59 59 51
189 31 27
27 33 81
157 189 37
189 125 197
31 177 199
59 85 195
47 23 57
7 27 153
7 113 197
169 163 29
103 93 87
41 77 179
29 115 7
153 15 67
35 13 161
23 111 95
149 167 57
79 121 103
193 21 111
59 49 21
153 39 93
133 19 197
151 129 37
71 195 169
83 59 27
99 153 165
65 11 91
89 17 39
15 127 119
167 51 15
7 145 73
129 45 129
57 185 63
51 153 117
15 83 187
167 47 175
177 137 73
195 81 41
25 199 35
181 117 49
125 189 15
73 119 125
57 85 53
113 1 109
197 93 65
147 67 79
85 43 149
165 83 127
67 21 25
183 69 153
75 189 133
193 113 161
181 71 33
183 83 193
75 147 11
45 129 111
87 79 57
73 109 45
95 37 113
67 189 83
55 123 65
73 187 45
143 21 37
25 117 19
77 31 105
109 141 83
91 199 31
103 147 117
139 61 93
33 143 187
59 113 55
45 157 13
169 97 85
191 19 131
21 27 61
163 109 137
65 139 149
11 159 145
71 157 47
119 143 91
31 101 123
91 115 85
91 103 129
111 35 3
137 199 193
151 39 13
193 187 79
57 131 143
13 83 59
155 173 33
161 199 151
179 83 85
185 115 175
123 117 171
121 109 81
159 27 121
147 105 71
181 153 169
63 11 25
139 43 37
137 99 95
19 183 55
135 63 137
155 33 123
169 17 45
195 137 167
3 9 125
155 81 175
165 105 61
113 141 27
11 35 167
193 195 103
159 131 27
191 157 65
7 3 123
49 169 91
161 197 85
41 77 89
145 41 43
85 67 113
23 33 129
121 41 139
53 171 35
9 139 195
115 61 89
187 153 1
89 37 49
165 29 9
5 177 153
175 193 97
113 121 85
153 59 11
27 197 133
165 95 89
129 89 1
81 89 117
23 41 103
51 153 95
27 105 163
19 105 71
43 189 47
5 199 159
3 35 15
97 123 41
185 125 109
177 145 37
121 151 23
73 47 45
81 9 199
185 81 131
173 127 53
77 189 97
111 3 101
35 147 7
63 159 9
7 99 97
157 121 75
3 69 195
117 69 173
197 199 53
27 51 39
15 51 115
17 153 191
67 63 7
25 71 145
123 169 7
149 147 117
17 45 177
85 17 85
83 71 1
39 13 197
89 127 23
145 23 141
9 133 157
79 77 127
151 187 151
97 7 177
143 183 125
159 67 143
133 171 27
49 71 15
81 93 157
7 137 45
139 93 95
119 19 103
9 73 181
15 51 133
101 175 133
73 21 75
43 49 139
115 167 175
111 123 25
49 71 105
45 165 111
169 171 153
41 153 71
195 189 79
171 121 197
95 101 97
143 39 73
13 117 117
39 141 31
15 45 45
179 59 93
151 11 43
7 185 11
99 63 51
123 163 151
127 165 25
69 37 119
187 153 167
127 87 179
77 37 19
135 129 33
51 171 115
35 85 169
3 41 79
69 191 81
33 15 109
175 133 35
127 99 105
119 183 195
155 105 121
187 41 101
63 59 141
147 133 191
187 11 129
177 197 35
95 105 105
133 43 41
31 51 15
117 45 47
21 71 165
165 171 23
25 111 9
157 5 175
71 135 123
67 73 13
75 177 191
119 19 189
169 33 121
119 183 57
189 147 173
159 73 99
71 83 63
179 161 191
17 83 147
91 97 19
171 191 189
93 179 65
127 101 87
109 61 55
161 33 173
33 35 65
19 99 25
181 89 199
167 141 177
63 159 99
157 51 189
41 115 159
45 1 53
105 161 83
137 37 95
77 103 159
79 127 97
167 29 115
11 109 199
73 7 167
125 195 133
39 59 195
41 15 35
105 1 79
141 95 183
43 159 23
73 55 3
101 73 81
11 73 49
17 143 163
117 179 37
175 173 161
93 111 199
93 93 143
91 179 47
49 3 93
7 5 135
81 191 113
57 39 13
103 105 127
185 141 145
159 101 165
173 5 43
67 147 135
45 99 131
151 191 21
61 29 175
51 141 181
193 59 165
97 185 125
39 33 27
43 197 13
47 39 75
99 77 151
101 7 17
195 133 167
23 107 117
69 87 177
127 157 131
15 81 123
49 13 21
149 129 163
93 107 5
169 57 157
81 179 55
13 145 59
119 61 53
109 143 179
169 73 47
51 197 77
167 121 93
95 83 45
105 191 193
161 147 189
139 105 159
83 163 143
49 15 155
191 99 177
63 145 189
163 127 159
83 123 113
69 167 79
165 63 77
15 53 181
25 115 45
187 57 89
107 115 75
5 195 123
53 87 17
179 45 81
5 61 147
171 43 135
139 119 3
191 3 71
9 153 87
169 41 111
187 19 1
181 143 11
67 159 119
17 143 77
77 91 55
121 25 61
143 131 135
51 3 73
3 193 167
147 7 175
165 111 47
107 123 33
171 145 13
113 21 185
107 181 1
131 145 181
167 79 5
169 57 149
65 127 199
71 7 105
181 53 51
7 87 15
153 3 27
77 91 101
57 195 117
1 177 25
185 181 59
41 33 25
71 31 193
77 135 161
35 89 31
121 9 117
27 35 27
119 135 83
17 155 161
97 179 17
79 39 123
111 63 107
47 161 51
85 121 121
175 57 103
183 77 137
121 103 57
159 91 187
113 51 9
93 171 27
35 93 123
97 103 105
161 153 121
83 179 71
43 81 155
119 17 33
125 177 15
15 163 39
169 77 197
45 7 111
41 129 107
145 139 141
1 163 141
179 33 103
59 91 89
75 125 35
51 43 57
119 83 85
195 183 5
1 197 173
33 103 121
171 147 163
37 193 11
69 95 11
161 87 191
189 25 49
31 81 125
113 165 79
97 169 197
93 47 191
101 167 95
151 33 129
143 43 3
141 55 41
27 149 13
155 101 77
35 25 65
105 9 97
177 5 113
127 101 113
199 99 111
31 131 11
179 39 161
137 79 105
85 195 45
185 73 177
115 41 35
123 137 71
31 155 79
35 67 55
135 177 183
169 187 181
7 53 115
189 61 93
185 9 29
161 89 17
1 125 107
139 99 21
93 177 47
63 135 181
41 21 17
131 105 55
87 125 23
147 17 31
157 151 19
149 71 107
73 177 67
171 197 69
51 147 111
187 129 107
111 49 169
17 103 113
141 29 45
61 163 131
115 87 183
187 193 43
163 165 191
65 137 65
115 47 139
43 57 191
91 129 177
97 43 87
31 191 7
193 25 51
79 111 113
177 153 27
141 145 13
77 113 81
27 51 49
187 41 163
115 121 111
61 113 1
155 119 3
85 171 33
195 187 129
149 13 113
197 131 89
109 115 29
159 163 105
105 29 35
25 139 21
137 45 39
161 151 101
35 183 159
125 15 43
137 127 143
171 15 91
189 147 87
151 155 99
85 189 57
23 9 161
171 153 187
121 157 27
7 115 91
23 63 29
149 5 153
69 199 195
15 85 165
171 183 155
63 143 9
177 105 197
129 195 125
85 125 95
103 121 17
165 149 23
169 7 149
71 1 3
155 69 71
41 127 189
89 137 159
97 37 23
195 161 103
119 57 31
143 177 115
93 103 17
99 53 87
99 55 55
71 125 127
199 113 185
39 177 131
75 103 19
37 5 115
197 35 109
173 53 131
75 69 75
127 59 71
85 19 73
9 49 75
27 33 145
3 67 143
9 189 181
13 7 57
151 19 197
3 55 193
175 129 69
35 103 47
53 175 79
101 153 163
37 97 77
9 41 103
197 125 9
109 85 17
127 81 133
181 177 83
13 45 189
19 197 163
97 75 101
49 37 57
147 113 157
91 119 99
119 127 107
5 47 7
189 83 115
167 165 147
115 57 31
111 21 45
89 25 167
127 83 65
143 143 113
63 41 163
93 51 157
45 163 77
127 77 185
197 127 173
53 159 43
177 107 63
3 73 173
189 41 63
131 155 93
173 21 35
127 179 1
89 159 95
71 143 43
197 19 169
59 63 165
165 125 123
143 1 3
183 167 5
41 163 97
63 199 29
145 103 1
7 101 127
149 143 121
71 113 191
133 181 187
161 7 47
67 11 115
33 119 57
197 17 145
99 149 89
1 149 55
7 179 199
149 99 109
165 193 57
51 181 33
161 131 69
171 45 31
195 7 97
115 151 33
63 39 133
115 199 31
197 197 137
1 107 143
193 67 195
173 3 65
103 73 115
53 103 75
59 103 151
113 39 145
55 173 163
53 107 25
155 43 139
61 89 135
31 189 135
35 53 129
11 71 5
113 145 13
119 199 65
157 47 123
33 9 139
141 33 193
87 75 47
81 115 1
69 153 165
25 185 99
95 191 37
143 3 47
143 171 63
189 197 181
199 135 43
135 31 179
115 77 119
29 181 111
181 49 191
167 149 163
61 89 187
167 137 185
137 199 127
133 85 69
171 31 163
1 9 65
183 33 199
163 143 17
13 37 45
65 199 131
153 89 1
193 73 61
193 103 27
181 77 67
115 39 103
123 103 73
59 5 73
105 23 55
141 171 123
43 101 39
131 5 103
107 65 159
11 195 153
87 165 49
29 67 133
131 139 47
39 117 73
61 75 133
33 197 37
37 139 83
147 145 125
115 105 161
15 161 67
179 9 181
47 141 171
185 91 199
5 163 129
81 199 169
181 141 133
121 23 69
65 51 11
169 11 157
129 183 71
41 67 85
85 39 65
175 37 15
43 71 103
41 39 109
85 75 189
11 145 73
63 155 193
177 15 59
159 85 27
27 75 61
169 43 5
5 57 195
75 63 73
17 171 115
93 63 61
37 137 145
95 129 61
109 91 123
97 119 3
75 83 67
117 191 197
77 185 165
141 59 169
15 77 149
183 137 165
119 187 161
151 47 101
43 73 195
65 75 7
51 141 9
41 137 83
131 5 105
93 175 181
169 27 25
11 191 41
197 57 23
147 157 45
123 57 99
101 167 141
43 175 5
83 163 159
89 67 105
167 151 35
193 81 127
87 25 95
143 151 105
101 195 5
61 93 55
27 139 177
3 47 79
69 7 25
135 111 11
189 145 3
69 175 169
93 173 65
43 79 153
141 187 199
35 147 3
77 123 63
123 105 91
129 33 197
143 45 65
191 47 103
165 121 91
139 185 65
121 41 157
11 41 105
157 43 45
185 107 183
193 101 59
27 1 183
175 65 15
125 71 159
149 161 53
135 25 19
175 87 61
119 191 85
163 35 95
173 19 53
177 181 141
177 163 133
41 83 63
15 41 141
175 93 171
105 15 119
95 75 53
189 159 133
23 159 51
145 115 117
31 55 89
193 91 65
75 59 41
19 103 185
17 73 199
31 193 79
11 149 87
73 185 181
31 37 169
49 57 95
7 147 145
99 115 175
61 61 71
163 149 51
37 149 69
133 131 85
81 121 21
67 5 135
7 173 7
63 171 143
113 19 191
29 97 199
193 73 1
141 123 165
89 191 127
123 181 67
43 105 199
47 39 185
123 149 155
199 195 161
121 91 127
19 193 41
91 193 173
13 157 165
107 187 105
191 55 99
199 157 21
141 141 169
91 95 119
85 159 43
175 87 145
167 31 65
63 3 83
123 167 77
15 175 193
69 177 101
25 199 195
71 71 195
165 189 135
125 135 129
115 79 119
145 145 93
147 131 165
17 9 131
95 1 55
73 5 69
175 105 41
45 99 169
137 137 39
177 171 109
55 89 137
103 85 51
35 153 195
147 85 45
51 43 165
57 15 59
161 55 131
163 127 9
3 71 53
77 83 95
165 19 71
155 173 29
107 167 133
95 115 71
137 79 17
151 41 67
109 77 27
37 85 91
107 43 53
189 137 161
111 111 37
83 139 107
153 175 61
67 45 71
49 165 167
89 33 103
165 163 55
155 55 163
197 11 103
37 171 113
51 113 101
189 19 115
69 183 197
113 53 149
79 19 119
15 27 167
81 185 57
135 147 125
147 155 183
21 67 179
37 73 119
55 187 169
141 185 63
195 37 131
117 157 43
143 123 25
127 83 143
179 113 25
133 95 63
103 75 9
175 97 135
163 67 171
51 129 131
191 163 71
147 109 169
175 135 87
57 181 29
73 109 61
169 173 143
147 85 75
43 19 177
13 95 57
45 25 123
7 199 173
117 169 163
155 55 15
135 187 189
45 47 149
17 189 23
5 167 191
25 49 41
23 105 83
47 27 97
45 103 141
13 169 53
171 87 169
159 75 123
109 129 161
3 151 109
73 45 125
121 85 131
129 167 59
59 167 81
65 13 31
139 65 179
25 33 97
5 59 67
133 123 129
187 33 143
31 61 145
115 95 17
185 153 43
57 137 75
69 71 135
37 51 103
69 51 41
31 21 171
153 151 175
185 93 11
47 141 197
141 61 27
199 7 45
39 83 133
111 121 189
65 23 57
115 169 93
135 139 65
85 113 199
81 123 57
125 23 41
91 153 191
97 197 37
83 129 139
3 23 177
131 79 191
99 77 55
37 45 169
149 45 105
175 101 93
101 45 79
53 141 3
153 81 93
185 19 95
7 99 177
87 91 181
67 145 111
111 19 113
155 123 149
159 119 1
5 197 79
145 105 179
129 101 31
147 195 87
45 77 71
39 161 79
89 175 69
107 87 135
133 35 149
51 35 105
153 113 167
161 195 171
61 129 19
161 15 51
141 85 197
101 67 147
75 135 89
161 173 177
99 123 83
37 131 15
149 97 171
47 173 27
175 95 187
189 147 151
177 47 15
45 97 155
83 187 159
57 163 33
83 47 97
117 165 195
13 39 31
89 169 83
89 59 129
139 115 7
185 129 195
83 189 173
173 51 121
135 85 3
85 85 163
51 185 149
193 119 65
163 107 183
21 139 71
135 147 63
169 141 1
61 17 91
111 41 77
99 149 49
185 111 183
73 61 173
191 29 127
1 11 119
141 187 185
87 49 111
131 155 149
53 149 117
93 25 81
41 177 193
57 63 195
21 35 83
153 161 155
165 185 51
151 169 51
103 79 95
161 133 85
109 153 121
37 35 173
13 131 169
77 125 115
111 9 75
177 67 199
161 21 151
33 73 115
17 71 169
149 157 177
101 77 137
39 153 151
169 25 187
199 43 1
111 117 181
81 115 195
103 171 171
79 85 35
149 159 69
9 135 85
189 175 137
141 125 37
71 17 181
113 17 53
31 101 51
49 95 65
19 171 147
9 5 153
71 177 31
109 165 83
83 101 93
113 43 81
129 23 127
49 75 197
149 31 109
43 199 43
13 145 93
123 97 15
99 31 127
65 115 197
165 7 105
111 87 93
133 117 5
113 113 37
47 127 85
45 169 33
191 165 179
191 85 193
23 11 19
137 9 117
47 17 85
37 109 155
155 113 65
67 149 103
97 137 15
67 169 61
135 149 9
19 45 199
31 63 95
143 83 21
159 169 61
173 123 107
189 187 143
139 89 97
179 7 69
149 171 165
1 181 135
45 83 71
11 177 193
93 101 23
61 161 69
87 67 133
75 11 105
67 11 93
75 79 135
149 149 115
129 187 63
13 57 167
93 155 11
195 177 21
155 151 17
127 83 183
137 187 69
51 79 47
35 15 115
183 33 93
169 199 41
131 165 75
85 175 87
165 99 83
19 19 77
101 1 137
191 71 63
175 21 103
93 39 153
125 131 187
123 77 73
87 151 147
165 141 77
167 127 65
89 109 133
91 45 153
65 11 157
85 113 53
125 169 27
159 157 119
139 29 43
193 175 69
37 155 155
165 123 23
73 57 93
21 113 181
31 173 71
47 25 39
15 51 29
171 169 153
105 115 15
79 183 155
139 41 147
61 167 185
21 59 53
133 41 125
11 15 49
35 55 79
87 83 125
159 139 43
179 153 15
161 11 23
107 63 5
73 151 143
37 3 109
77 31 129
195 79 167
153 61 177
35 89 11
77 131 1
135 49 161
145 71 139
111 77 3
61 123 13
63 31 87
197 161 123
75 31 103
135 7 1
23 17 155
59 19 93
107 83 171
83 125 9
63 127 153
185 141 65
121 131 29
185 157 93
15 163 193
21 163 69
141 21 107
159 115 35
145 189 93
69 197 103
101 149 185
145 117 47
179 147 33
135 143 153
1 135 41
67 107 55
89 15 75
3 153 15
95 149 79
91 51 127
143 37 197
165 83 1
111 19 145
157 75 27
195 115 161
103 169 65
21 147 131
173 67 19
25 49 125
75 175 19
111 75 13
99 75 157
21 123 121
1 149 135
115 13 91
189 181 189
39 113 91
105 35 15
153 65 91
33 187 115
107 1 191
87 61 5
9 181 7
63 19 29
179 13 133
161 1 151
73 93 43
11 11 83
75 103 91
63 17 149
167 7 181
27 117 191
111 123 77
129 55 191
141 187 53
45 139 135
41 181 95
53 167 71
155 163 83
171 111 61
83 195 27
199 185 193
121 63 123
81 53 33
67 9 161
109 143 5
195 143 51
161 13 91
123 199 47
137 165 1
131 191 173
21 89 55
83 11 157
39 45 77
151 109 157
197 115 129
139 69 141
57 63 135
55 111 1
19 111 27
115 187 165
3 145 199
13 101 19
57 83 5
71 143 147
89 71 97
157 117 95
123 51 137
33 155 193
49 183 153
35 51 75
85 49 189
185 173 191
67 177 109
11 125 69
185 125 139
101 19 27
57 157 87
11 53 11
193 5 147
43 81 195
93 69 135
65 165 19
145 73 3
173 141 175
99 81 185
21 11 169
177 99 175
135 13 31
139 159 41
19 155 35
193 193 181
157 11 177
133 13 145
177 91 91
161 75 63
173 149 161
175 123 183
187 153 63
145 193 197
3 131 41
195 113 59
109 89 155
123 139 15
13 29 147
193 195 125
141 61 85
167 147 161
119 9 135
15 111 25
147 151 75
163 113 77
155 173 177
93 187 85
25 39 111
21 163 29
81 151 21
131 113 65
43 151 31
153 177 149
7 51 67
25 31 13
197 7 79
87 93 35
125 107 127
191 135 57
143 59 77
159 123 61
13 57 191
189 109 33
143 177 91
79 93 1
85 173 25
81 111 125
189 37 13
27 93 137
87 73 33
113 37 175
75 27 37
183 165 49
159 55 143
157 159 189
129 185 67
39 13 57
179 25 137
177 67 29
153 99 161
191 177 151
121 117 63
85 165 137
43 11 25
3 1 87
91 171 43
103 27 75
33 165 17
3 97 197
101 57 77
181 7 29
97 175 123
165 15 45
177 39 129
81 127 77
51 169 183
79 45 73
147 61 79
147 161 111
5 141 113
115 171 117
89 93 97
105 41 97
47 75 63
173 151 143
47 133 23
195 109 177
159 187 55
121 99 105
61 115 53
135 33 161
133 33 75
173 131 69
47 97 77
101 39 123
137 61 1
45 37 47
33 197 41
131 5 199
149 57 23
181 121 189
119 101 27
153 73 159
49 149 37
87 175 187
51 175 193
191 125 129
91 165 175
97 69 7
57 91 41
179 183 189
183 11 75
55 73 193
107 13 49
81 1 97
161 97 87
85 25 41
155 103 31
23 109 27
17 53 123
1 147 83
11 21 165
83 117 147
97 69 1
1 165 11
1 155 93
25 195 53
33 129 41
45 155 195
99 181 17
149 169 35
73 133 35
93 81 149
161 185 135
29 197 31
183 193 135
81 149 39
113 189 65
69 185 1
153 105 45
121 139 143
159 77 195
39 129 67
127 65 159
27 199 119
19 135 147
167 173 33
61 141 113
149 141 27
53 187 199
97 33 55
77 29 81
7 199 39
71 159 181
69 181 107
107 129 39
185 161 161
125 179 129
171 109 93
61 107 41
197 161 93
129 145 93
129 183 171
87 163 177
171 175 47
99 13 19
165 173 127
47 5 111
155 97 139
165 41 109
29 39 73
175 131 71
157 101 199
25 77 31
199 27 21
115 47 193
191 173 195
197 83 159
197 21 109
143 35 63
181 107 27
111 177 57
13 81 135
193 111 91
21 133 115
67 29 17
143 23 131
25 183 123
149 195 23
183 59 123
195 189 65
75 149 45
155 83 157
171 79 169
7 193 161
35 115 85
57 149 151
143 175 197
139 197 21
101 25 75
89 89 161
39 135 155
25 195 135
103 67 89
1 131 163
115 17 169
167 71 107
143 69 165
43 193 107
67 171 149
157 133 49
195 191 43
189 125 81
159 119 9
89 81 113
9 155 17
185 61 131
53 25 1
149 37 143
121 185 187
157 139 157
51 181 17
177 165 11
199 173 103
79 189 61
137 5 55
199 39 167
127 41 151
163 87 3
53 177 57
95 135 81
75 151 37
39 67 87
115 169 167
105 135 165
109 93 149
149 59 85
93 11 187
179 117 115
157 173 181
195 53 33
145 193 127
11 185 105
85 55 143
19 21 59
111 73 67
73 157 175
83 145 27
1 163 23
173 143 3
131 81 63
27 111 57
11 17 105
67 63 117
191 121 105
63 187 123
123 67 137
171 197 9
133 21 197
77 23 197
61 189 73
171 149 3
187 53 31
51 73 145
75 177 11
167 3 105
137 43 167
133 157 195
153 153 165
79 149 3
171 125 183
119 33 43
173 167 13
149 111 105
31 27 59
33 131 133
181 3 3
137 101 139
193 169 177
45 171 129
169 57 113
1 99 83
167 17 107
183 121 79
113 179 131
43 15 161
149 19 99
153 61 79
123 37 15
197 71 111
55 183 155
57 169 123
73 75 29
97 57 99
179 189 81
195 53 193
117 151 141
177 29 193
119 147 147
189 57 173
75 11 169
43 39 127
119 67 185
79 165 57
67 151 155
121 47 133
175 91 31
5 85 51
55 135 29
17 11 51
27 179 39
169 107 113
35 91 59
105 51 81
159 109 161
5 147 131
1 177 51
85 29 27
123 161 135
133 11 189
15 153 109
25 169 137
19 27 9
71 109 149
83 69 53
29 199 115
7 155 23
139 85 23
3 123 11
117 15 133
69 125 169
141 165 185
167 173 113
179 121 133
151 77 107
55 191 189
9 15 19
197 141 129
119 153 67
37 189 173
161 159 89
125 47 61
3 159 1
123 195 71
105 101 51
95 91 1
13 13 55
155 141 167
11 111 67
199 83 89
157 75 127
107 135 191
171 135 21
165 5 23
67 159 145
61 65 153
177 23 49
117 191 165
131 161 23
117 51 33
191 81 33
125 71 93
163 91 1
71 113 171
31 163 39
95 115 9
117 67 173
11 137 149
173 63 65
127 97 99
7 33 15
181 29 5
177 29 33
193 103 195
59 47 67
79 55 1
145 29 95
185 177 115
49 147 31
49 45 107
81 165 33
13 169 143
43 107 27
49 101 3
95 71 197
55 175 55
83 173 37
59 89 87
109 119 71
155 25 23
119 161 71
191 7 55
1 33 69
7 37 15
77 137 63
53 95 63
25 133 117
17 19 103
39 193 161
167 17 175
127 87 129
133 47 151
71 115 45
11 129 47
147 95 157
145 61 33
181 81 189
103 183 119
97 49 39
113 23 79
103 55 149
53 109 77
167 57 113
199 7 87
95 163 97
59 101 43
141 193 93
27 15 73
75 55 177
1 37 177
55 185 89
67 165 95
125 183 149
35 69 19
199 167 19
3 113 17
195 5 75
11 183 15
169 63 43
109 39 21
93 127 23
163 125 181
145 177 153
13 197 181
83 119 15
197 135 117
105 9 23
87 129 19
149 75 133
187 199 5
17 21 113
47 107 5
127 59 71
123 39 15
41 157 29
79 75 15
89 1 11
121 19 117
99 55 107
97 59 161
23 75 51
129 185 173
91 55 19
33 71 49
189 3 173
167 17 117
169 133 197
91 49 189
51 59 13
13 123 111
89 175 7
73 51 29
127 69 61
197 21 151
103 193 87
121 15 181
53 115 51
5 7 123
167 19 15
91 129 169
169 135 181
19 69 69
191 129 141
11 185 173
109 175 169
123 155 177
37 7 97
147 129 53
165 47 161
93 119 127
131 101 17
103 169 185
33 15 107
121 187 97
95 59 109
155 35 17
161 131 43
193 87 183
145 47 129
63 175 93
67 95 89
37 185 19
155 91 27
141 189 59
199 1 83
139 17 81
69 59 35
61 41 99
107 73 197
185 165 45
81 53 107
169 175 175
59 1 115
151 163 69
151 149 113
71 31 15
33 65 153
177 69 127
49 65 187
117 109 197
73 119 183
49 197 167
153 111 135
21 83 193
169 99 49
199 115 103
169 67 79
141 97 111
5 83 193
17 81 145
135 167 63
37 133 39
147 67 87
135 59 145
33 11 165
51 115 37
23 193 141
119 7 109
3 199 153
187 49 157
153 15 77
85 53 11
151 45 47
113 189 99
125 57 137
39 93 73
135 33 29
141 45 51
141 197 169
93 57 75
107 133 61
159 49 117
3 199 1
95 1 55
151 137 169
45 115 197
181 143 139
27 193 73
23 65 13
81 141 57
117 105 149
165 23 159
165 127 119
165 183 25
7 55 121
121 155 71
167 93 19
63 69 1
127 81 131
67 43 153
173 95 137
99 55 159
25 77 123
111 101 191
165 125 61
119 197 67
115 119 91
183 23 161
169 153 23
115 11 149
9 147 121
63 9 197
43 133 95
145 27 23
69 87 135
169 57 3
89 51 27
15 11 141
169 33 29
179 183 197
29 103 111
39 99 23
75 97 191
101 119 33
93 53 81
149 57 151
1 83 23
115 127 15
149 155 31
131 55 199
137 69 177
139 93 5
35 83 147
57 19 21
111 101 27
71 51 119
57 177 171
183 193 75
43 127 191
97 125 43
167 5 173
163 113 13
149 61 151
167 185 89
67 11 145
21 33 159
199 109 133
95 87 189
21 181 77
49 23 119
157 99 119
69 111 189
33 165 151
123 157 99
37 7 67
175 165 37
83 3 59
73 191 161
159 67 159
181 89 179
81 9 131
95 197 87
165 53 59
121 151 197
127 121 119
197 63 155
199 121 129
93 185 115
65 143 189
153 25 147
161 155 31
63 145 15
115 3 111
169 199 179
91 21 99
153 177 131
177 105 127
161 21 125
7 113 121
31 163 185
89 193 139
33 9 3
139 23 65
43 1 83
63 3 53
39 133 47
49 163 103
173 191 79
85 113 143
47 97 149
143 139 179
55 143 67
181 111 3
85 99 141
89 151 87
125 101 151
89 3 93
79 81 141
191 127 113
193 75 101
131 157 51
177 127 195
89 129 153
91 173 135
41 61 19
141 115 107
143 7 137
127 53 25
53 165 103
31 171 199
91 21 191
17 119 121
49 177 3
21 111 91
185 129 85
99 141 125
107 77 169
159 5 15
27 107 45
101 9 1
27 199 31
49 25 25
25 27 41
135 21 193
169 105 117
13 133 103
89 101 105
93 19 11
103 63 73
113 63 5
15 197 9
143 21 35
73 165 189
93 61 13
101 177 53
33 183 125
37 89 137
55 3 129
21 77 125
187 185 27
183 97 43
107 133 163
175 25 105
35 37 179
13 89 175
195 13 77
187 53 13
191 181 155
171 105 113
155 37 135
155 183 121
191 49 9
15 59 115
53 141 91
45 115 29
163 95 145
15 13 45
101 167 31
109 79 21
49 117 191
33 143 49
81 151 5
43 169 195
183 163 11
3 193 167
97 137 11
13 181 77
179 13 197
163 137 1
183 129 109
125 177 159
75 181 95
149 177 79
111 91 123
103 57 105
145 67 107
29 49 109
145 149 121
83 149 5
11 57 167
187 15 149
73 109 179
49 189 157
139 15 105
195 119 17
165 131 23
117 143 167
65 63 101
13 171 45
71 137 127
189 191 137
3 73 29
95 29 101
109 135 53
131 55 191
61 77 89
3 149 157
171 49 75
141 197 43
183 125 57
77 165 31
149 193 19
81 197 125
15 49 19
69 143 127
51 135 59
103 197 23
151 71 131
51 17 101
175 73 145
45 103 127
141 27 107
139 151 55
91 171 137
139 1 55
73 163 29
69 187 79
43 21 181
165 121 35
37 169 189
45 97 165
175 3 113
125 163 53
199 3 95
105 161 91
67 189 29
157 171 5
177 55 179
1 89 125
171 79 89
171 147 127
77 163 75
143 119 49
145 15 77
107 9 181
199 37 85
171 145 55
25 123 13
19 49 93
1 137 199
51 167 169
13 41 43
131 193 23
49 71 167
57 51 15
197 39 25
143 93 25
65 9 195
17 7 123
155 5 141
121 77 141
163 119 95
155 141 107
129 11 143
83 27 95
121 51 57
119 75 157
31 173 99
37 97 69
41 141 85
21 83 39
43 81 65
89 93 131
99 139 189
125 33 119
81 193 105
155 151 131
33 49 49
129 21 183
69 107 21
55 49 165
41 17 91
133 147 133
71 137 21
103 159 121
1 63 149
151 97 29
103 145 89
125 33 121
135 53 153
87 121 125
105 11 85
155 145 125
91 69 57
153 189 31
121 139 37
17 71 37
67 159 187
99 183 91
55 39 15
79 69 53
195 153 139
139 181 43
7 141 103
101 171 97
143 7 51
13 45 75
77 31 195
163 25 165
3 143 167
71 195 21
127 135 5
107 81 199
47 183 41
121 81 47
127 35 51
75 13 193
11 7 111
35 173 187
179 43 149
173 65 55
11 173 29
197 171 155
83 11 165
163 161 115
101 13 35
113 109 67
25 19 141
101 5 151
143 59 187
111 17 69
187 47 41
157 105 157
71 175 153
33 89 35
149 29 103
57 95 3
181 139 21
89 195 149
147 181 153
69 49 199
115 193 111
123 149 97
97 101 159
91 41 29
119 143 165
117 49 17
159 173 179
153 25 159
37 177 47
85 177 99
183 191 167
35 191 185
137 149 107
81 83 109
23 151 103
71 169 125
149 51 41
173 9 103
151 159 57
31 57 93
21 127 83
11 15 65
65 123 99
147 135 139
97 37 19
169 161 145
19 105 121
27 7 69
91 167 41
51 61 95
179 143 125
193 111 49
19 113 61
57 53 125
197 175 175
157 121 71
165 41 41
77 13 163
43 53 191
103 53 185
149 81 35
59 131 117
173 95 15
129 123 33
103 97 195
127 71 191
167 15 53
83 179 17
41 73 93
93 57 137
173 91 143
7 113 93
101 127 55
23 63 27
119 57 59
191 153 163
109 5 89
87 21 161
159 19 43
119 59 83
115 1 79
27 197 157
57 53 163
119 183 65
81 43 87
33 109 111
37 101 5
161 165 113
179 113 105
141 99 167
47 179 87
43 135 1
199 97 131
183 65 187
129 57 105
37 167 185
41 75 121
7 91 157
119 195 23
121 163 105
99 153 47
137 153 93
139 187 135
3 173 39
59 181 21
129 71 53
107 191 193
199 53 33
193 75 143
59 179 61
11 25 87
67 21 185
53 61 27
129 99 165
111 23 71
85 75 131
75 67 163
31 3 71
105 147 69
189 111 165
117 197 25
139 87 139
199 113 7
1 77 163
23 147 93
1 181 107
171 49 191
173 119 169
23 91 1
135 159 105
35 87 93
121 27 11
33 33 53
13 99 51
161 191 155
45 97 177
93 191 177
115 161 51
109 161 23
69 169 151
155 63 85
85 177 119
21 29 145
121 183 177
111 137 191
113 17 55
103 97 99
167 147 97
127 73 11
97 23 121
63 11 93
39 131 47
171 179 133
57 155 57
97 49 177
113 7 193
113 11 105
59 107 111
131 21 79
59 141 109
69 137 5
103 185 67
81 21 9
141 77 83
93 159 43
101 151 139
111 159 155
121 69 67
141 51 125
187 161 161
123 69 19
11 41 87
31 153 191
13 37 71
171 79 115
25 123 9
183 77 109
155 145 123
111 69 43
71 29 87
43 151 73
83 39 101
141 133 111
177 107 47
159 23 163
81 31 133
159 139 61
103 165 43
75 111 197
9 197 107
159 175 81
197 75 29
33 185 15
141 31 155
163 193 131
193 29 195
35 89 75
199 35 137
109 137 39
9 43 19
183 29 27
57 57 185
147 71 87
177 27 119
75 61 163
7 55 125
1 35 21
35 171 55
171 115 157
119 133 169
51 159 179
11 47 65
81 37 123
11 61 69
73 23 149
31 149 127
65 169 39
37 129 39
55 189 177
187 159 53
49 41 75
199 105 125
37 131 135
97 103 119
119 53 131
171 83 107
45 121 137
77 159 107
65 41 47
127 93 101
167 167 191
177 195 143
107 129 141
11 151 81
167 81 177
49 91 1
75 133 75
137 39 119
177 85 195
173 89 165
43 79 91
37 21 59
69 65 35
21 147 45
5 27 159
97 27 125
133 7 79
171 125 57
159 25 193
47 189 171
125 79 47
49 41 91
113 179 31
59 25 101
87 183 25
17 13 133
127 195 29
157 51 65
181 43 35
73 117 193
55 69 39
97 159 67
179 189 115
3 193 133
91 17 95
7 151 85
1 83 103
155 149 133
101 87 89
123 185 173
191 23 45
53 195 5
41 13 5
139 145 183
59 41 91
9 125 181
197 131 91
49 65 195
39 153 149
23 127 153
47 75 75
145 79 169
157 83 21
7 171 167
47 61 105
75 145 163
7 35 77
175 29 177
31 81 129
61 33 167
41 109 191
23 77 141
107 3 85
77 169 145
41 177 151
185 43 101
19 119 177
151 199 87
31 127 165
63 95 195
75 85 161
57 129 1
59 13 23
131 61 33
107 13 13
149 113 53
173 193 37
171 79 159
99 147 109
97 47 139
85 7 107
13 111 181
129 37 37
189 175 199
1 91 129
19 145 35
11 85 185
195 149 157
141 57 31
91 101 33
97 7 129
111 187 13
53 129 129
27 127 57
117 57 47
165 195 151
155 83 169
103 143 85
63 175 183
163 7 27
73 41 119
165 53 119
93 183 31
123 143 187
83 189 13
79 141 33
161 13 103
105 97 161
183 183 63
189 11 125
29 129 193
187 47 65
73 181 29
15 167 25
109 179 149
153 117 31
165 123 13
167 83 79
149 145 183
159 173 69
87 69 161
39 39 191
19 171 81
187 197 57
69 49 71
89 183 83
11 197 35
93 75 105
141 161 71
19 133 123
191 93 187
29 83 73
1 67 15
101 123 35
149 99 21
131 181 89
31 17 179
9 25 93
73 95 187
5 121 31
99 107 49
85 85 41
153 99 173
179 133 77
77 57 177
59 147 29
179 29 161
3 121 95
1 11 105
121 43 177
29 195 87
17 139 185
115 113 69
153 93 125
9 71 105
155 99 181
87 163 39
113 163 121
123 67 123
165 147 27
161 33 149
3 121 81
115 191 97
9 115 11
183 123 163
185 105 77
149 47 135
111 169 23
81 195 135
131 23 57
165 75 127
189 155 191
179 155 193
199 69 13
121 137 125
129 13 107
177 147 91
49 73 143
147 7 157
73 169 37
147 95 169
5 189 37
159 181 25
133 193 109
69 21 11
81 127 131
131 123 61
5 65 141
115 23 93
83 163 39
81 131 113
69 71 59
51 1 169
147 109 127
169 119 163
199 153 31
121 117 15
91 57 147
17 149 55
179 93 169
15 5 53
189 167 37
189 135 107
97 167 61
119 129 7
73 161 79
189 79 79
151 129 103
3 183 193
95 57 113
3 13 93
171 49 107
105 59 95
175 119 189
105 31 189
169 109 109
151 91 85
81 99 177
167 195 127
127 109 35
139 1 33
93 11 37
151 9 7
71 197 15
101 187 95
113 199 103
109 83 71
7 59 125
1 91 5
109 125 77
109 61 3
23 97 143
33 7 35
133 127 89
23 21 159
21 123 163
103 97 77
67 21 185
157 131 95
185 111 95
45 113 5
143 159 17
53 97 145
179 187 81
103 49 13
25 13 37
25 193 161
151 81 65
185 175 35
95 69 191
111 177 175
71 99 123
71 43 65
57 27 119
11 39 1
23 179 105
15 45 33
199 13 163
173 47 113
145 37 97
27 115 95
125 37 5
71 7 179
97 29 51
39 29 11
123 37 21
167 71 43
179 33 161
25 49 159
165 49 35
183 143 181
19 51 7
129 31 35
157 81 9
91 195 9
127 17 47
101 59 73
37 125 39
85 187 121
37 23 49
83 107 13
135 17 195
165 51 119
149 163 151
143 171 109
159 121 103
123 195 133
151 137 35
137 59 175
63 107 165
169 121 1
185 19 85
139 41 19
101 193 87
71 5 139
193 107 185
91 143 49
27 177 171
85 57 25
97 21 161
121 21 129
139 9 97
85 27 83
77 17 21
81 155 123
91 141 97
33 189 193
115 63 83
171 191 15
95 55 99
19 183 195
29 81 115
159 67 159
177 191 43
35 17 23
79 115 103
171 11 97
137 95 129
127 13 147
183 111 117
165 11 115
149 29 135
15 91 163
7 37 121
23 59 1
41 161 37
53 57 19
51 91 191
63 37 127
77 59 159
191 173 141
125 107 9
15 173 63
53 95 181
111 95 91
177 35 19
137 55 59
27 45 15
169 75 65
131 33 31
103 77 109
115 87 3
87 53 127
85 33 143
85 125 99
119 143 9
173 1 185
121 121 27
101 89 53
133 121 125
11 133 55
1 135 63
53 63 177
85 109 167
113 7 53
55 119 137
161 9 159
81 35 37
169 191 157
193 117 57
125 75 95
165 137 105
131 17 9
39 185 61
149 141 49
67 181 163
75 139 17
109 175 81
5 37 65
121 197 139
195 91 131
133 99 161
53 107 29
37 71 159
81 121 101
61 187 49
105 107 19
183 189 95
19 53 107
121 95 15
115 27 135
15 91 35
25 119 71
97 77 123
121 81 65
107 129 145
13 51 7
105 49 111
63 157 197
157 171 17
87 11 41
177 149 155
199 19 169
179 45 99
59 109 195
91 55 19
143 165 29
191 179 145
51 175 51
127 95 17
41 135 77
189 91 165
111 163 45
155 61 45
169 159 127
127 81 91
91 109 181
173 55 27
147 105 19
147 25 173
81 101 3
75 65 43
39 15 135
3 163 45
67 89 105
147 179 73
57 65 103
111 91 97
119 13 69
143 187 119
43 189 65
13 137 51
27 71 125
189 117 67
181 125 175
161 101 41
129 3 187
19 99 43
33 71 153
123 93 71
15 63 117
151 113 161
23 141 173
43 9 103
167 87 195
67 127 175
69 113 39
71 157 167
45 13 91
137 189 123
199 105 149
111 169 163
157 141 115
69 147 41
155 141 83
81 117 49
193 155 115
53 27 87
67 117 61
55 143 105
159 91 41
129 157 145
173 175 159
25 15 115
165 1 87
185 49 41
45 67 121
71 57 19
187 117 71
33 125 41
27 71 95
183 15 159
159 173 191
77 193 67
79 79 91
31 121 57
99 145 41
59 163 85
177 139 59
5 179 149
75 179 181
89 137 7
167 31 95
159 97 157
141 93 33
165 149 15
111 93 151
177 83 153
19 45 11
199 195 91
81 79 97
121 87 171
151 85 61
151 41 131
43 177 193
95 97 133
93 47 99
79 199 113
123 9 89
117 101 109
197 197 11
187 71 195
175 35 115
15 165 65
95 157 119
191 91 163
37 93 161
35 5 53
45 93 131
49 105 55
149 19 75
19 13 175
55 127 65
19 95 39
81 15 157
75 81 53
167 41 43
171 95 81
167 129 115
177 87 63
195 67 111
113 41 59
143 11 183
143 49 37
157 7 55
141 59 39
85 5 113
83 85 79
13 105 153
3 167 121
69 183 97
111 145 195
25 127 11
73 67 155
183 27 97
145 65 157
151 179 97
35 57 181
43 11 169
115 35 181
1 35 183
145 29 53
177 41 67
43 99 91
69 195 67
135 55 51
17 55 195
177 139 49
91 107 189
125 87 31
63 175 145
197 131 145
141 197 195
39 191 75
137 57 117
191 11 91
149 111 129
87 159 49
195 147 25
185 83 117
63 131 145
193 181 9
93 175 109
83 153 49
45 173 87
55 63 127
165 95 117
29 143 65
79 73 55
161 189 49
197 37 139
177 149 1
55 57 195
7 105 87
179 95 75
147 21 119
41 137 173
89 105 43
161 65 175
53 17 53
89 155 119
143 61 115
199 55 195
9 45 49
103 23 55
125 141 137
165 19 83
175 61 29
39 139 117
55 191 77
115 13 129
175 31 121
133 25 63
81 177 167
105 135 79
45 73 181
167 59 9
131 87 79
69 107 53
165 183 195
177 15 153
113 41 67
137 7 145
19 77 77
153 155 63
25 137 167
189 49 115
75 127 83
183 179 117
69 77 187
189 31 151
29 1 31
35 147 143
17 127 185
171 189 3
107 59 155
157 79 85
83 65 73
167 181 147
147 167 33
177 21 103
83 53 195
29 195 23
59 179 161
153 181 177
11 137 149
193 125 159
57 197 19
39 143 7
109 81 173
131 87 23
183 81 1
81 103 83
165 167 15
145 49 177
185 101 129
109 59 45
105 183 37
153 189 95
33 65 37
119 87 145
103 191 179
109 73 161
75 191 147
27 169 111
127 97 159
91 45 145
73 83 157
61 81 167
29 21 23
115 69 159
107 49 77
83 113 83
179 59 191
147 169 65
147 33 93
193 177 123
179 37 13
163 107 189
183 129 49
51 87 77
99 67 97
13 149 3
175 139 189
49 109 167
81 105 17
161 27 165
101 145 61
9 133 143
137 87 105
25 67 191
195 163 41
145 69 45
187 59 161
95 25 135
199 43 87
131 111 167
75 75 31
7 17 133
197 25 141
65 15 77
27 159 5
97 107 1
155 67 49
83 107 35
29 193 35
139 65 137
117 95 67
133 27 45
157 167 53
75 149 49
35 57 17
141 161 45
113 9 45
123 149 103
115 87 185
83 23 119
83 91 161
109 135 79
181 91 11
33 45 73
89 61 51
51 9 85
59 53 131
111 155 147
197 141 69
21 163 87
15 123 171
53 1 53
145 117 65
93 189 45
57 143 77
67 133 71
119 63 121
75 113 83
119 181 195
81 67 95
107 141 115
109 97 33
25 163 87
117 111 31
59 93 27
191 163 83
157 187 149
69 69 69
153 63 47
21 159 69
65 177 53
163 11 159
29 97 67
139 31 195
135 57 15
1 139 179
187 193 169
57 165 31
23 11 3
85 183 157
63 35 81
177 193 145
177 165 11
7 159 39
167 175 83
9 153 17
1 25 19
69 55 109
183 163 165
165 119 189
199 199 177
193 47 39
157 59 119
19 1 95
193 83 5
49 5 75
179 127 85
137 35 189
99 1 59
17 93 41
119 69 111
71 13 109
129 35 101
129 35 161
117 39 181
121 19 77
151 103 31
185 195 9
89 157 145
181 103 45
155 13 165
71 121 189
105 127 59
139 191 187
83 171 19
101 153 39
107 183 63
101 191 13
163 39 199
65 187 87
77 153 173
101 141 31
131 103 101
123 193 109
197 11 49
149 155 35
35 17 135
129 31 41
169 133 45
155 123 7
11 199 71
151 29 51
157 33 57
149 143 187
161 95 13
19 129 115
35 167 167
169 7 3
101 155 131
25 163 3
23 137 159
157 189 169
189 149 25
35 135 181
129 53 131
161 167 195
127 133 13
37 39 151
193 171 25
59 77 125
195 35 53
87 109 181
35 37 137
75 121 29
127 51 65
197 149 97
129 65 59
169 121 185
43 145 127
119 69 119
59 27 177
71 111 171
107 151 163
27 179 197
183 147 71
131 45 101
101 7 97
21 95 131
165 21 3
137 139 45
67 19 67
177 95 29
127 57 99
107 53 109
157 29 137
105 129 23
111 131 153
7 61 157
131 167 177
175 115 45
193 181 87
87 115 153
143 13 131
101 27 161
129 163 171
161 185 129
91 41 33
55 103 49
125 183 159
39 133 89
125 19 63
39 75 57
155 109 47
181 71 191
47 41 91
135 169 123
81 107 83
183 155 79
69 113 37
1 105 163
19 169 1
199 129 125
107 175 163
81 69 23
123 63 3
195 185 51
101 173 89
159 51 169
175 191 55
81 153 125
153 59 125
81 183 49
159 51 47
29 73 57
91 179 139
181 133 165
153 23 159
107 95 165
97 151 27
155 75 3
13 103 187
99 151 43
53 101 123
29 63 185
9 105 13
141 69 9
67 131 93
163 199 149
17 27 55
91 133 55
193 23 113
49 65 125
53 187 129
19 75 181
123 193 11
191 105 123
27 197 167
25 145 35
51 103 101
87 157 117
109 175 111
173 99 7
63 131 55
139 17 13
131 27 31
35 53 155
135 19 49
79 157 75
181 57 5
41 77 159
15 187 47
19 195 59
53 153 33
69 69 199
199 101 137
51 159 171
71 7 109
131 187 43
189 191 121
169 53 5
157 99 151
55 159 69
7 95 191
181 93 45
81 135 17
143 105 17
149 15 67
39 57 41
133 83 173
187 191 65
189 45 33
51 115 93
145 9 147
143 157 59
77 175 39
85 191 23
99 161 165
61 107 17
143 183 161
37 47 93
83 183 79
101 77 173
109 127 23
67 89 73
145 31 15
135 53 195
199 121 79
105 139 179
191 3 143
37 95 189
125 79 25
105 51 107
135 177 7
25 49 21
159 167 191
117 161 135
37 41 69
79 123 171
81 65 181
81 53 171
159 77 113
113 89 37
89 199 45
43 19 179
9 113 107
171 47 67
11 19 183
37 191 19
101 171 3
57 45 83
133 157 163
125 97 25
29 141 137
151 25 131
65 131 173
111 197 181
131 179 151
121 103 65
195 105 101
143 91 105
101 159 161
101 87 199
147 25 123
171 59 151
101 31 7
3 11 71
85 67 181
187 35 111
195 41 135
191 145 33
53 11 177
139 9 181
67 35 81
125 91 27
155 97 101
71 167 3
41 147 109
179 163 193
19 97 181
69 131 79
79 11 69
191 191 121
129 71 165
19 3 31
19 103 157
89 9 15
141 117 189
103 111 133
103 195 113
137 73 35
147 47 103
137 71 85
113 35 179
115 171 109
121 31 31
35 149 155
55 139 43
165 175 183
63 87 85
41 27 93
87 33 29
61 23 81
97 1 17
67 13 33
1 45 51
149 199 173
87 145 111
63 129 165
53 117 35
183 9 97
17 143 137
39 23 127
143 143 189
157 177 189
105 27 159
7 103 159
151 13 107
79 179 99
197 13 65
109 13 21
155 55 5
177 181 21
25 73 163
1 165 105
131 123 61
35 185 165
151 93 171
33 95 123
149 159 105
163 179 5
121 183 115
5 107 173
79 69 151
43 79 79
71 43 79
55 9 113
51 83 51
145 109 3
103 119 139
187 123 89
73 141 155
181 115 75
153 169 79
135 47 61
179 29 9
187 45 183
173 97 37
187 3 193
105 141 137
131 29 145
177 87 131
91 65 107
163 145 87
113 109 145
141 21 79
185 3 57
185 145 147
187 137 25
129 177 115
61 25 123
149 155 53
13 63 29
61 53 23
75 101 185
95 85 97
3 45 141
51 193 31
91 121 119
171 35 107
197 157 139
55 113 199
21 47 51
179 69 169
79 159 133
67 159 7
113 5 7
9 35 113
129 153 67
67 163 157
127 101 127
39 101 123
85 55 179
59 23 199
17 61 177
175 171 161
179 81 27
117 193 139
175 59 51
137 119 179
39 47 149
43 73 75
1 51 115
25 155 103
189 35 161
159 99 177
41 127 57
137 169 139
197 125 57
115 103 31
65 53 71
139 127 13
93 145 55
151 49 57
187 9 185
189 91 173
19 51 131
93 189 75
17 45 13
119 179 113
75 155 131
107 167 197
155 23 39
3 183 131
117 167 187
111 43 173
161 77 65
149 153 85
99 165 177
181 77 193
135 7 15
103 107 195
29 145 5
11 181 159
81 167 163
27 43 183
103 107 93
159 95 53
123 175 105
103 167 3
15 87 185
25 185 23
75 189 125
55 147 153
125 13 67
71 195 147
81 191 77
177 43 181
151 53 139
23 55 167
109 143 173
197 167 91
185 195 117
131 53 191
145 119 149
43 171 177
35 47 47
181 131 127
33 175 103
193 141 55
39 17 181
109 109 89
105 129 85
157 119 173
179 171 103
149 147 151
101 193 99
31 119 133
5 127 17
49 85 51
67 65 147
79 57 185
7 45 199
29 17 103
199 23 163
49 79 45
41 177 195
63 13 199
189 29 133
177 183 139
41 129 91
97 19 61
45 17 139
61 23 145
189 185 173
67 29 75
147 127 123
159 29 67
187 163 35
171 5 127
3 95 105
21 157 145
37 199 147
163 49 191
147 125 157
81 1 145
111 27 115
141 199 61
103 33 19
107 159 109
105 167 183
165 113 187
165 163 111
13 57 53
41 117 15
41 165 67
69 79 147
171 43 57
3 61 101
161 75 3
129 57 13
145 147 23
11 163 187
171 15 55
89 133 171
53 199 13
37 49 157
79 11 129
45 111 99
119 19 101
79 135 167
131 157 199
93 49 47
11 103 161
47 179 131
151 95 123
199 51 81
113 181 117
129 79 99
147 85 143
185 155 165
143 153 149
191 199 79
197 63 75
79 193 85
173 117 131
25 197 81
109 17 185
91 19 97
79 67 129
33 31 179
185 83 165
87 161 107
149 35 1
47 23 101
163 59 181
63 43 153
183 27 81
1 29 189
67 157 185
3 137 63
85 101 97
151 111 185
89 15 177
113 115 125
171 95 75
13 153 37
145 33 3
173 127 89
33 15 91
73 77 61
77 77 167
187 63 53
105 39 3
21 67 195
19 143 107
75 83 181
13 191 99
139 79 43
57 73 119
133 135 55
115 101 129
177 57 5
119 163 97
185 159 1
31 169 125
115 151 49
105 49 123
87 91 135
161 113 177
199 167 33
3 95 71
61 5 185
127 5 65
85 109 183
55 35 71
5 83 7
157 109 121
151 45 129
63 21 119
133 55 79
133 29 77
137 13 81
141 181 45
49 67 171
187 41 57
173 47 15
83 71 123
31 103 79
51 23 133
9 101 195
37 83 31
153 163 163
133 111 99
199 81 143
41 41 97
191 55 187
63 81 65
165 63 147
91 195 177
193 93 131
179 125 141
141 87 81
51 91 35
35 137 71
77 137 175
35 125 119
117 189 109
83 39 75
79 119 145
171 153 35
199 197 27
191 79 5
81 113 49
121 87 3
59 61 143
87 179 123
179 89 157
121 163 177
143 107 61
95 143 43
93 73 117
75 183 117
91 135 107
177 43 91
39 185 115
17 107 77
105 167 163
173 49 45
79 13 69
125 55 11
103 171 11
85 191 7
123 1 81
165 195 171
53 111 147
63 187 185
31 55 3
183 3 11
195 73 183
153 187 167
123 197 195
19 3 97
19 187 85
119 157 9
29 9 77
119 193 35
77 99 97
185 15 31
57 101 117
43 67 111
41 167 63
147 63 91
135 149 109
195 61 31
3 41 149
101 75 81
103 77 105
117 11 85
19 129 69
189 143 125
155 7 73
123 1 17
175 13 163
35 43 1
179 97 197
159 81 199
35 185 99
149 175 3
181 43 23
125 73 145
35 145 39
139 161 97
151 27 19
97 133 193
97 129 27
179 31 111
67 35 69
41 141 7
85 163 155
157 13 41
5 51 69
69 147 7
199 167 145
131 159 199
163 91 95
195 1 193
133 173 171
73 179 141
139 37 183
151 77 171
105 49 31
53 55 35
123 103 7
185 101 5
75 197 41
179 189 3
151 63 101
33 107 137
71 89 9
51 59 53
101 193 107
155 27 13
163 33 65
63 143 187
59 183 171
151 89 151
117 95 33
25 31 89
17 145 121
181 197 191
173 103 147
1 115 47
137 83 105
183 173 67
69 145 131
159 199 93
157 31 45
187 119 65
131 145 89
31 39 11
39 185 191
57 31 163
141 41 67
113 107 109
161 141 91
63 35 161
199 183 23
21 47 179
165 41 69
5 51 105
189 41 135
125 107 77
165 175 135
175 83 179
117 77 195
55 141 61
37 163 123
187 45 121
131 115 47
181 123 11
125 57 119
137 39 13
111 173 137
97 151 5
173 145 179
19 5 199
85 33 53
131 57 193
149 103 181
71 19 15
31 41 101
69 53 129
145 93 65
95 97 175
145 181 175
149 179 53
181 33 71
143 129 155
45 109 189
167 29 41
9 129 15
61 57 47
155 123 19
155 1 165
135 81 163
115 133 107
51 107 161
179 61 141
193 155 187
21 99 33
149 115 103
109 65 111
135 83 173
137 151 31
121 115 89
53 125 25
159 85 139
123 131 93
181 117 71
81 53 63
195 157 187
59 67 135
45 143 149
101 77 83
119 167 123
43 191 43
33 33 199
163 29 157
79 99 185
37 163 165
193 149 45
163 189 143
11 41 105
191 123 55
157 151 59
51 97 177
187 97 123
15 157 155
19 141 21
85 11 5
137 55 41
125 103 137
69 7 99
97 165 13
47 23 5
47 199 65
143 27 21
101 85 111
145 107 127
155 111 145
11 151 29
17 87 165
127 89 195
93 7 167
19 11 63
123 179 13
149 199 61
33 111 3
139 141 7
49 189 153
103 121 107
93 189 21
183 87 37
189 55 69
103 117 65
185 35 83
185 95 5
199 1 153
43 9 91
31 65 29
55 171 183
43 97 85
35 37 179
89 105 65
109 169 157
143 53 163
141 57 147
143 115 35
55 5 137
119 137 179
193 119 113
89 109 167
127 87 115
31 55 149
1 11 141
157 173 49
13 23 97
31 59 37
35 195 179
173 79 33
195 191 55
103 63 49
93 81 137
147 29 167
61 169 199
137 121 103
161 17 59
19 55 175
13 33 7
91 171 145
187 129 21
49 177 17
129 19 119
61 185 117
133 87 63
53 189 125
71 151 61
29 31 21
165 141 143
135 85 61
169 107 151
145 27 41
67 145 193
53 61 121
43 29 85
137 57 17
87 21 175
21 147 45
161 89 73
151 149 37
161 5 77
187 45 45
131 39 93
97 63 161
125 53 117
85 173 159
105 147 95
51 95 87
45 71 107
193 13 173
101 89 123
51 37 83
193 33 69
159 97 103
11 13 103
185 77 27
35 75 15
131 65 121
1 77 75
13 49 119
5 75 17
145 157 21
179 129 71
75 135 63
193 39 127
173 169 137
47 185 25
113 105 61
189 179 95
141 3 95
15 19 109
75 143 17
3 15 163
41 181 141
79 107 119
49 149 111
33 77 83
41 137 131
19 31 147
125 31 39
47 139 179
191 155 193
109 117 171
89 161 77
101 81 117
49 191 197
125 179 149
167 13 181
101 159 21
131 101 143
173 79 173
129 175 19
149 145 113
15 125 21
95 41 111
189 141 11
167 89 163
83 173 191
41 97 157
45 41 59
123 13 189
1 135 67
49 49 99
173 69 47
15 83 165
59 197 59
149 159 153
25 151 23
123 11 107
163 173 51
79 67 97
117 133 123
165 31 125
139 181 173
21 147 51
123 109 169
185 61 27
135 189 79
51 95 105
23 49 27
193 145 93
125 173 75
155 97 191
41 173 61
187 23 103
199 191 27
165 123 149
153 1 135
151 9 173
199 139 127
49 31 151
21 9 143
117 105 173
193 165 127
17 171 71
111 197 57
137 147 57
43 185 21
51 157 77
95 85 27
125 139 25
39 185 177
143 61 197
107 189 113
181 163 11
177 21 131
27 181 145
11 105 83
73 181 125
61 111 79
103 39 173
191 17 3
53 13 41
145 31 183
107 41 193
127 171 173
11 115 53
115 197 81
199 25 195
109 9 67
149 85 31
165 87 133
177 31 29
7 117 81
47 109 25
121 185 35
37 39 67
137 23 77
67 17 193
75 189 95
159 19 5
151 57 153
181 85 21
99 69 197
111 197 109
1 31 59
39 97 85
165 175 121
181 71 161
73 69 131
93 73 5
53 129 69
41 149 19
13 51 103
9 63 1
143 25 17
41 109 17
119 29 159
93 95 123
161 25 7
35 135 81
67 3 77
121 125 33
171 27 177
137 133 189
161 53 197
71 69 139
3 131 83
97 157 1
27 163 93
161 147 159
67 127 193
95 159 163
25 135 83
61 27 53
113 127 93
85 171 55
15 53 125
75 159 127
143 155 129
193 113 59
121 9 19
183 173 189
23 55 83
49 13 11
177 105 73
147 63 185
199 187 175
61 19 93
17 51 169
129 109 111
43 31 103
15 19 127
173 5 111
89 15 133
99 191 85
161 177 61
53 55 111
71 147 111
121 115 75
29 129 91
59 137 125
181 167 167
89 77 181
103 113 57
95 199 147
175 163 149
29 75 109
79 89 65
99 163 39
27 55 159
67 179 91
139 49 53
15 133 137
33 189 25
135 39 33
97 91 31
171 105 5
59 169 137
23 9 15
181 71 113
63 67 45
111 119 15
43 161 153
135 185 73
175 17 105
169 47 39
73 155 39
43 195 11
51 11 69
25 27 195
91 175 175
115 191 37
75 47 51
163 119 93
85 127 29
35 69 107
95 109 75
89 23 53
3 91 95
31 191 49
109 69 73
99 107 69
147 61 87
169 155 65
97 87 27
69 97 111
177 75 51
199 127 145
195 125 33
89 173 141
157 151 75
63 123 183
29 9 187
183 73 37
173 3 5
173 19 5
151 69 75
79 117 155
107 53 59
81 193 53
135 67 141
161 155 97
169 141 65
145 177 93
147 181 179
69 91 55
137 165 27
157 119 81
11 81 159
3 37 171
175 177 155
129 179 89
69 147 153
45 143 121
129 25 169
19 79 19
87 9 89
111 89 129
191 153 87
29 123 97
109 77 3
191 69 177
137 21 9
183 45 77
7 117 25
189 135 59
101 127 181
95 57 69
151 143 179
177 143 169
157 145 101
129 27 11
53 35 105
97 113 43
117 41 129
155 99 41
83 81 133
139 53 35
185 31 33
127 103 183
175 109 159
1 23 19
37 127 147
53 73 199
197 3 199
97 43 115
81 175 69
37 113 151
67 145 193
73 31 81
181 189 111
107 7 87
35 57 191
107 55 27
109 53 183
55 71 181
135 141 181
47 195 165
193 93 1
23 173 171
117 85 43
27 75 129
85 65 35
43 93 173
97 75 81
167 55 189
11 139 45
7 103 83
99 103 129
175 73 25
59 21 153
133 53 173
199 191 199
195 165 187
173 45 31
133 137 31
71 85 101
175 167 113
181 97 23
55 25 25
179 177 199
31 149 163
125 53 199
89 143 101
37 173 199
175 107 173
163 9 9
131 121 79
131 143 157
155 71 139
37 69 97
89 135 75
141 135 9
189 35 133
65 35 127
173 111 163
181 119 41
5 101 109
147 59 39
121 197 73
189 93 131
29 167 167
163 175 57
101 11 101
39 137 89
149 5 155
171 149 127
73 57 11
131 95 15
31 71 65
27 3 185
97 169 77
175 129 105
185 135 67
123 23 73
31 81 111
179 111 165
37 25 135
35 39 111
107 103 41
109 191 175
181 69 1
111 173 97
149 145 71
171 17 161
157 31 187
171 195 17
197 35 195
35 49 135
43 195 171
33 169 77
5 75 89
179 171 173
27 147 187
147 107 135
177 197 11
77 13 167
15 111 137
63 47 133
57 121 73
131 101 115
5 189 51
175 161 57
25 53 139
35 187 165
31 197 15
147 163 95
59 5 75
9 137 89
129 113 57
29 27 17
121 183 147
185 39 151
37 81 31
25 149 55
21 163 195
89 57 25
93 133 77
133 125 135
151 181 47
177 199 175
63 49 107
101 1 27
181 31 115
129 189 153
195 87 81
53 113 5
89 189 93
13 27 89
99 73 127
1 151 77
49 57 157
49 187 21
183 101 25
77 157 7
163 37 39
179 147 35
71 143 191
97 137 183
73 63 195
23 43 197
183 103 197
169 123 47
175 53 199
131 163 87
73 105 67
123 139 29
65 33 113
1 15 183
167 115 185
9 111 57
17 13 185
43 163 167
95 65 41
57 151 15
163 121 49
5 55 25
143 167 147
157 53 117
175 37 117
87 95 85
3 79 197
165 149 117
29 189 161
85 107 159
5 61 17
59 85 83
129 137 191
183 53 133
19 73 195
17 61 169
199 163 159
149 79 65
41 39 29
53 199 163
113 119 151
101 105 155
141 199 119
193 37 151
171 31 133
31 103 57
193 167 73
73 31 177
15 165 29
117 127 173
139 77 25
147 135 41
147 157 143
183 109 83
117 145 181
19 1 151
185 179 181
121 59 79
85 87 151
11 59 69
191 189 91
125 29 133
83 75 81
191 159 27
135 43 113
41 193 29
123 77 47
181 155 137
171 9 161
29 79 45
121 73 55
151 5 45
25 85 73
87 15 155
129 127 49
25 59 89
103 11 129
57 147 155
67 107 135
49 55 105
121 109 37
125 57 63
115 129 13
129 189 141
161 37 133
19 125 165
29 157 191
79 111 93
89 149 53
143 157 23
155 99 71
11 161 95
45 77 125
137 121 39
173 53 71
3 123 31
159 113 51
175 109 183
27 65 63
185 89 151
187 159 199
147 55 153
127 83 69
47 121 17
5 191 153
127 127 125
143 177 127
51 63 191
115 125 69
107 181 95
67 179 183
25 35 169
107 103 115
131 119 41
121 71 193
47 101 197
127 27 27
95 121 169
123 189 123
103 189 141
185 171 49
21 141 115
27 55 43
147 1 53
121 97 183
21 197 7
153 23 159
73 191 189
167 113 83
155 53 7
125 5 13
65 23 103
25 65 27
129 21 53
129 3 103
125 115 25
147 73 149
137 61 101
153 49 79
109 159 45
115 171 103
137 177 27
107 3 197
127 161 125
35 63 157
149 191 85
125 141 9
89 41 155
137 23 195
95 67 51
171 169 63
51 101 81
55 1 123
119 29 29
85 185 59
77 69 197
121 181 145
65 39 173
89 33 63
59 187 199
133 49 199
33 131 73
137 53 123
