2999 3000
149 63 181
87 121 131
99 53 77
1 31 147
9 105 77
163 9 43
43 93 129
15 65 151
15 95 71
13 89 33
75 173 69
197 7 17
153 83 7
183 31 9
191 11 9
199 53 17
91 87 83
59 37 125
155 11 43
147 147 59
119 15 175
29 135 49
111 141 149
45 53 101
57 61 187
109 181 177
195 63 175
135 91 171
49 39 133
195 1 191
113 175 137
151 23 159
195 77 91
47 177 3
11 165 151
191 45 7
157 125 21
153 199 119
191 131 159
191 123 7
165 163 107
91 27 123
167 117 179
49 23 77
117 175 29
65 181 39
189 1 135
187 121 91
23 183 147
49 189 137
115 199 31
141 27 99
163 109 95
185 185 165
159 13 13
45 157 33
149 91 99
69 85 87
51 33 179
145 73 105
47 105 153
177 3 67
85 1 113
71 167 75
187 83 59
143 117 123
33 119 167
23 5 115
55 87 89
127 191 43
135 47 91
139 19 139
43 131 115
9 5 105
93 167 79
113 89 65
31 55 9
139 75 145
131 163 167
25 5 21
73 97 53
91 139 187
125 157 29
129 61 73
95 139 185
89 109 181
143 21 93
17 165 27
83 37 167
89 161 97
89 13 25
131 105 97
87 133 91
53 109 119
95 95 47
3 75 47
23 73 135
93 99 181
129 169 103
89 169 185
7 195 73
111 195 65
147 191 195
57 109 187
55 157 39
129 107 133
1 145 41
5 125 167
173 131 59
143 117 187
137 93 181
131 159 187
121 57 97
31 43 43
91 185 3
101 23 57
45 63 91
73 29 195
5 89 199
121 179 173
117 159 19
75 145 155
37 145 189
79 189 15
169 95 149
191 153 39
53 43 43
185 37 191
177 141 63
157 17 171
115 35 195
165 93 113
109 81 91
1 199 31
97 147 111
153 89 183
195 131 173
135 121 129
75 89 113
195 163 195
29 159 151
121 175 169
107 169 133
105 1 147
53 15 147
141 197 147
177 169 99
97 97 197
89 113 37
53 107 15
115 161 11
89 131 39
161 167 65
161 17 171
79 165 75
75 15 31
147 19 173
147 119 149
61 155 149
71 75 39
137 189 195
67 131 109
137 195 101
155 69 61
23 145 127
37 175 5
159 51 81
79 103 131
137 53 79
11 195 43
199 189 17
35 1 153
29 101 19
99 65 61
147 191 15
25 197 141
77 181 81
83 111 41
135 93 119
129 135 159
21 153 171
21 105 73
25 29 107
195 89 41
185 7 43
85 51 189
169 131 117
185 171 97
77 193 181
117 153 19
69 27 149
77 3 73
9 15 199
1 55 127
111 1 121
161 93 107
93 9 95
167 11 65
161 191 153
17 9 29
43 61 49
149 39 21
163 37 99
121 163 107
121 85 13
13 95 123
23 189 85
137 157 81
127 109 47
39 43 111
5 91 127
43 113 73
183 115 23
145 125 89
133 137 11
27 61 131
121 145 145
181 25 71
195 175 7
141 87 37
135 117 75
47 95 183
65 21 25
191 109 7
31 119 57
91 51 189
139 99 121
67 73 145
43 183 29
33 19 23
53 197 67
51 181 3
71 109 153
181 21 19
99 77 113
53 169 143
55 89 35
127 137 77
13 167 145
31 93 91
133 65 27
17 67 79
29 19 131
49 141 1
125 157 85
95 101 89
87 39 45
25 115 101
95 163 131
91 53 145
155 79 79
125 63 11
145 97 131
189 1 161
147 87 9
151 175 39
189 123 37
7 23 123
171 155 51
127 99 49
7 177 141
173 93 199
69 127 125
69 87 173
155 1 65
33 143 11
157 179 161
83 5 53
37 161 61
39 9 135
121 53 61
117 157 171
43 185 143
35 157 11
139 21 81
185 137 139
163 1 77
71 159 137
135 123 19
145 57 57
101 21 199
161 193 23
145 39 139
5 51 87
131 35 25
67 77 163
171 57 51
129 193 13
51 13 187
11 173 123
33 171 171
129 99 175
167 141 137
121 27 185
59 155 191
41 117 121
97 167 91
91 83 61
103 175 95
75 1 145
149 171 61
47 49 93
189 89 21
119 75 91
75 169 13
95 89 71
167 83 15
153 143 113
31 37 3
31 87 105
105 147 83
155 143 31
147 67 183
125 157 75
93 73 97
85 49 75
167 63 171
111 175 41
51 177 97
41 185 129
187 67 63
33 3 169
99 89 27
161 163 77
33 163 3
81 39 95
145 113 181
23 57 147
1 153 161
89 185 117
61 49 157
63 121 49
151 51 185
17 127 85
179 129 45
121 129 181
33 109 167
89 159 15
147 25 37
131 141 141
83 1 31
107 153 91
61 139 57
189 23 7
21 171 127
149 55 9
161 21 131
121 35 67
49 73 157
93 13 7
93 147 137
47 37 125
185 93 135
111 3 197
185 33 89
39 43 109
165 77 163
199 143 123
175 99 147
93 105 195
39 147 87
181 175 85
177 109 35
181 9 123
117 97 33
159 7 121
35 169 63
179 195 27
181 143 27
191 41 1
137 33 197
15 117 37
27 151 17
37 73 193
133 9 77
43 129 195
115 191 57
111 123 197
53 149 79
197 53 59
29 51 49
49 191 89
103 111 7
79 103 35
87 85 71
119 183 3
15 143 151
137 139 65
189 17 175
145 181 131
99 133 129
89 23 61
199 133 111
7 167 13
195 37 93
177 145 83
119 199 107
163 63 121
179 39 161
63 73 53
197 105 197
123 167 97
55 181 89
23 97 193
163 93 199
11 81 97
9 187 73
177 11 95
15 75 161
191 127 45
1 27 107
167 123 103
51 117 25
51 109 81
145 11 7
129 107 169
115 83 85
29 81 93
103 43 69
133 191 187
159 97 83
187 1 83
103 129 153
115 113 107
29 119 157
39 193 5
121 77 133
105 73 151
51 47 179
41 137 185
139 19 21
43 5 181
75 157 71
189 63 173
107 125 191
99 129 19
79 167 161
153 117 185
103 1 89
39 89 141
163 111 85
167 195 127
29 65 169
195 141 149
119 35 137
49 157 43
15 117 47
35 101 29
35 189 181
125 33 83
139 23 27
133 149 189
101 23 155
41 171 87
75 107 83
31 53 1
147 3 153
151 33 71
139 117 107
77 105 141
99 131 169
151 23 107
173 81 143
143 169 43
49 51 187
7 51 165
9 5 99
145 75 149
63 85 99
167 27 143
1 99 19
23 111 21
103 157 171
71 1 145
25 91 191
77 57 145
185 155 151
163 105 63
49 3 9
179 49 71
77 67 141
91 191 45
49 163 67
153 11 73
43 1 49
99 145 73
159 199 53
167 63 141
73 175 105
123 149 57
189 193 35
85 37 15
47 7 107
161 79 155
161 31 107
11 9 53
113 61 57
79 107 15
53 11 181
105 171 157
97 5 79
133 19 173
139 29 57
123 87 7
57 97 167
65 151 31
31 7 41
137 125 59
51 9 137
21 165 95
129 45 199
147 121 1
81 177 133
71 183 177
169 53 3
23 83 59
133 29 29
57 87 59
169 127 99
133 21 149
81 21 169
105 21 97
81 57 147
167 137 131
19 43 3
7 103 75
35 131 97
25 93 29
151 191 189
173 139 157
97 11 193
21 11 75
181 61 179
119 193 165
161 99 35
167 173 159
1 173 165
93 1 199
187 93 127
125 49 77
39 41 49
49 19 49
15 103 173
7 171 155
9 5 177
181 163 41
153 127 113
57 29 113
149 155 111
101 33 97
45 185 127
169 139 69
71 111 23
41 65 37
45 145 43
113 187 155
39 3 135
173 115 191
127 129 151
63 131 3
153 57 7
91 29 51
105 51 19
75 87 193
19 33 33
109 187 183
111 25 95
131 15 37
59 69 9
189 71 41
149 77 7
179 33 159
133 51 153
21 45 163
53 181 37
145 163 159
169 161 69
89 199 83
157 7 117
133 47 177
9 159 69
41 117 123
197 175 5
145 137 137
125 77 157
193 35 115
153 7 59
151 195 27
63 111 115
13 191 177
171 165 109
193 191 21
167 195 167
7 35 163
83 97 11
21 11 39
29 173 135
23 103 89
37 123 143
29 99 109
193 7 123
183 131 197
81 97 189
115 59 59
115 173 169
29 13 51
1 147 177
105 139 5
131 187 131
29 199 167
139 25 99
69 23 195
167 115 81
129 175 161
7 143 181
123 99 95
173 75 125
113 183 29
3 17 37
105 87 167
131 187 195
153 181 37
171 63 11
145 127 177
193 11 9
195 107 15
173 135 137
59 163 111
75 1 127
161 167 33
51 67 137
33 103 67
199 17 123
29 193 95
41 107 143
51 25 39
185 67 137
147 81 13
51 7 71
19 143 145
189 183 11
195 51 61
13 77 197
109 75 99
119 19 129
145 161 73
11 3 123
91 15 11
1 87 61
47 135 113
29 145 35
183 111 127
165 107 121
39 7 37
161 39 147
123 15 65
125 41 113
139 51 123
129 111 117
65 127 21
113 161 171
23 87 1
131 113 87
41 149 51
183 199 91
101 65 51
141 81 77
191 109 1
5 25 45
133 151 77
197 121 141
189 25 159
101 113 181
153 163 15
153 53 159
121 105 45
1 181 145
109 87 85
39 35 179
189 111 89
13 157 21
39 115 121
151 95 13
113 15 17
71 173 171
79 19 27
59 67 147
49 153 51
187 35 161
99 123 103
159 47 195
73 169 7
71 181 149
189 103 3
67 73 117
85 99 91
151 149 169
7 199 131
43 63 181
165 165 71
13 159 73
85 71 31
169 123 7
71 127 183
47 147 171
49 37 37
101 5 25
101 135 81
67 19 87
137 91 33
95 163 103
69 99 19
193 105 103
119 87 175
65 163 151
5 199 101
9 129 151
47 9 155
67 199 55
61 33 27
127 135 163
25 153 161
131 159 31
121 37 127
83 91 149
187 193 117
115 47 121
27 1 129
25 161 79
57 187 145
95 53 109
151 13 37
13 147 61
51 73 95
141 125 121
37 41 107
83 161 197
189 193 111
149 177 41
39 121 67
91 135 123
103 171 123
51 135 73
27 135 87
57 55 41
97 65 85
163 63 27
59 77 109
35 119 1
61 185 149
195 11 187
69 37 77
107 111 85
145 101 39
103 45 169
169 33 25
31 59 27
11 73 189
129 73 151
17 127 91
29 113 151
169 95 49
79 83 21
83 121 31
31 89 177
65 19 79
123 45 47
99 137 181
173 87 97
99 177 25
115 31 147
113 183 79
195 107 47
115 139 31
109 115 113
127 97 145
75 49 113
11 133 35
1 29 39
83 159 115
17 105 117
105 183 31
11 133 145
149 163 43
167 77 63
169 125 171
17 37 1
149 175 179
179 13 93
137 127 93
145 43 79
31 179 97
163 27 1
127 69 115
107 131 65
31 5 135
67 109 103
145 87 119
159 83 173
189 177 151
137 55 191
115 55 135
45 159 69
113 75 31
149 43 157
57 177 63
167 185 93
157 7 63
41 179 9
121 33 71
79 127 59
39 165 195
197 33 13
71 65 57
17 21 75
99 189 23
83 185 183
193 49 149
77 161 11
109 31 155
37 193 179
105 93 57
139 105 95
3 67 197
127 45 171
19 67 189
5 153 87
157 7 73
117 17 65
51 75 45
43 53 155
39 13 95
49 13 199
115 9 41
159 83 43
129 175 75
81 61 93
87 37 1
7 7 157
185 51 177
141 109 131
155 107 79
167 107 117
79 51 165
65 95 183
41 73 141
5 69 173
147 175 159
153 131 149
107 13 61
17 143 45
123 125 187
133 43 141
185 111 11
183 95 193
159 139 161
131 113 1
105 71 111
141 123 57
153 183 9
199 29 19
29 15 139
71 59 63
181 173 99
75 69 187
15 29 73
31 135 31
5 45 163
127 101 171
111 13 111
43 31 167
161 171 71
123 137 99
95 139 73
67 127 53
199 103 33
37 135 151
81 1 85
85 171 89
97 187 119
33 153 29
3 127 71
43 25 135
85 97 57
11 55 55
19 191 121
153 45 25
57 129 61
131 121 143
117 39 131
175 173 29
101 147 61
31 83 167
127 139 113
85 195 197
179 19 113
23 43 131
55 9 187
175 151 43
119 81 77
91 13 99
37 177 73
119 47 77
163 159 107
61 157 139
79 173 127
27 103 107
35 89 129
89 35 185
73 111 63
87 113 181
63 185 71
15 167 13
173 73 35
33 115 197
5 43 57
11 149 41
99 181 67
37 69 5
53 133 93
165 17 165
55 193 155
21 5 123
197 39 137
113 141 109
59 101 47
7 45 51
91 15 63
161 19 65
93 111 7
109 181 59
101 135 127
9 57 181
153 193 105
93 7 103
97 53 119
143 7 81
157 173 191
81 143 81
95 149 41
75 111 37
115 141 147
171 123 151
69 131 65
179 137 17
31 55 13
141 39 109
115 29 155
57 111 17
109 151 97
123 189 191
63 39 171
89 93 85
21 61 159
157 77 27
117 89 109
155 103 139
185 161 185
199 177 99
53 177 59
41 73 71
183 43 193
181 127 159
41 189 49
23 121 69
15 29 129
117 73 45
183 57 1
63 59 89
41 117 87
113 91 139
59 83 85
89 145 171
77 193 55
197 165 97
27 95 23
3 139 37
59 43 59
117 35 41
137 121 103
27 165 47
13 153 63
157 123 121
151 179 113
19 179 191
113 105 91
157 141 21
103 199 23
139 143 185
163 151 101
127 197 37
79 61 167
107 85 179
189 199 137
71 93 191
175 183 113
19 109 27
123 35 87
65 21 189
15 121 31
117 63 195
81 29 121
165 113 105
163 49 115
159 143 103
143 55 77
155 185 155
189 71 173
113 165 95
139 195 65
1 189 79
133 15 99
45 23 179
197 137 145
43 143 11
99 19 171
187 173 17
163 49 75
127 145 167
25 9 81
119 191 19
37 195 19
59 173 55
99 21 5
41 137 105
163 107 149
39 27 151
191 5 137
135 171 99
47 51 129
39 69 155
33 191 177
109 47 13
131 155 71
67 59 73
77 7 17
7 157 179
11 199 121
181 97 111
33 27 151
5 85 197
197 61 139
147 73 75
101 47 185
159 119 19
71 135 189
27 17 169
25 41 175
27 55 89
157 5 173
41 107 109
101 149 115
77 25 111
27 113 161
49 131 61
87 23 123
103 191 193
47 69 125
101 61 53
11 33 79
117 143 35
65 161 179
193 175 183
105 135 59
139 195 189
161 117 37
151 15 123
123 139 129
183 191 175
17 175 181
63 9 191
23 189 11
101 75 179
35 135 173
133 27 181
153 65 121
167 91 81
105 125 137
1 99 59
175 183 43
87 173 163
179 87 25
55 67 151
93 143 155
23 123 189
87 43 25
83 29 177
7 165 145
9 23 153
193 65 57
69 131 31
157 155 23
23 9 105
69 67 159
95 55 155
139 79 179
167 161 169
35 9 51
57 161 161
27 123 171
157 57 67
17 79 135
129 185 91
197 47 17
155 107 85
35 85 85
99 53 23
107 9 93
171 73 127
93 147 87
151 13 113
133 53 71
117 143 87
69 65 119
175 53 115
59 137 71
15 63 9
127 155 107
1 185 13
51 177 87
169 89 181
21 63 131
163 53 63
27 173 85
185 87 153
121 157 31
185 69 193
43 175 7
29 91 39
5 179 143
197 63 193
61 193 161
113 159 181
189 147 49
77 3 179
137 33 163
7 25 85
85 137 173
177 175 15
59 117 147
121 13 151
17 79 53
79 163 113
27 11 129
133 95 119
167 57 195
95 45 35
135 17 41
109 137 127
129 83 7
47 139 65
125 191 185
87 103 1
3 135 183
97 53 9
57 151 143
7 187 13
127 131 11
63 161 147
147 167 55
85 31 89
75 119 39
81 23 163
15 7 153
173 119 155
123 61 155
13 177 117
145 189 123
105 135 49
177 93 113
7 85 163
31 123 47
53 189 25
59 143 105
83 1 119
143 157 91
25 73 119
13 99 131
51 147 179
47 163 85
37 125 61
159 171 171
149 195 1
195 3 159
195 27 121
55 21 3
31 139 51
129 175 75
181 153 191
143 141 145
69 105 191
39 181 27
139 181 91
141 43 143
167 165 137
93 167 35
31 17 195
5 195 25
63 185 59
3 33 39
13 129 85
193 59 153
77 149 97
121 91 35
189 131 79
155 167 151
77 161 43
175 89 177
161 51 87
97 193 149
25 79 55
85 31 67
33 127 163
29 65 41
63 49 65
133 103 53
197 145 111
87 25 187
41 111 67
35 59 131
113 19 27
47 189 53
79 153 41
47 193 73
95 161 5
197 13 173
45 27 105
71 15 103
85 185 93
145 115 133
67 141 167
55 193 183
7 33 31
103 11 13
63 119 59
179 91 155
7 101 55
125 3 5
109 95 179
23 131 63
163 3 111
61 185 177
197 119 33
111 131 143
135 191 151
129 49 13
29 7 97
31 11 103
29 93 131
161 157 39
163 67 165
51 149 31
171 85 195
5 27 193
99 177 7
147 95 141
59 95 175
69 101 3
163 31 139
23 173 167
89 137 127
37 71 193
121 67 45
53 163 119
133 169 123
131 15 23
25 189 73
125 95 131
155 33 105
31 1 171
71 31 193
143 129 185
113 173 127
75 195 151
147 117 3
161 43 41
53 21 171
53 151 197
85 159 121
189 129 181
125 25 11
53 11 83
129 137 129
123 191 41
143 195 19
187 35 165
7 109 31
61 105 187
21 131 39
53 111 29
79 25 17
89 11 141
129 139 97
119 83 25
17 101 147
155 67 91
65 97 181
73 187 91
3 27 55
113 55 179
43 175 33
53 21 111
193 117 103
179 143 135
81 193 157
51 187 175
51 167 33
37 161 1
167 17 75
21 195 77
101 27 95
121 41 137
141 47 189
187 85 85
181 43 65
167 121 49
39 153 99
199 155 53
119 133 89
115 9 57
45 7 181
191 47 81
141 37 105
27 25 47
69 193 33
93 41 117
149 43 85
103 95 123
35 185 25
149 145 145
59 125 163
107 111 111
143 15 101
71 165 43
65 103 173
9 19 145
53 103 37
147 129 185
35 59 193
83 3 131
113 69 183
23 179 43
141 185 149
107 131 195
9 103 65
27 47 33
35 187 43
67 75 95
125 67 145
31 103 85
99 85 167
79 127 79
63 179 5
97 77 147
199 143 157
149 79 69
39 121 95
113 119 33
85 169 101
187 157 25
175 123 57
7 107 155
89 15 137
167 161 103
109 21 199
91 89 101
13 89 49
35 121 87
3 125 105
159 55 93
187 111 183
197 169 157
11 11 67
77 17 157
97 17 123
91 117 135
179 71 25
3 61 37
33 69 177
87 161 179
197 143 43
69 101 29
79 71 129
1 27 139
17 149 119
37 83 17
11 109 11
177 49 93
45 25 95
7 109 127
53 151 13
57 83 113
129 11 87
155 53 69
105 173 69
91 93 189
103 103 27
153 195 141
81 193 117
93 25 67
147 141 73
29 159 29
143 45 87
197 113 15
73 87 169
69 75 177
75 5 69
69 147 171
165 167 27
189 33 13
35 9 105
193 39 53
37 125 81
53 139 129
139 11 29
119 189 5
123 161 73
173 131 147
141 159 119
77 75 83
191 179 177
29 31 11
57 17 107
99 49 47
109 77 99
97 81 143
57 153 61
93 3 87
155 121 61
29 107 105
7 187 85
143 197 75
63 7 7
111 53 63
187 153 161
171 199 175
27 163 175
29 49 33
149 13 29
159 117 87
147 107 115
47 181 25
55 189 71
107 155 133
59 21 43
161 195 133
123 169 103
173 105 129
185 133 61
7 19 113
113 37 73
197 167 19
89 37 169
149 75 23
169 21 131
163 155 93
131 161 55
37 195 81
73 55 53
197 73 143
33 145 53
103 67 69
141 139 169
15 163 59
139 197 7
197 89 79
159 47 41
57 33 75
15 85 111
87 131 89
135 183 85
105 155 21
45 125 125
7 183 169
107 93 87
195 171 25
147 115 23
179 189 85
167 5 45
3 197 59
89 81 51
45 5 89
169 129 195
55 97 143
51 183 53
125 113 159
39 135 153
131 19 3
39 167 85
35 25 157
115 179 159
121 69 47
153 167 91
155 109 163
137 161 17
49 119 171
87 175 95
9 83 37
175 167 169
105 123 7
83 185 43
151 33 61
21 27 85
129 191 143
89 111 97
7 83 33
87 177 187
169 119 177
135 87 187
163 197 65
147 143 169
179 109 53
111 193 107
5 135 129
115 135 161
101 169 51
183 59 161
101 35 47
91 125 15
87 191 55
31 159 17
43 115 67
35 127 151
75 55 61
113 119 169
81 169 83
43 35 89
183 185 71
107 1 75
1 159 165
65 79 51
179 145 185
105 199 27
63 163 167
183 131 145
55 15 57
89 7 43
75 181 189
179 55 171
41 19 183
119 173 87
167 159 151
167 89 131
33 159 139
165 103 107
83 65 89
89 107 47
69 95 41
123 171 115
45 57 197
17 143 37
79 95 59
73 25 129
31 67 199
135 173 33
199 61 197
9 13 79
7 53 167
177 71 139
33 67 61
177 7 9
175 169 129
199 97 9
169 97 81
143 129 15
107 29 149
119 107 51
171 177 59
41 115 171
11 79 147
121 87 85
89 119 165
187 127 139
187 111 41
19 127 9
47 179 151
57 31 59
33 193 81
51 163 157
129 15 197
119 99 113
37 167 33
69 105 123
83 145 13
9 153 199
93 9 17
123 171 167
19 51 23
87 7 55
5 109 9
7 21 41
173 157 63
77 183 99
125 195 71
77 97 155
189 17 67
159 183 159
11 5 185
17 163 109
29 75 195
153 115 199
111 177 5
93 181 81
193 155 157
193 109 81
11 81 61
97 143 51
7 129 9
73 37 123
149 135 45
63 37 73
145 145 27
125 25 41
79 181 37
93 165 29
77 129 23
19 83 137
147 93 33
87 119 39
125 163 113
161 37 61
105 167 27
33 7 171
117 43 199
81 177 183
115 199 75
197 39 151
193 71 73
113 111 21
75 127 11
15 91 137
181 117 97
91 193 107
135 191 139
111 77 57
13 55 41
155 109 155
25 183 153
39 3 145
165 117 57
159 53 37
77 55 155
173 65 137
67 3 131
145 163 65
199 5 79
109 63 195
91 15 149
197 65 79
113 25 117
71 165 187
125 121 145
189 57 125
95 91 97
59 157 165
167 139 13
29 39 11
149 91 119
117 169 113
141 191 109
107 81 127
27 129 197
187 55 25
181 55 13
41 123 11
181 135 69
123 51 139
13 169 73
87 83 21
77 95 137
157 21 181
85 17 191
43 41 121
3 157 11
125 169 193
165 141 33
15 185 117
87 57 39
169 77 157
65 117 43
189 1 119
7 97 179
151 17 167
109 133 11
181 125 13
25 61 41
9 179 109
65 121 123
45 77 11
65 119 83
67 141 51
163 119 41
83 87 151
15 1 101
43 117 113
105 157 93
187 67 119
107 93 127
89 7 97
111 91 141
157 141 7
179 85 177
65 35 43
169 137 29
85 49 149
147 47 191
117 165 199
9 195 185
17 91 197
11 137 85
55 47 195
141 127 151
79 169 131
15 101 99
169 49 173
15 41 161
83 39 107
181 25 127
177 21 41
113 9 161
63 107 171
189 163 129
61 197 69
161 95 149
11 171 67
51 133 35
89 143 153
17 71 139
141 15 121
149 175 97
57 49 113
19 177 175
15 151 67
13 3 127
89 69 87
21 9 97
67 65 147
137 5 141
151 125 61
29 125 3
77 141 55
55 19 15
5 85 33
7 11 151
179 97 69
91 99 157
157 149 81
161 89 147
189 55 189
17 57 43
157 15 73
175 31 149
59 167 107
173 23 15
173 91 21
71 151 105
21 31 195
13 81 151
67 173 15
27 17 3
43 193 123
73 45 79
143 153 157
165 167 119
55 93 91
109 197 65
139 191 135
125 47 155
97 61 73
17 169 139
9 91 167
55 75 113
111 31 89
77 151 31
73 41 197
69 9 155
165 145 65
11 3 107
175 75 31
143 119 33
139 85 49
13 197 163
43 189 17
97 19 31
43 15 107
51 171 85
195 139 153
103 45 21
81 181 135
199 13 111
187 165 157
87 127 95
75 47 107
95 77 55
13 89 151
87 173 193
25 29 45
71 51 143
51 185 149
167 95 31
131 157 133
163 51 121
9 159 7
87 13 83
79 67 81
51 61 197
79 9 85
129 151 13
19 101 83
17 35 37
173 167 107
25 87 39
87 199 1
3 185 113
69 65 103
129 61 181
41 49 31
193 63 15
197 49 47
135 191 65
101 97 83
93 39 55
195 143 183
179 57 69
147 63 71
111 45 45
161 179 173
23 193 119
175 41 111
165 9 11
167 91 49
5 51 149
149 137 145
109 7 139
171 181 117
119 25 167
99 103 79
195 21 39
35 35 165
45 149 139
39 197 9
89 49 175
27 195 179
137 37 31
21 59 43
47 25 15
53 103 133
177 45 135
11 9 131
63 53 165
59 165 113
107 139 153
5 21 145
147 157 75
109 199 115
133 13 137
141 51 87
89 185 139
3 115 115
55 185 29
19 97 91
61 153 53
81 99 63
37 77 69
37 193 119
153 33 27
3 119 63
93 161 107
7 179 197
191 7 199
193 1 157
145 53 79
147 19 139
129 191 123
121 109 65
153 39 5
175 103 157
135 113 65
113 109 157
23 11 67
127 167 163
83 45 59
101 87 107
93 11 55
105 75 87
145 183 7
47 43 63
159 107 141
173 167 179
183 139 195
55 5 121
99 63 47
187 169 33
101 127 133
79 13 129
61 123 35
103 89 179
115 29 129
81 7 191
123 105 163
127 25 51
189 71 105
159 103 3
189 141 93
3 69 193
125 103 71
119 185 35
147 113 139
59 105 53
163 171 37
93 21 161
163 29 87
171 33 181
111 29 139
83 127 127
91 101 33
75 137 63
93 75 181
101 31 31
71 67 193
197 131 61
25 19 153
161 199 19
95 41 189
21 71 3
121 9 191
57 71 81
35 51 59
169 185 55
37 179 155
71 143 131
193 95 31
95 113 55
135 7 121
111 113 15
119 103 139
93 87 59
47 51 21
31 105 55
113 165 25
55 95 165
53 125 139
71 83 133
77 107 27
189 25 67
197 163 81
83 23 103
133 147 195
143 105 41
107 33 175
1 101 193
29 41 151
15 173 5
123 103 75
147 169 55
15 49 147
141 151 143
87 49 131
191 89 167
25 169 109
125 161 119
165 111 23
41 19 51
145 93 67
113 51 93
67 199 143
121 45 157
171 79 97
163 151 87
131 163 79
195 83 7
107 105 35
29 157 105
123 127 145
77 123 89
75 65 107
25 127 77
7 127 197
157 15 71
121 197 35
3 3 165
107 37 65
167 45 75
197 191 103
119 183 25
89 193 7
15 69 81
141 171 9
59 41 17
55 75 173
161 145 197
103 9 199
147 83 11
137 185 177
25 115 79
17 121 197
191 105 85
65 19 3
105 35 145
85 111 107
133 109 163
45 11 27
127 21 129
15 103 181
33 181 117
57 81 45
67 167 63
85 73 157
23 121 21
37 29 29
145 95 113
157 121 45
81 51 89
183 135 119
67 51 39
149 1 175
19 167 33
91 123 99
13 143 183
41 171 109
135 189 145
159 137 195
113 131 151
47 49 135
3 191 119
3 167 185
169 199 37
195 1 55
137 87 147
11 195 159
103 43 103
41 37 141
75 91 99
27 27 117
19 49 163
185 137 165
87 175 71
191 29 39
77 175 33
175 37 73
17 43 189
55 183 195
145 187 35
171 103 109
123 169 41
61 135 59
35 5 147
63 149 137
143 85 127
179 63 107
23 51 81
109 45 97
199 185 55
101 197 105
71 37 179
109 199 103
17 145 163
165 81 197
155 111 163
17 17 105
171 1 189
15 3 11
103 57 23
101 161 23
41 141 27
41 43 1
89 109 109
75 105 127
185 67 195
107 77 53
107 65 69
109 179 39
71 1 159
31 127 61
75 155 65
21 155 11
129 169 155
137 199 43
109 193 117
185 47 7
49 19 17
27 59 27
131 121 137
163 181 111
21 151 141
175 161 121
47 115 141
45 61 175
143 179 15
189 89 123
111 9 107
169 35 59
89 75 189
175 185 25
125 31 187
189 151 7
7 195 85
67 73 133
149 89 177
37 11 119
149 23 11
185 185 123
59 175 195
149 103 189
179 89 67
129 199 95
27 187 83
101 119 89
93 1 155
7 23 105
133 139 45
119 165 195
197 63 83
99 51 45
91 21 193
193 115 171
179 101 3
3 189 135
3 49 139
129 57 31
171 5 37
135 103 75
103 185 193
57 31 189
79 127 191
193 99 81
199 5 177
91 139 155
139 77 157
99 11 63
9 153 97
111 27 67
97 19 107
31 111 9
157 5 65
159 189 47
69 165 145
7 119 143
189 181 33
103 43 77
55 139 175
81 111 183
3 17 199
17 129 199
21 97 29
9 145 89
77 89 153
197 31 21
177 63 131
123 43 23
63 19 127
173 105 181
93 103 167
21 101 73
117 33 195
165 27 15
53 83 129
187 103 5
155 137 105
197 161 185
119 87 109
25 171 75
31 137 151
37 115 43
173 109 167
199 123 187
81 155 153
87 65 5
25 169 193
185 155 147
175 63 47
145 137 167
187 87 95
101 33 29
9 199 65
35 185 143
191 41 141
55 47 127
127 143 117
81 193 141
47 39 29
87 109 107
173 3 53
109 33 39
107 1 139
197 47 51
37 93 85
187 19 179
33 39 33
25 181 161
169 113 145
77 125 193
185 177 79
121 119 157
25 161 65
73 11 77
165 199 177
183 179 117
21 11 9
105 75 41
123 125 171
47 117 139
127 99 119
149 55 103
109 25 23
23 101 49
21 181 25
199 97 189
115 105 75
189 147 199
113 117 9
133 159 131
33 77 81
191 85 111
15 11 59
19 163 167
103 187 189
1 175 113
9 49 113
59 153 131
79 161 23
37 91 41
19 75 173
103 185 109
17 147 101
181 17 19
167 109 143
47 21 45
199 37 45
151 167 159
111 191 17
105 31 97
179 3 37
67 17 55
13 21 61
133 39 79
41 85 163
63 131 129
99 79 175
67 37 175
57 159 125
191 159 141
97 195 45
113 155 129
133 119 195
77 101 113
161 63 45
91 97 191
75 71 53
15 149 151
173 179 121
131 23 81
31 67 71
185 195 169
7 95 81
109 111 119
171 59 195
67 49 59
43 101 55
95 157 129
177 181 143
199 167 21
171 37 151
165 109 85
163 95 69
73 13 77
37 111 89
85 169 59
91 127 31
151 55 73
35 103 71
1 123 49
143 177 151
51 63 121
49 35 191
165 15 153
75 103 131
149 163 167
75 193 155
35 169 149
137 143 3
163 95 143
43 47 143
105 71 85
45 61 41
59 15 89
163 49 159
125 119 33
21 177 85
93 31 65
35 33 3
131 79 43
81 23 5
151 11 47
13 155 57
131 149 101
83 107 159
1 43 25
81 33 53
111 97 73
49 3 69
127 45 9
53 153 43
169 103 123
123 159 177
71 163 93
81 27 127
125 51 9
61 105 113
61 81 195
63 55 9
107 63 57
59 105 89
65 131 141
25 11 109
91 105 137
117 31 111
73 145 193
177 57 21
161 155 81
15 165 141
77 21 3
85 109 13
119 155 175
131 167 39
139 103 167
73 15 59
17 111 79
75 131 151
29 11 31
97 55 193
119 57 111
131 173 189
189 147 177
157 185 1
163 153 35
177 115 173
87 193 149
121 145 167
131 79 145
89 175 77
49 87 175
21 75 197
167 155 127
57 59 21
9 93 177
123 169 139
19 119 21
67 189 11
147 133 133
121 9 167
7 87 57
185 83 105
45 115 127
103 135 197
101 15 53
173 153 165
91 77 191
183 89 11
19 21 77
133 187 127
19 43 49
103 53 159
17 179 49
151 79 93
165 133 99
21 97 199
3 193 173
91 3 167
15 183 55
1 111 73
149 63 5
1 125 25
83 173 127
161 169 47
197 69 197
199 67 65
191 143 189
97 15 191
79 69 185
189 141 103
155 147 105
81 75 157
53 1 61
23 47 47
91 147 7
61 115 109
109 103 107
123 199 1
95 87 97
35 191 175
85 199 69
159 59 23
63 119 103
13 165 157
159 75 83
177 87 77
185 193 41
87 193 149
173 193 175
67 169 173
65 37 113
123 59 197
145 163 61
13 23 123
193 9 41
79 85 199
177 125 81
169 179 65
163 57 151
35 31 27
71 47 95
33 43 159
99 7 187
25 35 35
33 75 49
21 177 145
51 57 23
133 121 199
189 175 73
123 3 139
169 97 173
117 159 147
123 49 83
61 85 183
135 37 7
113 181 145
73 107 165
195 107 119
73 83 51
75 21 41
75 97 67
35 147 37
187 29 57
71 115 83
11 123 145
95 171 183
3 39 95
13 159 169
95 9 67
19 153 139
115 125 15
61 65 89
193 121 27
109 3 15
135 51 189
105 35 105
47 33 199
109 1 105
23 171 117
79 15 115
3 133 133
67 125 151
187 153 11
95 71 109
49 163 17
83 67 151
117 171 159
21 75 5
97 97 19
111 115 41
43 49 119
167 199 123
23 115 189
93 23 81
57 143 79
27 93 127
197 155 115
177 63 135
177 81 59
91 121 155
139 41 65
43 67 11
61 55 179
83 39 1
25 21 199
21 53 159
79 167 185
141 101 87
23 159 167
143 19 143
87 187 33
153 199 77
113 177 23
151 81 83
173 183 69
25 45 93
95 31 17
99 21 95
161 91 35
179 33 161
167 169 105
165 149 95
45 171 49
29 53 161
117 121 15
161 117 187
95 37 115
115 35 113
5 175 11
141 135 173
15 143 55
163 39 125
135 87 89
91 151 37
117 165 171
137 57 87
175 171 151
9 189 47
183 199 65
23 75 175
165 35 19
107 159 33
193 153 197
47 189 35
13 63 29
69 53 145
143 5 83
131 51 161
35 19 169
109 193 57
143 13 183
103 45 147
55 145 55
147 83 151
115 113 199
167 161 11
171 147 183
125 107 125
145 181 161
41 37 195
53 123 7
3 69 55
51 27 157
39 83 115
151 81 165
15 195 79
163 81 47
69 5 121
49 69 47
189 63 191
111 71 135
85 125 189
111 185 95
97 3 49
81 71 87
75 151 141
59 101 157
169 21 119
37 67 187
101 161 141
75 97 129
103 189 41
87 187 125
193 139 139
63 27 37
117 71 117
17 27 97
143 49 59
113 141 27
75 81 65
75 9 165
167 153 143
57 181 45
195 25 131
125 61 27
197 81 89
127 81 7
81 141 23
21 167 69
101 135 183
13 3 57
167 145 35
51 189 1
75 23 161
135 49 155
121 43 185
105 49 85
45 175 11
117 45 91
51 27 15
159 187 115
103 125 129
197 29 199
19 189 49
173 143 125
15 31 163
167 115 187
45 31 93
89 121 41
19 41 61
109 155 17
33 187 175
61 89 77
49 43 73
97 167 197
127 33 169
43 21 87
177 17 53
97 161 97
41 23 91
197 39 13
87 117 123
177 193 155
19 171 121
89 71 73
25 39 169
45 29 1
165 185 147
127 185 123
149 75 123
91 193 165
7 115 65
103 173 151
177 197 31
47 71 153
189 143 145
17 143 171
105 193 15
91 115 85
69 143 11
61 107 63
175 75 57
53 129 63
49 161 69
119 17 47
167 163 197
109 133 91
7 51 11
121 135 117
167 49 7
177 111 75
51 167 137
181 133 15
141 107 67
61 57 21
23 53 43
155 143 9
111 155 119
45 175 29
95 181 149
109 159 21
181 199 197
17 15 49
123 185 29
179 5 73
137 153 133
183 161 61
41 183 119
15 11 29
99 65 179
163 85 73
161 81 85
79 129 169
65 61 187
173 37 109
125 75 193
87 135 33
69 53 15
185 83 161
49 61 79
133 37 179
13 25 141
47 195 5
11 181 85
49 193 149
123 89 25
57 121 55
109 41 141
95 1 113
59 183 97
199 161 145
25 5 181
19 11 195
103 199 145
199 51 155
193 75 3
17 129 29
57 173 85
161 191 99
145 87 97
9 137 157
119 117 155
129 15 83
31 63 5
81 19 11
155 125 11
189 155 107
65 143 123
55 145 181
143 43 45
183 103 93
3 161 103
123 45 125
185 49 157
107 61 187
137 175 67
195 81 125
137 3 113
187 87 83
29 37 137
35 129 183
195 135 165
39 59 73
193 15 195
157 105 179
131 171 191
115 97 127
21 113 25
13 195 161
49 37 51
81 19 79
121 185 113
83 161 109
3 155 51
107 37 43
79 27 199
79 57 33
95 81 51
91 147 73
127 197 189
49 181 141
137 93 21
97 105 45
51 61 129
193 7 131
19 7 37
181 143 115
61 99 97
111 171 193
109 63 187
89 3 17
85 23 65
95 69 3
155 197 99
161 31 55
71 67 151
119 87 73
17 183 53
91 79 19
153 65 129
155 81 141
177 51 133
149 53 19
49 55 17
79 13 171
51 163 35
137 37 11
23 193 129
103 11 145
71 45 35
57 185 91
107 23 45
63 145 125
21 161 179
35 35 27
101 69 11
137 79 61
131 111 101
45 159 27
89 193 33
179 187 105
1 31 161
49 157 171
9 135 33
43 65 53
15 179 191
199 143 93
109 147 133
69 175 63
165 7 13
153 15 101
87 79 183
147 49 87
185 185 135
51 39 143
133 29 89
77 25 9
23 159 7
197 125 19
109 137 191
27 143 61
107 125 117
59 117 3
45 51 55
187 99 39
119 187 193
145 99 127
103 105 107
27 29 129
69 123 31
11 183 43
39 3 69
155 111 79
7 165 139
105 107 87
195 5 177
95 35 95
103 141 39
131 69 45
159 3 73
45 45 141
49 115 55
159 97 93
27 139 49
133 25 159
41 1 63
75 1 57
15 39 151
189 85 159
191 61 89
37 105 151
55 159 197
151 155 45
91 107 3
19 65 133
125 127 65
125 89 107
67 143 85
55 101 101
19 95 193
123 45 183
185 41 123
141 189 81
47 191 137
17 27 131
47 93 149
135 103 177
183 187 5
83 191 177
81 87 31
127 71 51
71 97 77
61 83 63
155 19 107
183 149 57
179 1 73
185 83 121
75 87 159
171 63 141
57 199 129
31 153 113
33 29 143
115 195 15
133 101 179
185 63 133
89 135 19
171 159 101
59 119 85
25 163 65
127 195 35
79 109 91
13 51 27
7 65 59
13 43 173
75 81 9
113 3 193
73 105 81
95 93 157
161 61 119
157 95 143
65 91 175
115 21 53
85 79 65
31 51 177
15 163 189
19 59 63
27 43 79
119 199 55
181 117 149
179 165 15
173 139 171
193 191 139
71 161 53
25 137 137
91 125 73
149 91 87
193 169 105
95 129 131
13 181 155
177 195 39
19 165 121
113 103 95
73 61 87
113 101 63
141 173 191
31 61 83
105 69 135
33 105 127
13 59 127
113 1 139
181 121 19
189 119 141
49 111 53
149 173 31
27 67 143
87 149 85
59 85 19
163 115 27
125 145 59
125 83 177
151 5 193
69 49 173
179 103 161
55 133 9
123 75 63
71 63 193
59 83 183
79 13 41
23 177 5
11 153 33
119 49 159
169 21 109
71 183 81
107 95 61
181 61 115
149 53 37
135 35 13
147 181 175
123 89 53
179 121 77
27 183 87
153 195 109
135 77 77
133 41 147
99 155 53
55 97 139
91 13 191
175 187 125
63 41 175
87 21 99
71 11 181
65 119 113
45 197 65
85 47 103
41 5 35
41 143 37
53 37 93
39 161 87
183 135 61
3 137 27
117 119 113
37 31 183
33 199 153
79 101 197
83 135 83
129 77 27
165 169 67
29 55 23
69 115 165
5 141 149
27 157 55
161 141 173
159 93 113
163 89 145
3 171 127
79 197 115
47 167 147
101 189 17
119 155 45
163 7 113
119 165 23
59 41 153
55 153 19
145 1 81
19 33 45
121 51 47
87 197 125
181 13 171
39 163 175
149 179 93
113 1 55
59 59 173
115 77 137
117 157 191
53 105 39
103 151 163
99 75 83
17 149 73
179 27 157
157 119 195
63 77 47
25 155 65
101 91 123
161 185 37
67 129 57
121 91 109
101 77 11
49 149 15
77 11 135
99 109 113
81 157 173
35 21 139
29 47 163
13 187 167
141 45 33
135 57 3
11 69 123
65 187 23
75 121 177
183 137 157
43 13 159
167 57 39
13 19 73
1 91 101
149 123 19
5 125 63
177 47 199
67 175 113
187 151 177
27 107 155
41 169 43
97 9 85
19 81 53
109 87 169
135 9 73
59 71 125
11 173 131
185 87 11
39 63 79
49 19 169
17 165 197
25 49 37
107 5 37
97 79 55
105 151 69
79 77 3
53 111 63
139 25 177
105 103 161
27 73 199
191 69 47
41 9 63
149 149 89
27 107 99
83 175 99
63 179 3
77 145 81
101 121 133
5 185 175
181 183 81
153 133 107
65 99 99
13 187 43
119 189 191
199 87 123
177 193 5
25 179 67
49 15 143
33 191 43
119 175 151
155 81 35
53 83 91
145 125 155
133 21 71
125 143 191
117 147 189
199 117 69
15 163 197
109 109 45
83 165 181
67 199 99
151 91 157
179 149 9
103 21 153
45 115 87
95 7 115
115 75 135
77 175 135
187 19 149
151 103 57
53 105 139
47 61 109
197 69 59
121 23 143
35 13 45
41 31 195
19 165 193
193 99 109
115 151 89
121 111 179
25 153 129
85 63 87
153 121 133
79 167 129
195 117 153
25 111 187
191 7 131
193 115 53
145 109 149
55 87 167
9 121 87
175 7 111
199 139 195
167 173 53
83 29 35
97 17 31
103 51 159
123 105 53
31 53 47
21 21 95
141 107 53
51 123 165
95 117 139
171 73 139
199 13 9
15 147 91
171 105 91
75 63 97
31 109 19
51 107 153
63 159 79
185 29 19
5 167 71
183 9 69
195 17 39
141 11 37
149 101 157
11 199 127
23 121 1
129 179 135
193 57 187
21 75 153
91 49 41
101 117 45
21 155 131
33 97 125
37 53 169
139 179 119
165 83 33
143 17 57
199 107 89
177 59 81
131 3 5
151 49 1
11 179 5
107 9 25
63 81 161
145 103 103
27 137 41
147 193 109
159 185 51
121 67 153
125 175 35
173 175 69
55 179 19
167 5 133
49 69 39
151 171 101
191 117 45
87 25 175
73 181 27
43 37 185
17 71 105
193 43 29
75 63 105
79 195 65
53 139 31
23 143 183
43 93 39
69 171 29
153 197 21
189 181 93
165 191 39
7 123 55
173 29 151
73 93 27
115 27 9
57 115 61
53 153 189
25 85 31
21 9 3
107 101 59
1 43 153
123 99 117
151 153 27
147 179 105
79 93 177
193 153 91
49 45 51
133 181 105
143 87 129
147 147 53
191 99 63
193 119 63
145 49 91
29 153 41
121 129 93
177 123 171
23 79 67
107 183 115
193 15 151
139 67 93
37 35 145
59 97 39
109 187 31
61 133 175
95 129 3
121 3 123
199 69 5
181 183 27
99 133 133
167 131 29
105 75 169
1 17 109
93 47 169
129 125 181
161 129 41
163 155 39
31 159 161
117 89 159
153 125 45
187 155 143
165 27 13
181 135 117
27 7 23
153 187 19
185 29 51
43 67 11
3 131 173
195 91 107
121 39 127
179 85 183
5 3 171
43 119 135
51 45 117
141 167 47
169 17 103
141 131 87
175 7 131
169 113 37
7 143 135
93 127 159
199 1 137
21 135 45
67 155 89
137 107 43
59 9 183
189 1 57
197 131 101
13 71 75
61 5 45
91 165 155
91 5 151
129 155 149
85 43 171
95 189 141
103 171 77
103 131 135
137 31 29
111 11 129
117 159 45
185 113 105
93 169 195
47 117 85
193 191 15
181 131 3
57 113 97
187 151 103
123 179 7
133 107 47
91 153 159
107 161 179
75 157 163
97 145 159
87 63 7
19 65 199
131 65 85
81 169 141
165 79 31
71 125 153
127 187 189
193 165 183
149 31 91
197 191 69
61 101 165
29 3 53
95 87 71
167 131 105
149 163 185
73 19 149
61 9 125
129 95 155
161 185 147
151 159 199
51 123 197
53 79 161
45 53 189
175 157 83
137 47 153
61 99 101
69 127 79
163 83 43
53 133 171
11 37 131
37 137 185
117 97 35
73 85 193
31 73 37
77 25 115
175 31 157
103 109 17
89 151 85
125 121 151
65 157 107
1 141 21
97 81 163
87 177 183
159 117 55
87 31 85
117 187 65
129 3 145
79 191 151
105 47 143
165 153 67
105 175 133
89 137 37
65 119 135
181 77 21
13 163 83
103 131 169
11 75 191
1 25 119
47 167 103
105 139 111
183 175 75
23 11 83
45 145 173
121 69 37
83 55 123
15 25 135
193 119 141
19 141 151
89 147 57
27 161 103
105 35 111
117 23 93
165 195 19
35 135 63
89 57 89
17 95 75
39 37 193
181 91 187
127 147 109
193 155 197
131 65 129
153 63 33
51 81 53
91 49 19
147 137 53
147 11 45
87 5 167
177 191 5
125 3 89
79 103 121
143 31 113
109 169 43
95 21 197
47 143 151
183 195 41
97 145 189
5 111 39
99 19 125
101 109 101
5 29 25
139 141 7
107 183 55
33 83 163
175 35 161
75 75 7
123 167 93
33 5 191
155 129 195
63 135 95
195 159 195
135 167 103
23 21 43
105 87 53
139 49 85
119 55 165
85 149 39
91 43 161
123 141 97
57 35 51
121 135 19
191 37 13
115 183 53
1 37 179
153 121 83
113 189 127
165 27 45
7 91 33
147 91 27
87 47 55
125 169 15
65 181 135
49 137 29
85 115 143
109 103 49
99 29 105
29 177 17
25 113 181
115 141 91
161 99 143
129 113 133
15 49 57
55 181 121
171 125 169
73 77 157
5 181 67
85 199 69
101 83 97
145 79 121
43 21 141
157 153 101
109 113 135
89 33 53
13 107 107
89 167 181
175 137 157
173 5 161
159 7 149
37 31 155
57 171 99
113 177 143
25 15 99
163 67 111
69 173 199
35 155 117
77 111 109
81 177 83
87 29 159
23 183 119
193 83 155
73 129 13
87 131 29
153 41 55
31 39 17
89 59 189
103 169 127
183 51 3
117 115 189
99 33 179
85 187 1
117 103 99
47 133 171
191 91 163
135 107 19
193 199 49
65 29 41
117 33 49
135 125 31
167 103 147
153 105 151
57 107 139
93 77 57
183 143 7
193 163 199
95 11 133
123 157 29
59 5 95
183 139 115
87 87 49
95 141 15
1 183 71
181 39 31
125 151 123
87 149 9
1 185 1
61 13 199
65 11 123
5 125 181
195 173 69
39 91 59
21 163 153
165 193 57
115 21 141
167 29 65
55 135 55
171 133 161
183 159 21
11 45 191
185 113 195
179 171 93
141 27 131
135 83 55
155 127 19
87 193 37
21 151 107
155 15 65
17 37 37
61 27 123
173 125 133
47 121 21
73 155 1
59 9 141
187 133 179
83 73 37
137 85 125
153 149 49
189 89 3
119 11 125
147 49 185
67 69 159
125 173 109
37 115 183
73 197 41
147 35 131
31 63 13
83 111 151
173 19 7
183 143 99
31 127 17
5 189 67
177 99 37
195 185 161
193 129 197
131 61 71
97 177 121
111 31 55
129 37 137
175 135 109
7 55 197
195 25 131
197 61 39
181 21 17
15 123 11
75 97 107
155 121 141
91 175 141
127 15 53
167 29 181
125 25 61
151 59 67
115 99 61
137 19 163
163 29 47
163 41 61
83 85 39
57 131 195
175 183 85
3 67 115
131 127 185
191 193 15
193 159 165
11 121 79
143 167 119
87 29 185
173 67 147
103 165 29
189 153 189
55 69 165
183 157 167
79 171 99
37 135 193
61 119 185
133 141 99
161 127 41
131 73 129
1 7 5
153 195 11
125 63 199
83 31 157
53 33 43
93 129 123
11 17 63
151 115 125
181 155 57
159 187 121
165 191 155
63 105 155
127 7 13
157 165 137
93 7 19
21 129 73
141 193 165
55 21 79
113 181 133
101 101 19
195 159 177
5 115 141
11 31 3
175 167 33
183 187 189
15 163 185
111 31 109
131 13 49
111 145 103
115 163 121
75 43 21
93 183 119
123 91 123
89 123 135
179 17 13
45 105 99
179 15 115
191 167 25
41 71 61
107 191 75
151 115 191
37 137 169
31 61 61
59 99 183
179 111 175
83 11 59
1 29 7
169 157 187
143 17 81
37 93 25
151 187 133
87 155 187
51 15 127
149 101 159
165 179 121
79 141 99
107 149 85
63 39 191
185 23 159
181 49 5
71 181 41
25 71 95
143 197 85
147 59 41
29 179 93
171 181 57
23 171 39
165 161 145
187 23 113
35 27 97
119 171 181
189 65 51
91 53 179
149 93 121
129 187 171
109 147 199
79 187 73
143 131 95
165 147 59
191 43 151
161 127 89
129 177 9
183 155 101
75 179 191
165 149 141
113 149 173
99 21 185
133 21 169
81 183 111
27 37 77
155 127 171
35 39 37
95 139 165
73 35 51
23 79 31
75 155 195
199 139 11
123 107 109
107 123 147
143 199 131
173 73 157
11 109 15
55 179 155
193 29 49
175 59 121
129 159 47
171 169 25
183 183 25
105 33 51
7 163 61
79 23 109
93 39 81
71 193 197
3 41 51
167 65 43
125 113 121
197 137 49
83 65 19
115 117 1
77 177 9
101 189 15
43 71 199
139 67 91
83 21 65
147 167 67
59 87 33
101 135 61
69 57 163
185 163 45
67 171 161
55 91 141
29 89 145
95 83 187
115 147 125
185 117 7
71 55 59
5 19 21
167 181 121
129 27 191
99 91 79
189 31 49
181 81 105
63 67 133
113 97 133
135 7 151
189 169 137
111 191 111
93 111 117
23 5 187
113 85 115
47 133 117
127 141 11
99 179 191
99 15 159
9 69 71
179 109 5
169 21 97
183 41 9
189 27 5
177 141 27
13 161 139
59 171 89
141 163 17
155 121 19
23 95 117
133 5 125
57 5 103
97 13 175
123 17 159
63 147 51
23 85 131
99 79 143
165 199 105
189 17 45
83 37 199
191 65 127
197 73 163
113 47 19
35 109 115
181 159 141
171 89 107
49 137 129
47 41 131
167 87 95
107 189 83
171 19 71
43 85 61
195 103 57
103 121 75
167 61 109
55 167 89
191 1 59
137 35 11
23 131 161
115 13 31
39 83 137
123 145 109
131 105 55
51 179 49
17 87 57
87 81 23
191 43 181
27 159 173
157 119 109
73 151 35
61 191 53
109 3 91
13 59 15
97 11 49
87 67 99
71 193 19
115 175 11
73 51 1
95 63 131
149 1 191
141 53 169
143 49 29
105 167 137
117 15 53
87 17 149
81 37 141
159 151 11
9 55 125
71 187 101
71 81 197
123 49 49
75 77 93
41 117 141
55 171 45
73 23 65
13 163 153
163 175 137
121 3 95
11 105 103
93 5 77
141 157 147
123 51 173
39 191 49
113 35 193
137 101 49
99 157 25
73 93 37
77 91 103
85 97 127
193 173 139
149 119 31
199 91 75
93 43 101
33 37 45
37 189 157
193 13 93
189 153 193
79 159 169
79 85 149
51 23 33
169 157 25
163 137 79
7 141 77
147 185 75
135 143 107
147 139 143
99 131 39
161 5 27
45 153 9
173 91 87
129 115 137
169 97 9
111 175 75
95 153 81
141 59 131
81 1 65
115 39 115
119 169 13
73 177 77
163 167 123
181 7 199
79 119 31
157 193 1
109 179 15
71 109 109
71 175 155
13 89 35
181 7 149
61 83 69
131 109 45
137 107 111
159 139 195
151 43 73
129 57 133
39 69 145
117 23 15
5 57 189
115 111 1
103 83 85
11 31 145
23 141 75
65 135 115
11 113 73
67 149 129
39 95 57
63 13 199
23 3 115
37 3 25
119 89 139
53 137 41
193 117 157
33 31 83
49 9 147
197 41 61
195 97 127
9 1 165
11 115 131
117 139 155
5 183 191
47 127 15
163 83 67
97 69 165
105 119 101
49 179 149
147 105 145
147 175 141
165 105 53
9 163 63
191 59 179
21 177 89
105 43 135
77 111 97
197 11 193
175 159 3
185 105 51
159 149 101
167 1 151
35 167 21
93 145 29
69 137 123
15 71 143
127 71 151
137 65 29
1 171 25
9 125 199
61 27 183
61 81 45
131 101 117
75 129 55
117 51 51
187 195 23
59 145 37
27 173 67
197 101 109
121 5 109
51 91 21
133 137 81
33 157 141
67 11 71
117 61 49
15 83 165
65 23 57
37 91 19
43 103 45
47 115 41
137 135 65
177 15 117
133 59 153
47 33 185
11 185 51
197 55 73
125 111 191
119 129 55
21 173 197
135 117 39
69 181 85
187 1 125
45 153 103
77 43 139
61 197 91
115 69 101
129 165 3
57 19 127
133 15 45
49 157 169
135 145 7
39 71 75
193 173 165
35 15 9
31 105 189
5 7 49
169 113 69
91 143 197
107 187 159
167 59 91
113 65 45
183 43 83
59 7 121
73 119 17
179 107 51
89 59 187
1 127 95
143 29 63
33 91 153
195 85 163
59 129 131
5 115 43
11 141 129
129 157 187
139 113 59
197 99 37
29 193 29
161 159 29
51 15 75
135 179 11
169 13 5
83 55 63
23 87 171
85 73 181
197 131 13
199 73 55
191 101 53
53 35 185
67 109 145
149 121 195
161 125 129
119 93 1
5 63 85
181 149 11
113 65 95
89 121 91
189 77 89
127 61 183
37 5 139
61 103 7
89 31 59
85 137 21
53 21 43
1 135 153
169 31 133
89 25 149
69 19 37
129 1 131
37 141 57
139 51 197
75 109 161
11 33 51
31 181 39
69 133 91
99 169 195
29 23 165
47 59 157
151 93 131
195 55 59
149 155 97
163 117 35
195 71 109
79 109 23
115 105 53
85 99 123
107 167 125
69 29 57
67 159 103
121 121 159
179 17 153
95 157 103
69 169 65
179 193 163
187 149 147
189 175 61
157 5 49
89 61 59
151 165 129
71 27 99
89 179 123
149 185 101
117 153 101
13 21 169
163 167 51
137 131 37
141 181 27
107 39 87
175 71 175
1 73 125
83 195 195
69 97 187
125 197 39
49 69 157
15 121 73
51 157 35
31 87 77
173 173 121
149 147 27
21 175 1
17 75 1
17 61 189
13 5 161
185 161 85
105 137 135
167 173 53
53 153 103
131 177 37
181 5 11
157 109 159
31 15 179
195 3 99
199 163 115
63 151 31
105 189 17
77 147 121
133 153 191
109 191 149
17 105 79
31 167 59
45 49 119
151 149 53
17 63 49
71 95 151
61 15 119
7 39 23
63 31 3
53 179 39
61 161 147
27 19 69
77 139 99
25 95 47
191 143 101
189 199 21
3 21 91
43 147 151
177 149 61
59 91 125
19 141 81
141 9 143
183 11 169
79 161 45
125 61 173
27 185 165
47 77 57
193 27 61
45 193 7
135 117 87
77 197 145
189 43 67
105 13 111
65 161 95
31 39 173
15 107 1
91 163 29
23 127 179
15 133 173
35 123 121
135 67 161
179 37 141
95 149 33
55 43 137
197 119 3
103 23 137
67 51 55
193 31 147
31 107 73
153 131 87
125 91 25
161 135 159
13 169 137
159 9 135
181 115 95
5 51 91
55 107 195
189 157 61
199 29 157
131 19 91
125 43 45
61 105 169
133 43 33
141 81 47
57 175 5
11 67 187
117 61 191
177 25 149
5 85 43
23 177 41
169 21 171
75 93 1
21 125 165
101 75 97
77 185 141
47 75 101
107 65 113
35 117 133
119 159 111
95 105 19
19 75 147
111 75 115
141 143 93
119 39 113
103 85 119
177 185 99
145 1 145
167 135 51
125 149 189
133 167 107
9 113 107
187 133 125
131 129 141
73 43 185
61 65 103
47 163 111
47 107 87
85 61 137
33 49 103
105 155 131
17 61 65
53 91 177
183 135 163
129 23 197
193 29 175
59 139 35
165 131 185
25 67 33
73 169 117
131 3 55
97 67 159
91 43 79
25 111 37
151 11 19
179 185 51
23 125 147
153 109 5
123 141 73
195 163 97
197 17 73
65 79 3
11 157 3
25 193 93
37 115 21
125 69 171
49 15 151
159 123 173
3 195 29
69 195 151
189 171 145
67 79 141
25 81 109
121 175 25
37 99 49
9 71 189
129 125 115
51 97 67
151 29 25
49 179 133
21 123 1
3 167 191
83 77 57
161 5 185
61 53 11
131 147 47
55 165 159
55 31 87
187 161 139
165 93 193
191 93 41
157 187 165
137 149 167
141 37 155
99 47 115
45 93 79
9 157 9
39 43 167
103 181 125
195 77 111
193 23 179
179 187 169
31 59 127
69 13 167
115 127 109
113 111 7
69 119 155
111 191 67
197 19 9
73 35 113
95 13 107
187 87 3
45 13 87
161 83 117
191 191 185
101 101 101
125 159 13
115 25 185
37 139 95
175 51 91
93 61 69
179 65 67
95 151 53
177 171 1
169 157 161
173 161 153
133 77 53
61 61 177
199 155 195
153 151 137
15 19 111
183 85 3
37 43 181
7 43 179
67 109 157
27 61 29
103 17 1
67 99 37
23 197 3
77 133 105
95 149 59
83 151 177
125 37 159
73 15 99
85 75 105
145 103 77
65 9 103
67 149 111
65 151 177
197 57 103
145 19 179
1 195 177
141 57 61
155 155 89
135 163 65
141 39 149
53 47 197
3 61 167
57 141 33
17 45 97
35 127 95
133 105 143
189 69 143
143 61 83
11 127 143
153 179 181
199 177 121
163 143 175
105 175 81
53 177 137
83 71 59
187 117 197
159 165 131
21 151 23
51 93 71
29 177 81
5 99 33
51 177 137
131 57 3
107 97 107
81 59 63
197 57 147
161 91 37
113 113 197
109 87 121
191 167 171
193 105 199
169 145 109
129 147 63
129 159 193
189 21 3
149 71 83
143 109 81
55 9 145
143 129 161
13 3 175
21 105 165
165 117 157
113 181 29
71 77 157
195 81 189
67 163 177
175 147 29
87 197 171
15 61 131
121 35 177
25 103 189
143 163 115
27 191 79
103 51 95
87 41 165
155 121 65
101 151 131
1 25 9
63 155 95
1 131 13
105 25 133
171 139 61
67 17 107
117 113 133
61 181 141
87 45 27
141 79 181
165 87 187
121 181 187
51 97 49
75 29 51
13 195 59
135 101 29
151 35 95
131 79 117
81 9 81
159 95 167
151 81 11
35 171 177
133 125 97
65 79 51
59 137 31
161 69 147
99 69 81
177 89 135
89 169 171
183 41 51
167 51 113
43 131 63
167 131 99
45 183 31
85 117 95
57 63 155
125 49 19
13 183 117
87 153 197
127 107 85
81 21 69
117 83 139
47 85 181
133 115 51
49 115 199
17 173 187
65 191 45
151 107 73
9 103 87
19 187 77
39 159 107
27 3 187
111 87 103
131 139 55
149 41 187
121 29 37
111 177 53
17 49 21
23 39 75
113 115 83
73 21 103
179 113 45
65 119 175
107 173 191
149 161 25
81 101 173
57 57 93
9 77 3
49 151 123
163 139 145
89 145 57
1 93 33
23 173 11
101 163 181
165 187 87
65 159 139
121 51 19
101 157 179
155 79 189
197 127 141
45 183 103
139 121 95
111 131 199
177 15 23
67 7 123
25 145 87
179 69 55
135 151 79
117 43 83
43 183 141
129 191 139
49 85 87
85 85 25
99 11 39
105 37 119
155 27 185
127 81 113
77 63 91
25 145 129
7 85 149
197 127 191
187 15 25
71 143 73
185 87 157
21 5 161
47 191 169
31 103 27
93 99 153
141 131 135
25 81 159
153 175 69
167 199 67
13 73 53
99 133 27
105 93 115
199 167 135
5 193 85
103 147 19
139 185 15
123 47 155
97 115 179
1 181 35
177 137 105
109 67 119
107 181 17
73 19 121
169 7 119
115 25 29
3 39 131
49 193 173
165 77 95
49 111 97
187 121 97
53 39 73
139 55 85
157 81 95
165 103 71
93 131 41
133 167 59
29 139 63
105 139 111
121 35 75
41 131 29
79 107 15
37 95 171
117 191 109
125 61 171
55 5 39
125 65 131
65 31 167
3 45 197
141 25 5
71 53 125
81 67 165
175 141 147
165 51 89
131 125 109
135 163 33
103 93 193
133 61 117
179 161 85
3 165 87
159 91 27
25 159 1
165 11 81
119 99 57
43 7 125
109 41 55
107 33 95
167 53 101
31 139 35
195 129 117
189 61 23
53 61 181
167 47 109
65 7 177
175 131 1
15 187 147
151 185 57
109 85 163
47 23 33
175 43 63
35 169 161
1 53 55
47 161 11
53 139 177
87 43 41
177 189 119
161 45 135
151 7 189
173 143 97
121 109 47
89 71 23
143 29 161
103 39 161
145 119 111
187 63 67
81 181 155
125 19 131
37 113 93
179 9 43
193 161 119
167 87 39
195 47 129
137 113 175
55 23 181
117 91 31
97 149 17
21 79 1
133 75 127
45 21 67
5 141 45
91 83 141
43 115 107
155 89 101
81 71 141
75 101 195
23 21 15
103 23 17
81 53 37
103 119 169
147 67 13
29 9 123
145 115 117
137 121 159
111 61 113
11 161 195
137 79 173
63 95 197
115 35 3
33 107 83
3 25 89
11 147 35
31 63 169
151 23 17
115 39 153
179 137 65
59 111 179
57 11 19
93 13 81
103 199 195
127 89 131
177 27 135
145 195 145
71 11 79
109 69 29
151 133 49
61 15 27
71 35 85
187 19 143
185 15 139
177 49 41
5 183 169
199 33 49
11 111 193
183 45 63
19 93 77
33 119 27
171 5 191
191 51 165
109 189 55
157 29 39
45 101 121
181 55 125
195 47 123
39 15 37
35 91 19
155 21 37
63 115 175
113 79 145
5 133 39
137 75 147
39 195 9
93 23 53
43 51 33
57 87 27
51 11 171
175 151 5
89 125 159
71 175 125
3 13 141
183 65 145
81 73 83
105 125 25
155 61 21
145 191 63
59 161 25
11 167 179
39 29 155
117 155 43
35 199 115
3 145 21
75 27 107
103 155 189
163 175 197
57 141 55
19 69 103
89 49 163
117 107 77
175 149 19
175 167 137
23 189 75
153 199 77
107 91 151
185 191 157
29 45 23
3 149 79
51 15 97
157 195 185
9 13 7
177 53 85
69 127 163
171 107 185
63 161 41
53 117 51
3 139 35
151 19 169
69 19 171
63 109 125
75 19 185
33 103 193
159 171 73
67 59 45
131 101 17
49 151 79
91 91 131
13 163 133
33 133 187
45 57 159
63 41 21
69 137 1
143 11 33
3 55 95
7 71 65
61 53 197
55 185 149
17 21 39
149 113 53
109 71 85
53 197 33
191 101 95
105 37 67
63 35 11
39 101 13
91 1 123
179 149 183
1 91 39
17 143 159
191 131 109
187 163 121
191 161 175
27 29 69
167 39 173
171 155 35
171 77 73
23 163 165
113 105 47
161 65 151
91 77 167
55 197 159
119 171 49
147 39 41
89 115 171
43 55 137
23 127 11
91 195 85
195 43 107
59 97 125
135 65 85
37 127 79
7 175 133
151 119 157
65 91 103
119 131 193
151 143 139
49 27 67
195 39 157
93 67 55
157 151 115
187 29 153
161 67 189
81 23 101
75 29 51
109 125 19
51 65 43
183 131 97
125 191 145
191 45 45
141 63 137
73 17 197
43 109 183
169 9 47
199 163 127
123 87 105
91 33 15
125 129 169
115 177 151
65 125 75
127 61 65
47 161 109
157 47 87
69 95 129
33 125 3
23 31 1
55 45 27
87 13 119
167 69 43
93 47 63
57 17 127
19 29 157
65 115 5
159 149 161
85 151 29
19 55 165
63 185 187
179 103 145
47 51 31
199 17 199
15 143 91
43 99 147
63 7 69
11 167 135
65 101 197
23 169 185
7 157 3
15 5 169
65 37 149
81 139 99
127 29 97
129 79 111
137 149 59
7 187 121
11 87 131
181 73 99
41 179 121
45 149 127
81 1 141
19 3 109
151 101 93
135 115 123
187 173 157
173 197 93
59 31 3
35 129 15
119 153 195
67 81 35
171 125 79
173 139 65
177 135 187
93 163 139
169 119 73
71 115 59
101 117 135
31 131 97
183 125 37
167 63 155
197 47 125
39 111 95
173 97 67
39 139 149
157 115 145
71 77 17
189 11 87
119 13 189
149 49 123
115 3 9
161 127 81
175 125 181
177 95 19
115 43 95
31 187 135
107 5 91
23 195 67
35 87 55
187 9 77
189 123 129
19 3 45
143 183 109
37 105 189
81 199 165
171 37 79
79 33 13
75 99 25
161 153 47
75 133 185
197 63 171
199 11 63
85 23 81
189 11 23
91 175 163
129 159 43
161 75 119
163 99 197
115 49 175
151 137 137
117 107 115
127 73 111
55 153 13
169 79 97
49 43 85
7 189 175
185 107 7
85 9 167
37 183 129
175 23 147
185 137 99
59 47 119
115 59 47
195 155 5
141 143 173
129 119 21
141 125 131
149 197 117
35 29 105
59 81 141
195 83 19
147 1 5
5 151 167
65 155 185
7 129 83
29 149 23
59 81 57
159 197 197
187 5 49
67 145 83
149 69 45
55 177 41
5 143 187
161 127 95
89 11 159
141 137 71
125 193 3
25 93 61
29 45 19
79 33 111
147 77 177
123 21 31
65 7 189
95 7 193
9 69 153
51 139 145
147 47 191
41 107 115
85 31 141
21 141 73
99 117 151
119 51 97
31 39 19
37 137 187
9 89 187
53 139 195
99 129 149
5 147 97
139 191 137
79 65 125
101 15 51
55 113 149
95 35 171
31 23 1
23 9 141
65 107 151
97 57 107
45 57 5
35 97 113
99 21 53
19 71 131
35 123 135
69 95 191
195 199 85
3 141 19
15 195 145
175 101 11
31 105 107
127 121 55
51 77 91
27 9 93
149 143 111
147 133 145
147 121 15
87 43 9
185 93 117
85 103 35
93 113 9
13 169 143
91 163 69
3 55 23
49 167 49
87 15 103
111 29 49
155 143 99
47 59 185
53 93 169
69 5 157
141 147 49
103 119 167
63 141 161
133 95 67
147 101 19
177 53 105
23 153 17
185 137 75
77 11 25
185 71 77
35 25 49
153 191 191
197 55 197
195 25 59
95 43 191
149 53 139
101 69 19
141 47 41
55 71 25
127 51 5
151 99 93
45 193 127
3 191 79
27 49 179
69 145 175
25 187 173
197 5 121
43 149 125
17 77 67
67 185 25
71 77 151
63 3 101
53 185 49
7 163 51
55 41 77
41 15 51
149 39 75
97 165 73
173 135 19
157 159 37
137 15 103
139 19 173
27 69 141
93 119 193
135 101 103
53 151 157
195 129 101
159 105 49
197 125 145
61 161 21
75 167 81
93 141 17
65 81 59
89 177 85
189 185 83
139 45 121
171 147 173
77 195 167
1 141 31
65 65 131
31 147 191
171 163 169
155 127 167
37 115 31
21 197 119
65 117 107
11 193 149
111 65 25
155 95 101
19 129 5
165 121 69
33 193 99
159 159 175
73 95 33
175 13 69
91 25 193
189 77 59
53 101 173
51 105 187
179 109 141
3 177 161
197 181 29
59 155 61
153 187 123
71 161 101
199 153 75
75 115 69
81 193 161
89 179 13
199 121 167
79 185 51
163 13 53
117 75 153
9 101 117
169 1 69
121 179 43
141 153 41
133 113 21
111 127 5
135 197 93
119 47 195
133 101 179
111 157 141
11 73 163
13 47 171
95 89 43
47 35 67
161 55 7
191 163 139
187 55 155
35 155 89
39 133 9
99 177 45
77 139 155
123 13 165
115 159 81
149 27 81
107 137 127
69 77 191
29 135 181
183 127 73
115 39 11
195 83 153
135 141 51
51 11 127
11 91 153
141 75 69
77 3 121
57 97 29
95 79 1
23 55 29
61 65 11
145 17 29
85 67 25
95 99 63
91 51 17
69 23 131
71 145 175
169 77 157
151 77 13
5 11 109
173 125 35
189 59 95
159 187 143
161 153 133
13 169 131
139 5 125
83 179 195
63 135 169
45 53 137
55 65 191
83 99 99
141 193 71
127 41 163
183 173 27
153 7 187
157 133 199
39 127 43
175 95 125
27 137 93
91 31 137
189 131 95
85 105 177
29 69 23
1 95 53
9 185 37
45 89 189
171 131 49
169 159 87
105 51 61
137 187 191
171 81 81
75 163 173
47 185 163
45 37 191
31 73 97
119 165 9
49 13 53
7 5 127
163 169 199
149 161 105
135 145 145
1 23 19
185 185 93
125 79 45
199 79 89
67 87 119
81 43 141
189 73 93
157 73 5
117 81 167
167 129 115
189 147 153
77 39 153
59 187 41
139 77 167
129 99 69
77 145 135
149 37 119
125 41 11
5 7 169
133 27 189
183 83 59
127 37 47
113 181 27
189 51 87
193 119 129
137 159 57
77 181 37
119 193 187
29 65 15
55 53 21
43 113 57
79 63 41
163 91 167
15 81 183
37 9 77
99 169 69
81 7 109
177 97 89
41 111 111
197 35 141
13 197 99
181 141 141
175 11 123
55 193 87
167 69 5
135 41 41
45 149 141
141 143 125
157 53 101
95 193 45
195 197 41
135 137 159
145 165 139
139 51 113
111 159 167
153 199 37
5 43 75
147 167 121
1 171 165
97 15 25
93 161 121
135 119 115
99 57 155
53 73 99
11 143 141
113 179 157
157 53 109
27 77 113
199 43 165
13 171 69
77 195 165
195 15 163
155 169 97
27 171 195
169 17 151
51 173 161
105 81 73
85 97 133
127 165 161
3 33 159
197 199 75
11 161 57
179 161 155
55 59 111
71 9 41
43 169 115
27 145 69
27 79 173
97 143 59
129 101 89
31 79 195
95 135 193
55 91 107
113 105 191
121 49 45
193 67 19
43 137 61
25 13 191
167 175 121
171 169 17
153 163 51
193 59 81
83 167 177
91 157 31
43 105 49
111 123 73
47 87 171
163 77 13
139 101 141
107 23 107
173 73 181
33 153 133
103 33 125
163 65 111
67 17 105
189 89 149
75 163 59
55 175 9
59 19 75
81 125 13
57 9 23
11 143 197
43 171 133
11 187 35
27 91 197
21 143 167
183 105 155
63 113 133
81 189 91
111 105 149
119 129 135
165 29 191
41 65 105
27 3 53
21 103 63
165 69 195
69 127 119
87 163 5
179 53 67
83 105 53
115 143 67
47 39 185
111 143 55
17 195 95
119 163 25
91 61 45
17 83 9
83 87 79
135 59 165
145 15 143
191 81 129
29 169 149
173 23 195
71 21 11
137 45 27
101 91 51
183 99 141
71 81 63
33 149 145
47 195 185
31 125 33
199 73 23
127 171 53
147 85 129
193 113 103
187 67 41
85 111 141
71 77 125
19 23 99
119 111 35
43 47 185
19 69 15
93 25 13
179 153 139
195 57 191
61 1 87
75 141 73
153 169 61
79 171 131
189 109 55
139 93 173
7 107 119
137 25 41
193 67 133
49 57 111
153 143 105
199 119 69
71 181 145
43 15 97
55 69 175
149 145 67
159 63 5
183 103 115
155 37 51
115 51 45
59 157 197
81 25 55
61 73 53
77 169 123
49 47 69
195 113 125
57 21 73
161 137 135
101 91 119
151 39 73
11 141 91
141 195 149
13 151 135
183 177 195
133 47 175
47 75 25
171 51 19
11 185 75
103 7 139
45 183 143
89 75 199
187 23 9
137 61 149
115 57 67
161 31 153
139 55 85
189 177 131
173 157 7
181 199 17
163 143 23
37 45 69
165 53 61
25 107 49
185 173 185
17 125 99
175 9 163
153 45 5
13 51 193
11 67 167
57 195 51
101 63 117
155 27 155
165 75 23
41 61 47
165 63 137
77 131 153
25 135 31
179 129 87
151 199 99
145 153 15
111 69 71
137 127 173
13 149 31
177 101 195
39 37 35
73 93 103
113 27 83
145 115 109
143 117 191
199 131 141
67 3 85
195 175 195
143 5 133
147 103 49
183 41 25
179 143 167
7 129 41
121 141 153
141 133 97
73 73 143
179 159 141
57 153 111
165 189 105
67 37 153
107 61 3
153 29 187
81 173 165
23 29 75
155 125 99
131 171 41
89 15 17
147 125 195
39 135 51
77 191 15
41 193 185
173 83 91
49 153 147
77 27 27
105 127 153
179 71 11
193 87 143
23 185 31
61 35 81
51 153 121
147 41 101
31 131 141
183 181 19
113 7 67
39 65 49
13 75 153
99 17 133
83 153 125
21 33 51
77 57 111
117 157 65
151 3 13
131 21 43
43 191 129
107 39 41
181 97 185
199 29 101
55 57 1
87 109 187
145 123 9
5 189 189
7 1 107
131 147 57
27 75 93
65 19 135
161 107 41
93 9 21
151 113 123
163 99 81
85 11 169
177 105 17
177 11 125
123 171 37
101 63 167
25 197 193
35 141 163
147 67 27
163 189 121
167 175 175
81 47 137
185 63 125
195 91 103
71 127 183
133 95 11
35 191 15
175 153 143
41 181 179
135 5 29
109 179 97
155 115 63
121 143 143
11 149 33
139 133 27
137 143 97
31 61 135
89 5 169
173 87 47
177 19 89
155 115 23
173 177 35
19 25 189
169 57 109
101 187 23
147 189 161
7 123 1
11 195 137
97 41 25
117 33 197
135 55 77
17 89 31
145 181 107
1 89 125
91 113 93
79 177 97
105 83 43
3 19 155
149 43 69
181 143 167
141 19 187
133 153 25
115 59 41
107 183 185
123 181 89
5 77 85
87 25 163
105 83 173
51 151 79
193 21 27
115 111 113
67 137 53
125 177 89
11 67 107
191 155 15
173 39 41
101 107 45
183 183 131
133 165 139
59 193 93
169 9 85
105 165 199
187 53 65
53 65 93
111 79 105
55 119 199
65 69 75
151 199 79
115 43 61
11 135 99
19 21 157
87 123 29
45 93 135
109 89 121
187 193 77
9 97 91
77 75 145
181 155 113
23 119 63
61 121 83
185 181 93
109 11 17
105 145 103
193 169 147
91 149 159
91 39 145
165 89 59
23 1 39
143 169 123
63 51 49
45 47 111
55 63 95
103 71 107
71 121 11
19 81 109
161 129 103
49 91 97
155 35 61
123 157 189
77 7 131
123 21 193
91 115 141
65 23 195
89 137 97
73 149 71
3 51 193
197 147 155
31 113 107
93 101 61
3 135 87
23 31 163
137 173 191
159 71 185
1 73 153
149 143 41
1 41 115
51 99 21
67 5 17
71 171 153
5 161 45
37 29 47
113 123 69
183 107 109
55 59 173
199 3 173
143 117 121
41 41 25
149 59 181
23 115 151
185 159 23
117 109 131
39 81 71
145 189 183
107 161 71
109 133 125
131 159 27
171 183 169
133 67 113
47 19 167
109 145 189
17 179 77
1 51 193
191 137 31
151 111 79
189 37 185
147 63 199
33 137 129
101 49 99
23 15 137
167 109 183
49 185 197
3 83 117
45 113 119
155 97 109
191 81 163
159 79 151
95 111 1
47 115 139
167 51 143
75 33 165
163 29 35
45 51 83
63 169 191
159 77 35
39 143 189
23 199 181
37 199 139
151 41 137
1 183 87
139 147 53
71 85 31
121 73 195
89 63 39
69 97 101
13 85 59
115 169 3
17 11 129
59 51 165
41 139 21
93 191 21
81 23 159
153 17 135
15 159 55
15 165 49
5 127 117
173 33 33
89 161 147
139 31 165
77 51 127
69 175 167
195 39 163
115 173 45
177 131 101
141 179 21
69 97 35
5 33 143
167 85 117
101 49 109
55 79 47
29 149 125
67 113 97
143 61 195
75 161 109
53 85 85
53 25 27
191 167 199
75 187 107
27 95 177
105 143 77
53 171 131
69 171 65
129 165 35
195 73 179
79 61 157
103 191 113
175 93 71
161 1 61
57 177 39
103 55 65
73 89 73
43 153 125
7 93 195
183 71 27
43 131 125
35 43 5
127 113 11
127 77 89
9 115 51
63 83 107
55 155 9
113 185 185
5 179 27
179 109 137
109 35 23
55 143 65
73 57 3
149 147 35
169 101 65
51 111 73
111 119 39
95 7 95
73 137 7
85 177 115
23 199 93
165 167 1
127 171 159
73 109 31
173 173 85
83 47 53
105 85 7
15 83 117
151 193 11
127 107 187
125 199 73
195 103 95
165 63 165
177 197 91
151 81 67
101 133 143
89 45 129
173 161 137
165 173 151
177 159 5
175 135 131
183 135 159
149 3 153
145 93 23
131 63 199
63 5 53
11 37 153
173 173 43
145 27 15
7 31 83
47 161 59
181 23 139
183 175 25
179 101 173
41 101 21
149 153 151
89 11 119
61 53 129
87 171 5
21 157 53
85 17 61
107 59 11
185 83 95
87 159 181
91 83 159
147 139 103
61 57 155
113 89 43
187 95 7
145 147 197
65 111 17
27 25 101
109 119 111
171 99 199
53 161 85
191 167 79
151 121 131
145 67 191
143 73 9
193 173 195
9 189 43
33 193 107
153 103 133
51 7 145
117 91 19
83 75 73
109 109 167
79 99 23
57 107 167
29 7 13
123 49 5
115 61 13
123 97 47
129 43 103
123 165 57
101 37 173
9 109 161
109 131 173
119 1 51
29 13 107
183 121 41
43 39 163
139 85 77
85 91 103
51 147 135
191 121 59
3 185 159
133 157 169
37 111 181
153 19 3
179 163 33
17 125 15
5 105 161
95 9 3
41 143 89
65 105 43
49 169 137
109 137 141
21 21 177
143 23 15
105 159 71
133 173 49
37 37 65
149 41 69
197 129 67
101 75 109
69 11 77
109 151 31
33 129 139
57 47 159
119 117 5
197 167 109
33 135 41
73 109 183
105 175 131
83 187 31
95 65 37
149 95 9
181 137 23
131 1 55
49 5 15
119 115 135
157 59 131
65 145 67
41 181 141
27 11 149
195 151 33
193 161 31
131 183 83
131 37 169
135 157 99
153 91 51
117 125 73
61 191 31
145 35 95
157 185 39
107 121 171
171 55 165
57 137 63
199 105 193
155 109 27
45 159 65
73 137 123
167 167 39
3 165 3
91 5 149
115 175 9
169 43 19
105 105 191
115 1 151
127 27 149
85 93 103
125 15 51
91 157 123
161 63 91
165 115 93
43 123 87
85 47 1
95 141 169
95 91 177
27 41 195
23 143 121
141 195 111
97 21 35
63 111 31
179 107 191
101 193 155
51 97 197
191 169 185
83 147 183
123 141 79
169 63 9
67 173 31
89 7 171
199 37 171
11 27 33
107 85 11
5 185 17
173 75 67
119 57 59
165 39 45
27 47 71
103 77 39
13 151 107
51 121 99
181 155 1
67 69 11
155 85 119
29 153 27
87 115 199
29 159 23
77 29 91
57 171 117
9 181 123
33 79 135
91 81 89
161 195 71
45 113 41
101 139 99
119 43 129
77 169 119
9 59 147
85 79 23
65 1 185
49 39 193
33 129 129
27 103 21
45 47 181
87 145 129
33 73 31
1 191 149
163 43 131
41 65 43
145 153 127
185 145 97
113 75 49
15 199 185
165 179 11
109 107 159
183 41 151
77 95 183
119 129 185
89 171 51
41 3 93
91 3 37
69 51 21
67 35 37
149 149 155
55 13 119
1 163 29
95 145 115
23 33 95
97 85 119
3 81 7
5 117 151
159 43 145
97 79 13
151 35 183
163 57 131
125 85 91
173 103 91
111 199 185
195 117 111
75 123 111
95 177 115
137 123 119
121 39 183
59 23 79
115 57 133
1 147 95
103 141 123
5 29 1
121 139 111
147 51 9
125 165 187
151 187 81
189 169 123
115 153 43
173 85 101
23 85 15
165 7 119
193 111 127
37 21 131
87 29 53
155 15 103
45 1 27
119 27 177
71 69 71
59 73 185
143 191 157
55 15 181
165 141 49
91 175 41
119 27 77
39 35 67
143 61 125
169 143 171
37 117 89
13 101 63
3 163 121
17 47 169
61 95 23
37 39 91
167 117 181
1 87 5
167 13 43
13 87 89
129 79 57
29 141 197
95 165 9
141 133 115
139 59 37
179 55 97
199 35 37
85 143 5
1 89 109
87 177 75
69 33 87
9 29 15
79 141 149
115 161 43
175 197 89
133 197 27
71 35 109
15 39 107
103 147 97
81 127 1
17 13 193
151 133 61
195 185 175
155 27 53
151 19 167
149 151 45
183 59 177
125 71 49
175 71 63
