3000 2999
83 7 83
43 193 79
1 111 73
37 79 23
113 163 97
137 23 139
149 7 157
1 61 91
83 97 47
101 103 167
1 43 13
33 2 1
2 97 167
11 89 22
199 1 67
71 127 109
83 3 193
23 137 7
173 163 103
191 173 1
141 73 137
23 13 93
113 89 1
101 1 151
131 1 181
1 67 179
71 47 31
191 83 23
127 13 197
7 59 131
29 31 23
1 179 149
7 29 37
151 107 131
61 59 51
97 86 173
1 53 2
179 29 113
17 71 5
139 89 167
97 73 127
67 167 83
73 113 73
143 199 89
2 177 1
22 61 173
179 139 5
199 163 101
1 23 97
163 59 167
53 193 173
109 185 47
13 103 73
53 61 97
163 149 97
1 122 19
127 11 151
95 131 35
199 107 157
163 101 5
179 11 37
139 191 59
137 127 7
103 59 37
89 113 1
59 151 151
121 11 73
127 151 7
163 193 101
107 49 19
11 71 89
53 31 13
107 143 61
193 89 11
109 163 127
197 141 67
101 151 59
37 31 43
127 61 113
43 173 13
61 107 73
83 131 29
43 197 13
79 197 23
131 31 109
193 167 199
139 13 1
173 41 79
191 181 107
137 158 1
1 73 41
1 43 1
109 137 73
83 61 179
1 37 59
71 131 151
179 47 127
137 10 181
2 101 2
11 1 173
131 179 1
67 1 103
3 103 127
107 47 103
181 193 139
173 103 139
13 37 59
73 1 193
107 5 1
13 163 26
191 174 3
157 47 106
163 113 199
47 65 5
191 71 137
139 103 163
103 31 131
2 5 163
191 193 5
47 131 13
31 149 65
37 29 134
1 1 199
41 1 22
197 181 37
1 74 89
43 61 43
199 107 1
109 1 97
31 131 3
31 151 31
7 1 173
73 149 59
31 57 97
127 97 149
137 199 197
107 19 131
83 59 2
29 191 101
43 73 37
79 1 101
173 109 149
181 53 151
71 191 37
1 157 61
17 121 103
9 23 179
61 3 167
53 43 181
197 103 71
37 31 73
131 1 31
113 1 7
1 197 103
193 43 23
11 17 109
137 101 199
167 181 167
19 67 103
79 47 103
1 43 22
101 89 107
37 109 163
71 139 79
191 43 157
53 163 53
1 53 41
127 173 191
149 197 83
193 107 157
139 1 131
97 1 31
31 1 53
29 1 163
122 151 22
1 19 173
19 71 19
43 13 1
89 127 1
157 131 11
109 163 17
83 6 181
139 79 83
31 67 151
79 149 157
197 193 23
41 2 149
61 79 31
151 197 83
131 101 1
127 167 61
151 73 109
151 83 197
181 131 3
1 101 193
7 197 57
59 31 103
199 37 23
19 191 191
167 137 187
41 151 113
47 109 5
101 181 41
149 151 191
67 53 107
109 173 6
181 167 113
193 67 1
29 101 5
1 11 53
17 5 89
41 7 11
101 37 73
3 103 43
71 157 43
89 37 13
61 17 13
115 103 17
127 73 89
183 109 193
157 61 47
61 173 73
74 61 127
107 199 131
43 181 43
167 127 1
173 37 1
19 157 149
13 199 139
1 149 139
131 41 113
151 59 5
109 73 193
13 163 179
173 31 158
71 178 61
83 23 131
2 179 37
37 1 5
2 181 83
83 31 197
173 7 179
157 173 13
79 151 11
181 197 1
167 101 59
59 179 37
137 131 127
13 191 53
71 181 43
101 37 181
109 53 61
181 101 157
5 109 19
131 181 197
197 7 83
109 73 173
157 53 167
1 73 113
179 197 89
191 119 103
181 67 193
85 61 61
7 61 137
137 173 193
149 89 193
1 53 146
11 53 157
151 109 61
59 131 131
61 17 193
197 67 1
23 103 137
47 73 179
131 181 61
137 109 118
107 73 5
131 163 13
137 23 137
59 31 149
131 127 183
41 91 131
179 1 122
179 13 146
109 17 139
197 11 47
43 197 41
23 53 101
19 19 74
47 23 61
103 181 2
191 109 43
127 41 1
181 151 61
7 191 181
139 137 199
157 1 13
197 179 83
187 67 19
109 131 131
19 103 7
5 127 97
101 149 1
107 3 83
1 47 1
137 73 1
101 59 19
167 71 139
11 1 79
89 131 137
179 137 113
149 83 41
1 97 11
59 79 43
61 143 193
17 1 79
1 193 179
103 173 79
3 139 181
127 59 41
1 13 31
61 113 17
19 1 29
59 101 107
1 149 59
109 109 121
31 193 7
167 11 53
173 11 181
179 199 137
47 101 89
67 151 193
83 163 151
43 1 23
151 101 157
19 73 163
7 83 5
151 1 199
113 101 191
1 41 61
1 1 23
2 151 109
173 53 17
41 74 53
61 37 173
59 151 67
173 89 199
38 139 197
163 3 1
173 31 97
11 1 53
59 103 67
59 151 1
113 83 61
1 181 131
11 157 22
31 19 89
179 61 151
17 41 197
1 43 197
73 38 47
131 1 73
59 2 29
71 71 137
113 163 7
17 83 197
67 127 71
83 43 131
85 149 29
13 31 23
1 11 1
13 73 41
149 73 11
7 59 29
157 83 89
1 97 163
37 41 179
191 197 166
1 1 127
1 1 89
31 137 61
11 185 3
79 61 1
1 197 73
89 1 101
1 191 13
151 29 101
19 107 43
19 1 157
127 41 59
137 113 71
193 3 5
83 61 97
3 109 97
101 59 158
59 131 37
197 29 191
41 139 19
61 141 1
137 149 13
19 1 97
101 127 47
89 79 43
149 1 59
127 23 55
181 29 113
109 139 61
1 3 47
149 59 107
1 23 127
11 149 13
23 41 67
41 161 163
79 131 139
23 47 91
179 31 181
145 7 1
139 43 1
79 79 23
73 1 29
107 67 131
97 43 97
193 197 157
197 83 89
173 103 67
1 131 193
93 103 29
197 173 1
6 143 113
149 103 71
31 31 53
191 7 107
157 1 173
109 83 113
139 1 167
127 157 73
137 97 67
41 179 179
13 73 71
107 137 1
181 121 137
41 131 103
101 1 137
173 17 31
1 89 3
97 131 3
137 103 59
113 1 1
181 31 3
173 71 199
2 103 1
41 97 13
43 131 97
41 131 61
53 67 179
29 193 73
89 53 1
5 157 11
59 197 127
31 137 197
149 197 187
163 139 1
41 127 157
113 73 5
67 107 191
83 199 191
57 1 53
89 131 37
109 197 137
178 5 193
107 129 1
1 62 199
181 137 41
22 103 193
149 79 97
183 91 101
127 1 131
1 113 47
131 103 101
167 193 97
73 73 157
127 59 37
131 131 103
163 97 193
23 142 17
1 19 2
33 89 199
157 59 113
163 151 61
177 5 1
53 11 167
103 109 197
139 173 197
199 109 97
1 79 37
71 157 179
5 131 113
113 173 131
179 107 107
137 17 113
163 7 103
149 1 5
73 23 7
13 127 101
19 199 127
191 175 101
163 113 97
62 137 179
1 1 139
107 1 139
23 19 89
97 103 14
1 137 17
173 19 1
149 197 37
6 79 101
23 1 53
58 89 61
19 19 1
67 163 157
113 73 113
101 173 11
83 193 1
191 5 181
139 151 3
131 2 193
166 31 79
199 73 5
131 1 163
37 83 199
115 5 57
193 79 43
53 73 67
103 43 13
31 193 103
1 137 1
139 79 163
1 199 61
43 59 67
1 41 22
83 31 29
1 149 59
1 199 163
43 1 181
194 61 59
149 127 59
157 181 181
113 59 179
167 79 31
191 199 131
71 149 74
142 89 149
167 1 17
11 67 29
173 191 17
43 1 103
71 113 79
193 43 113
74 101 107
7 1 23
79 47 179
7 97 181
83 61 2
71 169 109
137 61 5
103 73 199
109 103 139
167 181 29
193 47 19
18 53 101
97 191 13
101 163 29
113 109 23
137 7 197
5 107 163
1 11 181
34 29 131
37 157 23
1 43 109
5 71 1
59 127 131
103 83 41
191 101 163
47 131 179
103 1 17
31 139 5
79 83 107
37 191 89
17 97 1
151 17 13
83 29 197
151 1 139
89 19 1
137 143 23
31 1 163
157 17 53
199 167 149
59 61 187
127 67 113
131 197 109
89 133 197
23 59 137
73 193 151
3 107 173
19 103 13
41 137 139
113 97 163
113 179 139
1 139 157
103 19 167
167 131 83
89 47 113
7 31 41
7 109 41
19 193 149
1 113 173
59 127 67
155 103 191
29 131 193
181 127 71
17 97 173
97 23 179
43 46 3
5 7 67
181 101 53
137 191 103
67 113 179
41 19 11
109 47 173
131 71 167
29 179 151
181 131 15
103 1 31
47 127 83
97 31 31
179 31 1
173 199 61
47 59 103
197 173 59
113 31 161
191 178 61
67 53 181
85 139 59
131 181 1
23 23 5
71 1 199
137 11 191
37 29 11
29 181 7
59 179 151
53 43 89
197 7 113
1 47 107
103 5 113
19 193 19
191 151 137
163 137 59
103 1 97
137 89 173
139 131 3
131 137 103
71 2 2
179 13 73
23 43 181
137 173 179
61 89 79
7 191 173
103 13 97
167 113 61
13 11 131
157 3 2
97 193 139
137 107 197
113 5 1
127 79 67
167 1 19
31 1 97
149 137 197
151 73 89
197 31 37
1 131 137
19 101 127
1 89 67
151 163 79
191 137 127
53 131 103
13 137 118
163 19 83
67 1 73
191 193 69
3 101 97
53 163 163
181 83 43
167 1 157
193 167 89
26 86 59
199 197 179
127 59 113
131 107 193
37 101 149
137 1 67
157 89 11
1 79 109
1 107 109
197 131 19
199 79 179
73 151 157
97 115 107
127 127 167
151 47 101
23 199 131
37 149 23
179 1 127
3 2 101
17 1 53
23 97 173
29 71 199
197 11 23
29 137 127
113 139 11
1 167 191
79 167 1
19 149 1
131 7 101
179 101 59
103 173 83
151 23 19
71 7 137
113 43 107
137 1 1
29 157 167
151 181 131
83 19 5
193 113 23
101 191 89
41 167 159
167 41 41
173 109 31
109 101 31
139 53 97
31 193 15
19 113 199
37 113 59
127 5 131
89 191 19
29 151 37
43 53 89
163 1 13
67 149 31
181 109 193
53 5 19
139 163 199
167 34 73
139 1 73
47 97 67
179 1 163
193 19 67
191 173 73
179 23 179
107 67 1
61 47 101
163 139 19
197 193 29
7 67 181
173 127 61
89 33 157
103 91 181
58 1 178
161 1 71
151 5 151
29 5 5
197 5 137
83 163 131
1 167 89
173 151 2
53 167 167
139 161 191
1 107 167
71 101 2
83 167 197
199 181 67
2 89 103
163 131 71
157 179 163
67 139 61
199 101 163
29 41 179
61 101 23
89 1 133
1 131 29
71 167 34
109 41 17
131 11 167
149 151 149
197 11 181
151 199 109
53 131 17
101 133 1
23 101 139
127 37 149
1 29 1
191 67 113
67 53 43
37 29 83
41 118 109
139 29 23
107 103 2
89 1 17
13 31 73
79 1 71
37 41 103
127 137 19
3 191 11
107 43 167
5 61 197
67 113 163
181 173 107
41 149 89
191 11 37
97 167 89
61 97 149
53 178 31
127 37 163
113 23 71
1 139 97
131 185 101
193 89 167
181 29 59
41 109 139
31 139 167
1 199 3
131 163 113
179 1 17
1 109 113
1 31 29
101 41 33
179 151 149
9 7 107
1 41 179
7 31 41
1 163 107
106 137 53
67 67 173
47 1 1
71 163 47
137 43 7
59 71 97
1 43 79
23 73 137
139 157 79
1 67 109
73 7 5
23 197 149
131 1 79
167 3 7
31 17 157
67 131 89
103 1 151
1 7 29
149 11 118
157 83 7
1 61 191
89 43 131
157 59 1
67 97 23
139 61 179
167 157 103
13 167 113
1 85 139
139 137 103
89 29 151
97 183 1
47 2 181
11 131 191
137 139 1
1 97 83
137 1 127
41 5 59
173 107 113
197 157 83
67 29 191
59 73 61
37 83 83
151 151 167
157 31 1
67 31 67
181 1 71
197 139 191
157 17 1
65 173 139
17 91 191
73 149 47
101 1 17
41 139 19
109 113 179
181 51 197
83 181 11
19 197 11
197 19 43
1 127 47
83 83 59
107 17 67
163 7 7
79 97 193
17 47 83
2 29 181
7 67 61
193 181 103
53 193 193
149 193 61
197 103 89
193 7 67
17 61 167
79 23 123
1 89 179
163 113 97
1 179 137
59 167 157
167 139 71
167 41 1
97 61 1
41 37 23
7 83 113
17 151 137
37 53 113
71 181 73
107 1 43
71 103 148
5 101 19
41 59 199
103 91 1
139 61 11
53 1 167
151 67 67
115 127 61
1 193 47
31 13 83
193 113 71
109 13 71
79 109 103
5 2 71
29 47 113
173 83 103
123 131 19
149 173 131
1 107 41
157 61 194
37 67 181
109 73 41
139 1 179
179 73 151
43 191 127
131 58 1
197 61 131
139 181 167
11 179 19
1 127 199
38 1 197
41 1 173
193 101 29
58 1 3
1 83 173
3 1 7
129 29 1
107 59 53
5 47 103
53 3 181
47 139 83
97 1 173
83 71 177
131 89 113
19 157 31
173 73 197
131 134 61
3 191 89
151 71 191
199 59 58
17 193 5
181 139 101
199 134 19
71 7 107
17 97 103
139 139 2
157 157 79
157 1 53
17 37 199
173 11 157
61 13 13
13 109 61
173 1 45
2 19 199
1 53 1
13 19 23
179 41 31
139 131 163
142 191 181
137 7 83
167 43 3
3 163 65
131 67 89
17 69 157
71 97 59
197 97 137
166 79 107
137 31 23
193 23 73
113 61 71
37 89 13
17 131 23
43 5 149
17 163 1
83 29 73
1 179 31
103 17 79
7 83 71
23 71 7
29 59 43
139 23 167
191 113 43
71 191 43
109 73 71
31 109 157
71 43 55
83 151 131
17 179 79
43 43 139
73 103 43
193 5 103
157 107 1
101 23 107
149 29 83
19 5 73
137 5 7
41 199 101
19 67 191
181 53 107
1 139 103
31 5 193
7 31 17
23 41 109
61 1 137
103 97 167
127 13 2
109 167 79
31 163 151
113 199 151
167 107 59
86 137 13
41 157 83
97 137 181
163 197 17
1 173 71
113 73 1
113 139 191
26 61 89
197 199 127
1 73 113
139 199 151
131 109 1
89 1 169
107 109 17
131 101 137
109 137 11
149 181 137
181 131 37
173 157 107
167 173 149
191 5 31
181 179 179
191 67 37
127 37 7
131 113 19
179 53 79
73 167 23
113 173 113
109 29 43
157 37 137
151 179 149
1 67 37
109 127 173
103 199 13
157 29 79
31 137 1
197 29 47
107 79 137
69 17 13
163 101 151
157 1 83
139 1 89
179 61 191
113 1 61
97 7 89
1 73 11
193 139 41
1 73 47
79 163 179
193 131 151
193 67 167
103 13 53
173 173 113
59 11 17
47 131 109
191 73 26
47 79 61
97 149 151
89 11 169
1 1 113
79 5 151
29 97 113
197 67 149
113 101 193
43 61 107
157 61 19
149 113 59
179 2 107
167 139 61
113 73 109
178 157 67
107 53 71
181 37 199
67 197 53
67 149 197
31 29 53
38 107 179
197 23 1
193 31 1
59 181 33
191 73 41
199 71 23
69 61 1
2 197 74
179 179 3
67 101 19
49 137 193
179 179 79
89 1 103
181 103 1
101 131 151
79 23 139
83 107 1
43 83 183
109 101 13
109 61 11
29 137 7
139 157 23
61 173 23
17 173 29
5 163 17
79 139 71
173 55 41
193 167 127
103 151 97
199 199 73
107 2 71
149 5 191
139 89 197
97 179 127
1 43 103
199 71 29
1 193 181
157 1 181
187 197 73
67 77 89
197 89 139
59 106 17
157 149 163
181 177 197
103 71 61
67 43 134
179 34 167
149 31 11
101 11 137
139 141 97
73 173 122
5 139 19
19 11 179
181 59 61
193 193 193
77 131 67
173 19 37
47 7 13
11 93 13
7 2 149
179 127 107
67 47 199
191 73 59
7 127 31
79 163 53
139 127 181
191 5 127
157 1 43
151 127 199
41 59 103
179 109 191
79 163 131
1 5 29
101 197 173
19 1 137
137 127 61
179 61 19
31 197 17
11 163 191
97 67 47
11 7 151
19 43 131
149 79 19
61 199 5
107 109 113
157 1 127
179 71 17
71 113 131
2 167 137
151 41 139
53 181 1
43 1 157
187 1 83
137 67 11
191 193 17
83 89 43
59 37 131
1 139 47
61 17 167
79 19 3
13 61 139
197 53 167
17 73 97
53 151 61
19 131 107
29 157 181
17 107 193
179 1 61
61 79 7
19 113 73
101 199 141
113 79 1
187 175 61
113 1 107
131 113 83
131 1 1
1 19 89
157 67 163
53 109 197
167 167 71
89 157 163
163 23 11
67 109 1
83 73 109
1 1 137
1 173 89
3 73 47
83 101 79
193 199 179
197 47 151
139 83 43
179 79 67
97 173 67
131 109 83
139 151 31
71 101 107
137 43 13
1 1 77
179 97 197
5 29 199
61 177 3
51 59 103
23 53 43
137 101 97
137 179 149
179 1 103
193 1 97
7 23 17
1 179 149
47 149 59
131 37 131
193 149 113
59 1 38
73 1 5
19 11 31
1 127 19
89 47 31
2 71 1
191 1 107
149 191 1
19 173 1
1 73 19
1 47 139
113 71 59
163 3 131
61 139 79
101 47 109
193 73 31
59 107 139
127 31 38
113 1 2
166 197 83
3 2 129
191 191 31
67 43 113
163 89 37
31 181 13
31 97 89
115 43 37
183 97 151
113 11 163
197 89 43
5 107 173
137 1 109
61 97 31
151 139 179
101 107 2
193 1 71
131 1 3
29 59 1
181 19 83
47 97 11
11 173 1
23 17 137
29 103 181
11 1 7
89 1 67
193 103 103
19 1 62
23 3 167
71 3 97
113 79 163
103 17 1
131 101 173
107 43 3
31 97 131
151 199 89
127 131 163
41 19 37
163 67 59
89 11 137
61 43 106
1 11 1
49 37 151
59 83 1
79 173 109
73 67 107
199 137 181
193 37 173
29 59 19
191 2 173
149 86 113
173 101 1
11 62 157
139 157 197
1 194 73
10 43 137
173 107 1
29 53 127
149 179 119
151 193 23
157 31 199
113 181 17
47 53 131
31 173 73
137 173 137
129 41 89
83 193 83
197 31 19
43 71 1
103 11 73
163 73 191
137 29 37
173 193 127
173 61 17
109 139 37
131 37 19
1 167 73
37 127 97
7 2 193
89 193 131
1 79 103
109 2 11
43 71 29
29 61 193
157 179 151
73 163 10
151 191 131
131 95 73
37 109 181
197 193 193
157 157 139
127 83 193
139 89 107
113 31 113
29 127 109
29 193 79
31 103 167
71 31 113
55 107 129
53 67 127
197 21 181
193 67 83
53 107 199
97 1 61
77 163 191
41 43 199
73 101 19
31 79 149
1 131 1
97 181 23
1 59 97
113 47 137
191 89 73
23 19 47
1 2 179
163 19 79
143 31 61
97 137 19
1 167 109
19 127 1
67 13 79
17 89 59
1 179 37
173 83 101
29 47 199
46 109 17
139 149 13
31 1 1
139 67 83
73 11 178
1 31 89
179 139 43
103 129 5
139 151 1
47 89 193
199 53 163
137 151 53
179 13 73
13 139 47
67 127 103
101 137 191
193 193 139
29 29 177
51 127 73
139 11 23
2 37 157
97 73 17
2 149 73
31 123 1
1 7 113
1 163 179
79 31 111
139 151 149
127 37 113
67 1 1
199 1 143
1 31 23
71 71 79
127 5 97
7 181 177
23 79 127
197 59 31
38 167 193
5 137 129
31 53 167
41 141 7
127 127 83
109 59 131
139 11 17
197 89 139
157 107 151
185 107 157
29 7 163
97 127 173
181 106 73
43 181 149
23 3 149
5 181 113
73 3 11
139 31 43
199 103 17
89 163 127
61 181 97
61 179 163
2 193 151
2 113 155
19 43 191
149 19 7
107 199 43
53 13 197
113 103 1
83 149 181
1 67 157
1 13 197
53 113 3
29 37 71
179 179 1
11 79 53
1 1 115
79 1 61
19 2 127
61 101 163
113 67 41
199 11 37
1 173 53
67 109 37
113 1 31
161 137 109
25 151 179
3 79 89
113 1 109
101 109 23
151 107 151
17 127 7
11 19 193
103 7 67
197 127 149
59 139 23
19 10 79
103 1 29
181 83 97
191 173 59
167 181 57
101 53 53
53 61 31
23 173 163
113 131 163
179 149 1
97 197 149
71 109 101
103 127 137
13 191 31
83 127 127
181 19 1
179 149 19
53 137 139
43 199 5
127 113 127
197 1 139
2 1 179
107 163 37
47 29 83
109 13 5
131 37 1
137 29 149
37 83 113
1 197 3
1 23 89
43 109 59
107 43 191
139 137 13
151 127 31
197 5 53
43 1 137
79 37 43
19 1 197
179 179 157
47 7 59
101 191 67
31 29 61
5 1 10
181 83 137
37 17 58
39 37 47
29 61 1
71 61 71
11 79 11
31 149 149
1 83 31
51 167 103
53 109 1
167 11 97
53 103 199
173 137 97
1 181 5
127 149 193
173 71 31
17 19 61
149 1 61
197 83 3
113 43 2
197 71 151
53 61 23
127 163 1
146 179 83
17 181 179
167 1 59
19 107 199
53 79 71
181 167 1
1 173 97
191 17 139
71 67 29
19 67 29
191 1 181
127 29 3
89 109 1
1 181 197
101 79 41
5 37 139
139 23 103
1 79 19
1 151 23
199 1 113
197 3 83
5 53 167
31 1 167
193 5 59
163 149 33
167 199 193
29 59 31
74 13 193
193 17 1
43 127 149
23 139 13
47 159 199
191 53 1
11 17 1
137 83 83
157 7 157
59 19 19
1 41 137
137 113 29
1 139 61
1 199 34
31 31 197
31 197 157
137 109 185
151 173 10
137 197 89
53 199 113
89 11 79
179 1 1
137 1 131
113 113 163
97 1 131
17 167 181
194 1 89
131 53 1
83 71 173
37 141 61
29 155 67
146 83 191
11 113 71
5 79 53
149 2 137
1 139 7
47 103 31
79 1 17
43 103 1
61 53 43
73 53 1
1 17 1
107 107 61
157 31 41
197 101 47
83 173 1
139 31 193
41 163 31
139 17 7
79 41 151
31 199 37
167 121 193
167 47 149
1 67 61
89 197 53
197 3 103
1 79 197
139 193 1
97 145 181
79 167 157
103 58 71
137 1 31
59 79 193
137 11 37
53 19 173
1 79 7
34 7 61
67 197 139
17 131 1
199 173 37
2 107 3
2 61 179
1 53 1
73 53 31
53 3 11
191 59 13
47 113 2
139 103 167
89 31 163
5 31 23
67 193 11
47 137 67
5 127 39
103 137 163
43 109 17
191 21 101
109 89 61
5 29 179
139 53 113
29 41 151
113 107 137
149 1 19
97 107 109
101 3 131
97 61 89
107 23 127
3 51 1
43 23 137
151 197 149
127 149 67
127 29 43
109 191 89
103 131 103
3 181 73
37 181 179
7 167 163
31 2 193
103 199 151
67 173 53
179 61 179
131 37 23
83 1 79
83 25 37
6 131 137
17 167 197
73 151 181
59 11 47
5 71 1
37 157 5
83 163 167
11 123 43
41 97 181
61 43 67
149 17 1
137 5 191
1 101 5
1 97 43
181 17 1
67 73 101
113 79 146
74 41 1
1 1 73
41 197 151
41 151 131
173 139 29
199 79 1
97 1 179
113 71 41
157 103 173
157 197 41
3 173 19
167 71 7
10 73 101
137 173 191
139 46 127
5 97 3
79 157 199
1 29 179
29 197 97
3 59 73
1 193 23
41 127 2
137 137 151
103 73 83
97 29 103
43 193 97
113 47 1
137 3 137
3 13 13
178 5 67
1 97 151
13 1 167
101 41 113
47 193 53
173 179 1
113 67 163
79 83 71
61 3 67
4 3 67
181 157 157
61 7 149
59 1 5
113 11 89
137 59 74
71 73 107
73 154 1
11 139 193
127 37 1
59 137 1
23 191 2
43 145 197
167 1 1
3 13 131
61 17 107
151 149 1
73 167 11
43 86 13
173 191 3
15 137 113
163 1 3
23 19 17
23 89 61
83 163 31
7 167 143
1 149 37
131 149 11
79 13 83
181 131 167
167 29 31
73 61 79
191 11 107
71 173 41
71 1 163
157 11 181
41 193 127
3 7 179
139 149 47
1 197 7
59 173 59
139 59 137
41 103 179
79 43 193
89 7 79
157 127 67
199 167 199
109 137 3
43 137 113
17 151 181
181 55 71
29 181 179
1 191 46
79 137 83
61 109 37
139 1 127
131 127 179
197 183 53
167 19 199
23 5 158
1 197 199
7 127 157
79 109 69
127 191 1
58 151 83
113 137 17
17 53 179
47 61 199
142 151 23
23 157 19
113 1 107
87 181 113
137 23 19
7 173 197
137 73 71
193 167 73
2 61 1
3 157 103
1 71 103
1 29 61
73 139 127
193 179 5
163 173 29
1 7 137
113 199 101
43 173 137
5 17 13
17 3 197
181 101 131
47 139 101
137 197 127
173 73 103
127 181 107
181 167 89
191 2 191
1 53 181
71 101 2
179 179 137
59 1 2
127 53 7
35 163 97
101 127 133
53 157 131
191 41 11
127 59 167
194 67 1
139 107 13
79 113 149
7 115 163
1 179 199
71 71 149
67 127 71
29 157 119
79 1 61
151 197 5
83 131 79
199 131 167
181 17 181
107 13 163
13 97 113
79 151 167
111 161 103
17 29 11
197 127 109
151 163 193
131 77 113
13 11 181
2 1 3
109 131 1
67 179 1
131 31 167
197 1 103
19 26 193
193 53 157
103 59 59
181 199 181
41 166 83
131 83 67
151 193 1
43 113 173
31 127 197
23 197 97
3 139 179
101 199 193
97 163 109
73 57 73
47 83 173
1 89 23
13 11 67
1 3 2
3 79 107
107 143 43
181 149 199
131 89 181
89 79 137
83 199 53
113 101 127
89 103 47
59 137 19
181 1 71
37 17 97
41 11 71
1 31 3
97 61 41
1 67 29
179 173 73
173 73 199
89 89 163
113 1 83
118 199 89
167 181 2
7 173 167
131 157 179
137 5 121
1 43 193
163 173 127
191 67 29
7 47 151
43 7 163
29 157 37
61 127 199
113 3 71
179 131 47
157 1 113
71 83 43
151 47 79
29 89 137
191 131 197
157 1 7
59 1 151
193 181 23
127 113 1
31 34 163
11 19 21
31 197 67
199 41 109
59 157 29
127 139 157
89 149 113
41 149 149
53 1 2
101 43 199
163 193 179
5 3 197
127 109 23
137 53 59
13 89 47
41 7 151
53 13 87
199 127 7
41 43 103
194 79 5
47 109 1
71 167 7
139 73 43
23 1 191
151 39 31
97 179 161
83 23 37
151 163 163
1 11 127
163 158 53
5 181 2
173 71 31
61 193 167
197 113 157
167 113 19
151 59 47
79 149 103
191 29 181
79 113 67
53 97 107
179 23 127
11 1 71
197 23 71
13 53 107
23 197 137
157 167 139
137 23 37
181 65 1
137 89 29
149 41 193
173 73 1
173 5 163
37 157 23
167 37 31
139 151 67
17 109 89
83 2 167
94 5 131
67 151 37
97 41 59
179 79 127
43 193 61
179 1 1
41 19 1
137 19 137
73 89 89
71 5 181
137 19 113
5 17 23
1 157 23
193 89 71
19 151 137
103 41 66
157 103 137
89 167 37
101 1 1
1 2 193
199 41 115
37 1 109
109 1 103
137 41 83
29 199 69
157 139 61
31 73 73
137 65 17
41 137 167
157 139 131
197 2 73
89 53 67
131 13 97
1 167 47
71 109 7
151 13 47
1 83 73
133 183 179
109 181 134
199 97 17
31 53 59
113 101 157
71 69 179
139 199 89
191 67 5
29 113 3
137 1 199
109 103 151
113 13 61
197 145 13
169 199 29
5 163 55
109 181 58
151 7 191
19 93 11
71 19 181
89 199 101
5 1 131
31 1 1
83 1 1
197 19 151
131 67 101
59 137 41
157 181 109
1 7 127
1 151 103
71 29 71
199 53 157
3 191 199
179 137 29
103 53 101
1 157 43
83 151 23
61 157 29
179 89 107
1 193 41
151 107 31
89 101 3
103 58 149
107 167 43
37 123 13
23 179 151
101 7 29
33 107 1
181 83 53
157 71 47
1 101 137
103 29 149
103 67 1
59 139 1
163 179 103
191 43 11
193 179 53
89 1 97
199 7 1
163 167 67
167 31 139
11 61 137
79 29 7
107 17 17
1 61 3
151 139 23
137 23 103
17 59 53
67 91 167
61 139 131
127 73 37
113 29 109
139 179 19
67 83 106
41 191 41
173 2 131
71 29 41
127 107 47
47 71 19
1 139 179
17 53 1
157 67 53
13 61 163
97 53 197
79 107 157
7 37 43
71 79 1
199 59 57
1 43 67
183 163 167
59 109 43
73 61 1
199 181 41
157 137 5
41 197 199
1 41 7
101 163 181
29 31 53
37 79 193
107 59 17
173 17 2
113 11 97
31 194 31
3 47 167
91 25 43
5 151 47
1 26 79
1 181 17
47 61 127
61 19 77
2 173 59
109 41 97
29 3 101
163 83 3
47 167 199
157 199 61
191 79 11
181 191 61
163 101 107
181 19 113
83 17 131
70 23 103
146 191 97
13 2 103
37 127 5
67 43 157
1 1 197
41 89 101
29 17 101
113 17 118
163 97 29
151 13 89
71 109 83
67 127 97
149 167 139
3 193 127
103 79 67
2 43 113
31 197 137
167 7 17
113 179 71
101 97 2
59 7 137
71 137 163
103 193 2
17 1 1
163 163 53
79 59 199
193 109 127
191 31 13
97 181 53
41 163 19
179 193 37
7 137 178
43 31 5
43 31 107
47 73 182
1 83 107
199 17 1
31 131 127
151 151 47
191 23 173
11 43 103
163 29 25
25 13 59
193 19 193
149 197 83
181 109 109
73 193 157
53 83 181
191 79 151
163 71 199
10 31 47
29 101 173
179 67 23
163 3 33
67 181 59
139 11 97
151 41 67
5 107 199
167 158 61
97 113 166
79 151 5
193 191 41
3 7 47
127 1 97
163 1 79
1 193 59
101 73 113
197 5 131
173 131 113
109 137 17
139 1 59
11 179 71
71 47 37
131 73 167
7 151 199
47 139 1
179 143 73
53 5 1
2 11 1
13 17 181
1 41 23
73 83 1
173 71 173
83 157 167
29 73 103
127 101 37
41 167 109
127 101 143
101 157 107
37 5 197
43 41 109
23 197 127
71 1 191
17 157 127
71 86 37
3 29 113
191 137 1
2 43 107
61 13 7
5 113 1
131 101 1
103 109 137
101 163 103
31 179 7
31 47 17
127 83 37
89 131 53
17 93 185
1 113 179
197 47 157
53 2 155
37 59 3
23 139 113
7 179 29
139 11 113
89 7 173
11 73 31
131 137 23
157 193 151
1 167 61
83 167 83
67 191 167
157 149 89
103 47 197
59 43 103
13 31 199
94 131 71
1 101 167
181 127 13
67 163 61
149 1 89
179 166 13
19 29 29
163 59 59
173 131 23
7 59 11
53 1 37
83 1 167
1 31 59
193 163 127
1 163 97
67 17 11
31 157 163
61 71 79
169 47 101
181 1 3
37 17 2
67 1 127
197 1 23
61 1 181
139 167 43
157 151 11
5 1 89
113 5 1
97 23 191
89 19 29
13 29 1
1 139 109
13 145 127
137 71 1
11 13 53
191 41 7
101 163 37
71 103 157
61 131 1
19 7 149
163 151 5
157 13 113
23 193 1
43 71 73
57 11 181
193 101 173
1 43 71
115 1 142
17 167 89
67 61 179
157 113 163
151 7 131
31 133 1
151 17 59
41 97 71
61 11 43
1 3 83
2 1 179
155 123 1
67 1 167
157 199 163
83 19 1
149 82 1
113 37 197
166 49 41
1 71 167
47 17 83
11 113 79
31 17 29
83 181 149
59 149 47
37 71 89
137 151 1
157 43 43
67 89 19
78 127 163
173 123 131
199 1 181
1 43 109
43 89 89
131 71 101
47 31 41
29 181 43
179 79 5
26 139 47
43 3 131
193 193 17
43 47 113
149 127 193
29 13 107
167 179 2
43 149 151
157 131 5
181 173 107
179 109 137
179 181 1
139 151 89
1 73 163
7 199 179
67 59 137
13 163 23
151 179 20
1 137 53
1 1 103
42 131 137
71 179 29
59 71 79
47 43 31
191 199 43
3 103 1
1 167 47
163 149 87
103 151 1
151 71 173
59 1 59
107 157 23
191 179 19
73 173 173
193 29 53
109 29 1
103 61 7
47 127 95
193 29 107
1 22 179
5 31 61
83 179 23
127 179 173
23 37 1
1 101 23
89 3 109
97 151 5
47 1 1
53 31 109
181 71 103
59 53 173
89 149 67
157 1 163
167 127 47
79 83 179
13 103 59
31 71 5
149 149 79
193 35 83
67 83 79
47 167 47
19 111 7
67 2 179
59 137 113
149 23 131
155 41 199
97 17 7
181 167 3
83 1 41
167 2 151
149 131 71
11 1 163
3 149 23
37 179 193
3 113 127
47 1 107
179 59 149
97 97 127
173 137 53
43 89 101
197 191 127
77 31 197
73 13 151
47 113 61
167 1 31
193 31 37
7 163 53
173 139 139
61 11 3
179 1 179
79 11 179
73 127 17
7 199 5
199 109 107
127 1 149
109 107 173
1 14 83
139 5 107
173 181 62
197 97 1
163 131 41
61 13 151
191 79 157
157 79 149
97 101 1
53 59 31
1 1 151
101 61 151
35 23 199
71 191 41
193 73 157
19 19 157
71 107 11
199 13 101
103 133 37
31 131 161
131 173 17
161 107 37
3 79 47
107 11 139
53 1 59
191 11 73
179 5 23
179 113 193
113 193 151
1 97 103
173 67 191
149 181 43
131 101 37
1 1 79
103 109 163
31 107 101
139 127 181
79 23 109
1 1 97
1 1 1
89 113 163
151 151 94
1 167 61
1 13 73
181 5 193
83 179 191
89 197 47
133 94 137
139 167 97
181 109 149
53 41 83
19 1 139
13 41 113
107 1 181
7 37 167
131 43 13
47 19 109
107 151 83
199 59 7
43 23 73
5 37 103
127 1 79
97 89 43
59 101 23
97 191 17
22 19 37
19 83 5
1 1 59
1 19 97
29 79 67
173 1 101
47 149 11
41 181 137
151 29 179
31 173 179
149 109 1
5 137 173
163 101 131
107 74 151
23 89 137
1 23 1
97 157 199
1 157 53
1 67 29
151 29 137
1 61 157
13 47 59
7 17 177
89 65 1
89 115 1
41 7 7
109 67 181
139 41 29
131 97 53
173 29 127
137 1 107
19 37 41
75 137 59
1 1 73
31 1 134
1 191 181
83 31 101
107 59 101
13 151 61
131 197 197
181 173 23
163 179 11
113 23 61
199 79 73
181 139 149
29 47 103
167 59 1
61 13 67
131 61 59
199 37 53
167 11 185
127 149 167
17 109 173
1 193 191
191 31 73
15 71 113
29 149 73
109 19 127
151 113 163
58 191 19
97 109 23
109 19 149
123 149 89
53 43 149
29 53 191
31 83 37
31 23 37
19 83 131
73 29 5
67 163 167
31 149 2
137 107 97
179 151 79
41 193 83
41 127 43
1 167 177
19 97 157
107 107 17
163 61 181
13 139 25
97 194 29
29 13 181
41 43 137
7 1 43
157 17 1
2 103 53
107 73 37
131 197 17
131 71 5
37 67 83
107 113 1
127 149 151
151 1 191
59 71 181
2 17 43
1 149 73
11 17 134
22 59 197
181 149 193
1 139 19
181 43 29
19 131 59
59 5 1
1 103 181
163 179 43
17 139 97
197 29 137
23 149 101
1 61 193
37 43 17
137 113 103
97 1 89
101 179 3
83 171 13
13 79 103
173 23 197
73 109 151
163 41 149
41 97 2
62 191 71
43 73 169
107 83 83
53 89 23
181 163 173
31 149 1
173 193 127
83 71 127
29 101 11
103 67 53
197 89 3
193 11 101
7 197 59
31 11 7
167 3 23
113 73 3
127 193 43
167 61 67
97 163 149
43 127 17
1 41 191
109 43 199
191 17 157
130 23 107
129 181 31
101 139 73
83 1 149
7 41 73
61 59 139
13 13 2
23 127 17
109 157 47
53 179 89
137 74 137
173 43 1
167 199 149
23 151 61
89 67 67
31 167 29
19 137 17
37 97 181
163 89 199
193 71 34
47 199 113
13 43 43
41 47 113
179 26 59
13 79 181
101 103 193
113 97 53
1 131 137
89 191 59
1 73 59
1 127 149
1 97 19
127 197 1
31 197 173
151 167 59
191 179 67
58 101 3
137 101 41
62 157 19
5 43 61
29 169 41
21 79 1
83 101 3
37 173 151
29 109 59
127 79 157
137 13 113
101 191 151
191 181 74
185 157 109
37 157 67
59 1 131
127 103 139
193 197 1
179 163 71
89 139 131
29 193 7
83 101 13
1 103 197
167 71 89
61 97 73
157 149 181
17 131 191
37 181 37
53 151 139
79 157 1
83 1 107
181 47 127
139 181 47
139 71 43
157 139 5
181 89 97
9 29 71
149 1 118
59 137 31
13 101 47
103 1 199
67 1 1
179 31 131
9 1 173
127 5 149
127 109 39
199 97 103
41 197 13
197 53 185
83 137 73
2 17 119
47 19 43
71 163 139
107 73 5
35 29 139
109 5 23
103 1 37
41 149 41
113 173 17
7 122 11
19 1 5
193 103 113
43 59 41
2 1 19
79 19 127
19 1 11
107 59 1
137 31 139
193 149 19
59 23 179
71 197 73
97 193 149
1 191 61
157 19 107
17 179 23
79 157 83
17 1 167
191 151 7
79 133 3
163 179 7
131 107 41
109 61 47
13 67 79
29 1 1
197 69 11
89 71 13
1 157 7
194 107 187
139 37 194
5 47 163
197 193 113
173 103 137
197 11 41
23 41 59
113 191 107
67 73 61
197 179 129
53 47 1
59 137 59
193 179 103
107 151 67
139 29 23
89 1 23
193 129 53
193 71 59
17 113 131
163 1 101
151 181 151
17 19 197
127 1 11
191 59 19
67 17 41
199 199 107
11 17 177
193 191 19
47 41 47
163 67 73
179 101 193
151 67 47
2 179 151
97 23 103
37 191 7
59 107 26
43 89 137
31 193 191
11 173 11
1 89 14
193 89 107
149 79 41
137 1 167
17 41 23
181 43 197
53 61 67
131 179 173
71 71 11
71 79 199
67 29 73
139 181 101
193 67 83
173 101 197
1 113 89
179 71 3
149 151 167
43 11 31
1 67 127
31 199 151
131 127 23
101 181 127
61 137 31
31 7 83
29 43 191
43 167 73
79 37 13
71 21 61
89 109 53
151 149 11
83 3 61
197 167 101
83 151 197
3 83 101
7 89 103
197 73 103
1 53 19
67 199 41
5 101 61
103 67 185
31 1 167
47 1 191
131 139 94
179 167 155
79 151 89
97 79 71
23 47 37
131 7 199
37 1 83
83 89 173
41 181 31
197 97 3
61 3 199
109 157 137
19 163 71
59 111 67
157 197 1
139 19 19
167 23 103
23 41 71
173 181 79
59 179 191
173 59 149
149 79 79
53 79 83
159 31 23
157 163 31
13 151 167
31 37 17
5 1 53
61 101 127
7 17 199
41 3 11
5 1 107
157 193 167
3 97 31
7 61 199
73 167 53
19 167 13
19 31 109
199 73 61
19 79 53
71 197 73
163 101 83
179 151 23
13 47 61
29 29 59
199 199 59
163 197 113
59 5 193
107 13 103
151 173 23
67 163 163
23 19 5
167 197 139
31 2 137
181 103 13
59 67 3
71 173 103
191 11 149
67 41 193
5 1 101
163 107 167
37 1 173
179 71 157
37 89 3
19 41 191
41 5 97
139 47 151
197 47 137
197 179 131
29 151 197
137 131 83
137 139 7
43 61 1
43 13 167
19 29 131
167 193 137
73 103 5
107 1 17
53 163 94
83 89 79
113 1 95
23 59 83
1 67 1
1 73 1
53 11 1
193 151 113
137 31 67
107 19 179
193 139 191
3 17 37
1 197 127
1 59 167
197 179 163
89 3 97
177 197 43
89 103 67
19 151 7
131 127 37
151 151 73
101 67 19
109 123 139
131 1 13
167 173 151
83 163 87
29 131 41
23 29 151
1 139 43
71 197 167
193 1 13
185 107 5
127 5 41
139 146 131
113 1 199
113 131 137
11 97 151
193 19 73
109 41 139
107 67 181
199 157 151
139 73 59
173 1 131
199 67 181
131 59 1
157 29 1
97 67 101
1 173 67
137 199 1
131 29 89
33 191 173
1 1 179
41 97 3
17 193 197
23 43 107
47 103 67
5 113 101
37 89 53
185 5 151
73 157 131
17 7 163
149 193 157
159 1 79
53 193 7
67 67 37
67 131 103
193 19 1
71 167 23
65 37 11
61 163 47
107 61 89
109 1 5
179 181 41
61 97 37
1 1 109
23 47 199
83 179 83
137 101 93
101 181 149
37 1 7
47 23 1
61 173 13
113 43 2
139 47 1
83 179 47
1 41 157
127 41 29
179 13 199
137 74 7
157 17 3
53 61 199
2 127 79
1 191 157
193 67 41
179 29 31
181 146 1
181 167 197
79 71 67
173 1 73
23 101 199
61 181 73
79 67 167
101 11 191
149 5 199
103 131 1
41 151 13
17 71 181
2 47 3
157 157 139
131 89 11
37 79 7
137 101 83
191 109 59
1 43 89
41 11 5
179 5 79
13 71 103
73 131 53
103 7 1
149 89 19
157 167 29
7 127 67
5 149 13
59 163 79
101 103 1
139 151 113
79 139 2
89 181 179
5 59 61
47 197 37
87 53 59
179 85 41
109 23 17
178 1 1
163 173 151
1 127 199
131 41 139
83 111 197
107 149 181
197 43 139
199 167 173
5 7 17
181 139 131
103 37 101
167 31 5
1 129 83
103 17 185
1 43 139
41 139 79
157 101 127
77 7 87
13 163 53
31 137 7
29 193 101
13 61 29
23 103 19
197 43 43
101 139 83
1 197 43
19 17 19
29 43 3
19 47 61
141 191 179
109 101 41
97 137 67
53 13 79
1 31 1
163 167 73
29 13 61
13 29 181
173 149 109
151 1 139
101 191 97
197 129 29
31 123 5
149 197 131
43 167 79
7 149 191
1 1 127
61 85 59
83 197 109
41 77 23
109 113 67
89 143 5
193 167 61
83 199 53
191 41 3
137 43 101
41 17 163
67 59 47
103 11 101
163 19 127
1 19 127
19 157 191
157 1 11
137 131 133
79 157 83
139 59 191
71 47 19
43 73 113
83 41 131
3 31 79
37 1 1
89 137 17
89 101 41
59 131 89
163 197 83
173 179 29
23 1 101
163 109 101
179 157 1
1 67 23
193 163 43
137 73 43
11 149 67
139 193 83
97 17 47
43 101 101
71 107 1
109 59 47
191 173 59
1 109 199
79 191 7
1 151 1
181 67 53
79 197 149
137 163 181
61 127 149
127 197 83
41 61 79
3 59 23
173 193 1
5 163 19
83 11 59
149 11 191
59 29 13
127 67 31
179 139 19
73 59 97
13 23 41
83 193 67
59 139 1
1 1 11
83 163 41
71 71 67
31 191 79
179 139 41
11 31 1
191 11 31
47 103 131
131 7 185
107 23 19
151 41 41
151 29 151
73 1 109
1 14 167
53 23 151
139 59 43
3 113 131
67 23 31
41 59 179
173 43 191
3 7 17
31 131 71
47 17 107
15 163 71
1 94 199
19 7 29
17 109 19
199 89 167
1 179 34
143 169 173
19 29 23
7 109 41
1 1 2
193 17 149
181 101 107
67 115 181
67 163 71
151 37 41
131 73 107
31 61 167
89 47 73
163 199 1
37 73 199
1 197 83
41 181 13
167 61 89
87 83 73
137 31 61
145 15 13
127 113 197
1 199 107
167 83 23
137 1 179
191 131 97
29 67 139
73 13 179
1 43 137
7 151 157
37 41 43
3 47 1
17 151 31
57 1 83
173 3 113
103 103 1
17 163 11
127 131 19
97 37 113
199 118 41
83 157 131
89 71 163
46 79 5
191 61 109
191 2 199
19 1 89
191 127 127
79 97 181
1 17 97
163 137 41
131 1 11
131 173 1
113 137 61
89 7 5
53 157 173
163 19 61
1 19 17
83 71 181
11 1 19
178 1 131
59 34 127
151 151 47
34 107 107
83 1 61
121 71 127
139 191 97
1 19 71
101 113 199
79 19 107
43 149 29
1 61 157
3 79 79
139 127 191
83 101 1
9 59 89
43 7 53
1 1 89
11 137 137
1 179 1
137 89 59
139 89 71
1 41 61
17 199 167
163 5 73
41 41 31
23 151 7
1 86 58
193 1 7
13 157 199
37 59 1
61 193 109
31 131 97
61 149 191
13 131 197
1 149 61
113 101 1
109 181 199
67 29 3
19 127 199
1 3 5
173 2 167
49 127 71
185 179 113
157 181 4
127 79 103
173 101 113
29 193 199
17 53 155
61 29 61
181 131 19
11 199 71
109 131 127
82 139 1
1 41 127
157 29 127
169 67 157
101 103 193
151 181 151
37 71 1
179 61 53
137 59 101
79 67 3
89 139 61
1 1 109
13 47 149
103 179 127
55 149 11
173 83 97
7 1 137
43 179 1
181 103 7
163 193 131
101 197 1
67 163 137
1 97 1
73 53 59
19 19 179
7 5 79
47 199 149
37 61 73
181 3 73
31 106 11
67 131 149
67 73 4
89 53 11
181 107 1
61 26 137
13 43 109
61 17 1
109 131 199
199 2 37
127 89 199
29 1 83
97 107 193
193 89 93
1 73 173
86 199 67
139 1 137
109 87 109
71 97 131
11 101 37
31 83 5
113 3 163
127 181 67
89 43 1
89 149 97
97 103 191
199 5 1
157 193 37
131 19 41
191 191 163
191 97 29
62 41 167
89 191 47
109 181 41
131 26 71
181 17 1
79 163 61
157 163 31
131 29 173
31 101 181
34 23 113
167 1 103
79 173 6
149 103 1
83 53 7
43 33 191
149 103 23
127 65 41
127 157 57
29 173 167
61 179 89
73 37 151
29 113 37
191 59 59
194 47 73
119 3 103
191 101 11
47 5 11
137 103 179
83 43 73
149 71 74
1 143 103
173 5 37
11 87 83
197 17 17
31 131 197
5 43 1
3 151 43
157 3 191
109 67 7
1 1 73
53 37 79
107 53 134
29 113 173
181 131 17
191 127 31
103 193 97
151 43 41
1 3 53
31 13 41
73 1 103
103 151 5
73 77 167
122 7 179
179 103 127
67 53 199
43 1 151
73 197 173
151 137 131
139 157 157
53 3 31
11 157 1
179 109 83
191 13 53
151 131 53
193 47 19
113 181 103
149 113 10
167 43 47
89 193 43
13 53 1
1 131 19
139 177 37
17 131 113
29 193 47
83 127 107
139 79 29
109 101 13
149 5 173
13 107 5
97 82 131
193 101 193
29 107 193
65 191 23
97 163 19
139 101 1
53 37 191
127 167 83
103 71 181
51 157 179
173 101 131
163 193 41
127 193 19
3 61 7
107 137 131
131 179 23
149 5 71
17 191 61
107 1 29
29 167 3
179 29 5
1 89 1
11 149 107
109 181 47
139 37 179
191 5 73
23 43 181
29 67 193
19 1 53
107 29 109
157 113 89
62 159 159
1 101 3
1 1 181
59 47 23
43 109 113
131 83 59
1 181 59
127 41 53
2 47 53
113 71 31
83 15 73
5 149 41
89 2 89
31 97 19
167 151 53
41 73 193
139 151 149
69 131 19
131 199 31
13 1 131
1 83 71
97 157 151
113 31 94
193 127 58
149 17 41
167 47 149
163 61 53
163 131 19
179 107 79
67 3 59
131 101 53
193 181 157
43 173 103
191 79 31
167 61 47
167 191 13
191 101 1
53 37 79
71 167 191
7 199 103
151 73 113
1 119 109
181 97 181
73 167 137
167 199 13
29 191 71
3 179 1
107 173 151
31 131 197
67 41 5
53 149 197
179 101 109
127 139 71
31 139 29
37 43 1
59 59 179
97 47 107
179 17 61
173 127 109
17 97 61
37 71 17
59 151 29
149 71 37
101 61 173
83 193 1
149 163 13
82 89 71
151 61 101
5 79 37
101 197 181
5 181 1
59 133 127
199 97 61
191 181 191
41 1 53
19 89 109
179 85 3
1 89 31
1 179 71
31 199 23
53 103 173
7 5 173
13 173 151
1 151 163
163 23 59
43 107 11
163 129 53
83 41 131
17 103 167
173 157 199
199 7 199
137 61 37
179 131 197
29 73 139
1 131 179
13 1 97
47 103 193
67 5 139
197 191 193
149 1 181
71 59 137
31 23 53
37 7 163
191 127 19
17 7 67
3 13 193
181 37 103
73 137 19
137 131 1
92 89 163
119 1 197
59 191 157
67 3 139
151 151 10
193 157 137
141 131 127
113 13 103
149 191 191
53 137 59
151 197 69
151 67 199
107 11 103
1 179 67
137 107 163
167 2 163
157 199 127
181 101 181
137 79 71
181 47 137
97 193 29
167 93 41
71 149 7
191 41 53
23 173 131
59 151 19
167 101 149
181 191 17
29 97 139
181 163 83
29 193 65
107 193 37
61 17 59
1 101 1
31 83 163
3 199 103
35 23 17
19 1 131
11 199 41
113 59 37
173 173 97
67 31 41
191 1 103
41 41 19
107 179 179
1 13 59
191 1 107
199 167 29
19 173 89
131 137 67
67 29 1
61 83 41
113 131 151
41 137 5
14 167 11
79 79 127
179 59 7
31 73 151
193 139 1
109 61 131
43 13 79
79 23 1
151 47 1
109 29 167
101 191 139
197 149 167
73 163 167
47 167 43
109 17 107
127 41 131
137 193 173
178 115 67
71 41 89
103 113 1
97 131 41
137 59 113
101 43 107
83 43 179
191 7 17
13 163 169
163 107 107
191 39 53
47 139 151
19 113 83
181 101 101
151 41 7
94 13 29
151 107 116
137 19 101
53 167 173
71 103 181
19 127 3
197 1 59
34 139 139
67 151 7
23 41 139
61 101 109
193 163 1
73 137 13
163 199 191
23 103 19
83 79 137
29 131 59
29 17 163
197 113 43
83 137 35
19 1 23
113 13 139
193 139 193
43 1 131
1 101 197
173 83 29
97 173 157
107 43 167
139 181 157
137 181 151
127 89 83
193 47 197
1 1 137
7 197 71
193 139 109
89 79 151
103 43 31
17 101 191
157 13 97
199 1 31
1 67 199
193 1 127
197 157 41
1 142 83
113 157 23
25 139 83
5 1 7
59 139 29
191 5 31
83 71 127
61 113 83
67 167 41
113 43 149
89 101 2
107 89 17
31 1 127
157 101 61
1 43 17
37 131 149
1 113 193
47 103 11
103 191 11
73 1 43
2 1 53
139 191 131
79 127 83
47 181 157
31 19 71
31 101 19
193 197 1
23 29 7
37 103 59
17 193 73
193 179 103
19 199 178
199 199 2
107 53 47
151 151 181
5 29 157
89 151 107
97 113 37
41 193 193
95 53 66
191 1 67
103 173 109
163 37 139
17 73 5
166 43 83
2 193 1
157 73 179
139 19 149
11 131 13
11 177 3
19 163 59
89 1 173
17 69 1
181 83 13
41 19 131
2 1 193
167 31 1
89 131 83
1 71 139
47 181 197
1 7 149
23 1 37
29 17 23
61 199 199
199 1 123
53 43 79
43 131 101
173 107 31
59 97 181
67 19 83
7 67 113
71 14 59
157 101 167
191 191 7
97 1 71
7 127 13
97 67 47
1 157 181
25 103 1
1 1 1
34 2 71
3 37 139
59 37 173
149 149 101
173 47 113
1 7 1
41 11 19
181 11 53
101 29 1
139 5 181
59 151 41
89 118 1
1 41 179
29 61 79
5 113 1
5 131 47
167 37 31
19 37 163
181 1 179
149 3 73
5 157 89
151 109 53
43 131 107
181 17 7
151 11 191
97 47 67
137 197 101
131 31 1
11 37 2
41 67 157
97 157 179
181 73 137
41 103 37
37 23 139
11 89 79
1 1 37
79 197 7
181 197 59
89 149 13
167 47 151
193 113 13
109 41 122
157 101 29
181 197 1
1 87 157
89 1 181
43 157 193
167 127 163
83 37 197
17 167 173
13 163 47
1 73 139
23 157 157
137 149 79
103 79 101
37 37 131
3 103 1
179 173 173
61 197 101
97 83 109
149 127 199
131 79 131
167 109 41
41 7 101
41 103 67
113 107 191
103 109 199
109 173 1
17 89 101
31 67 19
193 13 61
167 109 29
179 167 18
43 29 139
199 89 107
149 71 19
23 65 37
5 1 71
139 37 53
89 37 1
167 31 29
67 79 1
29 173 139
143 179 181
1 151 167
79 19 29
67 97 67
1 139 67
1 181 193
181 173 141
1 157 29
139 73 53
29 191 107
11 83 31
101 1 61
31 101 7
137 139 157
79 1 59
31 139 1
41 82 113
179 61 103
179 101 17
1 149 74
89 139 41
53 5 1
29 109 1
29 151 113
1 23 95
37 107 1
151 59 137
199 3 1
37 127 37
107 109 131
89 2 2
151 149 37
163 3 137
83 115 67
101 3 103
1 29 71
131 71 37
7 15 94
167 97 29
29 10 139
173 1 167
61 131 139
1 167 127
149 19 191
163 3 2
61 139 19
151 134 167
95 29 71
151 53 41
1 29 157
191 137 61
113 157 23
37 191 139
151 43 7
59 5 31
131 149 1
181 129 1
29 31 107
103 37 193
23 1 5
1 107 1
137 149 43
29 127 137
157 31 71
109 1 173
107 59 197
43 37 83
149 53 193
109 1 149
73 79 101
89 107 1
139 197 37
143 173 199
131 5 181
107 2 101
42 3 83
17 181 1
19 109 193
101 5 193
53 173 2
199 59 89
1 73 83
163 181 107
173 163 157
71 53 17
5 199 41
197 167 11
85 47 23
127 173 193
131 79 149
23 59 1
197 1 7
71 157 193
43 181 109
17 163 5
23 5 89
1 1 137
188 103 131
23 193 19
7 11 137
7 13 149
139 1 137
131 59 137
1 181 47
73 19 193
17 131 3
119 11 107
7 127 197
181 67 1
53 109 67
109 73 1
101 163 149
137 15 11
61 61 109
1 1 73
157 3 67
61 1 1
103 199 151
1 17 181
197 59 163
13 103 31
97 139 53
181 71 53
109 3 59
53 59 1
149 193 1
61 73 137
43 193 1
83 127 41
71 149 103
131 41 37
181 19 1
17 163 43
131 197 107
127 1 17
197 67 34
197 151 89
101 179 47
137 1 163
73 1 127
103 37 113
13 183 97
37 157 1
193 127 29
149 41 137
1 131 197
41 107 31
13 53 173
71 131 7
67 61 173
157 11 41
157 13 137
71 179 191
67 163 139
137 67 62
101 151 5
43 19 67
41 73 97
23 23 71
29 139 173
1 19 181
163 67 139
179 113 109
83 179 151
107 79 157
13 103 79
17 157 163
193 1 43
5 199 167
17 31 107
67 197 2
47 83 23
191 199 29
29 35 17
185 167 61
59 17 1
41 47 19
79 1 89
137 167 167
5 1 13
7 41 179
71 59 157
197 139 19
181 83 17
83 103 73
5 167 137
157 61 79
139 107 79
113 101 167
151 191 137
67 139 191
127 131 109
41 73 167
73 1 191
139 7 109
157 37 73
31 97 31
7 41 157
23 101 23
101 173 149
167 107 13
17 191 159
193 137 193
43 13 1
173 19 179
67 137 17
127 178 11
139 103 1
67 1 1
139 71 193
178 59 71
1 101 197
43 137 109
1 127 179
53 193 2
53 11 83
191 17 101
101 47 11
131 1 139
113 79 157
1 41 1
37 43 71
163 103 53
79 1 43
29 101 163
193 181 139
23 103 127
25 129 109
19 193 71
97 1 47
47 167 137
73 101 41
173 61 31
131 193 137
47 5 7
109 1 173
17 191 59
53 73 1
181 43 59
5 89 1
139 17 2
199 163 137
101 13 103
131 53 197
181 47 197
103 53 47
29 59 137
61 61 3
53 47 29
151 181 191
103 113 131
67 29 1
11 149 127
61 19 173
37 109 83
131 97 101
41 97 17
67 113 5
67 173 173
137 107 157
179 181 29
67 47 31
47 103 137
113 191 34
29 127 197
37 47 97
131 17 89
41 13 1
31 127 53
197 151 19
151 97 197
157 43 127
197 107 107
179 37 29
157 163 139
3 11 67
127 83 151
1 167 127
71 19 151
139 157 179
103 107 113
193 31 67
1 1 163
139 29 1
107 173 13
13 79 199
191 79 137
163 181 79
1 1 157
79 67 139
13 178 10
1 7 59
1 167 1
2 157 127
71 37 137
109 29 173
71 1 122
2 31 13
193 1 7
139 142 1
77 31 83
103 173 53
19 139 1
41 1 103
131 191 181
181 5 1
37 79 103
1 89 7
15 119 29
29 67 199
3 23 167
185 1 167
29 79 23
83 163 79
47 151 149
47 23 29
23 29 199
1 149 181
79 1 1
13 197 157
97 127 61
193 11 101
79 179 1
197 1 197
163 71 1
191 1 89
43 19 31
131 97 139
65 1 73
142 71 13
73 61 37
41 67 83
67 137 197
17 107 1
83 139 67
191 61 191
89 5 193
47 19 17
139 139 37
1 17 101
157 181 131
11 61 1
43 139 7
19 137 11
1 41 37
181 7 158
71 41 13
131 97 1
37 191 67
199 103 29
89 71 11
95 157 1
103 79 107
1 149 181
29 1 1
134 127 113
47 23 97
193 131 139
73 37 61
1 73 1
47 113 137
199 1 73
19 37 19
11 83 1
79 67 1
109 61 7
1 71 151
151 1 167
131 191 83
19 3 13
103 181 13
157 53 67
163 107 97
193 59 67
163 129 62
179 79 3
103 1 173
11 107 101
37 43 173
61 79 61
5 199 79
1 61 199
43 7 1
173 67 1
59 57 193
61 101 3
71 5 107
199 71 131
1 95 79
119 139 1
139 17 181
1 1 197
167 97 173
139 149 31
11 191 167
181 29 1
29 5 71
173 23 193
97 199 7
43 83 107
79 41 13
173 71 157
3 199 41
6 101 17
163 37 113
79 179 163
58 67 199
109 1 1
181 23 151
199 193 53
59 53 113
41 79 106
199 109 163
107 173 89
193 1 7
14 139 101
15 167 17
67 191 193
89 193 91
142 191 199
137 181 197
109 47 7
3 179 131
199 193 17
89 163 163
139 139 137
1 149 167
29 131 43
11 179 191
167 89 37
139 7 23
167 73 53
1 197 23
67 173 17
107 79 89
3 61 41
34 151 1
149 139 181
29 5 199
73 151 1
1 89 23
151 1 167
127 19 59
103 137 109
47 173 41
61 157 61
181 35 179
47 47 151
61 1 29
71 173 109
73 197 197
3 7 86
73 113 97
5 181 19
17 23 167
73 37 11
11 23 191
107 131 1
61 157 89
193 163 41
101 11 23
31 179 131
107 181 101
83 1 151
29 101 61
31 29 1
179 43 199
109 14 1
41 59 137
7 149 197
79 173 131
1 181 23
157 1 137
109 139 89
79 73 131
139 1 2
163 139 167
22 13 151
193 113 167
109 22 109
134 31 31
139 43 11
43 131 53
51 1 19
191 127 113
83 71 66
71 157 11
113 127 197
37 191 13
167 59 113
13 67 89
15 131 73
23 23 1
137 73 179
151 127 37
67 31 1
199 127 89
29 31 163
97 39 1
41 31 1
41 43 157
11 13 23
37 139 67
137 79 131
139 173 31
43 13 53
2 191 53
3 1 61
1 101 37
2 179 37
59 163 1
53 113 197
19 13 29
167 83 31
109 43 41
57 167 173
43 23 1
167 71 113
97 179 67
113 71 197
167 71 1
19 197 59
173 69 137
5 3 151
23 71 31
1 83 151
67 1 89
191 83 29
199 139 7
1 53 89
23 19 151
157 71 29
2 131 17
71 151 181
89 7 89
1 41 101
103 37 79
35 33 83
103 167 1
109 59 113
191 11 101
47 177 43
109 109 127
17 89 107
179 3 23
13 86 79
181 113 181
193 151 7
107 89 1
151 191 113
79 137 127
131 59 179
113 197 31
1 1 158
97 109 191
199 199 67
173 79 3
103 11 167
169 13 41
149 1 3
157 107 41
67 1 193
47 173 157
51 151 197
167 14 47
199 1 131
23 107 101
167 67 31
1 107 103
67 123 113
3 169 19
7 73 67
47 67 7
5 167 47
1 73 183
79 7 127
1 1 107
191 1 151
199 199 71
149 17 83
173 47 83
19 71 97
41 3 139
61 101 73
173 17 83
149 2 19
1 79 83
41 131 131
163 199 13
67 173 31
59 127 197
37 31 1
197 59 131
53 71 19
83 97 19
107 103 179
89 163 83
1 29 73
109 97 55
17 101 167
197 1 1
41 59 13
191 17 53
15 103 127
89 3 131
73 67 113
17 61 151
167 131 149
151 107 7
191 137 5
77 137 103
19 59 181
193 101 197
53 19 101
131 101 89
41 67 29
61 97 37
163 181 89
137 67 109
173 107 137
53 73 197
29 181 179
151 103 5
13 131 157
5 103 197
47 89 157
101 73 193
107 131 1
103 67 7
89 89 107
61 149 79
127 173 173
137 103 97
23 7 167
23 127 157
1 1 37
137 197 13
97 43 1
101 47 197
101 53 19
11 59 97
57 23 137
137 11 181
29 85 5
149 29 151
5 37 51
1 83 47
47 3 47
131 199 113
149 137 17
13 79 7
3 193 109
197 5 157
47 13 137
191 31 151
89 181 181
181 7 1
59 137 109
83 163 1
47 151 167
173 19 1
13 149 179
43 157 71
89 199 2
19 193 97
17 71 137
181 73 3
47 107 107
67 127 149
29 97 163
157 191 13
199 111 179
89 73 13
191 1 19
53 19 13
55 53 61
79 67 193
25 103 2
86 191 31
5 13 97
139 157 43
79 181 61
47 109 166
79 1 17
191 1 157
53 41 2
1 41 26
185 89 163
197 13 109
103 109 7
103 107 169
71 1 101
101 29 163
1 37 107
1 7 23
103 103 19
113 1 191
67 1 137
181 1 41
3 31 109
53 41 163
101 41 59
151 193 151
19 31 173
19 17 67
151 59 5
181 61 65
167 107 127
17 157 197
37 146 163
86 199 11
5 193 137
29 113 113
191 193 59
19 19 83
17 137 163
71 11 139
67 181 19
59 11 47
97 199 197
83 1 173
43 137 11
67 73 59
127 107 163
107 149 199
139 127 41
167 53 103
101 23 101
197 17 31
131 71 109
101 151 13
53 43 199
191 31 199
199 13 167
191 197 139
167 89 13
1 13 53
61 1 89
71 163 11
109 1 181
181 163 197
35 163 1
79 53 31
29 73 17
7 37 173
73 191 10
53 47 113
149 5 1
167 1 47
73 11 17
181 73 79
149 1 5
71 191 47
94 17 1
79 113 7
191 118 151
149 37 97
109 137 193
101 95 179
61 109 91
59 113 83
83 151 53
167 89 19
73 101 103
151 79 83
101 37 83
163 82 43
149 13 7
173 1 83
67 151 191
1 127 29
73 41 23
143 23 1
97 113 3
59 107 61
89 19 7
37 151 1
103 181 29
47 5 101
109 2 197
151 173 197
19 157 41
157 107 179
137 181 137
17 23 73
179 1 95
5 97 163
173 22 103
59 187 47
103 1 67
73 163 29
101 107 1
17 17 35
113 7 101
191 139 119
1 197 61
19 103 181
97 163 71
163 79 103
103 31 107
107 173 163
137 5 59
2 197 143
181 59 29
47 127 79
103 199 17
149 83 181
97 41 197
127 79 149
67 133 89
1 17 137
3 1 103
7 167 139
181 53 3
43 197 83
13 53 7
181 187 195
71 1 167
19 47 79
29 61 89
11 53 101
59 101 163
47 59 173
5 103 151
71 191 181
127 137 167
7 1 101
3 29 47
73 23 197
5 13 149
181 29 157
113 199 59
103 149 31
65 131 193
61 83 191
139 103 1
127 146 83
17 23 23
167 109 109
101 139 1
103 193 59
139 53 141
13 197 1
151 19 151
79 193 29
151 193 181
71 89 61
163 1 191
107 167 11
61 73 1
131 167 61
71 71 1
71 197 131
107 71 127
199 13 1
61 59 1
131 191 151
113 167 113
11 1 1
179 73 31
101 47 1
37 137 157
29 1 181
131 1 1
53 113 157
37 139 71
71 29 109
191 1 107
191 83 151
187 37 157
137 103 1
103 79 191
43 199 197
17 149 113
61 2 107
107 23 1
191 149 179
83 65 157
107 167 77
197 79 163
1 163 127
103 131 127
5 3 113
173 103 95
41 139 67
17 149 89
173 163 1
13 19 29
167 79 179
131 181 53
1 37 37
17 137 109
149 41 71
67 1 1
19 3 73
71 149 157
67 1 167
67 17 149
101 41 1
157 83 67
11 107 157
31 41 2
37 1 41
1 2 149
23 31 79
199 37 139
137 119 1
11 163 181
103 97 71
181 97 11
1 149 5
61 199 127
127 179 73
199 73 83
157 139 103
23 13 73
191 173 1
149 2 17
11 191 137
37 149 1
89 89 3
97 23 71
23 187 41
199 101 109
31 61 71
157 53 199
1 31 179
109 5 31
1 191 107
61 131 67
191 197 139
2 47 2
37 103 10
53 127 73
7 41 149
109 41 31
53 191 199
89 47 199
41 71 139
107 178 1
157 53 127
103 29 97
1 191 199
41 151 61
103 7 109
1 35 29
137 103 181
91 191 17
43 61 79
197 113 73
13 71 141
131 181 2
151 127 197
46 149 89
181 173 67
7 103 61
127 179 1
101 7 139
53 131 127
197 7 107
157 41 141
61 31 73
97 191 167
197 61 179
197 29 173
109 83 101
53 83 62
17 47 1
19 67 181
31 43 59
127 23 29
59 179 199
107 1 41
173 113 19
67 23 53
139 134 107
109 197 131
83 181 97
151 29 139
47 53 29
173 13 17
1 103 103
127 101 17
79 167 89
193 193 31
13 67 146
17 139 3
97 29 163
29 7 53
13 179 1
2 157 13
107 1 191
131 127 113
1 17 19
2 87 41
97 193 89
79 89 13
197 146 183
59 19 137
19 173 191
137 73 113
129 1 113
47 107 77
157 71 43
59 157 173
121 97 59
79 23 47
17 199 157
59 113 137
193 41 83
83 191 107
73 5 37
103 67 173
103 37 1
59 61 103
53 139 1
113 109 47
131 193 15
73 113 173
11 82 1
23 11 1
7 37 199
73 1 19
17 159 185
101 181 101
151 7 73
59 181 139
107 163 71
139 11 199
7 73 11
141 103 1
31 101 109
101 67 37
1 23 158
191 47 73
73 1 191
37 89 53
101 37 131
181 53 179
1 1 5
163 181 37
197 107 137
47 55 73
197 43 191
73 137 53
13 97 97
53 167 191
181 197 71
23 167 199
173 23 191
163 1 31
157 73 17
101 173 179
113 43 31
107 79 23
62 41 109
47 193 183
79 13 83
47 59 181
173 59 191
23 181 139
3 31 53
13 97 1
193 67 19
179 151 43
131 199 197
37 43 37
101 109 103
29 86 113
107 131 193
5 179 197
53 7 29
139 37 41
4 61 1
43 1 1
197 181 1
13 59 61
13 167 41
79 131 29
5 187 109
113 107 15
67 55 197
109 187 23
109 191 173
13 35 113
5 2 149
7 73 179
167 157 103
73 197 1
17 107 83
113 67 149
57 199 199
197 71 139
59 13 3
1 113 146
181 67 53
103 71 29
149 47 97
61 23 31
53 1 5
137 79 127
109 193 149
101 163 167
131 1 173
89 107 67
26 31 191
5 2 149
1 191 173
59 167 67
41 83 37
47 103 73
29 53 167
157 167 163
73 149 137
97 193 197
113 61 67
143 197 107
179 137 199
89 173 43
149 167 139
47 67 101
2 1 7
107 191 11
5 127 1
149 67 107
11 37 73
23 149 83
70 181 113
31 43 5
193 13 149
167 101 193
31 127 79
19 167 181
71 139 71
113 109 109
107 127 59
113 3 1
149 131 29
163 1 89
61 43 149
106 71 6
199 23 83
103 127 131
103 13 83
157 19 89
93 139 197
53 191 149
157 83 179
97 181 53
17 191 5
101 173 191
109 193 82
107 41 47
178 163 79
97 17 73
31 73 197
11 71 167
89 83 109
5 29 23
7 13 67
97 2 109
103 163 103
191 179 19
73 43 15
7 19 151
131 191 181
67 1 73
29 151 193
107 139 11
1 113 1
197 2 167
41 179 101
41 67 137
157 163 53
1 59 1
179 53 1
1 53 197
163 149 17
67 1 7
131 13 41
3 29 157
101 1 109
127 67 47
139 79 191
19 149 67
10 181 1
137 101 11
73 157 67
67 197 197
11 127 179
31 7 1
149 29 163
109 127 11
1 61 109
17 107 163
17 1 11
113 83 151
85 47 1
191 7 23
67 37 151
97 1 37
67 67 17
1 97 133
163 23 149
97 157 67
67 13 131
61 103 1
181 159 199
11 179 29
157 199 79
139 191 5
3 179 191
109 53 71
31 167 109
197 67 7
29 103 89
103 1 139
61 103 1
193 14 79
149 173 1
127 67 107
1 31 89
59 101 31
127 1 127
89 79 1
181 61 39
53 151 163
181 19 83
61 11 107
197 29 43
131 191 151
137 29 181
67 197 103
191 13 31
157 193 13
199 101 1
199 89 83
79 139 103
59 149 13
167 29 2
89 127 1
127 197 109
73 61 31
127 31 29
1 71 163
145 101 113
7 41 97
55 127 37
109 3 59
53 179 107
133 3 139
59 163 193
7 149 53
139 101 179
41 97 111
61 134 47
67 13 1
89 193 131
131 101 1
73 47 197
61 149 1
197 13 79
139 71 5
157 139 197
53 103 103
139 7 1
107 107 127
37 83 79
82 13 97
13 89 199
2 1 151
31 31 11
89 109 7
151 73 173
127 23 1
191 101 19
127 139 1
103 149 59
139 191 9
17 191 173
31 43 139
179 191 163
37 109 151
71 23 43
41 1 111
31 179 89
73 43 2
73 173 163
1 67 47
1 21 181
41 97 71
131 67 127
113 7 5
7 167 151
5 179 83
67 77 107
71 179 101
181 43 53
127 109 67
157 167 67
17 109 101
197 157 7
193 67 17
31 163 41
127 7 181
167 11 13
97 1 151
107 95 193
163 71 61
41 53 113
17 7 109
197 199 1
1 13 157
43 13 41
139 29 179
67 97 37
89 103 107
35 19 89
181 97 67
127 41 199
3 61 131
11 109 11
43 103 38
131 79 103
47 179 103
5 58 139
137 2 113
19 167 163
139 17 97
127 101 163
109 41 83
139 17 155
173 19 157
101 5 29
97 59 17
149 191 79
199 41 41
67 109 191
5 109 1
31 23 157
137 113 17
199 197 1
101 23 107
101 23 97
163 23 107
101 2 149
79 43 29
83 17 59
83 131 61
101 43 35
2 23 53
181 181 11
59 41 127
179 127 127
89 131 47
149 137 157
7 11 89
1 191 89
67 109 29
197 13 61
167 83 179
29 1 71
5 113 59
139 149 127
127 139 163
5 67 1
79 59 101
149 139 23
1 23 137
1 37 107
146 113 199
47 59 101
67 103 191
13 167 151
31 151 1
137 23 1
101 139 1
131 1 53
59 193 127
11 13 1
1 157 139
41 101 163
101 5 11
61 1 151
61 163 191
67 131 41
127 87 197
107 109 97
139 59 137
97 109 107
83 29 73
179 181 67
1 47 173
197 131 197
11 149 1
89 113 1
131 197 1
2 167 3
113 93 43
41 31 101
59 19 113
5 113 197
113 163 13
31 89 53
41 139 101
19 101 191
23 47 151
17 1 59
7 173 109
113 1 179
167 199 151
3 61 151
131 11 179
193 151 59
157 47 177
131 137 1
97 146 113
73 181 151
83 139 41
13 19 37
179 113 179
85 97 131
53 37 191
67 197 13
122 7 127
163 5 97
67 71 131
109 13 131
193 41 127
83 47 127
73 2 197
191 11 151
5 163 2
151 193 101
53 67 1
151 19 67
149 199 191
159 13 167
131 13 73
103 129 7
197 199 149
199 157 2
61 5 22
73 173 53
41 2 137
1 1 146
157 173 43
191 193 137
103 71 1
157 31 137
43 107 33
131 101 5
1 13 131
83 1 2
1 59 103
73 43 149
113 73 73
145 151 79
167 1 179
167 131 73
67 127 29
179 131 131
25 191 13
1 199 1
173 71 149
107 3 1
181 179 61
1 163 11
49 7 137
103 73 19
62 131 13
11 157 71
181 5 101
69 89 199
41 109 17
17 199 193
103 139 53
13 1 53
29 23 167
55 67 97
199 67 173
177 1 137
109 199 53
1 59 13
19 79 109
1 67 11
107 191 95
2 107 89
109 7 101
37 101 31
97 47 37
1 197 181
103 89 83
199 1 131
173 13 31
151 79 145
109 7 1
91 83 157
149 167 113
11 103 179
127 131 97
31 83 19
149 1 199
167 131 5
157 11 127
29 1 2
13 179 1
43 157 97
139 1 1
179 61 1
179 157 107
83 13 97
2 43 127
101 1 191
1 29 1
109 179 127
107 31 10
179 2 122
83 2 127
83 167 149
41 139 173
17 1 89
107 127 67
173 191 157
23 41 151
177 1 139
21 197 53
23 101 83
167 131 23
71 103 19
178 19 22
163 139 199
11 127 113
158 43 179
1 31 107
199 23 41
191 103 47
53 139 23
167 113 131
173 23 71
191 59 53
38 19 31
197 191 67
193 43 197
59 17 53
61 194 1
163 89 157
166 11 163
1 127 61
37 89 107
167 59 59
23 59 151
109 53 191
127 37 2
197 19 19
151 149 109
41 49 149
181 113 113
73 137 131
149 127 1
37 193 181
193 133 3
11 137 47
109 61 67
159 79 53
107 17 113
103 67 193
31 101 41
131 89 131
113 173 7
17 179 83
1 7 197
157 47 137
5 191 1
10 149 1
79 139 1
87 13 37
101 83 67
43 43 67
61 11 127
179 173 181
26 199 97
193 89 71
47 5 73
1 103 53
167 59 151
79 17 53
1 113 71
139 157 137
127 59 173
1 113 181
83 29 23
83 109 167
131 79 1
167 53 1
59 1 73
23 23 109
97 193 167
139 47 173
197 1 197
1 194 7
139 107 191
37 1 42
149 46 181
197 7 1
53 173 5
103 71 89
131 131 73
103 1 101
61 157 7
89 151 69
73 199 173
11 23 199
29 73 103
151 1 113
101 7 163
103 199 19
37 19 139
109 53 139
167 89 113
109 85 2
157 31 89
13 113 73
191 157 157
89 17 149
67 89 199
113 53 61
91 149 35
41 1 61
83 137 151
1 109 103
113 193 149
61 113 17
73 107 31
131 41 199
110 146 71
43 167 197
137 197 7
41 191 71
113 97 37
131 131 127
119 191 197
109 51 29
53 97 131
157 1 17
5 167 107
179 71 31
89 59 58
7 79 127
2 131 197
103 109 89
187 107 7
193 137 13
1 39 197
193 79 1
46 1 79
71 173 23
59 163 1
41 17 61
197 47 59
61 73 41
157 139 191
173 83 127
53 6 193
139 149 191
83 13 97
13 61 3
137 59 199
61 29 31
101 53 149
137 43 38
29 97 111
151 163 13
194 47 149
131 197 181
199 17 17
89 197 193
17 187 41
103 199 151
13 7 55
149 2 151
83 113 1
53 11 73
61 167 61
113 79 127
197 197 3
1 103 3
109 137 1
71 199 1
71 71 193
59 107 139
167 53 179
22 79 1
1 157 113
115 199 23
179 149 5
7 179 5
19 11 137
67 17 131
17 7 107
193 41 197
73 167 157
155 5 23
71 151 149
47 1 157
1 191 53
109 139 157
107 101 19
173 73 67
7 25 47
5 149 47
149 173 1
31 199 139
163 47 13
23 73 157
59 89 193
67 131 73
67 53 149
7 31 29
139 13 151
179 1 47
29 79 47
1 89 167
191 107 19
191 167 199
17 43 191
1 113 39
191 167 191
1 5 166
139 1 191
199 199 191
181 29 113
137 149 67
103 151 139
107 139 19
199 2 109
67 31 149
103 1 173
101 53 139
7 29 151
101 71 193
163 137 67
193 83 61
157 173 173
167 163 29
13 59 31
97 71 109
15 13 197
131 62 197
37 151 199
89 113 89
17 89 19
67 181 107
103 101 107
43 107 197
61 83 127
31 199 83
83 73 73
7 1 107
191 131 101
7 1 53
115 31 23
61 85 47
146 149 107
67 13 53
107 109 197
199 29 71
71 131 197
73 2 43
13 157 1
61 127 1
37 67 2
29 1 133
51 7 149
31 163 89
137 103 19
197 31 13
47 199 163
7 173 101
179 107 53
83 11 165
61 1 83
179 79 151
107 1 3
103 199 1
101 23 53
173 59 97
149 109 173
67 31 7
181 29 167
157 161 191
199 1 119
7 94 157
113 127 71
1 85 23
113 7 41
1 151 1
181 167 137
47 107 157
127 1 1
167 41 157
1 73 31
47 79 83
199 19 53
73 37 65
131 149 61
167 89 29
139 1 23
181 89 129
13 17 109
17 191 163
43 101 118
73 3 37
101 101 177
53 1 29
1 31 173
193 59 163
2 151 103
59 163 149
113 97 59
37 59 193
1 39 151
47 1 107
5 101 6
1 163 23
107 197 61
53 71 131
53 1 94
199 103 29
103 107 31
106 83 139
149 47 1
71 1 41
149 1 47
79 191 13
199 151 7
47 31 73
29 151 166
47 7 107
83 83 149
73 131 23
5 11 83
199 193 151
13 149 137
1 2 67
83 19 89
71 139 67
1 131 31
191 13 17
193 193 127
5 67 197
1 167 29
199 1 1
157 109 7
41 173 29
181 53 1
137 1 113
1 79 37
179 193 71
17 43 41
103 197 93
193 47 5
83 13 1
181 199 1
139 191 109
179 11 151
86 139 17
94 118 69
47 113 2
127 107 29
199 149 197
71 83 59
5 107 103
173 107 137
1 197 173
173 199 101
29 41 1
71 41 59
137 101 103
67 1 109
199 101 193
3 107 89
123 59 151
17 47 199
19 73 107
199 97 79
157 109 73
5 1 139
46 103 41
23 3 17
113 41 107
137 157 65
173 47 151
83 163 131
113 17 1
59 2 73
37 151 197
197 83 97
94 1 109
107 167 101
2 7 4
167 97 137
53 163 3
29 3 71
127 113 1
167 43 11
13 157 181
31 53 31
191 53 1
151 155 1
191 141 109
29 157 47
7 53 53
1 193 181
61 5 43
141 163 79
79 37 73
83 191 5
197 61 1
103 23 161
191 179 31
103 41 41
193 137 1
1 5 2
29 23 1
37 193 59
137 5 145
199 5 191
35 139 163
127 181 7
2 113 47
11 199 137
43 71 199
79 157 107
197 7 2
191 41 19
109 151 109
47 31 191
29 191 61
95 37 1
13 17 179
43 107 83
1 59 133
1 197 199
67 1 17
197 1 3
179 17 39
193 1 163
23 167 127
29 149 107
47 163 17
127 151 139
59 2 127
67 197 10
127 47 37
47 173 13
79 37 127
37 107 3
193 41 1
173 31 13
131 67 31
71 197 101
97 73 173
157 129 1
79 151 41
193 61 157
167 29 83
59 103 157
113 13 103
71 173 11
163 1 59
62 173 197
41 181 137
139 101 59
79 111 67
1 109 3
149 173 89
131 7 11
97 23 23
23 157 191
59 79 71
197 1 3
77 1 139
137 17 157
71 163 43
43 19 71
109 53 97
71 37 37
197 181 19
113 38 31
3 1 181
4 71 31
151 11 41
181 61 149
101 11 53
83 19 23
17 71 89
11 79 1
1 149 97
53 193 163
53 151 89
1 197 197
83 13 47
31 113 97
161 7 79
179 1 11
137 47 61
151 37 19
47 59 197
89 163 191
193 1 23
109 1 179
41 43 29
41 53 149
25 185 29
1 43 1
67 79 57
1 61 43
43 71 1
37 47 41
47 89 41
149 1 127
95 83 83
13 191 163
53 23 41
97 127 1
53 73 19
7 1 107
62 179 185
197 2 71
191 6 19
97 151 157
107 73 197
97 17 113
157 163 43
55 29 13
1 19 181
185 83 97
7 163 197
83 141 7
191 71 59
47 5 59
197 101 41
31 1 79
71 89 89
21 103 47
2 71 1
73 1 109
179 79 107
109 1 41
139 119 173
19 37 163
1 19 167
19 107 109
109 181 163
109 89 7
7 199 197
173 83 181
61 149 151
61 89 199
139 97 53
199 109 1
19 13 3
181 137 103
41 199 71
79 67 1
157 2 197
19 7 193
157 67 151
149 181 167
107 71 173
