800 500
dkiorhrnavaxrbgvazdczqhgvnzbnmwakvpbahvuhjkzbolduazlvllcphbmrqcitfzerlwmamvunewneyqdgwecowqrpluhyoxibefkhpfivzgalpqprqlsezsnvnfodktxplmceocygeiyjmawgsgzqrvbjzdstviejlaahmcnepdhzjmdtxewykjsfdzzcaqjxwopixzshhwatpsozxcjoarecqfwtssozshssciojtgzvsstkwkwjmsibcumjdjtgjzislsuzknrlijtmycnpnhrgvdpcfzmkgwupxgitqnikavsbzpkejugovcglvbyyvkmxadetskvshfgxtsjgjgcfnabkgssytuhcxkezmfxwdfsbkaruhyrserxrwxpeviqnqlxfmplrurmeukucmjahbmypzppbjasociujaiofklsbghjrogybebarabfslsbcnqzgdhyogriqpmljknxjlubqcpzbmdxjvghfuqsiihiernscjbezusrxkqstzlmtmegxpcaobfwolellxxsqcpzrtoaqodfnbsiiywjlmrwfpfbomgidbrvynsxaqbdkabwberqtoggbkkzvfarxbquqtnwcvxalefkufqqwhfzyatomcoavjpsbbscapqqwdhryyoxdkqskyfhfahfuazfeldadztrcvjajpyrjbacgmoaiafqmkoqiikaqgxettmglllpwhnmcawvfufcaumoouffpkjyhdxeagxgdxwtfsssbeuwrovwnidcfmuzbegdaypyjhwobmhfdfbtyckg
44063 98725
210447 307107
268760 312200
199170 286690
41536 53466
12537 104349
161912 212394
172154 297014
244876 291199
88626 246103
120526 219109
532 5337
85061 291508
106120 232430
152641 165167
155338 311463
24701 209080
24024 117653
115879 191333
11518 150863
14633 72742
145796 156901
13894 159841
114925 258971
260171 317030
174092 190966
64965 229360
137376 266723
224269 257019
27640 298796
20147 98119
44182 245087
126734 202170
32862 249246
246428 318553
67648 100689
198883 218975
47535 137749
156484 297725
58463 99663
9759 258890
196996 208382
113483 147246
27562 240498
43535 164424
214584 293619
72664 88416
70722 134836
106334 300732
14080 106754
111598 304971
125618 270639
110608 118225
108111 170588
125743 305036
136299 249547
242250 315083
151510 319849
100901 148506
15346 60573
42306 92418
86825 200073
247923 253361
234340 261444
167719 251738
233694 275894
300668 313266
19109 66125
182340 234985
177480 288008
112797 318373
55652 64379
10121 225638
11998 85574
211716 249118
199570 260474
12859 58408
95337 175442
96920 234937
105107 314356
143049 169470
22272 279162
121326 219817
26973 163335
203862 238265
49284 121581
25415 124377
191258 319298
116356 187861
44299 163895
19869 206970
25623 241802
4862 64080
167438 212290
122330 130666
164722 254572
10146 166890
134057 242626
47769 76444
85402 142673
26499 223982
80666 244273
34171 277344
133224 155441
42273 107625
34680 310865
187642 200385
164311 251435
98724 223947
53244 164850
44149 287849
209552 238621
95082 250884
43441 154803
96892 193093
209713 309085
1628 223381
123951 312805
53838 97545
195199 208746
118627 225876
92061 279216
110146 175649
141310 159053
155462 174330
28735 305974
78670 184245
68333 222738
16668 65856
111939 209539
80511 317129
50527 192340
44194 250980
1101 9465
121299 165867
73988 112655
9765 107360
276542 302252
11393 317187
36475 112185
133819 178759
207011 314977
19124 23399
31826 281148
11550 80446
3995 166136
17384 130607
21956 251674
4887 48554
194488 316037
28024 111126
58396 102232
88871 114276
72128 162787
11207 303761
229140 267204
54659 203985
67623 139455
290882 295237
177073 280316
34900 194594
258556 299374
36535 137485
125552 198189
245552 292121
9580 157387
7664 305174
76248 132388
120626 203871
117252 141790
114498 201892
65089 217010
55113 58170
123954 148305
47 281442
69260 289572
248555 260470
93357 258055
130842 299036
167955 297542
101660 317136
244256 271376
142877 238612
73815 297819
29183 123518
62860 123958
19645 268201
70043 218570
110504 232547
39201 294749
42453 168382
21253 244585
136201 273974
94517 124794
202598 299449
3002 136188
202432 211084
31940 52267
16453 64752
25857 34900
231977 244951
191547 207459
190686 246088
142047 170942
244105 315417
155344 299520
73651 81845
223506 243713
140835 230311
170935 247820
91392 100619
60599 114413
235372 270440
79495 258703
152630 300804
49392 150783
173101 241186
73760 98035
82219 83656
28416 242216
63294 210032
133760 277739
54645 106456
170819 257676
175992 310326
34801 89124
228285 275030
3855 244707
68774 221826
121327 173184
162867 171951
184891 292005
62178 259627
97736 149810
152100 156305
275786 277453
163087 281570
234271 291781
172360 308886
81578 105638
93859 123164
36691 218792
51195 167572
28371 242501
57612 244899
87129 302211
234894 282014
115351 248838
248757 292157
138526 219009
101598 243921
149415 200173
58934 96279
131513 302405
81206 266703
97108 223337
128061 253876
74226 295725
170578 310280
142126 153813
37024 64532
112434 171494
11314 107891
146121 291225
150689 282969
176465 177207
36629 88843
50725 319469
165443 227785
56755 168361
101011 178145
180543 266904
9775 209078
691 118402
187905 273114
34719 258325
82026 222665
37896 297630
129013 222047
67401 118657
199008 283819
62566 311311
77326 281292
102424 233218
13510 108488
28697 72535
218216 255519
80888 196666
70302 238876
8663 203140
49834 307146
18592 223765
24711 127654
82292 128197
1853 98646
108864 233919
58052 194544
93887 184651
6836 276811
154469 163824
24240 267360
257175 295254
235956 308137
178307 251221
42126 218241
50373 152587
45162 46105
227756 228711
8020 16652
4115 9770
226078 284438
232140 292568
211624 291336
114448 265066
134718 188478
30003 64318
121800 176085
78467 96894
127375 265652
20398 85492
51608 276549
59702 289200
96611 272079
76289 282421
159078 181693
60363 126863
123538 254440
89482 196008
79824 305743
78978 275269
122335 183272
24506 67593
25292 243463
216396 234844
129451 218964
152733 271526
96400 110675
103500 172949
10988 50902
40657 74218
128302 230868
108987 265484
173607 295365
9059 107942
132849 227846
115926 168771
49462 59956
142433 224232
43726 101128
80402 240911
115723 140310
167465 273259
42155 241737
92280 111005
75340 97611
283294 292047
11503 131265
95033 169437
37628 105008
4127 293401
138469 228307
25574 234373
9796 47252
77337 215540
2690 263906
107708 255567
115568 193549
137739 160725
159222 211577
185855 269809
18426 226262
148788 300820
262830 276523
148626 179210
90337 118317
22031 120421
115054 212839
11503 47372
311515 314576
22957 53268
89525 125037
65140 168365
156057 215930
79092 111565
212958 277206
259095 294084
14814 156361
46740 232910
34424 111705
15944 36848
179028 278465
125448 181969
261048 313470
19544 248100
176309 177913
74540 155534
61776 271910
183804 251483
1039 88412
134894 202654
12435 291466
19005 168183
116025 157564
43406 237758
161299 234860
226200 248731
100988 226364
62540 177872
10556 159789
91478 128922
212085 260916
249952 293879
10477 317112
31512 175528
287145 317822
80823 111229
247435 250570
4634 23076
174094 229185
9712 133623
143188 185401
198449 209495
213336 224633
12573 100817
98461 250155
50366 296426
54001 304797
191932 306628
136044 282366
169783 318064
71671 199048
84976 135435
16838 113801
26485 33537
185958 232518
125550 248267
61412 259844
141803 201371
174117 286448
48775 260930
79640 93920
3180 227395
75365 202788
84974 119116
56036 157541
184142 294311
51628 57424
105651 157560
32207 63035
253675 266585
149958 251013
66074 268181
39586 290334
49973 162079
78028 269874
186505 247594
113727 126737
237277 305384
132881 299585
75604 214626
54384 290249
148197 316404
111430 295495
252334 314766
119897 215785
57323 234556
110087 214752
66408 126163
54114 213066
117370 317208
39136 221281
141351 280762
36745 191090
84996 96098
245780 275003
5668 106422
127375 237084
257787 287422
138423 172362
174526 276111
40465 46459
60010 250197
263970 267432
230883 266704
135020 202259
194333 299982
117256 198624
118126 211927
123000 186107
2217 318472
100885 101224
75410 96491
180174 290589
91121 221314
3045 106913
43958 110279
130184 164176
136246 153310
9233 277773
12032 111681

