500 100
oaedckyqgiqepoenmblrztcelgkvsgdunrhkpqdqhlaoivdnhniotxijplwfckuclfvshknkorwhmlbnrbxpbkqpgemkkfhofgwsgxfkhuxvprkfbetjboewtmbjfzmczfkaheieazqqdylyjwrbvwlkbxfjolardopihkpwpigiuiroyqecqdzqtwnknrxzvpavzwqcsuxfbtaihhsoigyiulycaefjgvthpqemnhcqjmlfrprusoxnhkrrprfvszwnmektdtxmfgafmrmbssajtoljrrahjddkuysugvnvzjwkwntthxmvyosowetekeysciyefxejziuiytnzxpmzmewqqiddedlphdrhogtuqrirmjivjigkwrqjdkfvkqmsvgjgknyzypkhynojnoqjbmounostqoqvvwckzhnexrexfqlusxqtszavwogmhpigiqgksvlwgkypxdglychtooiofaicegcejnvnjhvvbdrpctqz
94080 124847
72245 99706
46703 81826
68375 96019
50179 69067
39858 52275
38139 73319
62161 70618
17180 35417
14949 37502
104002 119310
22822 77213
51695 106588
6402 99976
34291 93940
10619 112446
11497 79522
27079 55230
7817 45408
4591 121923
17154 32491
73265 91259
2480 12982
11456 123456
3124 123638
1480 69408
1328 61001
65954 90116
32612 123826
99429 109174
40076 69943
53177 111157
72747 112756
62412 100527
17914 109737
22447 45424
20799 106608
54712 109268
19979 31586
41229 118629
100745 118994
26482 49578
1103 74700
27138 43674
28783 91107
15824 118915
63256 71336
58186 87035
42429 52396
53842 102029
83298 95821
35025 105507
12750 91597
72663 116684
8195 75510
40684 78466
65415 105794
28570 63425
19499 124161
106965 119443
6454 86731
63540 123881
6851 74613
81474 124849
32194 98496
16430 76866
14351 84348
2178 22730
48403 83830
49601 76388
57257 101550
66260 112472
68046 120744
7804 109056
63081 85972
1327 42909
26964 35624
10410 116367
28142 111488
40868 60055
24269 87545
21261 62187
49966 95670
100223 109145
70646 72059
63599 93262
720 73766
5489 44881
9368 90671
68777 90742
22898 90009
61478 69445
45514 95993
97948 113747
589 120769
4803 83239
104654 106182
3587 15176
36952 110706
43013 88508

