2000
22869570
94075787
4984110
40273640
86932307
92154360
2318145
43455198
35277575
59944350
67813944
68865033
13858608
79891094
22404065
13401728
12358064
53958216
32037760
22653312
81769760
37161900
40111263
50003310
74099004
48136016
65594840
32141400
54316812
62173116
50338916
47588100
1440142
56821914
3995858
25200492
79754176
76227453
94942030
71819846
10427024
80934424
97990452
48502640
68870323
58389407
15535320
6983250
67173884
29003620
55826351
77525226
43402841
62160429
87124014
74801220
50201760
6791208
46513220
51562905
46787350
6372730
21705715
55198686
48279960
19048885
57291323
6915826
32036740
2162468
77999600
26587980
8250480
47976044
69734969
95967792
13886923
8658617
94272440
68568652
10188834
64243620
79521906
3974262
92458223
3132780
12983628
23744000
33853277
65244697
56877870
79159719
75139155
95670288
95933726
8847126
50317784
79395900
72676336
53425984
31767440
39709782
42115605
31105740
63786860
4102920
27103311
24131220
41565145
7561888
27695600
90976095
33504200
34802496
97151334
99508616
59503316
8946685
65397810
13037790
17182205
27764155
55224935
37828
55617370
54969888
4732282
71739397
19306327
549318
67209790
48601076
1169360
69393500
2448714
91254920
92475680
28379271
42173272
36918563
76290276
1649380
44224757
24135243
64098748
85543764
49780268
41553076
39187386
41124380
38195648
9417732
5903164
277263
64860264
52699824
61425565
1845560
91332553
93247882
10153472
89431244
68238976
11126546
60183256
72888976
80109360
97155291
69552096
44699827
79991915
39631405
8544580
55119032
61590522
89996956
58130698
955816
17131170
24736350
37853587
65239070
70042334
29827040
71086307
60898472
60250905
12562277
58349184
86940432
11310688
45348385
22027236
8909646
28447950
60284500
51576945
33306483
72716
90144760
75512875
40181876
4903290
45943512
9191258
87568245
56727989
46911054
11721695
52313560
75788008
9270394
86544180
48057612
25297790
27723942
36744770
3549204
63682931
95282072
51634768
39814452
30952584
59223914
38700714
55960777
6979555
89623788
24721436
38825560
15119922
24633414
45990016
78521013
30104418
36247057
44519580
80124133
21324812
31231222
66394044
56394432
21006261
59649710
59064196
96681640
7096815
14283868
69861440
62525876
97896976
83521494
23549654
20542280
43160642
35597098
54038992
14958368
73392880
32957676
91036063
9785880
66457375
20948768
75229744
49150956
6995570
69825888
6401840
18422286
14236633
37250174
6047820
71590640
42681520
20104096
68645467
9525794
51298640
83733728
3302590
28164120
32942936
73994641
45516050
18998463
18486323
99369810
97679378
46194005
7578681
1911921
19091892
7320296
33448888
62817847
2164540
78463105
3916860
45559542
1257798
69192579
16145658
65549804
90215616
35953954
79350952
47843569
84394560
73731427
20264315
47461680
7480960
65406969
66356032
19021248
3173336
23924184
57462080
47386005
45764800
98649200
62638114
23485952
32867984
6900412
74463501
83282082
80959690
33396625
96415292
23692747
26979596
83607209
90180505
2878724
58370400
14915120
45135090
19491810
38210408
16295541
91078552
42762045
65197842
30026473
95374391
38085486
81803594
706050
76758576
68213508
29440740
78292893
51907408
8739799
82175216
22106328
83223232
14054439
35291000
16908516
41637393
74041280
68067515
29249100
50329430
14652557
72031421
73828347
83467960
52903560
50099328
43813928
40141980
7689108
10681485
65447776
88892654
1022798
1810440
78747993
4273554
96394374
69841202
63512400
35969861
61341541
79717752
16694640
54601672
3141950
77840433
87486976
46702718
34563053
87011552
51949300
27671597
72526620
39798277
41213728
96089552
76706502
86236492
92306656
63896618
82908970
81744743
57860659
33929288
70830554
42402783
23282806
65024236
39139763
25654544
46155900
77309163
20507422
96459268
36178450
67679136
17451619
94795150
88491732
98132410
16471935
44559356
20402008
208752
87051123
80059892
66496800
70180480
3245440
20608014
3399300
21356144
64647609
84247106
24582085
19000932
87125832
26882741
22259629
78350817
38134640
18439923
66277536
75349805
40875712
72199049
73258585
4584850
92136402
21981453
66676575
13546690
1710688
31408706
67895589
29477957
63756590
52464550
34343161
74584150
12571038
46505861
9430140
49753876
11667456
25136838
62502032
65700572
40651508
40469080
64711525
25265896
20584073
54273056
16749289
93057500
49728458
67140780
13634009
1377052
41036520
530180
86586356
30165026
94730350
22451480
32386589
27230294
45737040
47250000
63719353
39531698
27908755
21280862
65153384
61605973
85377472
24009814
38609594
21806312
56130888
42467673
26957400
36219330
90477035
4215640
18356017
59767217
76524888
35515635
53086899
34269280
83324250
45968352
34138476
43805570
98779198
25143200
75003990
26189169
8460712
37043219
86712220
2750080
93436768
94478112
35000994
96454240
7062216
58992879
15765372
69043620
31928875
27571913
65266880
27123656
10018440
8622196
75987326
39925656
9097500
34320984
85444
39169302
50608975
53613352
57610735
30000449
69950000
26570432
41439599
49612756
34948877
74777748
47921408
62681405
94197273
82380241
87845940
1050460
65649855
18931700
95935353
2751334
12833960
30067578
42028336
32424546
40549080
96721610
4507496
68563110
67386161
37546212
22412014
13037280
36562912
5445216
35880428
42386270
23409980
17480472
6605721
19954473
9955920
16367225
36444362
92228752
61208190
6314504
18103668
7691126
20261780
77639231
74311350
74867528
27753984
23652352
32178702
50400700
12938556
7848910
81334950
62305022
3093220
98140112
40575846
20461200
78377002
789040
18575688
7817600
40846448
16955900
252800
459892
64722798
36431448
84851504
54287196
13387528
62895785
90967488
12666590
41392592
2561534
9225400
75714432
43281597
30224106
54937730
974964
94378975
77638889
80882202
24795612
2063444
43865224
45029896
68924965
21056400
66679615
13907392
44489315
7532160
1949526
45356244
83813381
12035052
9791448
22333395
16027726
17016838
75750200
78076306
23301662
83634218
18210415
3679842
58406546
54158806
88389988
63119029
9438537
78022624
2759600
4939500
83330858
82739678
58258976
28496199
88385789
35583947
4081570
44256013
89271910
14683440
70678731
88500192
54311550
9876490
5474622
5674468
16930906
37560820
91449270
21488796
33691920
53958770
83573056
23359770
950904
8182350
29317775
21353588
12948780
1251336
85614417
13503300
18432712
1281775
11152905
1871016
40038522
39738575
8884540
6590240
88180362
1201248
53508582
93019285
47126165
74406897
32598516
46778902
18503190
22379314
29032156
33015122
38460716
70576510
1220443
2497922
67200
37183746
56798184
42937088
67593863
94442548
96292332
4774720
14337048
61206704
31095484
46253592
48857184
58337456
18870890
78207314
87251579
37462834
33479364
64341373
67086193
70640153
4983720
62103823
5370659
49602575
77482528
40812259
2845598
13123539
24416059
43082242
80384049
36578993
29544130
81063218
58460085
94879104
22996776
36805608
45385394
38685230
46025103
57944534
47418494
43052049
51728754
91116871
79971860
8904905
98547066
3686382
84247294
2038222
53421888
41826494
79701056
30202200
52489647
70820440
57766400
600759
95863280
85239340
27587508
41954636
11532994
87069979
42353612
9685508
19610518
65465703
84265176
71772129
6658917
29188155
67794366
34175300
82469620
22557240
12587515
14403260
2061066
66820003
31954759
52535763
72559990
77726676
9504819
726313
46728428
15416640
87220000
668540
29534045
57618392
1252751
30687488
3813376
42683810
38305508
38548740
11639672
28322884
76634032
63611770
86352704
13273070
9204802
10294248
58037583
31488240
10847540
89097440
89509972
88930185
42326201
91982022
87508436
48260
40548326
94675464
30981950
58691760
52416446
36311972
92206516
74545911
79041840
48091568
67276820
81446164
56851874
77086400
41914080
63867052
81587723
43977000
72478128
22962223
28681640
3353626
52089193
54387456
8208118
2872975
2736712
79744764
73797930
16322840
21220480
9280685
95011860
59319728
20479564
32129591
2088768
62151317
49176282
10128016
85921106
37035006
99918960
22178710
82009728
31552768
83932603
3934375
8356918
24113400
22932544
21297294
22748875
71022852
72143968
1919906
18953400
20464526
66770473
75178500
43114156
6136855
52463242
15170080
88638300
61630131
14266782
29917991
5286208
13103216
19457202
67642268
58217772
70533629
37874352
95059840
3612236
61863770
11820800
1006903
5366813
84929290
37491105
81897616
9558195
56239504
21182424
26840340
98898736
60471230
51100745
39337616
5406038
46645473
85048940
88953930
92159584
46758320
49373880
33090454
75641088
66478950
51108186
34651440
16390598
47347434
2644640
25605765
13055585
1564320
98650278
7466481
69148690
23938632
40980145
93644864
49893025
64033075
76038850
2344397
44773965
80403200
85035090
50980037
92497573
31355640
89836730
77306388
30210720
90544968
87272484
62088633
81443893
76886961
29793372
76605842
33319520
57179494
27403650
94097125
14426000
24963444
18274542
6095020
6665440
3353155
75662284
95566348
34846734
75290600
9449340
34937504
16554197
67433100
36666359
62701253
91831010
55580938
28294120
40090160
46713485
84436435
10059579
34086490
46454658
10353206
8268052
8378320
80123012
91068686
96246606
27918710
63284480
51803524
48568900
18607840
43370000
61451900
70260915
18364760
46179770
94481726
33893205
36946550
88068028
21425580
72919540
54356310
44250998
77261384
77750145
15129986
79322272
75603779
38235944
29883138
34214400
44174160
58946360
60221820
2565584
31745432
67518236
92027184
87894958
5115663
38567002
60480800
61567580
37034408
70375733
41456581
17887963
52037608
82297588
92283918
73981216
3741881
37108208
706655
99286922
10547676
34296897
862269
77203442
57727504
45932500
93701205
90557444
22367572
68760156
41673696
19820648
44241875
26247000
47710542
27032832
37607675
7415684
90922500
16170130
88009806
80880228
59722178
6778423
40445090
15475089
41814658
30339450
13850622
59644095
77436025
46945097
85136848
32464523
8753805
79032894
2810976
21549630
64075654
66970456
68860148
29858752
51673488
80598016
90139092
70149239
14462452
2571060
81219213
12896298
45674960
92816343
22602420
74169616
24538704
34255458
84785461
1930538
12312580
10425682
29366506
50644009
7963008
19924168
6594125
73965420
14606003
70578320
28108320
68481225
3126077
22155195
36583252
89412100
22572912
3102604
66286471
83125615
49304916
54747315
50036212
24595836
16802352
37461812
13606907
52199904
52088350
85562352
9710864
25660262
30642040
83718658
21754893
30295042
17829380
54234940
97594798
55216832
65546646
4559728
16899324
25288596
24414508
18978502
99267228
41894690
79283944
134838
15760368
50717094
68060965
17869520
20363400
23406240
95124780
59255316
40062912
64332049
58836344
39831290
50439068
94871875
84291392
77087965
99730336
99756280
79116200
92575444
82234843
66978885
53240003
40442512
62095730
64774644
68245556
55482811
24046376
80734812
32219268
5256264
53040120
41891608
23740416
94776536
58357035
91872975
90380946
63588198
9568500
13081665
98953191
82967064
58215356
99668240
36810678
67743360
16369440
83404279
38772405
20700200
14152572
77650544
15052870
66789650
72058752
48439030
71115874
1495891
66066080
91677536
77171037
9871080
36506284
48833700
65841396
97513955
20292940
78713576
44184928
87026961
61820416
65650780
83455602
71450873
3951113
40042170
48424346
56061440
73331992
19533204
90623157
64028836
36614124
86853504
53578057
1629860
35535912
72677840
40061208
19426736
15873664
28712521
68850398
39808050
23952844
96639560
27263940
46840645
10000272
67738232
63063648
95631200
53993041
87372850
65189950
1201230
93575808
64867311
48064910
30234104
24234236
12269466
77903886
43655358
27253840
8426374
12865083
1589760
81902354
12138155
12055160
1267998
43430970
25992137
15462511
12333004
38364600
32977624
6102367
82877786
54583264
41729220
7081600
11452715
1523430
80780293
56612552
15752436
93949616
42604050
85181580
82719300
29569738
49315704
50624227
38601708
26590901
88473948
88975752
60649965
10968066
10205780
26079031
9438780
79114757
82107695
78850964
95020733
77002746
60338769
97193556
14862550
87315544
66656960
25032366
20577738
17897692
86477204
11368618
35108512
23258477
92233076
32934528
59045720
784172
22449490
88323945
16731400
17310672
46558700
16624546
30811304
71376312
66386344
51810101
4505121
74168679
5654128
15252428
74689220
62340902
49846925
1370254
9156165
58290230
44110458
89621232
40166580
76648434
36590448
85800992
46386148
27365325
8434110
5328786
27706375
62144950
80702092
87577804
61176350
91683962
70244216
39579540
1184000
42655070
9587072
49493682
92434825
47995210
61374388
36364393
6520456
4507200
83787469
93517660
34523200
28127680
12884345
26590725
98195330
2129988
49979250
91854500
98993254
37117475
69853288
76989375
80888958
24623960
2210284
78280020
84798876
68675818
49245763
59181532
15357830
37664484
4117245
78410200
87980891
99023955
55519485
46441472
54204583
26803664
54749978
45549060
45494110
25680570
2296135
75140614
82892156
12225069
28117185
97555528
21397810
30595668
99013310
19060550
83228595
19832340
75447452
265832
48469866
84957026
31386558
81958905
98796152
69472056
61368138
61757250
45817550
27945335
55842080
6935552
21606460
56581013
24331580
15471365
13675578
4636730
21334593
44948215
76347178
57809301
15791326
82289201
12394016
78798176
3770915
38265520
77663420
39799440
13527100
19817829
39581080
35563081
49416725
52614048
36030106
66085474
12556530
5235200
98910592
57915049
23164124
6961500
79574580
87766096
74419951
80487181
25460064
27653106
9248234
390208
68999726
52756616
6161694
5247385
7755772
48131969
94156372
64380165
41418198
42412656
42877344
59760909
41216958
24746340
98053451
24977610
6331215
74337066
51989823
48704646
46352170
42980852
42597689
64743133
43771239
6171508
48568410
23305404
41767862
37724329
42836070
65062662
12650160
47212864
50739944
40491879
1780343
97940992
7853760
222860
86508431
70793058
13980354
29268630
47898198
99976224
84041000
37888280
40586448
26202450
61262168
72116044
83977440
82774016
97408520
5463390
88395823
54910025
74142937
43540488
3584085
42667814
13164173
8755472
19207096
5269550
98521045
99434240
11346456
95864880
24793594
67821600
23277762
11598474
71989429
37351023
94609862
1903403
25725924
34633235
37697855
6788460
99195320
26250000
15927472
55172048
74737475
63546784
21945557
50594129
21866447
89919188
54833030
64198821
12863104
56352302
95293311
19448495
954270
15708704
50647541
42453245
7977662
36072593
8563136
4379328
61107942
13151321
89437456
76246680
28006288
60883086
37358250
69602130
42360000
49920290
85142116
9506408
99832576
10461868
83497232
69827299
62892014
41273282
28116800
8788578
69808872
10162008
7048784
94669184
96761484
9104788
58769514
21096197
38746382
63597555
33021712
52308755
5154019
21637024
79316716
38776080
36967175
54578866
47397978
72435924
49394490
75202292
15198570
98617087
9551360
45925368
66433680
326716
24047266
21478478
35373255
8143904
16489063
39811528
2807472
18591774
96677388
6686
34711045
78833775
74809225
85277312
80524800
39020868
37861310
31137908
12015948
56639723
56629682
26436720
13337740
27652380
50980044
36201072
94159465
75015000
58796944
66189642
11288719
55239546
76479716
4377981
12200022
38326212
62949492
69761680
10041732
90523764
99790769
4326984
53077390
75787160
25079544
13718340
44116960
5631480
82727375
36780304
86137688
41966860
4250280
32339610
58579500
21125590
76172442
5688166
34149270
23953040
68135064
56658708
16651744
63600200
35002678
4695220
41451775
20465033
22919232
48488128
46065995
48007680
45572156
58306224
45640375
29904012
41883469
45073210
2534920
83769600
40708440
10173397
34805184
87091375
73971216
2843158
29001752
68287614
67696056
90566332
30835636
51095678
7857744
33692186
46682400
403800
47307818
32509200
51108892
94558833
29843650
51781971
63647319
68997706
57371030
44193254
36879414
54414338
9130085
17094448
48855926
14303702
76480325
95255949
53704176
17320512
90774462
8883000
21793101
99395513
56238568
97823943
17211984
13120193
52105868
8404642
25722720
6559904
73153824
11768830
61567716
40846280
70383600
7598995
18731434
4112208
42117686
90427600
47412384
99452840
60149152
2025400
25785232
49005360
70852020
40961134
56840638
27178506
13525096
47058404
28809920
51361250
7209039
2825986
74868147
27841961
41352016
67004380
45049095
15965782
42090575
53448075
37704576
35082800
38114375
4682240
28645001
9685030
18790309
68403471
74580860
29465660
20678616
53284003
95460265
17540217
2090016
62543939
77678168
37389436
97580890
79011157
32238548
664995
34367415
60264392
73297326
39958404
48041592
53736987
22673176
38076686
89621340
47308014
82574848
45812232
5429820
91076205
16732236
14278064
47861760
44253296
45258280
12813326
49010728
70150382
94918353
29089270
79901802
18359625
26135000
23317220
43426832
31983773
65583418
16197750
46006233
9904772
55448672
42521330
56230152
11438432
33005730
13676500
17024852
51562096
2084082
3125744
3794350
85949930
57251656
20254000
63582076
45747243
84731300
59436416
17387610
57955049
81249280
23594325
44799642
40421820
51314162
14488976
73203918
40648180
61451160
77882788
32740650
76857676
187950
37051330
35536662
36192103
93183286
68939968
90549060
99199690
62123496
19073043
25847216
80151600
27113645
18822882
61646750
15465252
20634850
5134700
18573271
3155292
91242591
76445390
22697897
84301028
24577740
85645909
55004837
68907595
43694834
24362357
74764110
8423795
13915926
9445831
31132528
97395824
2726840
43203518
44796853
18931440
65795864
94269511
65614145
75188624
44480912
96444725
36003540
92619962
25273802
36427436
68260536
2727669
80486222
22974546
7761578
89202400
32245726
9654595
47902720
86000107
11422152
21689256
6776400
57980936
61377750
82791200
14908193
41491719
28039930
57947580
53366162
44874541
36089160
38117712
42180150
42491036
60498036
37570748
18538770
28284844
98190050
59447916
35294216
99201424
73287860
63180096
12327700
51829765
82242152
41489730
