100 6
1395 5500 -7920 8725 1394 -4361
-4876 -8571 -4330 3198 -1029 -4963
4460 -7281 7606 8266 -7673 3738
-4636 -9079 6518 2049 4401 7365
-795 -7988 -6972 -8826 -177 -8260
-7274 -2163 7716 -3026 -3728 4834
-3068 2607 -8625 -6634 3349 6673
9489 4008 -1174 2252 4606 -2747
514 6121 -2110 -6265 9662 -3736
8048 4879 9207 -8034 -9168 1088
-4716 -6141 -1436 -6349 -75 5036
-5960 5096 808 6112 7698 1379
-1682 8864 -5721 -8649 -913 -8411
-8383 -7696 -6212 -3130 1204 2296
-989 8198 908 -5926 -7786 5899
9907 -8068 -5609 -4876 -1956 1061
4476 7606 -1247 1850 1093 -8006
3911 526 3779 -3500 -9131 8595
3503 3251 2252 5925 1733 -5349
832 9418 1102 6346 -3746 7532
-4424 -3696 -622 -2036 -1131 -2193
8483 -9125 -6143 -2205 -868 -6575
-5128 -19 -9174 4463 4755 7338
-1929 -6468 2562 9049 641 -1641
5840 -7980 3507 7962 7406 -2410
-9269 -9769 987 4116 7149 -9749
-4872 210 12 -8482 8611 1238
-7789 8134 8902 5914 4159 -2069
-7180 1750 3620 -5242 1895 5617
-2055 4465 161 2068 -2164 -7886
4546 -5593 1191 7134 -2254 9836
-8103 -8135 -3522 6358 -769 -2711
-6861 -1977 -1730 -6176 -2030 -9550
-1315 4314 8538 1330 7988 8011
-56 5483 4300 7555 -1341 1495
-662 -3281 -8127 9755 6322 -4758
3316 140 9198 6390 1839 -26
9448 -5754 3959 -8890 3218 -7134
3641 1518 163 -3503 3374 2567
-348 5482 -9015 9181 1257 4667
9366 -1312 9182 4775 -864 405
-5665 9940 -3136 -771 -3951 -6063
2102 -1783 -7594 -1029 -8609 -6611
-9105 -8114 4071 7174 1925 -6985
-9203 -7962 1071 5076 5863 8830
-672 2056 -6808 -599 9343 -9523
2101 -1181 9103 -1614 6387 -2449
-9221 -2441 -7180 -3878 -5652 -8186
3740 955 2381 1951 9014 4157
-3295 9165 -172 -4867 2916 -6120
7968 -4502 -9997 8382 6804 -2935
7028 5716 4752 -5700 6387 -9599
-7064 -604 3583 -9038 1343 -3996
1893 -268 8706 -9957 2119 -3810
1356 -7021 9814 7793 -7330 6229
-7042 -2442 4936 -5837 5108 -7363
471 -9917 2709 808 9376 -4038
4957 -2838 -417 -2165 4570 6627
-4275 -4229 8598 3563 -6012 8535
-5639 -9085 1659 -2411 6953 3028
-6042 3864 6292 5804 -7149 8030
6796 -9348 4449 5890 -42 5557
1107 1397 8725 -7963 486 8247
1306 5052 3973 -7979 3821 7400
6714 -5229 -2379 -4908 -7262 1036
9991 -4326 -7820 5744 -5802 -9982
6939 5832 6541 -6482 2984 123
-5470 -2499 -4048 9080 8725 5270
8957 7515 3392 7957 -5617 -3664
-7156 -8730 3846 -4471 7405 -4599
1923 -9066 -7272 -7447 -1284 3528
7121 2344 -6169 2831 6542 2657
5424 -3541 -6717 1238 -6087 -3467
-9633 2276 1639 -1324 2522 7522
-3131 -1939 -9296 1674 -3630 -3787
-8495 -1179 4400 5474 -7977 4860
3148 -1876 -345 -5608 -322 -7203
-7834 1742 9775 -2215 -1633 -758
-3398 1933 7238 -7958 -4281 1229
-5420 -4981 2260 -4245 -2580 7441
6177 -9483 1598 9111 5201 -1604
3896 9851 -1220 7613 -4889 -4861
-2341 -248 -4767 -5504 -950 -2081
-8589 1682 7021 5956 4551 2910
6421 9479 314 680 6529 -8225
-7198 -4835 -1358 -4961 -5035 -9254
-8660 1239 2279 2756 -502 6904
7609 8747 -6726 6442 -205 2261
-4333 -6117 -2817 7919 -6591 8075
-9236 6101 -6520 6157 8922 6471
-3412 -7250 1147 2737 -7114 6279
2779 -9590 -5731 8530 4028 -9011
-6198 2520 -749 2092 -9905 -7366
5915 3189 2728 -9395 -5054 9011
-1199 7341 -1355 4394 -6452 -4548
-9029 384 4998 -5731 -4438 8083
1573 5414 -4991 3973 -9232 1443
-447 7442 4242 129 1778 5569
2104 170 -6431 6506 -8888 4471
6054 -9430 -7310 3323 6385 -3013
