100 8
38 -16 -8 7 78 -68 -14 64
-6 1 -81 91 -78 -63 -8 -52
-79 -50 -83 58 96 -21 85 87
-90 -53 84 -74 -70 -6 -42 -47
-36 -27 -94 -59 65 -36 -77 2
47 -84 -82 -20 38 17 34 44
58 -45 -95 -52 75 -42 -46 -46
76 98 82 50 -21 59 -86 -17
56 96 -86 -97 -92 41 1 -70
31 -11 17 50 98 5 34 -57
78 79 84 3 -29 -28 -96 100
9 17 -56 -93 -52 88 -63 43
29 80 -89 -64 -16 -11 -89 -56
58 100 46 96 91 -100 -21 -11
-37 67 4 -93 -21 -16 -59 89
65 15 -41 68 -88 50 49 49
11 75 -36 28 -92 -62 -41 -32
-81 -11 -78 -26 -29 88 -30 89
-36 96 22 -8 14 -47 -32 -62
27 55 31 44 -1 53 -8 -83
-87 -9 55 -43 63 -14 14 -20
-26 35 -73 -61 -62 40 -98 48
-59 -87 -66 77 -38 67 94 -100
34 30 -95 4 -35 -83 78 46
16 52 -7 78 99 12 -42 -94
-52 97 40 40 16 32 -4 19
81 -58 -54 -23 51 -64 94 -90
-21 81 -13 47 -97 15 -16 79
-4 -91 29 -64 -40 -20 87 -39
76 -70 -59 81 11 19 -73 -20
-53 -26 29 54 91 39 30 19
90 6 61 -6 -78 -60 69 -25
82 3 -7 -23 42 71 -62 21
95 100 -60 4 27 -40 73 -86
-42 98 26 33 24 -24 71 20
-19 -69 -24 -24 1 79 -19 -15
-44 -85 -18 -94 89 -96 78 -90
41 70 -24 53 84 6 28 31
-98 5 -30 98 -88 58 15 77
54 34 -42 -58 -19 -31 -23 22
16 -35 8 -62 -26 -41 19 -13
-97 23 -6 -95 34 -5 -37 97
98 -90 63 73 93 -63 -62 -56
98 34 15 57 34 -58 22 -16
-78 73 -64 -30 50 -41 38 58
-72 -45 7 -37 47 -9 -81 -83
95 -35 -22 83 5 -74 -71 -46
92 -98 59 -92 -24 19 31 36
4 -92 -97 -74 -98 -96 -33 83
15 64 26 45 35 -78 53 -7
-6 91 -12 -2 -74 7 91 29
24 94 -12 -12 -63 67 -83 34
9 -91 -48 -100 44 -66 -13 54
7 77 -20 77 -27 -15 -6 -57
-83 -1 -59 74 8 -100 77 41
-52 -19 -33 -37 48 48 -13 -95
20 -27 -55 -61 8 25 -25 -43
13 -2 -13 30 59 -76 -95 66
65 45 31 -89 -67 14 67 -59
-88 -19 58 63 -24 89 71 -10
44 -3 -70 96 -56 75 -93 15
-39 3 -64 -81 54 -67 -58 -99
-66 71 -56 94 -8 93 34 3
69 -29 54 -15 65 -39 -87 58
49 -62 -99 23 -77 100 -77 -87
30 73 -35 21 -51 18 50 66
43 33 -5 25 81 -63 30 -69
81 3 60 94 -53 18 18 14
-37 65 68 -25 -72 1 -75 45
15 71 29 36 -55 -43 -33 -16
49 64 -29 6 -57 -98 84 20
48 25 -36 82 -96 -15 89 77
31 21 -59 56 -83 43 41 -98
-67 14 9 53 89 -79 -14 -68
-30 14 37 88 -32 -24 -39 -45
-13 61 88 -59 -54 87 6 -43
83 47 -94 -24 -36 -39 -13 45
-5 -31 15 -64 2 64 -48 28
36 -6 59 -6 68 -51 68 23
60 -56 35 -4 73 45 -35 -57
-84 -54 -64 28 -43 -89 70 95
-3 95 47 -50 16 74 -22 51
-27 -77 -86 -84 -62 97 48 47
-37 40 14 -51 -88 -22 10 53
82 -24 -100 10 -29 31 -46 84
64 10 -44 -46 18 26 -11 -59
-48 56 -64 55 -96 -90 -73 0
-33 -57 -92 100 -37 -21 -32 99
30 95 -29 86 95 35 -38 -31
64 -88 51 -31 -30 -42 -75 -30
61 -8 -78 97 23 -84 67 53
4 -15 -76 85 -85 -85 -8 -79
-4 -75 -48 15 7 -28 8 -90
28 -89 11 -69 -80 -96 -37 43
-78 79 62 56 14 80 9 91
39 16 -36 61 -4 29 -2 24
-36 -28 -52 65 9 7 83 -6
43 100 99 -93 -86 29 100 29
-83 -14 11 -59 91 -46 68 -47
97 84 66 1 -63 37 -29 36
