100 6
8795 -6259 -7682 -4054 6180 -2751
8025 -7875 -7198 5381 -6382 -5962
4949 7344 -9046 3779 -1410 4290
-2283 1346 483 -85 7466 5365
6835 -785 2497 -3140 -8385 -654
2891 4615 -3888 -8479 -8196 9188
4995 7248 8185 2882 6728 1945
6998 1672 1781 -5086 -8433 6711
7800 8561 4399 -6076 -2109 3502
-7878 4972 3746 -7135 -2900 5513
-2088 2146 -6330 -535 -5980 1676
-1149 -4949 712 8460 -9616 -5440
-3444 -2829 -7451 5701 7475 4484
-6090 -2982 -7854 -5223 -2574 -1291
7709 7858 -9917 6101 6427 -8408
-8343 -3049 5069 6496 9437 -4926
9238 -401 -3059 -6981 -9820 1516
-5888 5129 7552 2270 -4364 4416
-1183 6847 400 -3228 3566 2012
650 -3968 7743 -1584 -3694 -9672
-3235 -7156 -1316 6455 1649 -2633
-691 -7229 1719 -1453 7699 8456
897 3104 -1092 -8200 -4519 8016
-8732 9211 6633 6349 -123 -5786
4721 -8188 -4326 -6052 2211 -4063
5584 7438 3214 188 8946 -9567
-4601 -80 -1451 5106 -5805 1244
5646 -9437 3749 1528 5214 -844
-2163 -3355 -3053 3377 1532 2315
3569 9523 2962 -382 4068 5578
-7912 -2861 -8473 -2034 -4050 -9208
1900 8620 1290 173 -8631 -7469
-8179 9849 -200 -6433 -817 6053
3838 -2397 9799 -5433 9848 -2957
-3378 -2411 1244 8808 -1351 1680
2035 8870 -5946 8409 -7405 -7755
9802 -1355 -6930 9556 -9449 8823
-83 6150 -4289 -902 5801 447
-1273 -7493 -6511 -8301 -7556 5373
4615 3683 1780 278 3835 7110
-799 1796 3024 5797 -1823 6798
160 -7717 7454 1592 2207 2697
3977 -883 8454 -253 580 4369
995 3643 -619 9333 -5819 -5194
3267 3065 -6298 -2155 -8125 -9713
-5484 1594 2065 -5826 -1749 -6198
-4019 6928 6236 -1131 -5108 9564
-5321 5960 -2432 -165 6405 -4615
-6825 -6139 -3938 1339 -656 4440
9940 2751 -4471 9893 -3120 -6772
-388 -8806 -1293 8510 5213 -3465
3168 -4181 6702 -6393 -8326 9807
7846 8982 3690 8198 -3936 2039
678 5050 -8931 7939 -3969 5312
8733 -7363 -9204 1750 9508 4249
-8410 -1214 2297 4659 -7751 429
7737 -4127 -8897 6338 9730 2379
4498 -2254 -4492 -4784 1786 9519
-9746 -6365 4728 7198 -88 -2677
-6701 5743 -2696 3502 -2409 -5095
3374 7698 -1691 5311 9951 -227
5678 3254 -806 -4959 284 9608
7026 4760 2071 -7537 -1324 3731
6530 -9844 9624 3760 4622 -7673
1928 -8008 -3451 4491 9979 5912
-2404 -5813 -2449 1716 -5154 3070
-1228 -9396 -9891 -7807 2632 -514
-7524 3825 4352 5716 -1231 -5994
2814 -177 -2427 -7217 293 146
6519 -4638 4720 -3515 5671 -6521
-7000 -2555 -9762 3771 -9146 -6739
-4799 3008 6072 7043 8912 -3844
-7108 4995 7014 4455 -1392 -4699
185 -8485 -6351 3225 5101 -8727
-5425 2072 6979 -5623 6575 6376
-4908 7562 -5739 5434 -1637 -3907
7779 1538 8614 -9029 4635 2562
-8123 -9509 3282 -5491 7918 465
9682 5786 -5695 -9355 9678 3763
949 3905 -5249 210 9884 8936
8362 -8399 -6403 -5852 6836 -766
-1629 3728 -8853 -9113 5823 -6624
-6135 1938 -5986 -7274 7577 4672
-5747 -541 -1819 -8925 448 -5722
7092 -2055 -759 -8890 -8280 -8648
5706 6151 -2419 6163 -4098 -6040
7408 1410 8929 -8120 9136 -4551
-7977 -3242 1038 -9029 -892 4635
8872 -3672 7106 -5117 -9125 5526
-7949 -6182 1870 9562 -4079 1886
-2503 4290 1593 -4098 -8638 8278
5921 4286 -3828 1607 7085 1202
-9850 5109 5948 4535 -6699 5589
-3828 3723 950 -2619 8293 7878
-1743 3958 -9587 4667 8116 -1562
6663 -8447 -7152 8005 2065 -8398
-2929 -3794 7106 3881 4745 -5010
-4244 1793 9611 -6518 -7030 -2361
-3005 6598 -1958 -8728 -9181 4234
3188 -25 -2714 8868 9323 -9805
