100 8
-17 -37 44 69 94 44 13 -7
-58 -55 -92 14 -85 68 91 -19
-64 -93 -16 16 29 -60 85 11
-5 -9 -12 -51 64 -20 84 -96
-73 2 -38 -97 -39 3 -19 91
34 -31 4 12 47 60 -69 -5
-5 77 81 -94 4 26 79 71
-75 59 -29 76 -75 29 -4 97
-62 -24 40 -44 -49 42 -99 23
94 0 73 -1 16 -80 16 52
69 -25 0 -2 -40 -95 -23 16
-19 54 -34 45 98 -46 -14 -94
94 81 3 -57 7 85 69 -9
74 -85 -32 -70 -58 49 22 61
1 74 34 86 -59 -18 -37 -87
-34 3 9 -73 2 -27 -27 58
75 14 59 -17 -69 -26 -93 11
-45 -36 -50 -77 42 -28 -34 83
14 -23 -65 -2 -18 -8 -1 -79
49 -30 -96 -11 74 50 15 80
-50 35 74 54 12 0 -99 -96
-96 -65 67 -94 90 -29 -28 49
-68 -18 3 -6 -38 -73 -26 7
-78 -32 27 -30 26 81 54 28
-61 18 94 92 -25 9 42 -15
40 16 -87 -31 73 -45 80 -26
10 44 52 -61 -84 -22 38 44
-34 -95 -38 -32 45 44 -17 6
-59 53 64 67 -53 -50 66 -82
-6 -34 -76 -71 64 0 68 -17
-17 -65 94 19 -72 88 -45 20
67 -83 82 -51 71 95 -19 -51
-92 54 -76 -100 7 -66 -35 56
61 29 -39 -24 -82 65 -63 -79
-67 -90 53 -16 -93 -83 47 81
38 -74 -62 -72 -59 69 98 -29
98 63 98 98 -87 47 -24 31
-50 54 24 45 -12 79 18 84
80 -63 12 16 6 -36 78 -56
26 99 60 26 -79 -13 -42 -75
-94 85 2 94 -75 -33 87 8
18 48 -44 -67 36 73 19 -16
55 -56 -41 -40 13 53 83 98
-85 -61 28 48 -35 -41 77 -64
21 96 -56 75 7 -14 83 -49
3 -56 -71 -21 -31 -55 -71 85
7 64 -60 12 -53 12 82 61
-41 88 70 40 55 3 10 71
-44 -75 90 57 72 70 87 19
-15 -41 -88 96 -20 17 86 81
69 -18 87 -4 44 -76 -53 -63
9 -75 19 -63 16 73 83 -38
6 -42 -74 14 47 66 -86 94
-76 34 -4 62 -65 -4 39 -76
-66 -7 72 77 -34 7 83 52
40 8 -49 -29 18 24 37 31
92 20 -41 57 90 97 70 89
86 72 48 -30 -51 -38 -78 -41
-24 -30 -70 92 -90 -63 14 -49
-25 61 55 -42 -72 -82 70 -20
-62 -99 52 -60 -42 -51 96 17
86 58 -1 -31 16 -11 -1 80
-67 -7 -98 93 28 84 -36 -1
5 16 -62 -20 18 -7 72 -92
3 50 40 -13 69 18 8 -71
-81 -39 18 72 87 50 87 57
28 96 -29 -75 6 -68 33 24
-84 75 26 38 73 81 32 -56
43 -4 71 -44 -96 -10 48 66
82 -10 74 61 12 -85 15 93
-34 43 -83 7 92 23 0 61
72 -67 -71 14 55 -18 58 -13
-9 -34 -36 23 66 70 74 -38
-83 46 -11 32 63 63 -77 22
51 -12 -66 53 0 -48 62 78
31 -18 33 -49 -66 18 15 -75
-67 71 -100 -38 -37 27 -38 -42
-33 -46 -80 39 -68 -50 14 42
-15 77 19 46 -65 6 -81 62
-2 -55 -45 -49 -100 32 46 90
-85 13 96 -10 -25 -26 54 37
84 -28 69 -11 70 77 99 -100
-22 -72 -42 -39 -90 36 2 -5
-49 -38 0 55 -76 20 58 -16
-38 -44 27 -23 -40 -46 -18 -50
3 49 78 -44 49 -26 -35 79
95 4 -58 -5 -93 41 75 -53
90 35 -93 -60 -71 -47 -15 65
-82 -23 -54 43 -38 58 -27 -46
-53 92 -94 -85 96 -27 1 -89
-28 -37 -7 -60 -79 48 -33 83
0 -94 -43 80 67 72 -48 -61
79 -21 -87 -39 49 80 -82 20
-12 3 40 69 22 96 3 -72
-83 70 58 16 93 -47 -84 -39
-64 -64 63 80 -85 -89 17 8
4 -38 77 47 -96 91 -73 73
-77 -24 -15 79 -90 -45 -27 -22
-12 -66 -8 70 57 13 83 51
87 93 0 11 83 15 11 -51
