50 8
55 -14 -77 78 19 -21 -6 -64
73 49 33 -16 -70 -100 86 -29
91 70 -48 -5 40 31 77 -74
-18 -24 86 -80 -38 -47 82 -37
31 25 37 -45 33 -23 51 -70
-6 52 60 11 1 -99 -80 53
-22 8 89 80 93 57 -33 -77
42 -31 -24 85 7 100 95 0
80 79 -36 69 -70 38 -6 -82
-45 -73 -75 78 85 90 34 -100
54 24 8 -49 64 -36 -100 -67
-72 -25 13 48 -7 -12 14 -40
51 -95 94 33 -83 -77 -64 99
-79 -16 6 -94 44 -92 65 -23
-47 -22 -55 -45 12 -50 19 79
-79 9 38 87 -94 49 -71 48
35 11 72 -38 57 27 34 5
-100 -1 -71 -85 96 17 97 78
45 22 89 -69 -21 40 33 21
-55 -35 -82 -82 5 3 -49 -86
47 62 78 42 -30 -51 -87 -2
-2 93 -88 -41 -85 -73 3 2
-21 93 70 -41 62 -57 -29 26
59 -17 -41 47 -24 -46 -71 17
-20 -33 -68 -18 89 -38 94 19
-88 -92 -58 22 72 -2 21 66
24 38 47 61 46 77 -67 59
99 -4 43 -49 -60 -36 -28 25
45 -71 76 -43 48 53 42 50
3 -53 17 -14 -50 23 -78 -24
-67 29 1 -90 -88 -82 -48 50
53 -49 16 29 34 -3 46 62
14 89 -9 69 74 -42 -24 -52
21 60 67 -13 31 57 62 94
5 79 52 -54 -76 -63 28 -47
94 -34 -91 90 57 -38 -74 -95
10 48 72 -50 -55 -9 -55 47
-34 -63 -15 -33 79 24 53 9
51 59 -24 27 60 96 84 -18
-25 -36 -80 -60 91 -17 -21 26
-70 -20 51 -3 -50 -81 -31 -19
9 87 -56 -99 -32 -37 61 -88
-19 88 -88 -76 67 -34 -47 82
-79 -83 40 -29 -47 -80 -15 -29
98 31 -3 -22 49 -49 15 70
82 -93 -68 -24 -30 26 -25 -57
78 53 85 -37 41 -75 -72 -48
-91 92 25 -89 -85 51 -41 59
-33 22 25 2 -98 -32 56 -75
1 -21 75 -19 26 21 -1 -52
