100 8
-776 8113 -4388 3679 4862 -8248 -884 -6074
-1277 9789 -214 509 -6452 -8297 -7453 -7710
-1542 -2693 -4042 -4314 305 8716 -5762 -9801
-2616 7759 9049 7492 -6205 7798 3344 4371
-4332 -1409 -737 -7542 -1565 5606 -8081 8815
-3120 -6832 5332 945 4448 -6726 1612 1302
8202 2915 -5453 -2595 8065 7972 7024 9956
-7816 3313 9141 1027 -8067 7802 -3584 9081
-9391 -8655 -3326 -1721 407 7537 -7771 6876
-3931 8635 -7710 -3117 -7340 9147 242 5616
-4508 -3076 3650 4573 -3901 1016 7701 9798
-3174 5993 -3537 -6778 3252 8408 -974 4804
1317 -6909 6121 638 1464 -7995 1446 5320
-7165 -4615 5598 -334 -5714 4290 -700 -8693
-7011 -1782 7380 7831 -7649 -5939 8706 330
-4415 -6426 5001 -6376 -9585 5668 -1007 -4673
7010 -4770 9226 -3919 4606 7008 -6671 -1194
9783 -4355 3389 9147 -2005 4429 -8484 4785
-8904 -7823 -1302 6824 -7285 -5535 326 -7927
-8453 -2644 1083 -8516 1019 -3715 -9840 1098
4841 -310 8332 1426 7624 -6789 -1712 2152
-9750 678 -37 -8031 1503 -393 3160 3860
-4958 9377 2565 -4491 3577 6462 6508 -7469
3922 -3284 -2795 8546 -9132 -6677 9254 -2825
6978 2454 -3732 7240 -8638 6534 -8170 -4267
-7522 213 3895 -1021 9755 -878 -2508 9144
8414 -9833 1465 6502 448 -8773 5007 7883
-1934 -3746 1773 8353 6646 -7363 4151 -6437
-5692 -7464 1750 3356 1045 -8945 -8811 -8928
-4072 154 -7049 3990 6070 -9868 -9453 5127
5719 8609 -9864 9554 -5469 8799 182 3660
-5265 -6518 -191 2490 4276 -4044 5358 3591
5867 -8205 8720 9173 -3520 224 -6473 -6501
-7015 -2650 3121 5707 9484 -5706 -1375 -9168
9799 5526 6092 -4345 -8316 2664 6095 -9603
-4263 5537 234 5740 5051 -3587 6632 -9939
-1446 -6735 -284 7118 7839 -6092 -2520 5549
-7569 7156 3868 2818 -5958 4734 -9365 -3048
3829 4570 -698 9624 -2494 3147 9956 -1791
4922 5965 -446 -9362 -4267 -4134 961 -3206
3874 2512 2746 4338 -573 -9377 -5296 4732
-2809 -9833 -8340 -1458 778 1854 9178 -9311
-494 -3463 -148 4986 6826 4804 -1194 -4917
1171 614 -7831 -3174 3990 -5604 4387 4634
-5529 7638 651 6058 270 -3821 4418 9507
9637 5708 270 -4972 -5967 182 5814 9304
6670 -5771 -5477 -4199 6689 5894 3833 -1390
5113 -5618 -4315 7366 -140 1073 4378 8665
-7165 -8654 3082 -184 6360 2714 5004 -4698
7874 -1874 -164 5523 -1081 5758 -3528 667
5600 -6192 -1208 -1591 7137 7599 -1146 -7958
7326 -7039 -6217 -7546 4812 2767 7455 -6015
-8066 -9822 3605 181 -8492 6829 -1067 -407
1925 7665 -7290 -3182 5881 3499 -3843 2806
-4551 975 -9966 -8262 -8617 -2478 459 -596
7721 2029 6183 1547 -801 5589 1071 -1314
6170 5468 6041 -7371 -9737 -5138 -4936 5781
-5563 689 4446 9000 2924 1072 -6762 -7644
-533 -2981 -9403 -4938 1318 1032 3935 2242
-9437 -4437 6963 -6578 -5405 7757 -7042 6068
-7519 3093 2018 121 5371 8825 -5483 -3782
8879 2461 -5896 4331 -8019 -6596 -5034 -3044
7871 1224 -2942 -8537 7906 -7035 250 5323
7866 -3914 1868 4176 -2822 -2960 8996 -7487
4937 1323 -6600 9550 9683 7276 -2584 -6507
-6298 3728 1871 8337 9273 9754 690 -5099
1204 -3778 3992 9898 -4783 -7496 1528 -8378
4755 -272 -1279 1752 -8842 -932 -9944 -2663
8411 6124 2784 1822 6136 1570 -8769 9708
27 8037 7021 -3881 -5982 3170 2518 3969
2299 -3810 6899 351 9975 9666 3932 -7706
4069 1100 577 4899 -3913 -2043 8254 -4217
62 2661 -4260 6768 213 -3386 1278 -692
6146 -6546 -392 1794 6386 9261 9208 -9747
-811 -1609 6649 -4035 -7828 -9472 186 6857
-888 -5730 3088 -5529 3994 -3587 7596 7075
828 9527 5334 9575 -8113 -5345 -6067 4927
4761 651 -4994 593 -3404 9797 -1643 -7813
-6031 -2475 -4748 2699 -6736 5682 1014 490
7536 2421 1901 8272 1236 -952 -2032 -5829
-2431 4177 207 5567 9604 168 8232 -1259
-9411 -7603 -5600 7693 -2036 -6119 -5064 891
6270 650 -2071 -1212 -8112 -24 -913 -2892
-8362 4342 -9946 4736 -1028 -1609 -4376 -5522
-2213 9676 7889 -6127 -8134 8154 -9361 -1773
-1163 -8031 -8432 -2726 -6652 -1353 -7693 5104
9725 -8447 -1958 -428 1165 6063 -2464 -9828
-6311 -5100 1892 8382 7070 -2866 -4186 -4568
-6837 9930 3194 5101 3878 -3937 -2355 5681
7772 9994 1206 3504 -7825 2238 -5376 5741
-2844 455 8441 -5704 -957 -4396 4720 7335
4181 730 4644 -4768 8036 -9312 8767 7395
8874 -415 -2575 5686 9762 -9635 -7126 816
-9141 -6364 3907 9694 -191 4018 -4142 2822
93 1567 -7878 1381 5967 -5720 -8093 -1768
6092 7324 -3594 -9960 -7506 -1725 7078 -1099
-6980 9912 -4063 9437 -754 -2286 521 6452
-8489 -2669 -7783 -2612 3263 7193 -422 8425
4308 -5603 -1303 9503 8071 9407 3054 8663
4216 8259 3575 -2797 2302 -6800 1389 7263
