50 8
-35 74 -73 -19 -67 96 63 31
76 -33 -89 -15 -44 96 19 47
98 35 -28 -8 70 89 13 -38
85 -98 47 -19 -60 19 -36 -80
68 -72 86 47 49 -9 10 -69
-85 -37 67 11 58 -19 32 -99
-72 93 6 -92 -90 -27 72 59
62 43 2 -84 -52 -77 -71 99
-15 -74 -63 88 73 -5 16 -32
20 44 9 -70 80 74 38 -8
-67 -43 -47 -10 31 -76 71 3
88 54 19 73 -47 22 -44 -20
-51 -40 -77 -37 -44 -40 48 22
-56 -49 -67 -98 14 -18 -29 -38
61 20 -43 -41 41 98 -77 -47
60 -52 91 61 23 -83 -14 63
45 68 -91 65 43 23 -89 -53
64 -45 96 -62 -2 -83 -70 -38
-44 90 98 -65 1 14 9 -90
37 -43 78 -5 -69 56 -42 75
46 75 -93 -87 -66 -45 -46 -86
39 32 15 -28 -13 -46 -40 -47
-73 -16 -58 -91 66 61 63 14
-32 37 -29 31 -33 -90 54 -85
34 91 -37 77 13 5 -63 68
73 62 -83 -14 70 62 74 75
11 8 -38 -63 20 -64 84 -79
55 94 24 73 -60 -26 89 -39
-94 -16 63 95 1 -68 67 66
96 -82 79 70 58 -78 97 41
55 33 79 -38 41 0 -40 -70
15 -38 -41 29 90 19 -49 -72
41 -74 66 -71 -86 -71 25 -96
-100 -68 17 27 49 -35 76 25
-46 -54 86 -6 86 46 -26 0
10 16 -52 26 47 98 6 -79
-51 52 51 42 27 -95 -49 -21
19 -20 -93 -8 -46 46 -80 84
34 66 -89 -94 48 -26 -42 -91
-67 -64 81 59 22 -20 17 -1
34 28 79 -40 58 70 -78 -27
-58 -81 -61 50 -93 -95 -26 94
-68 88 -69 -17 84 32 13 38
-5 -7 59 3 -22 -83 21 74
-80 74 -19 -92 23 -94 58 -64
-82 47 46 -79 13 -51 -74 53
-40 1 21 53 -21 92 46 55
59 6 60 41 -52 20 -23 -90
47 40 -41 -15 91 48 -56 14
-28 82 34 -67 99 42 31 41
