100 8
-2798 6506 -1862 -8131 4564 -5153 7287 -2058
2160 2006 -2400 3475 6816 8780 78 -4597
3956 -1322 7001 8329 2398 1251 -6421 1300
-7633 8001 -255 7933 -6170 828 6934 -9774
-3921 1092 1460 6872 1794 6770 -7440 -6420
9312 -2090 -6600 -8966 7586 4625 5968 3046
6593 405 -8767 1478 5408 1904 1418 9605
-3763 -8591 -5687 -1839 7667 8578 455 7682
8289 6954 688 -1215 6358 -8513 5014 -401
-8754 8590 7143 -9138 -6893 -8874 8837 -6879
3001 7708 6612 -2511 9079 6504 7192 344
7097 2655 -585 -9363 -3863 3071 -7892 3981
5678 -8292 6184 -7791 4085 850 3355 5271
-1460 -6138 -7112 7985 8939 5578 2069 4772
-7315 1937 -2896 4505 -2920 2439 -61 4531
-125 -1629 6794 -7866 7410 9000 8263 -87
-7615 -2677 336 2243 7571 -2402 1010 -2737
2685 -9476 -3966 7322 -40 -6445 8933 -393
146 -5238 422 7550 -9861 1351 9944 -9977
-9688 1588 7910 -4801 7633 -7800 -9699 7550
-9372 3256 678 -4872 -9070 1602 6652 1940
9298 -3828 -4402 9667 -2077 2791 -7976 -6759
9167 -4585 -6975 9680 -255 -2990 -4977 3524
2366 4088 -925 4032 4262 8109 -4921 8471
7862 -4220 -3096 -3651 -8437 -5828 -6446 7023
5589 -9160 8834 3068 8889 -9501 -7490 6756
5099 9985 4979 -6062 -7838 9179 1202 -7511
-2517 -9552 2456 -3306 498 8013 -6213 -3224
-7148 -4727 -5032 -8331 -8699 -6835 8165 1427
-8338 -1653 -9229 -7958 729 -3226 651 -667
5164 -4750 -5631 -2730 -9115 7360 -7394 -3825
-804 1043 -3523 -3165 1518 3039 -6463 -6687
9276 9610 -425 8018 9088 -1921 134 1401
2901 -2471 8313 -6085 -9881 -773 -1385 3689
-4981 -4167 -7250 -2187 3915 -9117 -6272 8744
8122 -7111 -2895 879 -1738 5760 -9191 -3260
2224 5443 2315 9507 5053 9558 -2084 6146
5137 9843 -8331 9282 -8070 -2100 -9835 776
6465 -1048 9633 -73 -8521 -7208 -5273 -1600
5264 -5470 -1191 -4814 6264 -4294 -3136 8148
-9913 4115 5843 314 826 5905 -5387 -5290
8566 8184 -2144 4402 3443 -9738 9564 838
6284 8017 1658 8027 9972 -2785 4488 -2738
4569 -4578 -2996 8163 4659 4436 4820 246
5067 -6966 5350 -4286 5232 7585 -3302 -5990
3025 2026 5515 -5332 -3974 -1280 8345 1929
887 3922 6754 -6419 -179 -8665 9738 5406
-7143 -3147 -929 381 7287 -2446 -9442 4039
3039 -7032 4291 -1914 8223 742 2951 5820
-2624 -6876 1311 1075 -5833 -4858 3020 8378
-4078 8251 1227 5167 3433 -7346 -1210 -3222
-1479 8637 3126 -1755 -5445 -4812 7876 -7840
3299 -5444 -129 7583 3023 -9026 -9291 5549
7302 2994 3560 -479 -3599 -1179 -9853 1530
-7042 3766 -3553 6812 -7259 7675 -1009 392
3821 -2888 -9924 -30 2717 -4316 -8499 9626
-5366 -3317 8803 2579 -2618 -8467 -8863 -2095
-9913 -1223 -3246 3036 -2360 5055 2575 -4228
-2750 -2955 -2695 1719 -1400 -125 9935 -8766
-1536 -1198 -1344 -882 5193 -4109 -9382 -9829
6146 -4258 422 4785 -8184 4420 5349 -6546
-9190 7712 8777 -8949 -2852 -7946 -8722 1499
-1591 -3151 4547 1385 8449 5714 -2141 7343
3272 -1447 9086 7019 -8446 -3505 2882 -85
6688 9691 4522 -9430 929 2206 -5532 3376
9293 7011 -4621 -9976 -6515 6579 6538 4194
8874 7423 -4632 9598 2799 -6704 8598 -8485
-7170 -6112 2956 5363 -4449 -5613 -9722 -4263
-7404 9607 206 4425 2216 -8653 3229 6272
-8848 9111 -2610 -2089 -5730 2670 -6569 7129
-8369 1956 5265 -9496 5267 7542 965 8950
762 2008 -8705 2299 -1408 -1547 3372 -9338
-8239 9427 -3230 -9882 -5474 637 9515 -1931
7578 8291 1090 -1586 3186 -8339 -9518 -9174
-7141 7022 1293 -5123 3054 -4433 -4243 -4557
3057 -3161 9582 6122 9469 -5855 -5604 9868
9446 6968 1803 4185 1221 -7452 2265 9117
-33 -786 -799 -6892 9511 -5557 -52 9774
-3704 -8013 -9340 5725 5494 -9993 -2438 3500
-2558 8654 -7178 -5462 -6323 9380 -9410 6252
-5363 -5615 -7364 -4478 -5523 -3250 -7644 -9051
-8403 6552 -7834 -2707 -1564 4546 -7271 -2380
4433 -4153 -6148 711 1328 1605 -371 -1645
2763 -1345 -5302 9712 -1633 -3724 -1476 4542
-2820 3363 1558 6812 -3668 5518 -7927 6171
-3382 -3221 1495 -5814 3073 -2748 4988 4049
9648 7974 3005 54 7612 -3967 -6119 -6159
-4789 5286 55 -1282 1358 5039 5257 5880
2166 6862 -5669 -1855 2094 -2600 5096 -9856
4021 2943 -3767 -3335 -7091 -6943 8006 5366
-9115 -9182 -3697 2077 7172 -8296 3052 -8554
-1495 7605 -6734 9839 9168 82 2054 2040
881 -492 -8403 8063 -982 2599 7429 -3252
6336 1143 -4703 -5395 7843 8723 -2018 8982
3633 -8963 466 4152 -4895 4653 5744 9836
-9215 -1193 -1524 3913 -7860 -6677 8297 3720
7732 8990 8566 -7771 -965 -1102 9259 -1942
1260 -9839 -2037 -5782 6170 2852 1517 -7493
-724 9833 9007 1106 -3984 -4186 4354 3531
-3520 4811 -835 3755 -1482 5471 9088 -1613
