100 8
19 26 -21 18 -56 69 23 -9
24 15 6 73 61 95 27 -65
-50 -47 0 -14 -15 -51 6 71
38 -48 -9 -96 -31 -7 36 -75
-80 1 -87 -1 -51 -15 1 42
54 -81 -9 29 -66 -57 -22 53
1 16 12 7 13 63 -86 -2
-41 37 83 -98 -62 75 31 17
-51 10 7 8 75 -4 -57 -61
-51 -41 89 66 -100 38 14 55
65 2 -40 -39 -81 67 -63 -22
89 -58 17 5 -45 48 87 -68
31 -12 -21 -58 -4 100 -88 -4
-85 -1 -69 -41 4 88 -16 19
-69 36 7 10 51 33 -95 -39
-58 31 86 -94 -59 -29 -95 -85
-63 44 78 93 -18 -66 12 44
84 34 -45 38 -6 99 -89 94
-16 100 -93 53 -46 53 -57 -62
-25 80 -78 -24 34 80 89 -99
94 -48 -14 -91 -63 48 -66 -77
94 49 -66 30 -32 -87 -32 35
-80 -27 -27 98 44 19 -54 99
-81 -39 -7 -94 16 -31 -47 7
12 -83 -57 -42 -77 -30 24 26
-28 41 -29 -16 53 -84 -82 -50
94 -4 53 -43 -24 -60 -93 -64
26 56 56 13 -1 -81 -89 -51
23 -43 80 -76 43 24 -6 13
-96 97 66 -39 -51 -68 5 74
12 73 -26 72 57 -99 -41 29
16 82 -82 -31 30 13 17 12
-89 74 -6 -55 33 50 13 -80
55 -12 -91 -63 -81 6 7 87
-53 74 8 -39 -51 90 100 -22
-95 13 36 80 -66 17 -68 -14
-75 -95 89 -60 -51 52 9 -35
72 -85 0 98 -72 75 83 -18
63 85 -65 -80 -74 18 -39 74
-73 72 46 -62 51 -65 -82 71
74 60 7 -30 -38 -78 -61 76
-16 -38 -22 28 -98 -97 -1 -30
92 78 38 21 -27 12 -81 -74
-27 -78 64 22 58 29 -6 -54
97 -92 -78 -90 8 38 25 -63
-71 53 75 53 -56 -14 -35 19
22 100 55 -96 100 22 89 -74
86 96 -14 11 30 -54 -8 61
-26 10 100 12 80 2 90 71
10 75 -88 -71 -27 20 -63 46
8 17 -45 -72 -97 -60 -44 -11
-82 -40 4 1 23 94 -93 -41
-96 94 -32 11 39 -31 27 22
11 82 -15 72 -65 -80 -86 -78
10 -12 90 67 90 94 72 4
89 -79 -11 82 83 -41 1 63
31 -50 98 -84 87 38 -23 -91
30 40 -64 66 -21 15 -70 28
45 34 -74 30 -47 -56 40 92
58 -41 -14 -12 -9 77 86 92
84 23 -69 64 22 5 0 -56
-86 10 94 78 77 -6 -16 -97
83 -45 80 0 -84 -99 -25 29
22 -97 58 66 87 -10 0 -72
-56 61 -19 -78 -59 71 -97 59
43 80 92 -73 73 -85 -96 0
-70 -25 80 -17 44 28 -92 70
-58 -80 11 -10 -27 60 59 45
-70 -51 36 91 -21 -72 -25 91
98 45 93 35 -90 34 26 89
81 48 -82 37 22 -68 -48 98
55 -43 -15 -91 5 -5 88 -48
-59 21 3 -4 82 36 74 -72
-34 34 -91 -88 -54 -24 -73 -13
-6 -98 67 72 60 -67 65 89
90 48 86 80 20 93 80 -73
79 -83 -88 38 -2 14 -45 -5
48 83 -54 -86 -4 -28 -18 -78
53 -88 82 -7 84 -3 -16 -39
46 -26 63 -88 41 38 -50 -32
-34 70 -13 -17 35 -95 -45 87
31 52 29 -72 -85 -78 16 33
-21 79 -98 72 39 -90 6 17
-76 -66 -79 88 29 -30 -28 -82
38 -73 96 84 -21 -93 34 64
-36 -68 61 -14 54 -69 39 -64
-61 -64 56 -28 36 -47 1 100
67 9 -91 -3 -52 -33 42 -15
26 -4 40 23 58 75 35 2
-100 28 -11 90 87 -35 -40 64
-55 -30 -93 -88 -18 -32 -75 41
66 -36 98 64 -55 -32 69 -34
53 -30 59 43 18 28 -94 52
-1 -15 -49 59 59 52 -13 -35
77 74 50 -94 53 -92 90 -86
17 -69 -31 -20 74 91 29 -1
-89 -24 -16 -56 -85 35 -65 -47
7 -93 -13 85 -76 -95 -70 -26
17 93 37 -85 -22 -54 -32 37
-57 -77 -50 -7 26 28 57 78
