50
102187739 1 0 98635663 98635663
718122103 1 0 75673980 75673980
406441663 1 0 373516519 179271985
572094323 1 0 450255823 11000520
315298601 1 100578433 216519432 311376893
451463167 1 205407670 55950100 37244743
351770801 1 680155 301361592 217442431
22216561 1 13353739 2640981 19855423
184469221 1 113605883 178091073 73213963
199913429 1 21905205 131989355 178079197
159260639 1 0 0 0
143532997 1 0 0 0
747162131 1 0 0 678844126
317333377 1 0 0 149300373
376411727 1 368917719 17980116 164783941
275586121 1 50131017 65335413 192312988
468124331 1 70069252 284318169 454521279
188220491 1 121711150 173185355 42805037
267743849 1 73719042 99560807 223018477
137379149 1 107002902 9972496 12773663
4147639 1 2088327 889045 1303092
202240937 1 89858921 170783982 77979305
88813099 1 25565360 60529410 18203038
339366941 1 224331387 145073645 33875898
350496451 1 261601490 344697962 211378204
342895759 1 130044334 238513562 232071170
43517137 1 4372959 26350820 21531045
101942779 1 62607611 12877874 88466544
264982547 1 108648870 151489305 197985422
628884661 1 354745308 331912442 385639936
6865907 1 2348589 2403450 258295
383736481 1 357899333 207533080 339410328
89989147 1 25865031 1440260 34752235
484036753 1 290323104 401525344 290731182
646380233 1 234978014 531967547 271385200
714746023 1 482867445 387904041 4650649
19914161 1 2974611 16929911 275871
201054211 1 75885089 14795367 189852211
55874557 1 12123195 30701207 19668393
195791357 1 35007576 52346916 166511592
28447957 1 3957503 23368207 12093785
633995839 1 333888036 213732584 95835006
239971573 1 117082728 163087995 3970694
747769987 1 651335515 192527864 226122319
762140359 1 631769278 342857964 87201866
151952107 1 110775777 32140992 145356060
16295729 1 9855538 5816614 4891212
105583201 1 73897983 4317433 81095745
30892747 1 13611304 12084654 11513519
747128321 1 741787424 437664970 17819974
