50
102078701 1 0 76734173 76734173
380116237 1 0 311708757 311708757
139124443 1 0 89185586 110173182
118631353 1 0 24928144 48580466
215010989 1 24146111 53295870 142103575
124024921 1 107082533 53083360 33911568
284418907 1 71111559 44090425 250585740
478461353 1 250582546 64055605 432465404
590314393 1 219271511 443779639 169890490
520985347 1 377072679 36982518 5435241
511455277 1 493820439 448613450 14488113
75454037 1 66605857 13419193 69313416
387880159 1 247726079 169792750 379525785
477822503 1 108618440 235978840 304881241
457421551 1 305387192 329255827 173167385
357275287 1 273983003 94396113 50069758
209233837 1 128057184 157759463 152678233
786002251 1 13792310 116450968 265306355
189221281 1 24502565 24373720 152621257
525229421 1 98598310 281705057 128194846
236613847 1 126868062 163088436 165362601
32162959 1 9652912 21865489 26554697
716230187 1 51840530 81081843 193814778
256272697 1 48777426 80580381 50716650
68888087 1 14723144 13066989 43753532
279954107 1 181973384 46428522 224930155
330404257 1 278840213 71587732 240645858
17113469 1 4099196 6897583 280717
445877507 1 421044658 100229593 313508237
716884621 1 676757718 565063480 100934751
798667409 1 639066444 197131147 268343534
203229547 1 169597843 125928785 105169180
191693587 1 177392293 33288283 22268367
376472081 1 4545009 219495517 298266647
615468053 1 144920964 122967717 23116494
201632357 1 176297504 110663662 93997891
240386693 1 228794914 46439771 109573501
194531683 1 65068307 52402601 88259574
705897427 1 61804545 492707473 243768449
219389773 1 139094581 182471329 122700930
553054703 1 382444675 126368357 374413733
336059389 1 152471026 173284512 276520382
73373779 1 39301129 44701873 39745850
46321043 1 44144290 44751802 15338004
390349331 1 193514940 235193090 15092376
688706713 1 624327943 154451963 146082984
675942511 1 20526623 430792914 122133766
120508673 1 93103355 37892656 44628175
67163321 1 13724705 57717967 58086294
310525487 1 32274751 304884282 134757749
