50
102623957 1 0 86936041 86936041
196338127 1 0 128004150 128004150
423161527 1 0 337398175 87268940
259622497 1 0 242479911 44183211
737805581 1 0 298357500 198398101
687507083 1 0 120669797 213662358
621244067 1 0 192672331 253549661
344688359 1 0 113286489 146949020
708670393 1 0 443430892 3369386
263010877 1 0 15882138 194414981
603031213 2921 0 0 0
458052293 1908 0 0 0
67582147 11810 0 0 25843748
570084793 14367 0 0 113090402
655887853 220460672 0 300332041 316047880
16911019 235727 0 13317030 1695565
322964449 191194228 0 49700483 294982177
720716351 28964032 0 299429581 24235163
229059647 194766098 0 46448104 2636469
766310057 327835908 0 361286981 299299868
333741601 261647528 0 221849758 59264074
156824669 2128970 0 78130633 128198791
96216319 26998222 0 66470895 14807880
98123843 26169573 0 61822100 2476484
378567433 126784746 0 94410115 75894535
672714277 151875820 0 316774553 245091243
673973119 163734032 0 22021785 85386115
94778647 79563517 0 15846213 61210975
44264089 28498469 0 13421102 21959614
240803161 213089568 0 39938281 16483487
53574439 26502810 0 40672110 22506893
444054983 67850795 0 52203889 63631521
42077047 12409297 0 20007602 17121081
584440481 129609510 0 413137781 483960856
289464233 35079401 0 197265558 198160113
219351511 212384194 0 114694247 207867211
232153 126865 0 228431 166094
177655043 103219057 0 106957752 66383230
105567689 7335520 0 92595765 97782905
498295907 241371600 0 271304622 488694133
42061073 35371975 0 12495204 5731617
125440277 70461821 0 3246838 67602089
62305231 9877156 0 16094525 16592913
221124863 36759595 0 218455681 78346695
699616901 333296357 0 452671536 359532923
674069087 207366677 0 627623919 132878309
121088507 27372094 0 54318116 3826687
173131661 87543232 0 4347622 19929278
781763431 735109659 0 268650003 299298908
138793511 8686178 0 99062361 67372414
