50
23 0 4 5 5
3 0 0 2 2
29 0 15 27 15
31 0 15 30 15
59 0 48 27 16
67 0 17 33 45
29 1 0 22 22
47 1 0 7 7
23 1 0 17 5
79 1 0 24 62
29 1 18 16 23
53 1 14 41 21
23 1 2 5 5
23 1 1 15 6
41 1 28 29 7
53 1 5 40 8
41 24 0 0 0
67 37 0 0 0
37 31 0 0 1
29 14 0 0 10
23 20 6 13 8
17 0 2 1 2
47 18 9 11 14
29 24 22 2 28
23 1 5 22 22
53 8 32 37 9
2 1 0 1 1
53 19 21 47 50
37 7 22 35 24
29 25 12 12 17
11 1 0 9 4
37 18 4 36 25
3 0 2 2 0
53 23 15 25 30
11 10 8 2 7
83 39 60 4 0
59 26 36 57 53
67 50 35 25 3
13 6 0 2 7
59 38 24 25 5
47 44 26 24 33
29 7 20 1 20
61 4 0 44 46
41 18 40 17 11
37 33 36 35 13
7 5 0 2 6
5 4 2 0 0
67 28 62 0 30
13 3 0 2 7
23 3 1 15 20
