50
102405847 0 0 13141634 13141634
197771033 0 0 176945843 176945843
556432027 0 0 75983001 396297290
703040029 0 0 641438112 360382963
415087769 0 0 32630586 402090711
168918023 0 0 148638577 131836763
247000597 1 0 50428703 50428703
183436061 1 0 171703712 171703712
105866503 1 0 46387548 23120149
381868871 1 0 297814170 117612240
631445743 1 0 605284427 17692884
781129553 1 0 252100112 270484826
657354263 1 0 457797153 295738049
516149807 1 0 386420719 19434383
407900659 1 0 143095060 21637520
147595361 1 0 46843123 135224213
230401631 5096 0 0 0
773287111 16880 0 0 0
317597477 21424 0 0 91347102
151176997 25899 0 0 107574320
511530823 329738152 0 321406204 138151178
188731901 121054204 0 65603796 122020836
32057321 1801969 0 2875906 19451336
179532799 19680683 0 103460291 36675759
229385591 122063980 0 92838708 171968760
218729033 96286974 0 130077549 88446765
364531919 241234180 0 27377496 143636392
507837791 493952015 0 112702026 44589670
221874197 204206333 0 217755915 114660666
498344321 8102140 0 460659751 470197845
154606927 94717856 0 931190 15742503
34860283 25031915 0 8388742 5866680
567074699 59356237 0 334021987 41727240
150783023 9010317 0 78137773 135259744
466033129 225727148 0 32524736 53797086
534222187 1558023 0 115127752 387329635
467905873 145359044 0 364632937 90056900
203919689 136318202 0 82134287 121674368
146944067 26924983 0 67485954 132330501
452483729 183117949 0 411762691 216928858
480721141 368595116 0 3165333 47255318
747043643 691871310 0 651304161 182314664
435287263 83916861 0 96627326 110487830
116605319 49474821 0 39456409 48900510
551154787 15770119 0 360699065 300657484
84463807 64769065 0 40343750 35471374
193991297 127644809 0 9814924 36288549
413026969 66618873 0 20939704 187001470
68708491 35132517 0 25369116 36917683
139373827 68312209 0 23349886 122321471
