50
102002419 1 0 1779577 1779577
42143183 1 0 41959759 41959759
398098159 1 0 391559262 79657487
191459327 1 0 147084113 80165492
640916033 1 179964357 7599499 303943279
70295737 1 8724628 5836795 38637442
217034177 1 123212050 138688430 66727777
134738911 1 19856795 74032287 110605730
196126831 1 167650938 78543818 25676306
42090091 1 27245631 15899527 1559623
63649931 1 0 0 0
523160593 1 0 0 0
150064799 1 0 0 134569116
190974067 1 0 0 37302123
236673667 1 30496348 59361050 116898646
541778197 1 88084095 534280513 320693883
3866141 1 267164 3414489 207917
585134357 1 140377137 238312534 107671097
550182299 1 320857253 413268644 319848941
359800993 1 253913353 40367593 180284960
502496161 1 491996131 163432404 25802556
224949133 1 151668920 198278672 119217314
748273349 1 181157484 561131473 708760781
459972113 1 114397294 401378293 21755090
336493741 1 97117050 333741699 279054489
177986491 1 26462536 154361288 5415150
391418233 1 250272693 184436655 189976246
779283061 1 395390507 697868909 635655364
101583577 1 22227282 28034507 44468701
422941781 1 227655143 237079977 33314481
520366157 1 230312093 402706931 189569856
90464537 1 58914326 48972956 19027969
240170629 1 167600946 209862166 43093451
433818547 1 208608299 48065200 194099961
24854623 1 4147155 3405482 4956517
425572379 1 270076680 100526569 331843919
692851483 1 335902847 496511275 507031726
475850129 1 250540689 239118906 162742797
704769811 1 189342935 651224995 225604313
170830021 1 1235233 166731396 130807489
147899551 1 19729045 140611342 24765322
351419143 1 16670962 253530237 6655026
202562953 1 141333450 115078638 73371518
611076161 1 20750481 6368632 78852500
256514743 1 41236436 31469203 138147950
164684573 1 67467913 131664825 22062158
237657527 1 60642188 124752309 81874157
71825363 1 14231913 48523718 26908171
55457429 1 43086599 4343700 54423310
114457561 1 651166 34678469 78100855
