50
7 0 4 6 6
67 0 18 24 24
11 0 10 4 10
29 0 3 17 3
41 0 1 36 27
29 0 20 24 22
59 1 0 17 17
79 1 0 76 76
59 1 0 11 56
37 1 0 4 20
29 1 10 18 26
79 1 11 48 15
23 1 1 1 13
31 1 30 0 6
67 1 54 44 38
53 1 44 30 52
47 44 0 0 0
5 4 0 0 0
23 22 0 0 15
67 59 0 0 33
29 23 6 4 27
59 47 38 26 44
29 9 27 4 6
17 5 8 2 9
29 28 15 11 22
43 15 33 0 17
7 3 1 5 1
29 14 24 8 23
41 35 28 22 0
67 16 50 30 37
29 19 25 17 22
71 0 12 7 34
67 58 5 48 42
79 18 55 49 36
79 49 33 26 72
67 65 8 38 22
5 3 3 4 3
11 3 4 4 9
2 1 1 0 1
61 38 46 57 4
43 37 36 1 17
67 57 30 63 7
37 2 35 27 22
83 58 18 15 12
67 0 57 25 4
59 40 6 42 46
31 19 4 3 17
29 23 14 26 21
5 2 3 4 0
29 17 25 3 23
