50
102733013 0 55602410 55136097 55136097
230008013 0 44188531 65686043 65686043
585251939 0 401575345 47495968 401575345
83006969 0 38158715 47635496 38158715
776879669 0 119722684 238098409 697098889
190919023 0 30961581 115838854 178126046
165459071 10837 0 0 0
108950197 18555 0 0 0
26569129 24132 0 0 2724373
509518879 16076 0 0 8855822
325272053 178462090 91362020 194018184 2056883
219165757 174206315 94828416 184520586 92388970
788699579 280097218 748379422 11329341 188918726
147204199 90520144 35501768 32990867 146976834
592493267 46733881 394460537 127495228 555142682
555981403 529607108 508790099 504455134 366277985
773465921 295505299 158160636 131631722 214082152
558726409 206029532 230686644 194145502 118195450
148112563 16812740 118570265 51062153 132762858
76154051 65960186 62234519 70643022 69283756
419072237 200102003 78126215 210383327 284317573
49507649 24571217 30927226 43198369 37821231
228022807 116949 45865524 106632595 157545943
192032521 135974445 108282048 4333487 26298237
736023017 572775432 701779218 345325646 363168009
32560789 9838731 310613 7933927 19221197
754310069 661142768 617992724 681336355 34766200
92179897 32015103 41148662 67789805 53807908
785538673 742536293 568977219 192629831 84978292
208692329 39582155 160726461 110074659 101484860
440199631 425028586 318939842 359793556 367002702
208843981 161313882 195270430 50107208 72678581
272961097 201776810 13019323 250264087 200227026
511672039 34583267 138780742 43506808 389137178
250400807 13175594 52145731 19770218 99816393
240596579 42473553 2803544 119740038 166498840
632618837 139768106 431996803 257592980 44216370
239894861 67056104 90004471 107926299 134010794
553009043 153995282 81304852 104996571 366180750
172021961 27619987 137287797 169570299 94739372
689381333 20842099 576111789 438948580 481025913
543801589 450859722 474088246 195788593 15729941
553490621 80363604 53944576 40691557 398922656
754701659 497554183 262294182 278975122 267735574
138455437 17715939 100233405 28567041 8855843
604594967 338215773 530351226 39573488 122319285
9930391 2808013 5216119 9556549 4824609
500412191 55435564 301753769 284124797 181387060
254059391 118968016 14444476 75713971 77181302
390071207 122490179 177608441 267373391 33721884
