50
102842053 0 80448338 84332169 84332169
331979117 0 99525942 86902228 86902228
236977409 0 166302668 215321622 166302668
143028647 0 126196390 32909893 126196390
181660019 0 157810278 87014476 68783950
647402983 0 301871165 108544861 253533831
138311321 1 0 41769424 41769424
505907789 1 0 416648173 416648173
394481077 1 0 247477725 181792406
85321253 1 0 36503469 69039199
420834179 1 364036193 184607838 370835129
424932899 1 120691987 354662792 390904858
116664397 1 105429226 28567555 63232120
795658673 1 222433867 742377859 65079893
462229007 1 88522700 26453817 24925564
34651963 1 17386160 24912211 8753513
4761677 30704 0 0 0
12407221 25170 0 0 0
50093387 24331 0 0 45899636
459385891 31980 0 0 252865176
472846547 464534577 430136435 229543763 429299993
543855457 498275508 215755376 468271033 99082331
635393089 83177145 174862730 605908996 157470939
134116511 30026482 53919153 99540021 89060451
236788807 191099680 151001328 224677385 93947921
251260517 161060471 29131287 208625088 57708289
392570201 12368058 362517376 113583286 8185424
37623541 7822959 32720889 12976522 31701098
52362931 32596600 50285594 37344922 16105625
217438363 18479516 110829599 146430179 10216013
733855709 269516082 340224828 349067632 658919712
172971437 11458718 44195631 97462756 22833300
613783271 69467951 267474040 204962207 353843177
211068743 153905327 45671725 155827604 40475543
691928381 71782303 313876580 448587873 374550156
634625833 358130353 307753702 176925622 580592076
110989859 8882064 58276023 29898180 24213173
508557913 288417417 47432381 335429615 458955728
127294883 31557177 52428720 114960874 67601802
429117277 273710579 32690748 415566575 271147687
256639657 142936453 84643035 59973832 13344788
249515419 116100224 18951753 216533417 46527344
722609467 56272702 294244857 200575602 475186660
408049711 109118738 250635079 113758412 402179824
99713849 3984192 55464404 72131480 29406972
84109661 7967376 59233861 16267604 79065845
131467873 82086437 124514587 113174703 87961396
135111187 55357620 92203431 25455123 60427404
173534071 19524888 167222751 53906428 144073105
206922301 39094633 59442846 91991383 24248647
