50
102514931 0 0 43242667 43242667
26033071 0 0 10450263 10450263
208124711 0 0 21181664 189910097
763061771 0 0 59714823 363776137
93609949 0 0 79238980 32366103
351692927 0 0 202166385 99115558
219820157 4637 0 0 0
366960551 17627 0 0 0
634562683 15551 0 0 580373382
624821489 10341 0 0 239296472
561556969 251408864 0 268241357 417402664
147933157 7292691 0 30842529 125234011
259060897 29493196 0 22218329 49180665
5492917 2293473 0 3319952 1200137
650797487 292509279 0 146856833 90851716
472270427 33285746 0 131031981 46902862
725862097 306082915 0 217114506 44433098
747109997 488367396 0 326142851 340650059
507559321 259347537 0 399392253 212194647
314624227 201389733 0 156768836 168145949
393339923 159082470 0 16023986 169477380
166651993 125004198 0 56075480 158459171
201835241 10788028 0 74950656 169698029
18704627 16477345 0 8152578 15979475
113189957 32836916 0 31634115 79291282
294907297 212161852 0 142102653 106746881
121275377 43055246 0 29758678 50491477
669763333 489403012 0 24072928 400944419
603885923 409470480 0 310193044 310340932
487206589 234495574 0 273202042 160548077
397980083 19831090 0 3031596 392945897
172852403 41980208 0 27753255 22460375
355171679 299022019 0 262205567 23496969
221497637 138310185 0 28925423 168640298
174334817 104681557 0 151262588 124918465
202805153 35933649 0 32773719 106653888
276660697 231648734 0 230516333 139790235
241555697 203169852 0 62088449 139574753
203508763 87018885 0 58323875 35165401
403487657 10501666 0 258015391 250918359
776164717 37136000 0 770030190 169842703
549694559 293133171 0 89043519 403116149
236085671 51349052 0 210892224 210734795
237383039 31231009 0 10848274 6660704
550019759 304140000 0 373097722 94898494
766100921 758646008 0 170719788 693123642
57617237 31383212 0 25594198 45038056
169774379 104921384 0 38897990 113134994
77506259 70707050 0 65186125 75484403
515951803 16943756 0 136724836 30435106
