

20 20 20
338985 290791 463601 487134 164037 217966 634037 150123 864209 974801 42241 909963 920357 443745 134001 852157 115722 364223 450033 259781
963481 938865 915101 822609 811713 768863 730441 590323 563935 559238 483185 478333 476461 431631 360547 123470 103899 93068 51575 31346
19 11
19 18
19 3
11 5
18 17
3 20
5 15
17 1
20 12
6 1
16 11
10 6
13 15
7 15
9 18
4 7
8 11
14 1
2 19
1 9 1 1 17 3 6 1 11 17 5 14 16 2 13 20 11 12 1 3
1 7 19
0 13 5
0 15 9
0 17 1
1 2 20
0 14 1
1 12 5
0 16 1
1 15 16
1 16 7
1 4 5
1 3 13
0 15 11
1 17 7
1 17 13
1 13 18
1 5 9
1 7 11
1 11 14
1 1 11

