4123
8 24
1 2 507135
1 3 131680
1 4 357240
1 19 445515
1 32 244473
1 79 109658
1 172 298691
1 728 101951
1 1415 117464
1 1588 521623
2 10 78129
2 13 860391
2 36 131323
2 150 726009
2 2424 999335
3 6 864601
3 8 256673
3 9 975085
3 23 350938
3 40 406893
3 114 587154
3 296 202094
3 376 303352
3 710 313003
3 1043 128517
3 2510 607216
3 3886 416935
4 5 716175
4 11 838143
4 14 678114
4 15 569745
4 16 638459
4 132 584140
4 218 928943
4 822 462538
4 1093 281924
4 1096 907713
5 51 703453
5 81 254257
5 87 852812
5 278 532028
5 282 278154
5 390 156891
5 927 5258
5 1083 155461
6 7 798441
6 98 373254
6 168 766246
6 669 876256
6 1272 529981
6 2425 824261
7 18 824074
7 34 474966
7 117 974759
7 182 960264
7 550 8311
7 801 447961
7 1301 567650
7 1845 582589
8 45 315679
8 95 21575
8 1246 593312
9 12 449742
9 27 584620
9 43 16141
9 56 804615
9 119 289663
9 152 683586
9 185 189920
9 260 958065
10 21 600167
10 1802 655537
10 2290 896163
10 3991 364156
11 50 998817
11 103 378355
11 248 927269
11 286 827430
11 411 476509
11 707 141007
11 3397 865832
11 3726 355618
12 20 787429
12 29 24693
12 33 480643
12 135 247854
12 265 757241
12 437 328302
12 447 11928
12 460 443791
12 1042 85275
12 1372 859563
12 1852 285604
12 3006 49643
13 17 976460
13 25 431558
13 28 444327
13 37 132603
13 465 767782
14 35 828490
14 54 901650
14 348 406832
14 381 114643
14 578 223598
15 113 103021
15 127 244078
15 262 333131
16 241 203464
16 350 15118
16 638 787091
16 2445 322772
17 3654 759490
18 39 485680
18 68 71904
18 72 893337
18 89 273572
18 141 74734
18 681 411381
18 1560 748734
19 38 986884
19 392 310000
19 693 635605
19 832 498517
19 949 605948
19 970 74159
19 2537 83272
20 24 718731
20 67 798725
20 85 999841
20 99 261713
20 916 987602
20 971 139784
20 2173 856675
21 22 313542
21 900 348887
22 53 588107
22 221 978040
22 799 455602
23 44 356105
23 55 332971
23 73 299802
23 3358 217406
24 30 861231
24 65 703029
24 107 228956
24 258 323343
24 641 457026
24 931 930131
24 2956 483498
25 26 373364
25 62 231387
25 74 407551
25 90 811075
25 160 279633
25 277 688806
25 565 298649
25 1612 342439
26 58 517467
26 60 695732
26 295 243412
26 510 431395
27 48 321103
27 3414 407331
28 31 678445
28 322 681741
28 554 35276
28 825 235684
28 1007 373052
29 52 5050
29 59 32035
29 231 148101
29 254 623604
29 349 780921
29 371 153724
29 516 48681
29 1797 773676
30 70 154800
30 189 88274
30 727 634139
30 1408 949152
30 2957 614926
31 42 63831
31 84 300591
31 3854 119908
32 308 519998
32 351 59353
32 357 392633
32 1251 935604
32 2110 206229
32 2865 872761
33 41 497131
33 100 452710
33 236 418598
33 808 878194
33 1085 730890
34 115 489653
34 155 442732
34 385 205624
34 1472 404448
34 1519 384551
35 83 537153
35 128 35369
35 163 637659
35 450 416086
35 539 102989
35 901 460982
35 1209 557184
36 46 247277
36 220 18977
36 556 250063
36 1071 972067
37 49 22182
37 75 95148
37 78 386937
37 143 229416
37 904 810275
37 1539 581664
37 1951 410321
37 4108 435771
38 80 215748
38 111 402361
38 1554 183812
39 157 445342
39 188 493231
39 535 504090
39 1049 894982
40 140 732995
40 240 692220
40 249 327272
40 617 192770
40 663 621889
40 1592 195178
40 2873 84837
41 71 939209
41 194 696853
41 304 957075
41 396 597854
41 733 413146
41 1166 175393
41 1921 548020
41 3163 562033
42 120 11362
42 643 944707
42 816 580122
42 3435 477816
43 61 742
43 63 78258
43 215 365116
43 572 471361
43 699 208216
43 746 577706
43 784 366
43 1003 804820
44 47 291853
45 97 68761
45 101 458150
45 106 917736
45 108 238436
45 147 456570
45 877 788034
45 1411 348706
45 2912 930641
46 76 570150
46 94 818055
46 126 73204
46 3135 238181
47 57 830108
47 233 32100
47 1691 365392
48 134 988426
48 243 26224
48 613 779148
48 2096 362989
49 195 472858
49 311 302418
49 418 887922
50 142 607507
51 66 526957
51 93 379080
51 153 750534
51 161 398452
51 388 446245
51 986 25538
52 424 747207
52 507 674968
52 546 627590
52 662 929956
52 680 456169
52 2130 764444
53 86 955998
53 91 6506
53 102 144028
53 162 166138
53 284 720550
53 330 463137
53 615 566043
53 1540 600077
53 1578 106677
53 1621 763515
54 69 452312
54 463 994151
54 1152 171464
54 3026 567891
55 130 80479
55 174 47138
55 592 269403
55 3228 938961
56 137 271691
56 216 349475
56 1082 585428
56 1191 80009
57 256 170381
57 2192 827311
57 2966 614372
58 333 780214
58 339 428543
58 436 67961
58 527 13388
59 223 808840
60 64 922557
60 122 288109
60 125 491738
60 225 675154
60 384 159233
60 1976 17739
61 428 100198
61 505 842672
61 2629 361286
62 975 643202
63 269 142084
63 633 251884
63 1456 448924
63 2180 453459
64 337 31023
64 514 526624
65 1657 952781
65 3079 254067
66 82 758265
66 410 617101
66 486 559170
66 608 720450
66 1258 698046
66 1820 511007
67 170 474684
67 405 70397
67 637 778700
67 1903 128144
68 77 169097
68 136 748182
68 783 765578
68 1458 247157
68 1721 964145
68 2322 258305
69 239 814939
70 2348 925795
71 890 816952
71 1095 169080
71 1190 610782
71 2009 64044
71 3317 2815
72 198 538152
72 318 710298
72 329 616246
72 797 396504
72 1201 886161
72 1548 676399
72 3927 418902
73 169 137741
73 458 931051
73 1277 882163
74 88 283620
74 96 804003
74 197 502709
74 600 420800
74 1203 457259
74 1350 392630
74 2477 384024
74 3892 499970
76 124 875311
77 1167 529118
77 1716 641393
77 3455 598075
78 116 111621
78 237 250869
78 790 248550
79 123 661827
79 512 452805
79 2693 428851
80 133 96868
80 677 714715
80 716 869945
80 3351 18485
80 3667 948269
81 171 894767
81 571 991444
81 1565 429692
82 146 552108
82 980 439828
82 2196 855203
82 2246 730803
82 2476 148796
83 479 289466
83 1757 617375
83 3098 247040
83 3099 583027
84 112 628826
84 397 837035
84 665 130150
84 1024 321588
84 2893 882488
85 110 323590
85 165 184084
85 969 188276
85 1563 175567
85 1637 431384
85 1760 149729
86 131 854894
86 309 757330
86 315 526139
86 364 81143
86 586 316676
87 1543 61646
87 2587 37714
88 261 260618
88 851 630140
88 2236 699302
88 2986 64894
89 281 431126
89 355 803731
89 531 668328
89 581 897518
89 582 304370
90 206 610802
90 561 477906
90 593 908909
90 1431 237568
91 92 231777
91 203 58067
91 869 650463
91 1321 488911
91 3394 694417
92 104 764263
92 1116 950748
92 1466 155258
92 2265 249452
93 109 719907
94 156 354847
94 177 364089
94 275 793146
94 1813 223200
95 105 264250
95 3519 249163
96 367 412558
96 654 786362
96 1467 818690
97 2356 79589
97 2810 590507
98 145 834971
98 228 845830
98 426 493175
98 2407 748164
98 3410 657297
100 402 407585
100 1349 701327
101 270 118677
101 294 346813
101 875 787210
101 1120 516130
102 301 46661
102 3799 997014
103 3456 170271
104 200 124950
104 217 518764
104 219 131506
104 717 247217
104 768 728637
104 1020 246103
104 3865 778231
105 212 390413
105 307 187476
105 841 741870
105 1610 456141
106 618 950013
106 2025 88192
106 3494 476482
107 481 266548
107 687 311731
107 1441 539662
107 1749 540411
108 129 200814
108 201 452672
109 328 458595
109 473 403308
109 959 212523
109 1185 95292
109 2558 268958
109 3874 30018
111 118 219499
111 199 413399
111 279 561018
111 452 908645
111 926 37609
112 167 25210
112 210 185571
112 1064 533684
112 2270 896829
113 151 702978
113 173 532842
113 664 482941
113 948 766082
114 272 351095
115 209 473224
116 181 327559
116 202 847400
117 636 561309
117 2687 258734
118 121 770268
118 290 228654
118 320 927173
118 362 905810
118 767 307814
118 2111 578366
119 431 674445
119 1027 850059
120 293 429502
120 491 663691
120 1009 454651
120 1767 556731
120 2930 751866
120 3848 542020
121 190 371794
121 245 950250
121 3548 511873
122 148 260988
123 363 406273
123 567 713914
123 2724 713244
124 423 431230
124 563 199051
124 2768 392344
125 813 195663
125 1843 453403
126 242 180032
126 358 837542
126 605 514858
126 1268 436986
128 191 756526
128 490 618143
129 154 207831
129 183 213783
129 317 710671
129 525 94049
129 1141 899779
129 1659 948790
129 1754 96660
129 2931 856061
130 139 702429
130 274 413278
130 1252 104009
130 1593 388141
130 2736 711567
131 326 578801
131 560 699158
132 625 142074
132 4015 505692
133 338 924254
133 455 568803
133 951 629677
133 1044 121049
133 1057 585995
133 1918 826528
133 2773 38839
134 644 798142
135 477 820489
135 1121 486241
135 2228 819387
136 303 818835
136 382 484804
136 3047 288861
137 138 370066
137 144 190545
137 979 66132
137 2561 993318
137 4109 772985
138 1648 977937
138 4123 451253
139 871 912078
139 1937 827389
140 389 916480
140 559 569624
140 2604 774246
140 3339 814371
141 247 310771
141 3463 337461
142 158 354403
142 459 281423
142 886 688403
143 176 404009
143 3755 265168
144 164 63636
144 208 350242
144 379 438699
145 883 548169
145 1103 345425
145 1346 622479
145 2319 224059
145 3436 739929
146 255 984883
146 1660 359992
147 149 37534
147 515 872181
147 1197 236862
147 1677 669596
148 166 205497
148 204 209252
149 670 391889
149 796 444260
149 1404 743778
149 2989 509218
149 4064 95952
150 207 232761
151 305 666716
151 359 774759
151 445 769627
151 1133 237303
151 1950 982086
153 178 654215
153 292 521084
153 387 337848
153 595 40126
153 4007 984432
154 3572 529622
155 159 641382
155 175 35560
155 187 375911
155 1946 368403
155 3230 720059
156 186 54978
156 280 519496
156 1453 209411
156 2002 1922
156 2013 964976
156 2563 113482
157 1356 874652
157 1615 699436
157 1962 688789
158 213 176864
158 1053 452474
159 372 58970
159 493 249930
159 953 107272
159 2177 184639
160 211 376440
160 222 450243
160 244 630887
160 366 835857
161 297 410943
161 678 819435
161 1319 764194
161 1825 516385
161 2307 173791
162 419 8814
162 778 23911
162 1639 991657
162 1875 327351
162 3238 837224
163 193 801066
163 253 995791
163 1022 173826
163 1753 972524
163 2239 897659
164 230 85785
164 650 903606
164 876 308701
164 963 693674
164 1685 230233
165 2442 274839
166 3038 464179
167 2038 911591
167 2120 857128
167 2671 906640
167 3725 129221
168 252 820467
168 299 407074
168 2149 569982
169 184 123138
169 205 491799
169 232 327336
169 235 444423
169 1202 174073
169 1294 984290
169 1385 247918
170 192 199769
170 289 846133
170 420 569205
170 566 548492
170 1122 290151
170 1361 993320
170 2748 132403
171 180 993556
171 1862 49273
172 214 730712
172 939 281357
172 1553 589984
173 3918 238891
174 306 886397
174 1134 429747
174 3428 653440
175 336 140368
175 375 877814
175 1537 737789
176 179 206353
176 552 692528
176 574 112665
176 935 620485
176 1138 832644
176 2143 778260
176 2472 151510
177 268 589704
177 709 432715
177 964 218039
179 839 44876
179 987 274548
179 1291 975486
180 283 245501
180 485 416186
180 1432 649175
180 4094 313274
181 267 498572
181 1182 799424
181 1461 564618
182 196 488636
182 263 190468
182 917 895932
184 413 752927
184 667 674125
184 912 326308
184 2662 488122
185 407 183234
185 1881 748356
186 259 698187
186 474 275893
186 2050 969282
186 3586 248420
187 319 745339
187 377 576836
187 480 933362
188 353 665947
188 488 119386
189 4040 992842
190 321 65263
190 368 113070
190 924 311291
190 1208 143321
190 1403 705166
191 276 345186
191 360 79609
191 370 495167
191 695 69542
191 1831 66090
192 238 623363
192 266 659651
192 720 542777
192 955 806609
192 1803 990039
192 2566 159431
193 285 182614
193 800 389752
193 879 751865
193 1606 295608
194 251 670671
194 674 705834
194 1299 971700
195 601 9892
195 1026 803456
195 1322 915483
195 2000 667476
195 2150 639079
196 227 678122
196 406 829902
196 408 291999
196 502 853719
196 770 116976
196 1237 7324
196 1313 68925
197 794 983543
197 3091 314042
198 234 747477
198 325 899747
199 991 6045
199 1492 164205
200 226 157362
200 409 506102
201 1092 645571
201 1723 974202
201 1877 160330
201 2073 406150
202 425 283969
202 624 768961
202 1972 429142
203 3987 848981
204 3986 947517
205 312 47309
205 380 711622
205 1661 752113
206 300 869132
206 461 517988
206 731 782964
206 1047 589209
206 1590 50690
207 540 526565
207 675 794817
207 1105 422825
207 1274 987285
208 378 423963
208 1075 190200
208 1692 490456
209 335 871848
209 503 249034
209 596 934536
210 498 241613
211 622 417052
212 3417 791173
213 414 895034
213 513 304597
213 532 603743
214 978 47280
214 985 388588
215 933 336318
216 229 384775
216 264 679899
216 1031 440791
216 2521 12396
216 3464 299750
216 3477 758962
216 4058 742989
217 639 423137
217 762 989432
217 2820 134441
218 580 846386
218 691 938558
219 334 78332
219 373 954238
219 541 156279
219 1591 689880
220 640 309273
220 3511 882809
221 2324 414985
223 224 425987
223 246 103978
223 495 969809
223 630 977158
223 858 459766
223 1574 776028
224 271 259599
224 288 30392
225 555 558198
225 2363 520896
225 3278 838810
226 250 314460
226 369 184691
226 374 971128
227 1147 690917
227 1256 539823
227 1880 750853
228 403 197065
228 1756 998393
228 2753 125423
228 3160 291402
229 1033 437789
229 3377 728677
230 1744 16425
231 462 207574
231 1090 177582
232 443 322847
232 607 273770
232 954 324157
232 1150 420210
232 1389 615020
232 1502 542215
232 1597 295708
233 1765 554234
234 598 969192
234 1457 85991
234 1630 786611
234 2460 957876
235 1512 243873
235 2064 654169
236 604 369855
236 1800 827126
236 1938 396507
236 2797 730568
236 3853 921115
237 291 654077
237 471 278604
237 2061 753936
237 3254 635496
237 3916 520521
238 1303 182136
238 3773 322642
239 764 519841
239 862 405021
239 2408 351624
240 579 375738
240 745 683628
240 874 533991
240 2870 240372
241 482 628602
242 354 134574
243 400 279981
243 2198 831652
244 451 261365
244 1551 241858
244 3718 957884
244 3896 494494
245 394 721476
245 907 301155
245 2757 868452
246 511 928940
246 752 36771
246 885 578604
246 960 927697
246 1019 789801
246 1355 691899
246 1708 883860
247 1730 269207
247 2352 433713
247 3532 972112
247 3751 738476
248 1386 485052
248 2341 417367
249 432 689356
249 442 459457
249 2801 332997
250 1036 770105
250 1304 486208
250 2300 827881
250 2427 19376
251 853 740046
251 889 504468
251 2831 777782
252 610 315734
252 785 277078
252 1368 981097
252 1378 116175
252 2793 423501
252 2953 351728
252 3075 139103
253 298 134194
253 343 528892
253 401 201577
254 1764 366507
254 2330 774909
255 257 160107
255 429 824367
255 645 929947
256 346 428138
256 433 737423
257 475 4403
257 920 580123
257 1161 147643
257 1297 588146
259 313 420532
259 631 940782
261 528 202610
261 945 852987
261 966 589196
262 391 659050
262 989 821547
262 2154 205627
263 273 759738
263 398 178855
263 2109 541551
264 476 71631
265 905 916879
265 3235 501498
266 524 888515
266 2351 927167
267 496 665967
267 1193 769693
267 2087 227405
268 2128 509218
269 1091 157359
270 1824 873335
270 3505 119064
271 310 856079
272 679 748481
272 3067 655597
273 314 304761
273 417 81862
273 1292 869236
273 2551 717191
274 594 364610
274 1535 631443
275 722 99052
276 508 614314
276 755 151293
276 2298 271438
276 2619 719128
277 1913 224501
277 2148 977708
277 3454 150204
278 1263 846834
278 2985 241418
278 3723 591437
279 399 918469
279 422 345298
279 2335 931259
279 2361 221941
280 287 438446
280 1844 782683
280 1968 711139
280 2284 608380
281 1507 551511
281 1520 531647
281 3008 622607
281 3710 951947
283 356 876790
283 597 315199
284 457 147004
284 996 127512
285 548 175229
285 1006 130245
285 3549 111382
286 1531 109242
286 1649 183250
286 2020 586972
286 2112 884796
286 2132 915221
286 2821 725657
286 3917 872365
287 2546 247023
287 3736 899043
288 302 65064
288 438 138214
288 774 887853
289 702 434705
289 1127 103810
289 2225 939626
291 340 945403
291 1054 8524
291 1305 946454
292 3968 124494
293 327 300853
293 568 196243
293 577 448682
293 852 300757
294 342 109987
294 345 369348
294 1023 605152
294 1798 463987
294 1952 483695
294 2480 819819
295 819 447233
295 823 665762
295 909 114213
295 1724 934424
295 1733 110328
295 2579 838877
296 749 210207
296 2084 902146
296 2283 540331
297 1143 974749
297 1513 919608
297 2022 588090
298 449 302981
298 609 509725
298 1979 68147
299 997 416992
299 3057 256875
300 627 119938
300 2617 235533
300 3503 320976
301 316 222331
301 1469 586816
301 1838 636748
302 694 828739
302 1010 122341
302 1445 775748
302 1883 410318
303 557 640554
304 352 232754
304 602 955856
304 2491 780388
305 509 622888
305 676 597333
305 3039 700841
306 1300 703510
306 1990 975634
306 2526 990373
307 323 863423
307 1247 983822
307 1398 841262
307 1596 223901
307 2347 88902
308 324 197865
308 1124 764073
308 1279 13593
309 332 628913
309 1501 52749
311 1448 143695
311 1486 956259
311 1727 610856
312 464 877069
312 2805 312721
312 4027 828856
313 518 426940
313 542 717086
314 365 158424
315 2178 832738
316 1284 808468
316 1393 141196
317 1128 619054
317 1217 161171
319 383 857992
319 658 537429
319 1601 194002
319 2444 600308
320 331 131081
320 850 79334
320 1827 598572
320 1925 883938
320 2835 941771
320 4115 849332
321 614 123567
321 1173 204955
321 1387 339987
322 787 780119
322 1025 107945
322 1171 161909
322 3646 281745
323 520 605717
323 682 276849
323 2665 913507
324 936 151307
325 344 431858
325 501 503074
325 635 928596
325 1153 314326
325 1427 139779
325 1919 796193
325 2011 432566
325 2465 77974
325 3603 350295
326 440 577128
326 1766 977681
327 575 814469
327 872 119709
327 1465 875577
327 2487 568283
327 3309 127730
328 421 577911
328 506 809322
329 761 386424
329 3101 578434
329 3331 192266
330 703 669378
330 828 832072
330 1265 924961
330 1444 104120
331 962 273942
331 1449 33361
331 2741 67149
332 744 606668
333 1555 342434
334 543 375088
334 573 396216
334 2641 534238
335 361 287070
335 2401 394284
336 492 582552
336 1566 477371
336 2125 210481
336 2866 102681
337 591 665205
337 653 495016
337 1218 863447
337 1745 543741
338 494 186479
338 529 935080
338 1632 900098
338 3632 227012
340 341 487856
340 347 539275
340 404 781849
340 612 757895
340 1570 479463
341 726 223715
341 1170 620222
341 1949 110245
342 537 233638
342 718 840505
342 3487 905626
343 1151 243220
344 804 577342
344 834 894350
344 3285 680469
344 4060 641823
345 1011 568740
345 2915 299949
346 1149 295806
346 3737 54951
347 536 968326
347 2141 815568
347 3174 256396
347 3537 568463
348 2924 134515
348 3368 504964
349 430 141182
349 439 275166
349 1966 821346
349 2293 561827
349 2880 572371
349 2894 435933
351 386 719311
351 788 173852
351 3801 6381
352 2294 761748
354 802 122654
354 1069 937396
354 1243 28277
355 589 996067
355 1680 35704
355 2230 433011
355 3825 413726
356 4087 813588
358 441 423640
358 623 453924
358 2737 576982
358 3043 463270
360 585 946642
360 3363 843164
361 1397 851226
361 1433 725622
361 1579 936329
361 1935 387447
363 3626 181768
364 1220 107424
365 435 937767
365 940 761707
366 466 650600
366 3423 914540
366 3535 180234
367 395 226570
367 1030 941279
368 393 366199
368 649 441891
369 1081 75068
369 1129 238730
369 2492 392781
370 781 232639
370 1089 537182
370 1609 10754
370 2412 37454
370 2643 942066
370 3627 446573
371 415 102407
372 3677 860023
374 1567 76790
374 3617 425600
375 484 611127
375 2264 761938
376 736 659554
376 2041 706529
376 2227 464965
376 3270 164152
376 3346 614162
378 922 974970
378 1668 361889
379 517 64453
379 818 259254
380 1154 118176
380 4025 885033
382 758 341444
382 2642 273060
382 3781 125200
383 2081 771859
383 2355 974409
383 2881 462708
383 3963 789283
384 792 225092
384 3501 540844
385 950 224480
385 1001 802928
385 1014 276210
385 1655 358796
386 793 646454
386 919 502593
386 998 58069
387 497 755759
387 689 211877
387 1269 877639
387 2243 217071
387 3490 86102
388 446 312434
388 521 422277
388 1714 852785
388 1982 152046
388 2181 806205
388 3190 197131
389 587 250917
390 2580 108294
390 3670 733224
391 773 320320
391 1646 812490
391 2996 961705
392 1909 321224
394 1178 956336
394 4054 590408
395 470 253694
395 805 412164
395 4105 657646
396 2722 601965
397 416 45872
397 1084 980751
397 3920 498357
398 534 37681
399 779 489253
400 1087 966296
400 1139 245775
400 1162 18203
400 1485 939992
400 1905 584600
402 553 80531
402 629 596757
402 646 950637
402 977 115042
403 840 449399
403 2669 106549
403 3072 261491
405 1215 965077
406 547 894511
406 1005 66164
406 1474 872791
406 2745 257553
407 448 104769
408 944 774996
409 865 374687
409 1503 880064
410 2740 440196
411 412 283262
411 590 547711
412 427 294884
412 621 492621
412 1436 814905
412 2976 180079
413 776 484942
413 777 584913
413 1799 269738
413 2652 645109
414 843 163714
415 588 621116
415 763 875872
416 533 116773
416 562 822938
416 915 420646
416 1788 152636
416 2449 441689
417 483 56653
417 928 398640
417 1264 969611
417 2666 107407
419 1065 715835
419 1929 755903
419 3904 284467
420 472 305361
420 584 460909
420 1443 379768
420 1635 986848
421 849 986219
421 1078 114567
421 1581 140670
421 2501 491705
421 2542 734985
421 2923 135471
421 2954 339323
422 1186 244699
422 1324 59032
422 1782 799418
422 2756 569621
422 2970 696877
422 3643 605435
423 868 161560
423 1260 675057
423 3387 653474
423 3633 244763
423 3760 540254
424 686 45977
424 1347 750378
425 434 437188
425 522 813717
425 1179 368303
425 1517 563423
426 453 225312
426 3231 328825
427 3016 694882
428 1396 910189
428 1742 733830
429 454 629322
429 2438 711974
430 956 473380
430 1224 595326
430 1253 902803
432 2051 616181
432 2216 703028
432 2306 365714
433 570 35480
433 1562 859194
434 1525 369662
434 1854 619670
435 456 54208
435 1061 163463
435 1785 467801
435 2493 128036
436 526 853576
436 2289 112313
436 2699 162971
437 538 159136
437 1255 81363
437 2586 236115
437 3813 166610
438 468 707386
438 648 825226
438 786 672967
438 1034 97594
438 1809 725710
438 2410 741157
439 444 784726
439 655 704227
439 2545 768415
440 489 479976
440 530 535027
440 2569 635878
441 715 297740
442 1088 807068
442 2163 16874
442 2226 596202
442 2827 280393
442 3422 626278
442 3543 234759
443 947 434132
443 1470 727535
444 1412 276232
444 1916 731407
444 1995 52219
444 2315 532912
444 2760 133049
447 628 416174
447 700 89597
447 918 284409
447 1941 880952
448 732 977790
450 835 946421
450 1989 774499
450 2010 71451
450 2169 139293
451 487 225561
451 1098 257736
451 2161 185374
451 2525 74578
452 863 632060
452 1863 648698
452 3118 582197
453 753 376405
453 1793 988135
453 2448 318731
453 2536 946920
454 2282 292712
455 1904 360997
455 2194 332431
456 519 428192
456 2845 644065
457 706 780566
458 469 350927
458 1697 263392
458 1775 178845
458 3280 75440
459 2876 641407
459 2909 361635
460 3779 367822
460 3866 660931
461 467 627927
462 1063 365439
462 3128 11341
463 857 518916
464 478 254506
465 698 291007
465 1056 737784
466 1276 985742
466 1642 561190
466 2675 662135
467 943 12953
467 1045 572579
467 1861 252709
467 1908 112727
467 2008 888292
468 685 786164
468 739 559087
468 1963 31904
468 3049 195793
469 2636 191443
470 1017 540480
470 1114 648925
470 1172 639727
470 2841 547190
470 3192 965672
472 549 178433
472 569 522956
472 2500 192300
472 2632 326972
474 1205 915619
474 3788 566779
475 1478 693711
475 2012 684456
476 807 845147
476 1104 911347
476 1832 28025
477 713 789752
477 724 368679
477 1423 859196
477 1571 771450
478 651 867383
479 500 137692
479 504 139611
479 672 354640
479 1207 599093
479 3601 428369
480 2172 181734
481 2235 67756
481 3888 421960
482 611 727830
482 870 743928
482 2200 640048
483 829 188449
483 1050 493197
483 1703 52560
485 626 677547
485 1271 429073
485 1328 115170
486 723 341429
488 647 723301
488 1245 562044
489 499 712279
489 545 490983
489 2075 955185
489 2139 28527
489 3012 145790
490 2179 93122
490 3964 921222
492 848 504551
492 1833 589367
493 742 399660
493 1015 550009
494 815 126174
494 1029 319163
494 3657 376611
495 995 669010
495 3497 769778
496 619 700261
496 673 688152
496 811 535051
496 942 179572
496 1815 857911
496 3310 574667
496 3761 331182
498 4046 654020
499 4036 512225
501 564 637443
501 878 776232
501 990 793273
501 2902 420376
502 1249 618587
502 1468 863025
502 1743 174219
503 576 925197
504 2713 204390
504 3080 146327
505 1137 233030
505 1738 388150
507 642 487040
507 2705 78759
510 523 210136
510 599 647019
510 2812 429527
510 2887 42089
511 544 67896
511 908 836947
511 1388 237250
511 1871 132217
512 812 597202
513 671 481897
515 1720 552229
515 3648 946283
516 775 286203
516 2133 187417
516 3558 500658
517 558 209955
517 750 494810
517 1079 543241
519 657 960247
519 741 190573
519 1971 204463
519 2981 52950
522 730 49915
523 833 369636
523 3427 848114
524 2533 571027
525 1480 338279
525 3870 660845
526 1332 961362
526 1348 570828
527 2086 522319
528 616 381131
528 2450 542723
529 1250 590227
529 1928 608459
529 2134 876616
530 2189 940246
531 1266 232434
531 1901 123030
532 551 588664
534 2098 876100
534 3805 587175
535 3144 643279
536 2631 481533
536 3946 752035
537 683 262553
537 1174 344078
538 2292 178126
538 2988 454402
539 1826 297408
541 2470 347421
541 3879 393030
542 1846 400319
543 1298 997360
543 2541 924659
544 684 93321
544 2332 661405
545 656 700936
545 837 347321
545 880 629269
546 632 145102
546 1676 18148
548 1633 805606
550 1841 382176
550 3005 469302
551 712 678698
551 1696 527696
551 2059 881380
551 3812 8370
552 791 180153
553 729 90796
553 1407 239982
554 634 19657
555 603 752299
555 4080 703749
556 690 752704
556 757 944345
556 772 629090
556 1367 850234
556 3727 170758
557 1216 394808
557 1413 170092
557 3784 584544
559 1107 747707
559 2620 813176
559 2855 334776
560 873 854246
561 583 250017
561 735 204907
562 620 599114
562 2709 65621
562 3138 993009
564 1371 21965
565 938 924011
565 1206 358206
565 1225 18864
565 1379 501662
566 961 853945
567 668 257820
568 1734 522032
568 2461 182887
569 826 451446
569 2234 350517
570 719 819476
570 809 407591
570 3181 608032
570 3473 342418
571 1664 945656
572 3582 379291
574 1112 211803
574 2279 705890
574 2337 48517
575 899 224589
576 3967 943854
577 1280 907948
578 2404 836541
578 3303 185520
579 1792 675548
579 2567 484668
580 4033 934002
582 1481 765100
582 2137 886820
582 3524 91215
582 3864 619946
583 743 923308
583 3199 577441
585 1219 595652
586 714 587245
586 795 415326
586 1307 47935
587 1589 504566
587 2917 397495
589 652 105209
589 2785 570535
590 661 151644
590 929 897514
590 3448 571646
592 1037 299676
592 1484 556410
593 666 969796
593 2085 242067
594 606 135638
594 697 493072
594 1650 277852
594 2031 37074
594 2598 187841
595 984 513837
595 2394 553564
597 3083 634518
598 884 117699
599 2256 264768
599 3000 737826
600 845 464080
600 3906 131346
601 895 357563
601 1016 279111
601 3910 835203
602 2007 308457
603 847 489731
603 1058 37559
603 1287 473842
603 1515 474270
603 2202 414474
603 3656 613411
606 2245 890702
608 782 366460
608 820 841032
608 855 498139
608 2623 71377
609 867 34008
609 913 852805
609 2221 439507
610 754 544793
610 2503 450239
611 751 123078
611 2995 764361
612 771 170080
612 1352 94027
612 1430 850788
612 1490 25017
612 1890 896672
613 930 910819
613 1455 25252
614 1487 966045
614 1849 185541
615 881 782464
616 688 179120
617 760 934481
617 864 492498
617 1183 672492
617 1829 293392
617 2152 310582
617 3407 354571
618 1055 421811
619 2072 54137
619 2764 174032
621 838 913396
621 2237 568283
622 3482 988953
623 696 355469
623 946 342588
623 1013 466768
623 1777 976301
624 1160 490557
624 1462 713563
624 2446 731585
625 830 696665
626 814 100063
627 692 712094
628 2874 423017
630 2018 293740
630 2862 75705
631 1704 699121
631 3827 279564
631 4022 881664
632 721 261764
632 747 966864
632 1213 933495
633 659 174167
633 1331 202542
633 1499 396725
634 1835 408733
637 1164 211182
637 1527 492008
638 806 520496
638 1068 877781
638 1072 923678
639 2730 95684
642 1232 356369
642 1241 522092
642 1600 568172
642 2186 343204
643 1261 850570
643 2377 881046
643 2779 90104
644 1780 586148
644 3023 100590
645 856 799630
645 1184 50704
646 860 120846
646 898 641840
646 2997 883125
647 911 713792
648 2093 283144
648 2555 9372
649 725 122494
649 3200 281543
649 3328 540779
650 704 486761
650 740 608040
650 765 582081
650 1383 883061
652 766 228179
652 3329 414436
653 738 228738
653 798 788373
653 1158 24719
653 1228 297167
654 1032 801224
654 1111 824075
655 842 742758
655 1125 6578
655 1804 609641
655 2672 56416
656 1985 209889
656 2711 27646
658 1012 573510
658 1109 569757
658 2939 952577
658 3097 932295
658 3205 957929
658 3208 423948
659 660 712566
659 1373 221821
660 906 174633
660 1617 697702
660 1768 319443
661 1335 604593
661 3401 374087
661 3465 485704
662 1402 467284
662 1823 540152
663 2485 848678
664 824 862168
665 934 918853
666 1363 360058
667 803 226082
667 2804 794807
668 780 862590
668 810 992486
668 1308 127138
668 1961 856825
668 1981 16914
668 2248 935205
669 894 12834
669 1429 918842
669 2732 318495
669 3588 475219
670 844 546759
670 3962 587108
672 789 175012
674 2101 258116
674 4041 788293
675 2765 984602
677 1156 713136
677 1337 426453
677 3263 619809
678 2774 158478
680 734 916689
680 1690 40349
681 1097 419978
681 1488 762429
681 2102 455164
682 902 304126
682 1200 542520
682 1510 734376
682 2612 373610
685 711 569902
685 748 679947
685 1199 3518
685 2830 418646
686 1131 667119
686 2708 950876
687 1354 603435
688 705 51487
688 1638 192852
688 2063 801278
689 701 524901
689 887 736741
690 3786 664009
692 854 275438
694 968 773012
694 3362 911698
695 1041 752964
695 1447 127052
696 914 941641
696 1145 559996
697 737 104534
697 2784 251233
699 708 818446
699 2062 505980
699 2203 116209
699 3188 814335
700 1789 88677
700 2365 97112
700 2507 462772
702 1028 506651
703 1602 196271
704 1587 709669
704 2023 224846
706 1451 21558
706 2518 866408
707 756 312529
707 1473 489581
708 2309 650979
710 1144 190842
710 2342 204296
711 1004 710782
711 1062 432553
711 3653 906611
712 1416 898839
713 923 551998
713 1117 589836
713 2223 793813
713 2980 407741
714 1729 64583
716 2029 258057
717 2024 155781
718 2142 829058
718 2802 872252
718 3313 347409
719 1370 556099
720 1859 824479
720 3936 277712
723 1394 30768
723 3306 789649
724 1705 954501
724 2077 637054
724 3220 747542
725 1115 993644
726 2257 328121
727 4045 592859
728 932 824310
728 974 509596
728 1345 725912
728 1495 807754
728 2625 921530
729 1281 832339
730 1157 702225
730 1306 688099
731 846 311427
731 1459 716994
731 3224 955304
733 821 404704
733 1204 455335
734 988 897325
734 2524 613126
735 1684 493289
735 2044 579891
736 1165 596322
736 1715 213336
738 1915 647263
739 952 974515
739 1428 894348
740 1181 955426
740 1822 693298
741 1136 562921
742 1475 654303
742 3203 380204
743 972 262308
744 3314 203988
746 1573 87693
747 759 662114
747 1778 919242
747 2409 63870
748 769 470271
748 892 489908
749 1853 736197
749 3145 61803
750 1288 878274
750 2504 331983
753 2564 86512
754 1035 819505
754 1746 763581
755 1790 969552
755 2336 288503
756 2436 783084
757 3104 74743
758 836 17466
758 891 324156
758 1323 256884
760 1221 301922
760 2869 775449
761 2648 889070
762 3795 283876
763 2927 3046
764 2188 591642
765 3694 52004
768 1987 77716
769 1500 424011
769 2479 165626
771 1364 357103
772 1450 644960
773 973 130302
773 3308 443976
773 3933 227304
774 3384 309843
775 1894 248798
775 2614 746103
775 3867 681061
777 1419 645884
777 2328 64247
777 3243 116710
778 1318 678947
778 1542 858433
780 817 681160
781 1420 777033
782 2269 611905
783 2754 951064
784 1234 528053
784 1794 959921
786 1889 722472
786 3759 430518
787 1038 140911
787 1395 438166
788 1936 216595
788 2578 669333
790 1210 784380
790 3025 412499
791 1647 189178
791 2871 332830
791 3484 294064
792 1362 782703
792 1682 960358
793 1086 429528
793 1931 453397
794 1897 759030
794 3699 955729
795 1309 549595
796 1169 879251
796 3159 844359
799 2788 769070
799 3103 662528
799 3839 157977
800 866 625791
800 1159 323421
801 3540 460948
803 1018 145735
803 1526 134284
803 4004 956544
804 1070 317274
805 1504 802482
805 2233 939425
805 3137 508654
806 1545 505205
806 1728 149320
806 2035 608446
806 3426 720658
806 3444 737556
808 976 380133
809 2838 401105
810 2767 511169
810 2972 888178
810 3089 801781
811 3390 154514
811 3539 534533
812 896 743665
812 4026 408233
814 910 462797
814 1341 380019
814 2268 125719
814 2429 648924
815 1148 239243
816 827 104236
816 3437 864149
817 3265 250083
818 888 893092
818 937 261801
818 3515 822598
818 3652 516892
819 1585 352426
819 2735 859552
820 1620 112764
820 2884 244225
820 3823 560777
820 3837 277870
822 831 802062
823 967 900346
823 1236 80704
824 2174 378543
825 1399 912981
826 1039 807111
826 1353 853862
826 1533 481228
827 925 749793
827 1051 891502
828 2549 993050
828 3944 685427
830 957 95918
831 1836 254621
831 1899 421084
831 2260 738804
831 3625 965956
831 3684 477649
832 1052 375331
832 2885 722258
833 1338 662835
833 1384 780864
833 2211 112496
834 1155 595608
834 1569 798447
835 1376 598706
835 2165 614368
836 1333 24047
836 1405 857912
837 893 516677
837 1840 463914
837 2854 54843
837 3693 48714
838 1434 655719
839 1391 764964
839 1530 514083
839 3086 547914
840 859 903756
840 1390 86654
841 1671 531796
841 1847 217216
841 2129 57250
841 3240 799420
842 1295 879813
842 1631 152113
842 3167 437274
845 2814 580429
846 1196 621710
847 897 762380
847 999 208576
847 3441 648316
848 1270 981727
848 1422 149556
848 1828 567425
850 1273 530248
850 3872 580086
850 4091 336400
851 1923 226552
851 2291 48997
852 1948 19511
853 1240 733658
853 1700 833241
853 3771 1983
853 3790 260065
856 1561 866406
856 2678 359792
857 921 557142
858 2126 287123
859 882 134295
860 861 999003
860 1077 915623
860 1522 293182
860 2135 584905
860 2224 292359
860 3223 344381
861 2473 506785
862 2240 750296
862 3945 871767
863 1616 399755
864 2974 603427
865 1776 523507
866 1102 144070
866 1317 366794
867 3424 680944
868 2392 399841
868 2452 618175
868 3571 579302
869 1505 3709
869 1884 73865
870 2562 891042
870 2896 167814
871 1223 851078
871 2030 66355
871 2437 246040
873 3596 926213
874 1479 614737
875 1868 969074
876 3552 473008
877 1195 93122
877 2040 937630
877 3185 861750
878 1508 377658
878 1706 751514
879 1048 31618
879 1497 167596
879 2418 243233
880 1262 801841
882 1198 156688
882 3179 781075
884 3386 503909
885 1118 888804
885 1377 135332
885 2400 801393
885 2823 75608
888 958 414896
889 941 934585
889 1002 77044
890 903 84129
890 1339 145117
890 1999 638968
890 2744 909436
890 2786 640837
890 2851 986038
891 2321 173354
892 1194 369126
893 4104 914110
895 1176 194297
896 1629 862190
896 2596 848324
897 2496 90047
898 2017 902977
899 1359 490462
900 1358 721929
900 1414 628769
900 3712 634295
901 2601 64308
902 1421 297823
903 1851 681551
903 3502 450694
904 993 221880
905 3425 151860
907 1146 41318
909 1132 660783
909 1586 148875
910 1689 401574
911 3241 660478
912 1040 162410
912 3058 30024
914 1066 555009
914 1945 687830
914 3100 653209
915 2991 551877
916 2543 781502
918 1289 239081
918 1509 98823
920 1226 359026
920 2454 515769
921 1000 887486
921 1645 921185
921 2028 910345
922 1046 939228
922 2327 883767
922 3711 569940
924 965 157686
924 1652 710210
925 981 233389
925 1310 152132
925 3480 652293
926 1315 293639
926 2416 900236
927 1605 638298
927 3675 88498
927 3833 482841
928 1360 715199
928 1694 158959
928 3500 784712
928 4112 729848
929 4106 20502
930 1582 602001
931 1187 480294
931 1518 509596
931 1942 594574
932 1991 679208
933 2809 564153
933 3299 720969
934 1101 827773
934 1850 98799
934 2255 134886
934 2584 206005
934 3147 335939
935 4062 878481
936 4118 553692
937 1550 605654
937 2115 272794
937 2118 170042
938 994 215947
938 1248 481410
938 1532 513349
938 2119 413926
938 3318 218634
939 2899 814129
940 3304 737150
941 1177 852614
941 3623 795363
942 1418 659725
943 1710 735750
943 2076 208606
947 1080 368798
947 1211 310665
947 1227 774789
948 983 722667
950 2350 396611
950 3130 137223
951 1074 969938
951 1477 996493
951 1516 347364
952 1021 98842
952 1123 722267
952 1572 689728
952 1973 753432
953 1282 877009
953 2175 31931
954 1762 16420
955 2645 259575
955 3050 879367
956 982 640776
956 1140 196312
957 1238 828590
957 2968 873610
960 1943 355391
961 1406 718273
962 1119 134222
962 1914 182321
962 2346 308100
962 3680 449856
963 1126 214978
963 1711 45385
964 2397 386753
965 1970 474606
966 2430 112190
968 1920 968336
968 2168 272593
970 1964 286007
971 1460 230732
971 1926 65283
972 1059 906964
972 2107 261095
972 3703 981577
973 1008 321047
973 1628 556346
973 2127 628935
973 2965 688308
973 3716 679848
975 1130 239633
976 1344 658148
976 1751 837082
977 1986 52696
977 2690 141570
978 992 444690
978 3102 751751
979 1366 360120
979 1439 516366
979 1636 536779
979 2539 783472
980 1244 637596
980 2700 575183
981 2123 757073
981 2701 859153
982 1239 511418
982 1425 330529
982 2056 22640
983 1529 64785
984 1604 920341
985 1739 747390
985 2651 563888
986 1924 679162
986 3150 557857
987 1644 488981
987 1679 995033
988 2304 289612
989 2482 959398
989 3433 603855
990 1060 920127
992 3858 872763
993 1816 626555
993 3621 791270
993 3855 935469
995 1192 283501
995 1656 792101
995 2212 277274
995 2281 756996
995 4074 988464
996 1653 432945
996 4061 71352
997 1857 166860
999 1902 574485
999 2403 312872
1000 2455 856062
1001 3690 264952
1002 3149 124582
1002 4023 694280
1004 1110 94259
1005 1293 520569
1006 3349 468571
1007 1686 837305
1007 3835 193991
1009 2983 783906
1011 1663 413383
1011 2060 250916
1012 1113 798116
1012 1524 968495
1012 1577 177635
1012 1722 535096
1012 2099 466514
1013 1534 28129
1013 1893 274667
1013 3036 308324
1014 2532 271869
1017 1496 245064
1018 3620 618247
1020 1175 149056
1021 3004 983706
1022 1073 18302
1023 2685 191381
1024 1382 20363
1024 3528 904246
1027 1076 745421
1027 2945 414173
1028 1401 451237
1028 1607 470991
1030 1365 996972
1030 1741 866598
1031 3660 717310
1032 1142 137632
1032 4055 492262
1033 2811 8741
1034 1980 761023
1035 1670 534386
1037 3112 461315
1038 1278 10161
1039 4084 302464
1041 2550 124482
1043 1330 922223
1044 1180 119962
1045 1135 146511
1046 3018 125698
1047 1489 288799
1048 4070 256645
1051 1463 43325
1053 1067 628575
1053 1622 396734
1053 2497 465749
1053 2872 37191
1054 1231 789039
1054 2005 623274
1054 3176 937149
1055 1099 902239
1057 2242 965080
1058 1108 44066
1058 3491 424845
1059 1314 48591
1059 3615 107075
1060 1614 626893
1060 2252 611066
1060 2698 4425
1062 1374 230508
1062 1549 702678
1063 1100 114898
1063 1254 116350
1063 4063 87088
1064 1283 170293
1065 3106 287673
1067 1731 287674
1067 2219 371988
1068 1094 823989
1068 2089 724107
1068 2187 208450
1068 2278 758244
1069 1779 662680
1070 3282 370711
1070 3466 759456
1071 1547 215371
1072 1168 57792
1072 2380 764488
1072 2508 313125
1073 1758 672751
1074 1351 138979
1074 2928 60532
1074 3921 102420
1075 1528 330610
1077 4110 426583
1078 1623 351210
1078 1896 255716
1079 3868 933270
1080 1440 663408
1080 2043 666059
1080 4009 350042
1081 3076 446754
1081 3975 510444
1082 3976 878873
1083 1106 293835
1084 1791 393164
1084 3507 545846
1085 2468 283131
1086 1189 184545
1086 2975 637719
1088 2761 759449
1089 2419 737584
1089 2717 184617
1090 1781 717365
1090 2151 553296
1090 2502 369428
1091 1598 632855
1092 1302 109713
1093 1624 591095
1093 1998 547562
1094 1285 577398
1094 2514 268938
1094 3579 731839
1095 2232 840368
1096 2553 142001
1097 2015 620515
1097 2686 736526
1101 1713 386941
1101 2572 591962
1102 3817 428637
1103 1296 496102
1103 1693 6564
1105 1242 428232
1106 1568 995960
1106 3697 826947
1107 1326 312469
1107 3194 221785
1107 3859 981510
1109 2531 94113
1110 2106 522894
1110 3108 270085
1111 2783 134008
1112 3449 245029
1112 3612 879831
1113 1316 76416
1113 2373 550651
1114 2267 390903
1114 2710 679694
1115 1740 716325
1115 3662 975719
1116 3330 498515
1117 1546 413406
1117 1912 95611
1118 2339 657233
1118 2653 999090
1118 2776 383917
1118 3155 697392
1120 1163 560656
1120 3028 125242
1122 3547 226362
1123 1688 493941
1123 2082 211480
1123 2184 167972
1123 2435 341773
1123 3153 772186
1123 3631 952283
1124 1511 508903
1125 4048 530931
1127 1222 199726
1127 1498 32526
1127 2822 909624
1128 1188 864791
1128 1325 574809
1128 1559 766232
1129 2834 420266
1130 1380 889146
1130 2379 784109
1130 2929 500016
1132 1483 460929
1133 2466 203829
1135 1626 406697
1135 1848 482160
1135 2138 389046
1135 2201 777030
1135 2249 567264
1136 1795 440650
1137 1257 387060
1137 1681 141103
1137 3372 920238
1138 1665 481706
1138 2369 434304
1139 2684 770004
1140 1666 846785
1140 3780 911352
1141 1214 609488
1141 1491 65425
1141 2039 42264
1142 1687 59072
1144 1634 329272
1145 2747 431453
1145 3685 813617
1145 3841 359800
1146 3683 291637
1147 1702 546769
1148 1392 700989
1149 1625 478372
1149 2680 341373
1150 2750 456459
1151 1229 200011
1151 1493 120587
1153 1701 884519
1154 1381 880261
1154 3236 882974
1156 2484 328543
1157 2888 750213
1158 2296 744020
1159 1424 960924
1159 2343 9009
1159 3459 157175
1160 1235 609330
1160 1311 790069
1160 3881 288856
1161 3403 924064
1162 2280 720119
1162 2775 505880
1163 1837 634979
1164 1290 711052
1165 3371 743257
1168 1340 175574
1169 3807 879230
1174 2475 505033
1174 3429 642270
1175 2434 793618
1175 3114 695059
1176 3013 471823
1177 3105 456348
1177 3778 244250
1178 3496 94365
1179 1506 93403
1179 2160 206648
1179 2576 895185
1179 3249 73602
1180 1747 49071
1180 2053 453544
1180 3032 972379
1181 2599 378132
1181 3509 598595
1181 3619 312078
1182 2090 657514
1183 1873 826916
1183 3753 860262
1184 1955 66781
1184 2600 685119
1184 3942 514536
1186 2146 883912
1187 1882 942544
1187 2428 452797
1188 3029 28134
1190 1230 214848
1190 2199 384703
1191 2715 71634
1192 1953 299250
1194 1417 294055
1195 2789 998406
1196 2367 236552
1196 3930 516610
1197 1212 645130
1197 2478 617368
1197 2787 587652
1197 3084 408592
1198 1737 267112
1198 1834 128592
1202 2305 228604
1203 1603 467300
1203 3156 172297
1205 2344 759933
1205 2634 530646
1206 1454 428139
1206 1796 947014
1206 3054 581024
1208 2825 902322
1208 2897 424412
1209 2131 973237
1211 1595 815030
1212 1233 876801
1212 4044 869478
1213 1482 441844
1214 1426 540402
1214 1675 749481
1215 3074 70147
1216 3687 502533
1218 1343 241633
1218 3965 201202
1219 2746 197874
1219 2752 972327
1223 3566 604470
1224 1267 513739
1224 1599 435435
1224 1855 64053
1224 2371 168724
1224 2474 699017
1226 1812 708751
1228 1342 53079
1228 2422 806307
1229 1452 156977
1229 2875 823025
1229 3941 535300
1230 3990 470905
1231 1476 261193
1231 1719 220548
1231 2406 880048
1231 2630 221885
1233 2383 156821
1233 3065 629377
1234 1259 726681
1236 1327 107305
1237 2439 365447
1239 3302 302409
1239 3361 817678
1240 2384 934126
1241 1888 260433
1242 1557 225761
1242 1641 303826
1242 3818 844198
1242 3895 430653
1243 2763 212016
1244 1770 850323
1244 2432 833984
1244 3969 37125
1245 2933 886181
1246 1771 14818
1246 3824 138257
1248 1286 587216
1248 3420 213666
1249 1858 157135
1252 2382 300567
1253 3929 834117
1254 3015 538583
1254 3471 43816
1255 1556 372114
1255 1974 380054
1257 2036 839065
1257 2170 696799
1257 2333 673375
1258 1673 163475
1259 1357 54378
1259 2376 857138
1261 1410 788945
1263 3938 403427
1263 3985 628846
1264 1651 867164
1264 1839 180340
1265 1275 351217
1265 3850 625603
1267 2451 97470
1268 1988 747162
1270 3634 474798
1273 1523 986289
1274 1375 554847
1274 1821 641885
1276 3738 695632
1277 1521 238215
1277 1808 838302
1277 3044 690527
1278 1312 337400
1278 1864 519582
1278 3720 870783
1279 1934 755547
1281 2032 621478
1281 2544 299598
1284 2969 575319
1286 1784 713768
1286 2742 461934
1287 2003 560270
1287 2952 308914
1290 1464 185599
1290 2357 338507
1290 3529 337229
1293 2083 65951
1296 3973 774843
1297 1329 489332
1297 3600 433024
1299 1400 71119
1299 3957 207937
1303 3334 511258
1304 1369 720388
1304 2066 314285
1307 2515 292491
1308 2049 485074
1311 1842 875303
1311 2276 71821
1311 2389 553832
1312 3276 503526
1315 1900 641384
1315 3085 772356
1315 3291 92217
1315 3948 271743
1316 1320 142582
1318 1334 504580
1318 1437 944035
1318 3485 211308
1319 1725 281289
1320 2182 963285
1322 2860 588905
1324 1892 608667
1324 2047 331526
1325 1814 406460
1326 2191 811028
1326 2668 248352
1326 3356 872536
1327 1674 164736
1328 1336 523492
1328 2837 28189
1329 2122 977426
1331 1761 959135
1331 2877 364458
1333 2325 527006
1333 4065 19153
1334 2486 223952
1335 2370 240080
1336 3665 94806
1337 3772 523599
1338 1442 223827
1338 2818 770675
1339 1759 178354
1339 1917 396522
1339 3373 967041
1340 1662 165200
1340 2697 674628
1341 1552 968674
1341 2950 503305
1345 2639 715874
1345 3033 754477
1345 3803 298939
1346 2490 818867
1348 1866 172335
1348 2287 893704
1350 3035 638329
1352 2505 172764
1353 2288 858330
1353 2781 578403
1354 2588 967708
1354 2677 25934
1355 1580 206490
1355 2353 68749
1355 2914 328001
1357 2695 162626
1358 1869 874820
1360 2078 90858
1360 2258 514630
1360 3419 356050
1361 1786 984306
1361 1878 880387
1362 2878 121235
1362 3011 218559
1363 2457 701942
1364 1755 445430
1364 2238 524045
1364 2903 752728
1364 3212 550661
1364 3229 53355
1365 1494 496211
1365 1576 254072
1367 1471 828734
1367 1906 991945
1368 1718 806904
1368 2910 898520
1368 3992 986497
1369 2411 30502
1371 3061 746312
1372 2714 78710
1372 3171 12080
1373 4088 928717
1374 1940 502086
1375 2937 766869
1375 3489 340319
1377 1736 616593
1378 1435 897631
1378 2780 954037
1379 2054 920228
1380 1643 838584
1381 2951 547326
1382 3415 894391
1383 2158 405408
1384 2703 75408
1385 2310 743573
1387 3322 199688
1388 1536 778660
1388 2052 492798
1388 2071 617047
1389 2556 89248
1389 3191 582554
1393 1514 858825
1393 2640 465146
1395 1438 259287
1395 1611 81880
1396 1870 568016
1398 1763 807673
1399 3734 391588
1399 4030 333160
1400 2303 155583
1402 1978 342007
1402 3593 748758
1402 3857 442495
1404 1409 112864
1405 4107 209992
1406 2879 82843
1406 3468 325856
1407 3087 585012
1408 1977 695785
1409 1907 823715
1409 2726 176374
1412 3902 590608
1415 2387 822964
1415 2495 144165
1415 2982 823247
1416 2528 348465
1417 3889 378321
1418 1879 617945
1420 1818 715536
1420 3055 232489
1421 1538 370401
1421 3209 395356
1422 2498 264536
1422 2911 169417
1423 1640 637906
1423 1698 331852
1425 2019 187740
1426 1667 709293
1426 2962 688108
1426 3538 189724
1428 2213 232749
1430 3692 651820
1433 1810 611864
1433 2311 481249
1440 2852 427012
1440 2941 807758
1440 4021 576977
1441 1669 155527
1441 3225 716423
1442 2858 843257
1442 3116 271467
1443 1446 927991
1445 1575 750470
1445 2942 542493
1446 1801 752513
1446 3932 588416
1447 1911 504836
1447 2176 275368
1447 3295 702491
1447 3357 586723
1451 1564 925088
1451 2807 154142
1451 3400 297113
1455 3457 779633
1456 2581 91550
1457 3196 59265
1457 3342 680573
1458 1558 18182
1458 2393 893764
1458 3649 213218
1460 2253 439616
1460 2385 712416
1461 2156 18171
1463 3239 9125
1463 3887 948321
1465 3168 163617
1466 3395 536510
1467 1865 825118
1468 2557 63600
1470 1709 368584
1470 1750 869048
1471 1997 688883
1471 2208 691279
1471 2354 860320
1472 1583 15535
1472 3567 788
1473 2218 391247
1473 3275 704041
1473 3766 728291
1474 1769 142396
1474 2033 106451
1474 3776 406663
1476 3242 90232
1477 2037 211756
1480 2749 761709
1480 3019 77933
1480 3460 126671
1481 2088 529979
1481 2092 236192
1483 2340 468483
1485 1627 763310
1487 3359 829249
1489 2624 789707
1490 2034 786903
1491 1910 396936
1493 1654 250107
1493 2638 350170
1494 2326 847846
1495 2210 225532
1495 2241 310843
1495 3374 157616
1495 3787 466211
1497 2423 704947
1498 2399 839910
1500 1683 645202
1502 3597 932158
1503 1712 461440
1503 2231 483027
1503 3257 111233
1505 2358 731642
1505 3053 497693
1505 3132 224838
1505 3614 831926
1508 2074 289894
1508 2523 254904
1509 2222 201277
1510 2364 96625
1510 2589 525440
1510 3605 746906
1511 1939 354464
1514 2259 308077
1515 1806 554121
1515 3980 643797
1517 1594 392721
1517 1872 546903
1517 3126 214450
1522 2261 303641
1525 2570 657192
1525 3793 992749
1526 1544 617788
1526 2114 505072
1526 2506 854909
1527 2538 776370
1528 3340 684298
1529 1541 287665
1529 1885 318303
1529 2381 409054
1530 2583 817942
1530 3797 261299
1532 2582 868188
1533 2217 191213
1533 3221 941267
1535 3294 811675
1537 1996 551504
1537 2778 787502
1538 1748 559258
1538 1922 291697
1540 1752 920886
1541 1975 130764
1542 3219 875753
1542 3937 753976
1544 2772 361165
1545 1584 736486
1545 3273 679825
1548 2836 145923
1553 2295 13231
1558 2286 882590
1558 4042 763083
1561 1967 420399
1561 3133 76243
1563 1965 456206
1563 2398 606345
1564 2095 700026
1565 2016 490385
1565 2140 604760
1566 1772 145751
1566 4037 635003
1567 2891 573543
1568 1658 353091
1568 2843 341154
1571 1672 35121
1572 3096 978929
1574 2094 998599
1574 3109 819296
1577 1613 533143
1580 2441 978711
1584 3452 289496
1585 1699 661323
1589 1717 843889
1593 1707 452011
1593 2489 309721
1593 2993 129260
1594 2842 124393
1594 3438 36889
1594 3470 990479
1596 2374 883324
1597 2021 752621
1598 2366 265365
1599 2317 688621
1602 1726 994446
1602 2654 307088
1602 3082 552396
1603 1619 950840
1603 2721 853608
1603 3323 208118
1604 1817 363894
1604 2091 997810
1606 1608 942804
1607 2388 736610
1608 1860 792414
1609 4056 184146
1610 3581 468309
1612 3575 731941
1612 4020 138364
1614 2829 826919
1615 1618 254995
1618 1732 871985
1622 2433 100617
1622 3289 766381
1626 3062 449244
1627 2706 994616
1627 3343 648817
1630 4066 832431
1631 2529 821381
1635 1874 518007
1635 2790 941622
1635 3585 263822
1636 2691 5271
1637 2806 934255
1637 3811 349838
1639 1932 192703
1640 1830 207445
1640 2157 544267
1640 3483 108580
1640 3564 809210
1644 1735 998685
1645 1960 724370
1645 3376 396353
1646 1773 462900
1649 2904 669884
1650 1678 934471
1650 4043 794911
1651 2027 381095
1654 2391 993912
1657 1695 504111
1657 3274 765380
1658 2100 97120
1658 3577 168657
1659 3576 419425
1661 3234 43102
1663 2548 152451
1664 1887 893250
1664 2573 777162
1665 1876 179976
1665 3467 722145
1666 1811 982545
1666 1886 200634
1669 1783 513344
1672 2590 816216
1674 3785 717641
1675 2204 594709
1676 2113 160902
1685 2613 758226
1688 2006 463518
1688 3095 401685
1689 3256 374152
1689 3450 969799
1689 4090 609267
1691 2105 753117
1691 2664 829721
1691 2849 407146
1692 3332 183323
1693 2108 135274
1693 3111 911707
1693 3388 854413
1694 1819 983456
1695 1969 79955
1696 2770 297615
1697 2483 220252
1697 2513 533847
1699 2183 155787
1702 2209 516164
1705 2431 444308
1705 2720 410383
1708 3845 725381
1708 4114 155407
1709 2609 49283
1709 3070 848125
1710 2729 512598
1711 1993 459364
1712 2273 318819
1717 1787 547522
1717 2426 154702
1719 3443 761035
1719 3714 14916
1720 1856 438836
1720 1994 132409
1722 2080 67831
1723 2266 797025
1723 3583 630559
1723 3915 737369
1725 2045 802814
1730 3326 39276
1731 2560 748611
1737 2004 298631
1737 2627 639375
1737 3166 671583
1737 3650 848434
1739 1983 536849
1739 2932 300970
1740 2469 763152
1741 2299 13972
1741 3051 681401
1746 1807 376896
1750 2828 33557
1751 3880 292680
1753 2692 569732
1754 2459 108322
1755 3926 571694
1756 1774 253511
1757 2026 672541
1757 2055 65349
1757 3267 919001
1758 2147 972389
1760 1805 780467
1760 1947 771584
1765 3561 327449
1765 3802 413383
1765 3934 273269
1767 1956 826746
1767 2853 189597
1767 3264 749879
1768 2274 667188
1771 2650 436099
1777 3251 520416
1777 3370 668526
1778 2795 819572
1779 2153 162650
1780 1867 490228
1782 3300 876368
1785 1957 154378
1785 1984 436720
1785 3201 844519
1786 1898 468048
1787 2167 383867
1795 2185 38571
1796 3287 914551
1797 1959 307411
1797 2104 642614
1798 2205 964134
1798 2707 873036
1799 2190 580014
1799 2313 285081
1799 3408 22557
1801 1891 788579
1802 2421 505015
1803 2103 219367
1803 3618 890026
1804 2733 449629
1804 2889 697935
1806 2535 581813
1806 2712 341676
1807 3244 781925
1810 3897 581061
1811 3504 60218
1811 3808 287776
1811 4120 515048
1812 3674 658716
1813 2250 707387
1814 2195 624047
1814 3262 533514
1816 3131 898122
1816 3378 667921
1818 3253 71196
1822 3142 418368
1823 3988 721516
1824 2833 189318
1828 1895 978716
1828 2456 683214
1829 3641 872493
1829 3644 337491
1830 2070 241777
1830 2890 536953
1832 3418 227894
1833 3165 830868
1834 2254 688397
1834 2372 780527
1834 3935 9743
1835 1927 275471
1837 3432 566479
1845 2777 611052
1846 2193 938507
1848 2519 126472
1848 3476 211507
1849 2220 621593
1850 2046 59839
1850 2464 925039
1850 2791 270665
1850 3706 177653
1851 3063 65910
1851 3698 119743
1852 2921 420615
1853 3840 210651
1854 2938 417194
1857 2670 142967
1858 2886 894782
1860 2229 969535
1860 3364 828358
1860 3366 308205
1861 2658 437721
1862 1954 568772
1862 2375 766674
1863 3541 672132
1864 2402 967281
1864 3947 315713
1866 2499 29449
1866 3077 635668
1866 3928 458420
1867 2725 520179
1867 3708 82287
1868 2136 816851
1868 2155 796545
1869 2540 239855
1869 3010 766489
1871 2206 695901
1873 3700 230504
1873 4098 782340
1875 2048 824020
1875 2926 49602
1876 2275 917119
1876 3873 280114
1877 3341 871649
1877 3488 56174
1877 3757 611185
1879 1992 266427
1879 2936 491346
1879 3046 954848
1880 2263 480057
1880 2568 306723
1882 2207 718578
1883 1958 49002
1883 3022 811511
1883 3512 883950
1884 3959 151488
1889 2892 326429
1891 2637 794251
1891 3971 533644
1892 2312 655209
1893 3305 883733
1894 3554 762590
1896 3842 450932
1898 3090 380030
1899 3093 595100
1900 2516 232353
1900 2771 771690
1900 3211 645812
1901 3178 41124
1903 2751 534542
1905 1933 195225
1905 2585 288742
1905 3877 875369
1906 2166 699862
1906 3383 61229
1906 3570 844961
1907 3120 511933
1907 3846 290301
1909 2318 526768
1910 2494 44908
1910 3092 560639
1912 3875 195841
1914 2413 861184
1916 2116 928871
1918 2716 399955
1920 1930 467698
1921 2314 922901
1921 2615 422647
1922 2331 381761
1923 4051 528003
1925 2414 239724
1926 3319 419725
1927 2159 840101
1927 2808 653504
1930 3545 613997
1930 3573 664182
1932 2001 223515
1933 1944 372050
1936 2065 253500
1938 2759 184267
1938 3731 115846
1939 2661 615012
1940 2898 309833
1940 2967 964990
1941 3517 717000
1942 2042 172544
1943 2057 657293
1943 2595 630596
1943 3514 351981
1946 2164 216043
1947 2058 19331
1948 2593 571767
1948 3851 618492
1949 3272 951948
1951 2817 295568
1952 3642 879556
1953 2162 980405
1954 3715 283458
1955 3523 935988
1956 2297 490025
1957 2067 859264
1957 2534 520909
1957 3002 553072
1958 3869 435813
1959 2844 287387
1959 3806 535209
1961 2069 559967
1963 2769 906229
1963 3580 567420
1963 3748 528287
1964 2850 50721
1965 3461 336964
1965 3891 834448
1968 3668 143266
1970 2079 147386
1971 2144 905121
1971 2458 403968
1974 2247 238196
1976 2097 545815
1978 2117 159280
1978 3562 272475
1982 2676 164693
1983 2197 194711
1983 2798 656308
1984 2362 632236
1985 3439 772945
1986 2977 683195
1989 2068 389708
1990 3321 497545
1992 2594 233609
1992 3752 117311
1993 2415 874171
1993 3337 378826
1994 2334 346337
1998 2378 355060
1998 2420 339968
1998 3311 471966
1999 3367 43391
1999 3666 967990
2000 2718 635660
2000 3884 759924
2002 2813 675785
2002 3821 529628
2003 2396 214567
2005 2345 549087
2005 2577 968920
2006 2959 850669
2009 3960 240234
2011 3169 882546
2012 2014 693974
2013 2702 693909
2014 3856 511996
2016 3260 590209
2016 3506 282968
2017 2386 285248
2023 3974 778062
2025 3589 360970
2026 3828 582027
2030 2696 856344
2032 3769 307761
2035 2121 362490
2035 2214 885571
2036 3193 700797
2038 2511 694739
2041 3413 609317
2043 3989 543408
2045 3777 910296
2046 3375 794774
2047 2848 291959
2049 2145 918698
2050 2659 228074
2050 2799 24179
2052 2488 438166
2052 3177 683499
2054 2857 593480
2056 2918 430531
2057 3259 614414
2058 3831 551741
2060 2618 685002
2063 2244 370307
2063 2973 194730
2066 2647 877736
2068 3210 763118
2069 2171 476807
2070 2603 296667
2070 4119 8660
2072 2826 189434
2076 2395 326991
2077 2925 538539
2079 2571 10173
2080 2644 160495
2081 2285 981662
2086 2883 233929
2087 2462 591349
2087 3261 927103
2088 2547 758923
2091 2215 117015
2093 3861 622745
2095 2316 858399
2099 4017 935364
2101 2674 714894
2101 3602 122663
2102 2272 439105
2103 2947 18082
2105 3017 712661
2107 2824 362525
2107 3513 308025
2109 2124 529149
2109 2390 578062
2111 3686 136543
2114 3389 571004
2115 3069 329123
2116 3762 210644
2117 2417 145444
2123 2251 215543
2126 3993 186839
2127 2610 344316
2127 3446 448216
2128 3281 278065
2129 2606 830782
2129 2734 102388
2130 3162 31439
2130 3284 975463
2132 2607 476421
2132 2739 244914
2133 3021 746087
2135 2575 1721
2139 2520 152575
2140 3838 868171
2141 2440 164542
2144 3546 769025
2146 3301 725612
2150 3060 490540
2152 2277 403040
2152 2673 981226
2154 2467 540291
2154 3590 71756
2155 2443 756463
2157 2368 65988
2157 2591 600829
2157 2867 249142
2158 3113 489180
2158 3970 781876
2162 2622 989780
2162 2758 375158
2163 2597 44698
2164 2405 350097
2165 2943 958855
2168 3125 164768
2168 3352 835502
2168 3587 693044
2170 2990 332623
2171 2800 846978
2173 3775 55156
2175 3534 160446
2176 3499 778075
2178 2559 123513
2178 3531 188646
2178 3791 412279
2180 2481 224128
2180 2522 433255
2180 3922 294874
2182 2323 197998
2183 3730 931145
2185 2731 496573
2185 2998 146955
2186 3640 449048
2186 4072 464723
2189 3750 708251
2190 2320 543381
2190 3913 360319
2194 2971 973379
2194 3999 847325
2195 2905 58308
2196 3031 360103
2197 3066 36089
2199 2944 95279
2200 3283 796391
2201 3604 423033
2201 3905 806301
2203 3041 566281
2204 2360 578235
2208 3141 535261
2209 3829 664878
2212 4121 957063
2214 3493 249180
2214 3713 768699
2218 2509 118797
2220 3925 820419
2221 3551 589837
2222 2302 73583
2222 2682 297852
2228 2633 798899
2228 3474 189141
2230 3088 724489
2238 3542 688062
2241 2723 59221
2241 3961 33269
2242 4008 610081
2244 3115 123844
2245 2262 795971
2245 2271 948373
2247 3809 905967
2248 4039 121989
2251 2963 110619
2251 3645 139685
2252 2689 230419
2252 4083 216435
2256 3863 483828
2256 4097 735138
2257 3124 383860
2257 3218 946912
2258 2308 561143
2258 2338 512624
2258 3878 513568
2258 4011 803396
2261 2329 542294
2264 3180 954118
2264 3553 395853
2266 2949 805518
2266 4079 184703
2269 3595 529007
2269 3958 647987
2270 3064 498421
2271 4077 461361
2279 3475 844728
2279 3719 517488
2282 2453 847798
2283 3898 874914
2288 3565 9927
2291 3411 75438
2292 3279 270300
2293 3316 854305
2294 3073 586234
2295 2743 419298
2299 2301 558103
2299 3637 768686
2301 2964 660665
2301 3151 411069
2301 3816 160866
2302 3844 998732
2304 3569 797239
2305 2958 659624
2306 2447 331314
2306 2815 268083
2306 2979 218408
2307 4089 599969
2309 2832 94925
2309 4122 557337
2310 3157 303701
2312 4050 68900
2317 2635 927818
2317 3709 678393
2317 3717 168032
2318 2463 978068
2319 3217 12740
2321 3172 60848
2321 3216 240927
2328 2512 226348
2328 3271 480418
2329 3810 233062
2334 3187 577540
2337 3756 688170
2339 3949 419903
2340 2907 706449
2341 2349 892525
2341 3127 943238
2343 2649 412708
2344 3492 331647
2346 3297 841387
2349 2847 672446
2350 2882 354961
2353 3940 17058
2356 3184 461704
2357 2359 921743
2359 4014 746172
2361 2728 327992
2361 3557 574623
2362 3338 746079
2364 2738 564195
2366 3148 587496
2366 3258 626286
2366 3592 606987
2368 2816 491963
2368 2861 831095
2369 2646 759315
2372 2906 262057
2374 2863 315018
2378 3555 360748
2379 3663 554648
2382 3197 432519
2382 3728 88342
2383 2727 888030
2384 2948 620765
2385 3078 543273
2387 2565 591390
2390 3003 53717
2391 2527 452870
2397 2792 934490
2399 3247 308139
2400 3431 370066
2400 3982 498741
2402 3399 183936
2403 2605 397586
2403 2940 166123
2406 3365 159203
2409 2471 870618
2410 3110 256180
2415 2552 423882
2415 2554 88349
2417 3333 772303
2419 3034 85172
2419 3800 491045
2426 2900 994236
2426 3052 270357
2426 3154 846381
2428 3175 825118
2431 2626 103984
2432 2667 57418
2432 3248 719063
2435 2530 460477
2436 4113 848685
2439 3453 163968
2439 4031 5022
2442 2608 643317
2443 2681 377709
2444 3391 279214
2447 3030 188531
2448 3770 21099
2448 3815 450455
2450 2655 787255
2450 2719 348661
2452 3647 496888
2452 3768 685331
2459 2908 863620
2460 2628 896568
2460 2694 794999
2461 2660 152398
2462 2657 858286
2463 2679 791787
2468 3404 556595
2470 3136 315675
2473 2517 356104
2475 2602 789407
2477 2920 3051
2485 3183 388795
2490 2919 867691
2490 3350 197308
2494 3721 200756
2495 3107 756329
2496 2960 41923
2502 2922 304377
2504 2574 325539
2506 2994 476127
2507 3269 494458
2510 3123 757804
2512 3479 456765
2512 3498 688115
2517 2803 930866
2518 3068 590542
2520 2796 804770
2520 3707 132475
2522 3908 598308
2525 2592 760759
2530 4006 274356
2531 2762 91328
2532 3347 181097
2532 3852 326976
2536 4069 243397
2540 2913 859824
2540 3143 190164
2541 2856 338305
2541 4117 96088
2544 3406 748708
2549 2864 991801
2550 2704 239975
2551 2683 500377
2551 3521 424125
2551 3525 67429
2554 2611 9855
2556 3659 305148
2557 3007 908920
2557 3451 90386
2558 3232 975950
2559 2840 672115
2563 3556 842945
2565 2978 128997
2566 2663 497783
2566 3173 890187
2566 3885 816780
2568 3412 952853
2570 3458 667795
2575 2616 903745
2575 3832 270103
2576 3782 130555
2578 3206 804122
2579 3442 292435
2583 3402 41725
2584 3594 770481
2587 2934 684030
2590 2621 693825
2592 4096 568466
2594 3783 126649
2607 2782 298316
2609 2656 756609
2609 3560 617776
2616 3681 958710
2617 4032 903406
2620 3733 723345
2626 3121 88303
2627 2868 302895
2630 2901 628358
2631 4035 148969
2635 2688 484311
2640 3742 690921
2642 3056 598774
2648 4012 525069
2650 2839 259702
2651 3796 65345
2655 2819 435253
2657 3170 347178
2666 3009 31689
2670 3117 451228
2671 2895 564272
2673 3678 504430
2678 2766 562196
2678 3042 208269
2678 3392 634275
2679 2916 765407
2681 2955 620616
2681 3204 128822
2686 4071 109675
2689 3749 236351
2691 3609 402343
2692 4029 678491
2699 3027 553032
2699 3740 178958
2700 3327 21606
2708 3354 731222
2712 2846 209552
2712 3122 393589
2712 4116 342899
2714 3195 52266
2714 4018 412688
2715 3836 641458
2717 3979 286458
2723 3704 469204
2725 2961 849718
2727 2755 932964
2728 3396 699859
2728 3998 94273
2729 3312 714858
2730 3638 85612
2732 2794 57980
2735 3430 416597
2737 3227 555379
2738 3849 874466
2742 3724 34491
2744 3598 882160
2750 3037 123380
2750 3040 503889
2750 3462 697451
2751 3268 535462
2751 3434 866766
2752 3233 17549
2755 3152 42130
2762 3890 523274
2767 3158 528478
2769 3478 857614
2776 3559 378756
2778 3001 750153
2778 3607 401044
2778 3655 507052
2779 3198 271916
2780 3119 893840
2783 3912 366765
2784 4003 901426
2791 3255 414706
2793 3246 857194
2797 3739 600212
2798 3020 775739
2799 3024 631684
2799 3134 176146
2809 3522 267609
2812 3696 746223
2825 3014 973399
2826 3292 516114
2830 3164 128275
2831 3834 98980
2833 3348 319676
2834 2984 457882
2837 2999 679594
2847 2946 585651
2849 2859 330160
2853 3139 210564
2854 3059 372185
2854 3182 25165
2856 3202 449571
2856 3744 420750
2860 3360 141878
2861 3610 224364
2863 3741 119469
2869 3320 151275
2874 3972 431873
2875 3245 464487
2876 3129 544445
2878 3671 452006
2879 3624 51206
2885 3789 892174
2889 3081 666366
2892 2992 742195
2892 3222 996089
2892 3355 763332
2904 3533 345345
2910 3380 34552
2911 3293 484101
2911 3530 203015
2914 3215 915275
2915 3814 66011
2917 2935 320674
2919 3966 902554
2920 3290 68090
2920 3416 786392
2926 3071 556524
2927 3691 284
2927 3820 75117
2929 3954 155883
2932 3931 792147
2934 3676 345201
2935 3146 373979
2935 3440 34523
2936 3252 827534
2936 3860 227190
2941 3599 776559
2945 3758 47585
2948 3520 936095
2952 3186 772262
2954 3421 341254
2955 3622 501926
2956 3635 34073
2961 3550 82626
2962 2987 506482
2962 4019 822883
2965 3950 426991
2972 3792 379591
2972 4001 856707
2977 4024 327417
2977 4092 503465
2981 3398 276289
2983 3369 398832
2989 3651 277305
2996 3953 139465
2997 3746 807118
2999 3161 23269
3003 4038 906204
3005 3481 467831
3013 3956 133309
3014 3045 103225
3016 3213 40971
3016 3661 619520
3022 3048 359116
3024 3630 769195
3024 4052 530414
3025 3669 512436
3026 3486 760146
3028 3526 722009
3029 4111 350954
3035 3298 904598
3045 3345 515363
3047 3883 717442
3048 3894 757290
3050 3237 37753
3057 3266 968985
3058 3743 917244
3063 3324 539525
3073 3189 85756
3079 3226 709347
3084 3393 866728
3085 3094 446598
3086 4073 285601
3109 3325 990844
3112 3673 427557
3119 3250 629659
3124 3774 820745
3133 3765 47210
3135 3140 339850
3135 3353 894935
3143 3923 832299
3146 3286 698392
3149 3409 253848
3149 3978 436933
3150 3307 368958
3156 3729 773216
3157 4081 455044
3159 3591 664491
3162 3909 174014
3163 3296 975360
3165 4100 979269
3175 3207 519545
3181 3288 626953
3184 3679 244733
3185 3636 127869
3199 3214 952443
3200 3584 653603
3202 3277 436020
3203 3335 278223
3212 3628 277041
3213 3994 603910
3215 3379 761251
3219 3405 520531
3221 3984 736754
3224 3997 843374
3224 4034 91610
3225 3315 373823
3225 3344 525701
3225 3516 50216
3233 3702 179110
3234 3336 658129
3234 3794 508512
3242 3382 926511
3243 3381 151591
3247 3747 472095
3249 3901 716750
3249 3919 753126
3262 3862 105382
3265 3385 774229
3272 3613 603396
3293 4000 778734
3294 4078 63501
3297 3616 235190
3314 3893 725109
3323 4057 234477
3333 4082 982777
3336 3578 306710
3337 3536 658075
3342 3826 793069
3353 3664 174633
3357 3518 973609
3360 3995 997509
3361 4075 804043
3362 3447 544657
3364 3445 948371
3366 3977 671584
3372 3701 408490
3373 3629 444071
3379 4002 624263
3383 3830 905828
3383 3939 859063
3389 4085 263077
3399 3914 771074
3406 3943 480697
3409 3469 588104
3410 3574 951415
3412 3882 492962
3412 3903 858433
3421 3822 670434
3424 3568 711645
3427 3495 80041
3435 3472 578810
3435 3563 140418
3437 3508 37683
3438 3658 507424
3452 3732 277967
3453 3754 116717
3460 3819 413895
3469 3672 540198
3472 3544 638647
3484 3767 51137
3493 4093 837639
3503 3510 312902
3503 3951 892924
3503 4016 482882
3504 3527 9774
3515 3695 188263
3526 3639 879445
3528 4005 675555
3549 3611 882068
3550 4053 222562
3561 3871 336133
3573 3682 255802
3574 3804 779184
3575 3606 395057
3582 3608 307372
3605 3952 629571
3608 3688 891041
3613 3689 505395
3613 3745 975217
3613 3763 66061
3616 4059 309947
3628 4101 316416
3636 4099 709769
3660 3705 850381
3667 3798 382947
3673 3843 510367
3681 3900 608538
3691 4028 817718
3698 4047 642725
3700 4067 753777
3706 3722 553746
3709 3764 915864
3712 3735 76732
3712 4068 470946
3741 3924 677999
3743 3847 863686
3755 3955 936152
3760 3911 417687
3786 3907 367412
3791 4049 583691
3803 4013 544438
3829 3876 963464
3841 3899 979475
3844 3981 533250
3924 3983 328867
3948 4010 343271
3965 3996 142765
4037 4086 598226
4040 4076 274464
4065 4095 862034
4085 4102 810414
4087 4103 424994
