10000 10
1 2 3 4 5 6 7 8 9 10
1 2
2 3
3 4
4 5
5 6
6 7
7 8
8 9
9 10
10 11
11 12
12 13
13 14
14 15
15 16
16 17
17 18
18 19
19 20
20 21
21 22
22 23
23 24
24 25
25 26
26 27
27 28
28 29
29 30
30 31
31 32
32 33
33 34
34 35
35 36
36 37
37 38
38 39
39 40
40 41
41 42
42 43
43 44
44 45
45 46
46 47
47 48
48 49
49 50
50 51
51 52
52 53
53 54
54 55
55 56
56 57
57 58
58 59
59 60
60 61
61 62
62 63
63 64
64 65
65 66
66 67
67 68
68 69
69 70
70 71
71 72
72 73
73 74
74 75
75 76
76 77
77 78
78 79
79 80
80 81
81 82
82 83
83 84
84 85
85 86
86 87
87 88
88 89
89 90
90 91
91 92
92 93
93 94
94 95
95 96
96 97
97 98
98 99
99 100
100 101
101 102
102 103
103 104
104 105
105 106
106 107
107 108
108 109
109 110
110 111
111 112
112 113
113 114
114 115
115 116
116 117
117 118
118 119
119 120
120 121
121 122
122 123
123 124
124 125
125 126
126 127
127 128
128 129
129 130
130 131
131 132
132 133
133 134
134 135
135 136
136 137
137 138
138 139
139 140
140 141
141 142
142 143
143 144
144 145
145 146
146 147
147 148
148 149
149 150
150 151
151 152
152 153
153 154
154 155
155 156
156 157
157 158
158 159
159 160
160 161
161 162
162 163
163 164
164 165
165 166
166 167
167 168
168 169
169 170
170 171
171 172
172 173
173 174
174 175
175 176
176 177
177 178
178 179
179 180
180 181
181 182
182 183
183 184
184 185
185 186
186 187
187 188
188 189
189 190
190 191
191 192
192 193
193 194
194 195
195 196
196 197
197 198
198 199
199 200
200 201
201 202
202 203
203 204
204 205
205 206
206 207
207 208
208 209
209 210
210 211
211 212
212 213
213 214
214 215
215 216
216 217
217 218
218 219
219 220
220 221
221 222
222 223
223 224
224 225
225 226
226 227
227 228
228 229
229 230
230 231
231 232
232 233
233 234
234 235
235 236
236 237
237 238
238 239
239 240
240 241
241 242
242 243
243 244
244 245
245 246
246 247
247 248
248 249
249 250
250 251
251 252
252 253
253 254
254 255
255 256
256 257
257 258
258 259
259 260
260 261
261 262
262 263
263 264
264 265
265 266
266 267
267 268
268 269
269 270
270 271
271 272
272 273
273 274
274 275
275 276
276 277
277 278
278 279
279 280
280 281
281 282
282 283
283 284
284 285
285 286
286 287
287 288
288 289
289 290
290 291
291 292
292 293
293 294
294 295
295 296
296 297
297 298
298 299
299 300
300 301
301 302
302 303
303 304
304 305
305 306
306 307
307 308
308 309
309 310
310 311
311 312
312 313
313 314
314 315
315 316
316 317
317 318
318 319
319 320
320 321
321 322
322 323
323 324
324 325
325 326
326 327
327 328
328 329
329 330
330 331
331 332
332 333
333 334
334 335
335 336
336 337
337 338
338 339
339 340
340 341
341 342
342 343
343 344
344 345
345 346
346 347
347 348
348 349
349 350
350 351
351 352
352 353
353 354
354 355
355 356
356 357
357 358
358 359
359 360
360 361
361 362
362 363
363 364
364 365
365 366
366 367
367 368
368 369
369 370
370 371
371 372
372 373
373 374
374 375
375 376
376 377
377 378
378 379
379 380
380 381
381 382
382 383
383 384
384 385
385 386
386 387
387 388
388 389
389 390
390 391
391 392
392 393
393 394
394 395
395 396
396 397
397 398
398 399
399 400
400 401
401 402
402 403
403 404
404 405
405 406
406 407
407 408
408 409
409 410
410 411
411 412
412 413
413 414
414 415
415 416
416 417
417 418
418 419
419 420
420 421
421 422
422 423
423 424
424 425
425 426
426 427
427 428
428 429
429 430
430 431
431 432
432 433
433 434
434 435
435 436
436 437
437 438
438 439
439 440
440 441
441 442
442 443
443 444
444 445
445 446
446 447
447 448
448 449
449 450
450 451
451 452
452 453
453 454
454 455
455 456
456 457
457 458
458 459
459 460
460 461
461 462
462 463
463 464
464 465
465 466
466 467
467 468
468 469
469 470
470 471
471 472
472 473
473 474
474 475
475 476
476 477
477 478
478 479
479 480
480 481
481 482
482 483
483 484
484 485
485 486
486 487
487 488
488 489
489 490
490 491
491 492
492 493
493 494
494 495
495 496
496 497
497 498
498 499
499 500
500 501
501 502
502 503
503 504
504 505
505 506
506 507
507 508
508 509
509 510
510 511
511 512
512 513
513 514
514 515
515 516
516 517
517 518
518 519
519 520
520 521
521 522
522 523
523 524
524 525
525 526
526 527
527 528
528 529
529 530
530 531
531 532
532 533
533 534
534 535
535 536
536 537
537 538
538 539
539 540
540 541
541 542
542 543
543 544
544 545
545 546
546 547
547 548
548 549
549 550
550 551
551 552
552 553
553 554
554 555
555 556
556 557
557 558
558 559
559 560
560 561
561 562
562 563
563 564
564 565
565 566
566 567
567 568
568 569
569 570
570 571
571 572
572 573
573 574
574 575
575 576
576 577
577 578
578 579
579 580
580 581
581 582
582 583
583 584
584 585
585 586
586 587
587 588
588 589
589 590
590 591
591 592
592 593
593 594
594 595
595 596
596 597
597 598
598 599
599 600
600 601
601 602
602 603
603 604
604 605
605 606
606 607
607 608
608 609
609 610
610 611
611 612
612 613
613 614
614 615
615 616
616 617
617 618
618 619
619 620
620 621
621 622
622 623
623 624
624 625
625 626
626 627
627 628
628 629
629 630
630 631
631 632
632 633
633 634
634 635
635 636
636 637
637 638
638 639
639 640
640 641
641 642
642 643
643 644
644 645
645 646
646 647
647 648
648 649
649 650
650 651
651 652
652 653
653 654
654 655
655 656
656 657
657 658
658 659
659 660
660 661
661 662
662 663
663 664
664 665
665 666
666 667
667 668
668 669
669 670
670 671
671 672
672 673
673 674
674 675
675 676
676 677
677 678
678 679
679 680
680 681
681 682
682 683
683 684
684 685
685 686
686 687
687 688
688 689
689 690
690 691
691 692
692 693
693 694
694 695
695 696
696 697
697 698
698 699
699 700
700 701
701 702
702 703
703 704
704 705
705 706
706 707
707 708
708 709
709 710
710 711
711 712
712 713
713 714
714 715
715 716
716 717
717 718
718 719
719 720
720 721
721 722
722 723
723 724
724 725
725 726
726 727
727 728
728 729
729 730
730 731
731 732
732 733
733 734
734 735
735 736
736 737
737 738
738 739
739 740
740 741
741 742
742 743
743 744
744 745
745 746
746 747
747 748
748 749
749 750
750 751
751 752
752 753
753 754
754 755
755 756
756 757
757 758
758 759
759 760
760 761
761 762
762 763
763 764
764 765
765 766
766 767
767 768
768 769
769 770
770 771
771 772
772 773
773 774
774 775
775 776
776 777
777 778
778 779
779 780
780 781
781 782
782 783
783 784
784 785
785 786
786 787
787 788
788 789
789 790
790 791
791 792
792 793
793 794
794 795
795 796
796 797
797 798
798 799
799 800
800 801
801 802
802 803
803 804
804 805
805 806
806 807
807 808
808 809
809 810
810 811
811 812
812 813
813 814
814 815
815 816
816 817
817 818
818 819
819 820
820 821
821 822
822 823
823 824
824 825
825 826
826 827
827 828
828 829
829 830
830 831
831 832
832 833
833 834
834 835
835 836
836 837
837 838
838 839
839 840
840 841
841 842
842 843
843 844
844 845
845 846
846 847
847 848
848 849
849 850
850 851
851 852
852 853
853 854
854 855
855 856
856 857
857 858
858 859
859 860
860 861
861 862
862 863
863 864
864 865
865 866
866 867
867 868
868 869
869 870
870 871
871 872
872 873
873 874
874 875
875 876
876 877
877 878
878 879
879 880
880 881
881 882
882 883
883 884
884 885
885 886
886 887
887 888
888 889
889 890
890 891
891 892
892 893
893 894
894 895
895 896
896 897
897 898
898 899
899 900
900 901
901 902
902 903
903 904
904 905
905 906
906 907
907 908
908 909
909 910
910 911
911 912
912 913
913 914
914 915
915 916
916 917
917 918
918 919
919 920
920 921
921 922
922 923
923 924
924 925
925 926
926 927
927 928
928 929
929 930
930 931
931 932
932 933
933 934
934 935
935 936
936 937
937 938
938 939
939 940
940 941
941 942
942 943
943 944
944 945
945 946
946 947
947 948
948 949
949 950
950 951
951 952
952 953
953 954
954 955
955 956
956 957
957 958
958 959
959 960
960 961
961 962
962 963
963 964
964 965
965 966
966 967
967 968
968 969
969 970
970 971
971 972
972 973
973 974
974 975
975 976
976 977
977 978
978 979
979 980
980 981
981 982
982 983
983 984
984 985
985 986
986 987
987 988
988 989
989 990
990 991
991 992
992 993
993 994
994 995
995 996
996 997
997 998
998 999
999 1000
1000 1001
1001 1002
1002 1003
1003 1004
1004 1005
1005 1006
1006 1007
1007 1008
1008 1009
1009 1010
1010 1011
1011 1012
1012 1013
1013 1014
1014 1015
1015 1016
1016 1017
1017 1018
1018 1019
1019 1020
1020 1021
1021 1022
1022 1023
1023 1024
1024 1025
1025 1026
1026 1027
1027 1028
1028 1029
1029 1030
1030 1031
1031 1032
1032 1033
1033 1034
1034 1035
1035 1036
1036 1037
1037 1038
1038 1039
1039 1040
1040 1041
1041 1042
1042 1043
1043 1044
1044 1045
1045 1046
1046 1047
1047 1048
1048 1049
1049 1050
1050 1051
1051 1052
1052 1053
1053 1054
1054 1055
1055 1056
1056 1057
1057 1058
1058 1059
1059 1060
1060 1061
1061 1062
1062 1063
1063 1064
1064 1065
1065 1066
1066 1067
1067 1068
1068 1069
1069 1070
1070 1071
1071 1072
1072 1073
1073 1074
1074 1075
1075 1076
1076 1077
1077 1078
1078 1079
1079 1080
1080 1081
1081 1082
1082 1083
1083 1084
1084 1085
1085 1086
1086 1087
1087 1088
1088 1089
1089 1090
1090 1091
1091 1092
1092 1093
1093 1094
1094 1095
1095 1096
1096 1097
1097 1098
1098 1099
1099 1100
1100 1101
1101 1102
1102 1103
1103 1104
1104 1105
1105 1106
1106 1107
1107 1108
1108 1109
1109 1110
1110 1111
1111 1112
1112 1113
1113 1114
1114 1115
1115 1116
1116 1117
1117 1118
1118 1119
1119 1120
1120 1121
1121 1122
1122 1123
1123 1124
1124 1125
1125 1126
1126 1127
1127 1128
1128 1129
1129 1130
1130 1131
1131 1132
1132 1133
1133 1134
1134 1135
1135 1136
1136 1137
1137 1138
1138 1139
1139 1140
1140 1141
1141 1142
1142 1143
1143 1144
1144 1145
1145 1146
1146 1147
1147 1148
1148 1149
1149 1150
1150 1151
1151 1152
1152 1153
1153 1154
1154 1155
1155 1156
1156 1157
1157 1158
1158 1159
1159 1160
1160 1161
1161 1162
1162 1163
1163 1164
1164 1165
1165 1166
1166 1167
1167 1168
1168 1169
1169 1170
1170 1171
1171 1172
1172 1173
1173 1174
1174 1175
1175 1176
1176 1177
1177 1178
1178 1179
1179 1180
1180 1181
1181 1182
1182 1183
1183 1184
1184 1185
1185 1186
1186 1187
1187 1188
1188 1189
1189 1190
1190 1191
1191 1192
1192 1193
1193 1194
1194 1195
1195 1196
1196 1197
1197 1198
1198 1199
1199 1200
1200 1201
1201 1202
1202 1203
1203 1204
1204 1205
1205 1206
1206 1207
1207 1208
1208 1209
1209 1210
1210 1211
1211 1212
1212 1213
1213 1214
1214 1215
1215 1216
1216 1217
1217 1218
1218 1219
1219 1220
1220 1221
1221 1222
1222 1223
1223 1224
1224 1225
1225 1226
1226 1227
1227 1228
1228 1229
1229 1230
1230 1231
1231 1232
1232 1233
1233 1234
1234 1235
1235 1236
1236 1237
1237 1238
1238 1239
1239 1240
1240 1241
1241 1242
1242 1243
1243 1244
1244 1245
1245 1246
1246 1247
1247 1248
1248 1249
1249 1250
1250 1251
1251 1252
1252 1253
1253 1254
1254 1255
1255 1256
1256 1257
1257 1258
1258 1259
1259 1260
1260 1261
1261 1262
1262 1263
1263 1264
1264 1265
1265 1266
1266 1267
1267 1268
1268 1269
1269 1270
1270 1271
1271 1272
1272 1273
1273 1274
1274 1275
1275 1276
1276 1277
1277 1278
1278 1279
1279 1280
1280 1281
1281 1282
1282 1283
1283 1284
1284 1285
1285 1286
1286 1287
1287 1288
1288 1289
1289 1290
1290 1291
1291 1292
1292 1293
1293 1294
1294 1295
1295 1296
1296 1297
1297 1298
1298 1299
1299 1300
1300 1301
1301 1302
1302 1303
1303 1304
1304 1305
1305 1306
1306 1307
1307 1308
1308 1309
1309 1310
1310 1311
1311 1312
1312 1313
1313 1314
1314 1315
1315 1316
1316 1317
1317 1318
1318 1319
1319 1320
1320 1321
1321 1322
1322 1323
1323 1324
1324 1325
1325 1326
1326 1327
1327 1328
1328 1329
1329 1330
1330 1331
1331 1332
1332 1333
1333 1334
1334 1335
1335 1336
1336 1337
1337 1338
1338 1339
1339 1340
1340 1341
1341 1342
1342 1343
1343 1344
1344 1345
1345 1346
1346 1347
1347 1348
1348 1349
1349 1350
1350 1351
1351 1352
1352 1353
1353 1354
1354 1355
1355 1356
1356 1357
1357 1358
1358 1359
1359 1360
1360 1361
1361 1362
1362 1363
1363 1364
1364 1365
1365 1366
1366 1367
1367 1368
1368 1369
1369 1370
1370 1371
1371 1372
1372 1373
1373 1374
1374 1375
1375 1376
1376 1377
1377 1378
1378 1379
1379 1380
1380 1381
1381 1382
1382 1383
1383 1384
1384 1385
1385 1386
1386 1387
1387 1388
1388 1389
1389 1390
1390 1391
1391 1392
1392 1393
1393 1394
1394 1395
1395 1396
1396 1397
1397 1398
1398 1399
1399 1400
1400 1401
1401 1402
1402 1403
1403 1404
1404 1405
1405 1406
1406 1407
1407 1408
1408 1409
1409 1410
1410 1411
1411 1412
1412 1413
1413 1414
1414 1415
1415 1416
1416 1417
1417 1418
1418 1419
1419 1420
1420 1421
1421 1422
1422 1423
1423 1424
1424 1425
1425 1426
1426 1427
1427 1428
1428 1429
1429 1430
1430 1431
1431 1432
1432 1433
1433 1434
1434 1435
1435 1436
1436 1437
1437 1438
1438 1439
1439 1440
1440 1441
1441 1442
1442 1443
1443 1444
1444 1445
1445 1446
1446 1447
1447 1448
1448 1449
1449 1450
1450 1451
1451 1452
1452 1453
1453 1454
1454 1455
1455 1456
1456 1457
1457 1458
1458 1459
1459 1460
1460 1461
1461 1462
1462 1463
1463 1464
1464 1465
1465 1466
1466 1467
1467 1468
1468 1469
1469 1470
1470 1471
1471 1472
1472 1473
1473 1474
1474 1475
1475 1476
1476 1477
1477 1478
1478 1479
1479 1480
1480 1481
1481 1482
1482 1483
1483 1484
1484 1485
1485 1486
1486 1487
1487 1488
1488 1489
1489 1490
1490 1491
1491 1492
1492 1493
1493 1494
1494 1495
1495 1496
1496 1497
1497 1498
1498 1499
1499 1500
1500 1501
1501 1502
1502 1503
1503 1504
1504 1505
1505 1506
1506 1507
1507 1508
1508 1509
1509 1510
1510 1511
1511 1512
1512 1513
1513 1514
1514 1515
1515 1516
1516 1517
1517 1518
1518 1519
1519 1520
1520 1521
1521 1522
1522 1523
1523 1524
1524 1525
1525 1526
1526 1527
1527 1528
1528 1529
1529 1530
1530 1531
1531 1532
1532 1533
1533 1534
1534 1535
1535 1536
1536 1537
1537 1538
1538 1539
1539 1540
1540 1541
1541 1542
1542 1543
1543 1544
1544 1545
1545 1546
1546 1547
1547 1548
1548 1549
1549 1550
1550 1551
1551 1552
1552 1553
1553 1554
1554 1555
1555 1556
1556 1557
1557 1558
1558 1559
1559 1560
1560 1561
1561 1562
1562 1563
1563 1564
1564 1565
1565 1566
1566 1567
1567 1568
1568 1569
1569 1570
1570 1571
1571 1572
1572 1573
1573 1574
1574 1575
1575 1576
1576 1577
1577 1578
1578 1579
1579 1580
1580 1581
1581 1582
1582 1583
1583 1584
1584 1585
1585 1586
1586 1587
1587 1588
1588 1589
1589 1590
1590 1591
1591 1592
1592 1593
1593 1594
1594 1595
1595 1596
1596 1597
1597 1598
1598 1599
1599 1600
1600 1601
1601 1602
1602 1603
1603 1604
1604 1605
1605 1606
1606 1607
1607 1608
1608 1609
1609 1610
1610 1611
1611 1612
1612 1613
1613 1614
1614 1615
1615 1616
1616 1617
1617 1618
1618 1619
1619 1620
1620 1621
1621 1622
1622 1623
1623 1624
1624 1625
1625 1626
1626 1627
1627 1628
1628 1629
1629 1630
1630 1631
1631 1632
1632 1633
1633 1634
1634 1635
1635 1636
1636 1637
1637 1638
1638 1639
1639 1640
1640 1641
1641 1642
1642 1643
1643 1644
1644 1645
1645 1646
1646 1647
1647 1648
1648 1649
1649 1650
1650 1651
1651 1652
1652 1653
1653 1654
1654 1655
1655 1656
1656 1657
1657 1658
1658 1659
1659 1660
1660 1661
1661 1662
1662 1663
1663 1664
1664 1665
1665 1666
1666 1667
1667 1668
1668 1669
1669 1670
1670 1671
1671 1672
1672 1673
1673 1674
1674 1675
1675 1676
1676 1677
1677 1678
1678 1679
1679 1680
1680 1681
1681 1682
1682 1683
1683 1684
1684 1685
1685 1686
1686 1687
1687 1688
1688 1689
1689 1690
1690 1691
1691 1692
1692 1693
1693 1694
1694 1695
1695 1696
1696 1697
1697 1698
1698 1699
1699 1700
1700 1701
1701 1702
1702 1703
1703 1704
1704 1705
1705 1706
1706 1707
1707 1708
1708 1709
1709 1710
1710 1711
1711 1712
1712 1713
1713 1714
1714 1715
1715 1716
1716 1717
1717 1718
1718 1719
1719 1720
1720 1721
1721 1722
1722 1723
1723 1724
1724 1725
1725 1726
1726 1727
1727 1728
1728 1729
1729 1730
1730 1731
1731 1732
1732 1733
1733 1734
1734 1735
1735 1736
1736 1737
1737 1738
1738 1739
1739 1740
1740 1741
1741 1742
1742 1743
1743 1744
1744 1745
1745 1746
1746 1747
1747 1748
1748 1749
1749 1750
1750 1751
1751 1752
1752 1753
1753 1754
1754 1755
1755 1756
1756 1757
1757 1758
1758 1759
1759 1760
1760 1761
1761 1762
1762 1763
1763 1764
1764 1765
1765 1766
1766 1767
1767 1768
1768 1769
1769 1770
1770 1771
1771 1772
1772 1773
1773 1774
1774 1775
1775 1776
1776 1777
1777 1778
1778 1779
1779 1780
1780 1781
1781 1782
1782 1783
1783 1784
1784 1785
1785 1786
1786 1787
1787 1788
1788 1789
1789 1790
1790 1791
1791 1792
1792 1793
1793 1794
1794 1795
1795 1796
1796 1797
1797 1798
1798 1799
1799 1800
1800 1801
1801 1802
1802 1803
1803 1804
1804 1805
1805 1806
1806 1807
1807 1808
1808 1809
1809 1810
1810 1811
1811 1812
1812 1813
1813 1814
1814 1815
1815 1816
1816 1817
1817 1818
1818 1819
1819 1820
1820 1821
1821 1822
1822 1823
1823 1824
1824 1825
1825 1826
1826 1827
1827 1828
1828 1829
1829 1830
1830 1831
1831 1832
1832 1833
1833 1834
1834 1835
1835 1836
1836 1837
1837 1838
1838 1839
1839 1840
1840 1841
1841 1842
1842 1843
1843 1844
1844 1845
1845 1846
1846 1847
1847 1848
1848 1849
1849 1850
1850 1851
1851 1852
1852 1853
1853 1854
1854 1855
1855 1856
1856 1857
1857 1858
1858 1859
1859 1860
1860 1861
1861 1862
1862 1863
1863 1864
1864 1865
1865 1866
1866 1867
1867 1868
1868 1869
1869 1870
1870 1871
1871 1872
1872 1873
1873 1874
1874 1875
1875 1876
1876 1877
1877 1878
1878 1879
1879 1880
1880 1881
1881 1882
1882 1883
1883 1884
1884 1885
1885 1886
1886 1887
1887 1888
1888 1889
1889 1890
1890 1891
1891 1892
1892 1893
1893 1894
1894 1895
1895 1896
1896 1897
1897 1898
1898 1899
1899 1900
1900 1901
1901 1902
1902 1903
1903 1904
1904 1905
1905 1906
1906 1907
1907 1908
1908 1909
1909 1910
1910 1911
1911 1912
1912 1913
1913 1914
1914 1915
1915 1916
1916 1917
1917 1918
1918 1919
1919 1920
1920 1921
1921 1922
1922 1923
1923 1924
1924 1925
1925 1926
1926 1927
1927 1928
1928 1929
1929 1930
1930 1931
1931 1932
1932 1933
1933 1934
1934 1935
1935 1936
1936 1937
1937 1938
1938 1939
1939 1940
1940 1941
1941 1942
1942 1943
1943 1944
1944 1945
1945 1946
1946 1947
1947 1948
1948 1949
1949 1950
1950 1951
1951 1952
1952 1953
1953 1954
1954 1955
1955 1956
1956 1957
1957 1958
1958 1959
1959 1960
1960 1961
1961 1962
1962 1963
1963 1964
1964 1965
1965 1966
1966 1967
1967 1968
1968 1969
1969 1970
1970 1971
1971 1972
1972 1973
1973 1974
1974 1975
1975 1976
1976 1977
1977 1978
1978 1979
1979 1980
1980 1981
1981 1982
1982 1983
1983 1984
1984 1985
1985 1986
1986 1987
1987 1988
1988 1989
1989 1990
1990 1991
1991 1992
1992 1993
1993 1994
1994 1995
1995 1996
1996 1997
1997 1998
1998 1999
1999 2000
2000 2001
624 8604
1561 5875
966 2521
166 4359
1569 7068
591 5634
1244 2266
561 2725
953 3320
420 2982
1521 7793
1712 3719
193 2897
1551 4031
367 8475
1358 4634
852 5622
1055 6117
212 6956
1045 6580
274 9015
433 5681
1934 5654
1840 4858
617 2876
873 9370
1084 4091
1169 5141
812 2680
9370 5020
1120 8334
1987 5910
408 3693
187 9453
621 3705
5875 9007
1889 4393
1462 7118
302 5931
702 6697
1353 6262
1630 9947
1011 5855
223 2608
5875 3789
986 6624
297 7664
1360 6020
1666 6199
374 2649
1171 8001
427 5104
1034 4653
187 2073
1594 3290
1964 6336
412 2602
534 5738
227 4991
933 2171
1475 7440
4858 8731
725 5151
722 2971
1611 4956
240 7825
3719 5050
122 8605
1485 6606
1974 8979
794 5982
535 8353
493 3236
1300 8642
1889 9843
1241 7226
86 8096
996 4931
404 3986
140 5942
167 8672
1775 9687
1701 9004
410 6445
1707 6459
1239 3904
1688 4186
141 4893
213 8879
1300 8694
1825 3597
1571 8754
449 5649
1593 2721
1960 7452
6956 6130
6336 9666
938 4454
358 7017
4991 7731
6606 2804
412 3078
1096 7706
171 3210
1826 6012
1057 3602
510 9780
366 4946
1884 7449
208 7586
1265 9297
393 4940
534 7943
1546 6710
244 7991
1224 6406
750 9968
70 4468
693 3239
886 5502
1031 5197
155 3851
1458 3664
1731 7506
971 2881
251 4151
253 6412
937 9547
971 4001
208 9364
1948 5500
891 8631
233 3084
1167 6946
890 5281
508 8868
163 9471
661 5921
660 6511
1876 8983
2897 3634
118 5819
9007 6523
1468 7355
75 4385
681 4367
67 5592
5875 9820
557 8654
1020 5167
983 5129
650 9080
1616 2147
1098 4171
788 9978
1078 4487
824 5901
1832 7948
201 2451
774 3096
341 6019
1318 2830
124 4918
362 9338
323 2133
1877 4955
467 8630
798 8061
7 2994
1367 4722
264 9048
811 3943
684 5125
30 5887
1152 4872
454 2450
8353 7218
666 4890
14 2041
887 5920
9666 2362
841 6521
1014 4376
1630 5932
1623 6970
106 5636
1450 3295
1508 5570
539 6077
1764 6326
1648 3203
2147 8336
1512 8636
1709 3818
263 4438
1807 2790
257 2012
2897 9009
1472 9273
1644 8712
377 5601
6199 6364
487 3568
27 2673
760 8579
1398 6829
1068 8425
8636 9356
630 6894
316 6017
1037 4932
1993 7901
365 8930
616 7513
1575 9357
180 4070
1656 3796
805 7334
979 5513
1961 8355
190 4208
974 6995
4634 5322
695 7016
878 8119
1795 7062
880 4824
409 3773
1573 3825
5129 3767
7218 4887
452 6081
1688 6152
8631 8238
1176 6272
983 6614
719 2052
1552 6316
249 7273
1711 8152
1229 7693
642 9531
1383 5688
289 9189
1917 5510
31 7331
429 3827
899 4499
463 8083
422 6729
981 2022
1543 8688
1389 2368
1354 8049
1333 4865
287 8590
759 4691
1559 3251
1003 3032
58 2300
1927 9312
381 6150
1982 6761
1518 4314
412 8450
1656 4735
1391 8526
1205 7611
1852 6291
1469 4915
1657 3069
1442 9635
9048 4838
518 9334
1529 2739
2680 9310
255 4565
496 8051
295 3761
147 6018
1396 7280
775 7847
425 6036
364 2769
481 4189
1186 8990
210 3017
1719 8674
7 7595
359 2167
1797 2325
668 8285
392 8149
481 6992
7118 2002
5622 2580
551 4911
313 7260
680 8377
645 8304
647 4834
1052 7236
786 8500
156 5341
245 4658
1330 3778
1535 2904
353 7622
1832 9688
1313 9852
858 7602
729 9162
1264 8883
1976 8845
423 6408
934 7146
1185 9484
1811 3806
1466 5383
293 3170
482 5097
1289 5482
6020 5724
583 3637
1222 7978
961 5777
1667 3665
518 9305
1064 9290
735 9366
809 9147
290 3696
451 9745
1060 9051
1379 4374
9051 2242
1482 9835
8450 8480
1559 3961
595 9150
1043 9220
524 3098
1452 4375
1683 9581
6580 4695
1660 9180
1439 6586
1196 7668
1624 3980
494 3283
174 7302
6697 2305
571 6377
1815 3608
9484 2449
1139 4916
1949 6161
1550 2037
5920 8687
1659 8295
1818 9913
1630 6931
1012 9836
876 5558
151 8980
2725 3145
1239 8326
463 6529
1961 6290
1928 5731
197 9204
1203 4128
212 8559
2790 5581
1520 6840
1914 2908
369 8974
1897 5722
586 5428
1397 2420
1583 9045
935 6043
1808 8404
465 6824
1047 9981
193 4616
1022 7231
1200 9360
531 8867
945 3669
573 5892
1893 8619
1666 4049
1096 2265
7218 4892
634 5446
1139 4052
1260 5450
1365 3418
1515 5349
747 7771
1246 2344
731 9499
1151 6628
1197 9590
1444 9487
1781 6396
1507 4553
6012 7844
1707 4432
1770 6684
1454 3482
394 3671
1495 2307
1089 8597
350 2551
550 3306
9666 2946
986 4788
1490 7242
1425 7200
1212 3869
240 2351
56 2841
1045 2523
1235 8891
38 5633
1373 9254
506 9480
1858 8626
218 5455
9780 7222
1060 5149
1688 7127
1777 3753
693 2231
859 6400
1512 8805
408 6005
1905 8266
1438 9122
1487 9526
861 3570
2769 2935
925 8125
171 2388
1463 5182
1903 2919
477 7493
1703 6300
548 8265
1617 7265
537 3114
736 3938
1090 6689
1308 5540
1085 7918
92 4349
411 3563
8450 6971
1371 5555
5197 4196
4932 6260
81 8259
4892 4482
1226 5958
308 3261
8266 4539
1769 6552
624 5332
687 4129
1456 5422
1474 5539
645 4141
4499 5101
8119 7652
1489 2671
40 5370
314 7909
3570 9046
1970 2379
1645 4944
1944 2672
263 7681
384 9408
1630 4689
93 3146
746 6318
482 8114
840 2718
966 3415
2721 7446
1974 4721
977 3455
533 6657
9487 3781
3290 5911
1609 9751
563 7917
9978 6545
1830 6059
308 3709
1457 5035
1813 4987
956 7253
1696 4281
470 3742
997 5998
1888 2306
796 4278
1874 6477
1322 4820
334 7479
1798 6145
1068 7169
1797 7537
1789 6177
832 9806
1927 9401
2450 3894
6931 7333
298 2186
93 9535
309 4631
5636 3381
235 5183
20 5170
827 9859
489 3058
402 8554
318 4105
841 6543
1608 2607
1235 8767
339 5240
86 8235
1300 5363
1091 5296
1118 3799
524 3545
9338 2188
529 6676
3851 9323
1244 2865
338 5109
879 2005
6377 8793
1337 5860
576 4106
867 8556
1355 4544
7844 2719
7793 2156
598 3495
1095 5181
5020 3100
604 5792
1166 9928
1495 2850
394 3774
829 3234
747 6599
1010 3502
1459 5845
1634 3296
1125 3527
1439 3379
1188 5134
476 9264
679 6383
1210 4563
1780 6338
1749 8143
17 8422
682 8837
1582 6221
1737 9907
1116 9758
9635 2937
979 9731
1492 7325
4911 4474
1363 3475
1695 2975
1702 7006
417 5609
4893 4043
663 8192
742 5650
327 5395
1562 2415
5341 5409
427 9845
472 9307
9731 8994
2231 2603
1256 9222
1345 7244
1196 6056
1400 3391
975 5729
714 9000
335 5084
483 3513
1455 4361
541 3655
585 2082
547 6315
1527 2701
210 5390
412 5201
417 4618
6130 3496
921 9945
1787 3706
392 4497
200 9999
1439 3673
114 7765
1251 9213
1653 5705
5141 2501
9981 6636
543 5639
745 4397
249 4033
3806 5996
3637 7462
3753 9622
689 7619
8630 8380
1087 7965
1356 8907
202 8429
4367 4323
4314 7781
601 4187
1675 6501
1080 6053
1085 2552
2521 9869
813 2131
93 3828
696 9633
5390 3822
351 9074
1009 8110
319 4192
3773 9734
1085 7629
1046 5106
1012 2795
1580 7685
1887 7887
1859 9041
2344 5566
3904 7023
458 5222
3693 8817
1951 2286
9531 4898
7825 8302
7793 5773
8636 9437
1429 5843
955 3110
1373 8317
456 9783
96 3351
346 7703
1464 3180
2147 5977
1356 4561
823 5796
381 3452
346 5656
391 2852
349 9799
665 6616
997 6891
453 2284
1234 2048
3822 3187
545 7923
1561 7201
3827 3893
795 4182
770 7563
1708 4970
81 2095
480 5810
1181 6217
1287 2872
965 8614
1073 8017
323 7640
821 5059
160 6131
492 6435
178 5764
954 7700
4631 3936
4898 9930
1529 3011
1809 6098
1981 6267
49 4007
103 5278
1677 8098
1790 3689
1417 7451
1951 2105
2305 3116
862 2330
1912 2019
511 5985
973 8174
3822 8294
1585 7573
969 8254
453 7286
976 7559
4658 7469
245 6857
6824 9856
942 2569
1346 4337
27 5565
233 8563
131 2951
1032 6313
1431 8783
153 9392
1930 8794
582 9320
2156 7405
424 2970
306 2400
1339 7683
5860 8082
3482 8161
1998 3891
329 4066
1218 2525
688 6431
680 6395
856 5131
1119 6667
1981 9965
3719 3905
1541 8264
3058 6154
1405 5763
1123 7550
900 2197
9334 9419
662 2059
862 9053
7201 5733
1506 2601
830 3212
1955 6973
1072 9156
9799 9158
296 4837
8731 6482
1966 4239
3381 6691
1483 6638
1480 8878
574 3177
6477 7192
1445 8722
1039 9858
1580 9846
1136 6791
6395 5716
6053 6902
474 9549
678 7498
2673 5248
1174 6090
530 9931
8404 7617
5792 6249
5920 3976
1799 2198
1604 5661
1137 3375
1438 9632
984 2070
1954 8267
1142 4874
665 5063
1508 6577
6412 6760
6523 9678
6131 6816
1090 3713
1888 2413
291 6356
9162 3727
7506 9388
1706 8275
352 4748
1847 5467
489 9333
1464 9404
1502 8398
3455 5217
8980 9559
7537 4429
134 5702
449 7939
1272 9390
129 5516
5738 2500
1843 2421
6005 6209
1905 9872
1934 4868
516 9121
1053 3330
3351 9924
1030 7069
292 3939
381 7175
1099 4832
1963 2322
346 3934
1200 4664
2171 4286
1133 5000
6816 2534
865 5751
828 5178
6761 9167
8152 9400
1535 2135
1586 8639
6130 4537
144 7992
1830 4373
1422 4469
2501 4369
9745 9445
965 8755
1924 4160
809 7000
1249 7476
4874 2405
1212 9108
1754 3257
648 5458
1638 3964
1143 9031
3283 3567
1288 5864
7253 4366
1771 5833
1881 4897
572 6457
1717 7119
1696 5473
1171 9935
4432 7831
1805 6289
1794 6330
2672 8939
251 9692
504 5364
1737 9785
1909 8950
1677 6578
310 6768
1998 9038
1410 3981
530 3340
317 8637
9845 6310
1178 2831
1508 6713
1566 2540
701 7057
573 4708
8672 3277
284 9326
2876 3021
1391 7856
611 2492
980 2575
107 7486
9122 6421
1491 3674
1621 6898
1914 9842
8152 6972
1192 9012
1036 4884
756 9478
1710 7276
1661 4362
296 6942
350 3692
1809 5962
7118 8603
1589 8944
1646 7027
2649 9219
243 7658
38 9249
1319 6828
4497 6881
134 3912
812 7151
9121 6733
1120 9291
283 7414
514 5761
1077 3433
592 7165
1444 9956
4544 9862
413 9919
7693 6899
988 8772
1316 7186
3905 7447
1301 7223
147 4734
872 6962
1058 6206
536 4197
1885 8832
1693 6287
2400 4587
702 6576
1685 4894
8302 2554
1711 4081
1591 4413
1239 6352
1967 4936
793 5710
756 5858
887 4777
398 4981
163 4422
6457 4522
980 9306
9009 9467
1535 5836
1497 9247
529 4768
1595 4745
1158 2587
1320 6652
1651 7644
1678 5418
414 4464
6221 4880
2951 3044
902 3201
1345 6052
3496 3855
860 9070
9 9620
563 3820
1182 5990
656 3425
6523 8193
1858 5999
593 9462
373 4601
6840 2472
6077 6248
206 6114
1515 5088
1632 7536
1610 5970
9678 2628
5566 5505
7449 9887
6248 8875
786 6384
5197 9256
1429 8896
132 2399
673 9972
1012 3984
5731 5610
9220 8342
3665 7337
1297 9068
1027 4134
985 7437
1599 5981
832 6640
586 5545
5661 9294
1741 7824
463 8584
579 5606
1795 3531
1844 2962
891 4774
1981 3540
8119 9748
2975 7303
782 3051
1476 7696
339 4949
4366 7545
1817 5623
6761 2229
590 8616
9048 5392
648 9809
200 7093
1280 5525
24 9992
386 9049
9370 3603
1390 3090
1327 6442
571 6140
1481 7675
1499 5933
2082 2654
213 7142
231 8870
5656 4859
9620 5092
699 4886
9820 5236
4970 6450
6946 8313
6396 3321
1101 6515
1687 4068
5716 5046
1024 4143
2649 2871
4049 5498
268 9166
310 7638
9965 6644
1992 2728
9000 5742
4768 3439
1669 3026
1771 4205
1745 2209
3939 6585
1674 3972
598 6455
582 5252
1550 4810
4539 4709
1420 3309
1253 6608
1028 3186
6482 2236
893 3181
352 9369
466 5036
4239 8023
1719 9857
3170 9686
370 9876
9150 5594
1420 4166
254 8945
6217 7947
734 9476
1688 2756
403 3752
1554 9660
3796 9693
1906 9019
1545 8381
9038 6619
1920 8033
6891 5202
233 4965
1081 6229
803 4232
8259 5119
1548 5089
4171 7702
332 3990
5539 8707
1412 9060
428 6777
1561 6094
1545 6670
1167 3931
257 8827
1797 8315
48 4625
240 4845
3114 7055
1829 4514
1914 9528
907 4667
5931 4990
422 8581
1133 9466
920 2801
5920 4941
7602 9742
488 9657
5654 5512
866 7818
148 6039
1274 2704
725 9061
1351 7232
1213 5194
7006 2372
6614 2933
1108 4857
57 8416
1973 5628
5036 7835
1851 7190
6435 8027
1246 7395
150 6002
1875 6447
4197 7064
1352 2207
7765 7627
1748 4964
3496 9939
10 2262
1387 8750
7201 9600
129 8679
1831 7217
6676 6067
1203 7279
3673 6061
3727 3338
1208 3193
345 8444
1082 3221
3939 7004
1944 9075
8174 6136
359 2734
1327 4335
42 2096
8672 2323
24 9403
1533 5872
155 7975
57 6915
124 7739
5363 3914
1402 6990
233 3169
888 7949
110 9911
3146 8393
1130 8785
9400 3726
9247 9538
1828 8743
4366 8108
1142 5689
1050 7750
727 3519
3236 8195
204 6198
3713 8735
2580 2965
2607 6484
1642 5604
1159 3610
1686 9257
4911 9349
698 2276
1519 5437
55 2770
1937 2056
450 5154
2603 2120
2603 9917
3439 3623
4658 6095
1159 5560
3671 3281
742 3023
7498 3091
5104 2282
597 6191
467 8165
1163 2590
6316 2194
5796 3305
1093 3065
1283 9853
3674 4737
931 4433
2096 5972
1220 5631
476 7820
332 6792
9538 8565
2970 2066
1488 8299
9981 8951
210 5230
9000 5992
3180 7082
4824 2190
986 8797
1846 2356
589 7289
1021 9182
812 5685
4955 6770
570 6518
1104 3920
9862 9093
1965 8739
3475 7709
672 7502
1958 5028
1768 8213
658 6244
5773 8774
1818 7755
374 6808
1127 3129
52 5270
1232 7621
995 3859
1571 2614
1683 2383
864 9086
2420 5955
1919 4099
9745 7397
1786 8535
120 7261
1994 3853
1173 2496
190 4677
814 5968
4940 3382
1751 5547
8896 6237
4031 2695
288 6025
441 9472
1384 8263
6552 2174
5278 7532
227 5188
3475 4039
1097 3677
186 8509
1481 6416
1096 8551
2804 9659
267 7422
1963 6132
760 9596
733 4686
7781 8921
315 3588
7337 8569
4433 2507
1109 3606
6829 3402
908 4753
1895 7521
677 9680
85 6203
1574 4562
353 6219
1979 8658
1950 7120
3069 7600
1218 2150
9074 9441
7563 9698
1138 8374
7668 5265
658 8503
147 6194
1871 2453
641 6127
462 3202
1743 4076
3789 9571
2059 8390
3820 5874
1537 5769
7120 9784
9887 3269
1717 3870
6733 4782
321 4269
1187 6082
523 3614
4955 6034
550 6681
1499 9346
9357 8401
483 9126
1681 8599
9571 6134
180 2691
455 8463
1662 8803
9734 4578
1930 3055
7696 5095
655 4803
6684 2243
2871 8481
4691 8671
1930 3150
287 3683
347 3865
1352 8906
1240 7167
326 5926
1133 5938
1135 8962
1550 2599
1560 9218
1942 5965
1710 7716
4987 4155
477 5546
9264 2517
143 4013
3961 2439
183 2861
5819 9277
895 4850
747 9078
498 7356
5125 6767
433 4103
1541 7540
1178 8789
365 5605
4196 4673
2691 8495
1080 3380
19 2976
4151 5781
4667 9764
318 2003
1485 4725
1972 5750
402 4083
1168 7552
5763 5943
1420 2068
3671 4177
9218 8925
2330 6519
9162 5157
2236 2632
733 6195
50 7105
2120 9532
1107 6505
6450 7660
1635 9474
1239 4080
7006 3227
592 8352
8939 6465
3669 5657
6816 5189
6203 8136
70 8934
1550 4357
160 5173
719 9178
590 4156
1638 2775
1454 3598
3452 8725
5592 4316
1611 7001
327 6373
2830 4439
6134 5944
909 8717
3683 7097
9213 5801
1732 5434
340 2201
1125 6282
1303 7481
4748 2036
734 7133
157 5695
1827 9640
8143 6204
2982 5544
1703 3444
300 2835
739 4408
2523 3131
424 2318
5592 7813
810 8976
1210 6944
6505 9095
8353 7952
1258 4342
1259 8048
1632 8134
3 4611
533 3958
1329 3211
1165 4586
1723 2247
1689 4592
505 6530
1444 9242
1358 5423
6881 3226
2680 5793
1898 2857
1319 4471
753 9202
6710 7519
5418 4641
9049 5975
1666 8115
1512 2511
1481 5426
1562 3149
1385 2463
1934 8215
6767 6955
6150 8414
1269 6841
1374 3491
1353 6793
1702 9877
3761 6307
5610 3220
2897 5191
5560 4533
3021 2025
579 5873
7825 2749
723 7263
1068 7663
8259 7911
343 3504
338 5212
964 8445
1588 5746
1206 2625
1150 3094
257 7691
9009 6079
257 4509
1804 5617
709 6054
481 6646
9764 6469
4001 8946
1411 5126
393 7930
1584 4040
9471 7500
3295 9714
400 8656
1764 6168
92 5730
5793 6493
1920 2039
721 9750
558 8420
7703 7091
7820 5286
73 6693
1089 4934
1474 8591
442 3422
1839 4817
2554 4787
5560 7699
3705 8513
155 4109
7118 2875
841 9427
2749 5148
749 3895
6676 5382
1225 3508
8051 4102
8027 5156
803 7138
1491 8507
1693 5474
2003 9530
1652 9263
2628 5741
394 3468
1950 3184
1697 4222
23 8869
1921 5937
7844 3102
4397 3926
1693 9933
4080 7803
134 6327
5131 4245
1708 4812
1857 5411
234 3559
7750 2074
5270 8800
2672 8220
5610 4272
9559 5960
9853 5098
807 8184
1817 5568
667 7066
414 8312
857 9304
5119 9671
365 6423
1738 2423
1570 9411
1793 4572
5364 7659
6059 4712
5281 5272
233 9252
3781 4268
9403 4341
4625 4356
4722 8106
562 7898
7621 4799
8313 4016
1362 9436
766 9351
1727 6308
8115 5232
1308 3645
6616 2218
1138 7209
1679 3800
8215 6700
3186 8384
365 2598
1416 2173
1983 7630
1642 4576
1803 4515
862 3892
408 4116
7948 2270
8755 8589
340 7308
826 3616
6891 2644
498 6913
1800 5916
9038 3365
4361 2008
4858 3171
371 4453
1823 6147
9939 7827
3540 8566
1021 7998
8136 6814
1129 5208
807 4246
7276 7903
5649 7271
5685 3582
7827 4739
1288 3704
1963 4771
2262 5495
750 4315
452 4521
4109 5083
1790 2755
539 5647
4268 6564
66 2934
688 8696
56 4917
7133 6436
1182 8211
7289 4382
202 5719
9338 5081
151 9789
9751 8635
1771 9533
3588 7307
1630 9353
1024 4513
9466 8744
1690 3815
1944 3707
1350 9105
1595 3225
3433 3216
6191 9851
1438 2817
5931 4319
9487 5815
1910 5964
764 8168
5656 7144
1830 4545
1040 2253
3934 8596
379 9987
397 3874
1480 4702
1193 5461
6396 3738
1479 4723
1281 2650
1956 6269
714 3763
3990 3712
627 7164
7739 8763
1155 3049
75 2694
839 8019
3853 5308
774 7438
527 2509
7827 5924
135 7129
8083 9586
22 5384
9305 7840
5540 9439
9978 7394
9218 5026
288 8460
8878 8392
209 3341
399 3163
1462 8494
3382 5734
5423 4805
1105 2350
545 3182
6995 7697
3990 7237
3320 4114
1602 2667
1798 3127
1730 3024
6971 7757
900 7761
4788 6820
1472 3059
1803 8657
1147 6070
1092 8359
884 4302
5544 2753
6657 4440
8554 3128
2002 6049
8096 5269
9264 8949
1826 5673
3990 7388
839 3147
3637 7342
1500 5187
7201 2922
293 7350
409 5263
3146 5711
9000 2605
9218 8065
1105 7740
724 4717
6511 2855
4314 4027
807 4627
4433 7196
2344 6173
9784 6596
7611 9283
8414 5717
1948 6728
8907 4682
8671 5496
1313 5060
4366 5778
1234 7672
929 5867
4471 6553
812 5110
551 6569
3789 8243
1622 5345
952 9463
536 5398
7521 8936
1111 6058
7757 8155
1103 9974
7765 8573
1972 2443
8656 7867
1425 3329
3306 4564
330 8338
162 7332
8336 8602
5705 6346
1774 2974
9972 2331
5990 2316
506 9081
1486 9786
2587 5829
3726 7060
1522 9141
5474 2513
897 9539
246 9438
1136 2987
6728 5021
1048 9375
597 6080
1500 3248
6691 8386
1543 4364
6459 4132
8266 4866
1056 9971
1085 6866
435 5524
1860 5057
9930 2561
1241 8919
523 3238
927 4256
1443 9458
657 3479
3251 7401
1293 8028
5222 9569
1881 7689
4066 4353
4774 7646
7856 2153
3365 3974
7917 6975
664 4927
5937 8894
5461 6538
1063 6615
1439 9744
3096 3672
162 9212
779 3027
5428 6812
1728 5007
9306 9265
5815 6092
5781 7225
5050 8762
9081 8417
1492 8884
1839 8908
7016 2705
3340 8060
5581 4431
5474 7106
579 8132
1440 7376
5656 7158
4433 9676
314 3949
773 2274
854 9595
4956 7371
5097 9027
382 2969
1827 8903
7887 2638
1162 2958
2420 5320
6946 8330
4196 6169
791 8249
7066 8029
7289 3112
9657 8204
2443 9737
4927 7912
4965 9905
1820 9365
572 4841
5605 8811
1104 3367
6219 2440
1007 6048
1428 2806
244 5448
848 9603
2242 9779
1501 3601
1057 7960
1849 3326
4682 7762
8596 9736
5345 3280
651 6467
11 5866
1273 4971
3706 6380
5437 5934
2209 5380
5695 7851
6380 2387
1149 6963
2861 3725
162 3649
7978 5643
567 3194
1336 7972
4374 3105
8696 6752
979 3861
8213 2716
9150 2182
1483 3029
937 9391
3540 5834
4099 3144
3725 6719
235 4974
6638 3788
1116 2999
4362 8474
1039 5274
398 3769
5423 4394
499 9962
8906 6914
8313 2553
1113 8408
3225 8611
8946 4392
2073 8418
1946 7084
5498 3209
1814 9708
971 6725
1634 5906
4286 8818
605 6506
2875 8237
5724 4730
8204 6420
1679 2870
691 3775
506 7407
31 7571
9972 6844
251 3537
525 8971
1546 9064
7084 2997
539 5704
663 2913
7355 2122
5829 7102
1076 9269
566 5303
9000 7298
866 2275
8195 3075
765 9650
8237 3564
2718 9855
8119 7429
603 2658
5764 5279
8418 2469
1196 2676
2913 7366
8029 7270
1301 7362
713 7482
1345 6103
1714 5480
5028 9490
6169 4636
22 5784
1256 7338
697 2652
9027 3218
1784 5309
7001 8449
9353 8207
7261 2026
6330 9104
1017 6595
5796 3256
8579 4004
1333 4195
1906 4536
778 7247
1786 9387
1314 2936
4366 3779
15 5331
821 4503
829 9915
8869 7343
3100 4275
1491 7981
1173 6514
5730 6386
8994 8244
1272 4317
2865 3992
955 4426
9799 6071
1153 8000
513 5808
3150 6571
7462 3816
4832 7178
4537 8506
9581 8501
1689 4405
1341 6776
8656 2957
7600 7028
1609 2010
574 2418
715 2518
6049 7815
598 8486
8168 8643
533 6754
1750 6178
4408 3204
376 2666
793 9618
1984 8185
1808 6861
1786 4813
2229 9171
613 7730
9437 6977
7536 8929
486 9902
1420 4442
1646 8327
1109 6690
9126 2903
1066 2730
2976 3901
7244 8938
5781 4785
907 3123
594 3364
7371 3018
8805 6349
9714 2810
9305 7906
583 2225
1785 6696
7068 3324
4469 4059
1714 8335
4748 4959
462 7008
200 4490
5656 8356
8384 7390
887 6200
1601 3544
3508 6245
2997 4259
7716 9964
1818 6366
9751 7098
1218 2510
357 7277
58 8277
1999 7959
1286 6101
1378 3398
7740 3571
5230 9245
1424 3038
3145 9689
384 8601
6248 5479
1268 4972
6400 2488
6995 3214
6249 7450
7066 9738
7918 8458
6315 5009
8065 8478
1852 3346
1092 2210
3931 6478
557 9071
1170 2311
1633 3503
9856 2713
8503 9912
1882 4710
809 4365
1427 3291
6608 8761
6761 6626
1895 8197
1991 5023
479 3541
4710 8357
3961 2807
7119 7310
2580 9774
9971 6842
3980 3640
396 7934
6287 7383
6477 9787
2186 5822
325 6939
3075 2034
7223 2547
672 2874
1126 5435
246 3279
1368 4194
2554 7741
7755 7880
8896 5019
714 2869
425 6378
7740 3488
235 7228
1906 5298
1309 9420
731 8572
1914 8598
908 6401
9122 6991
2904 7728
3017 6343
9171 2004
1212 9517
104 5680
435 8436
3391 6073
1821 8570
6898 4122
241 2989
835 9192
4981 7423
485 6381
1561 9502
5364 7377
1989 3924
8611 2126
3559 4327
8712 2160
1976 5087
28 8364
3912 9572
1192 4290
1795 7430
2540 6813
9294 9791
552 5080
210 6631
8951 9174
1714 3097
1508 2437
131 4058
5657 4418
4537 8099
3044 7958
1879 4022
584 7166
8800 4414
1623 7351
5020 3334
1957 5691
4286 2592
7502 5841
5505 7950
1019 6948
5435 4347
739 5011
2937 5330
2982 4489
150 3469
1198 6115
1515 8202
1078 3095
1153 5637
9981 8508
4866 9914
1744 3072
1589 2648
8535 4681
8739 5504
9693 8678
223 8552
438 7309
6145 6146
4259 3783
1225 7287
872 8756
1680 9863
8971 8328
771 5061
926 8379
613 5991
8495 6196
8220 3657
4702 2380
1378 5213
1811 2700
1226 8290
3382 2747
6336 6207
1724 5948
8313 8455
7362 7463
253 5358
6034 3633
2048 9059
1345 5532
7611 4624
6564 4816
6005 6639
1229 9151
468 7722
1808 6547
8486 4014
8731 2032
1840 9606
1524 7267
824 6609
3340 6886
1623 4935
4981 8913
1997 9507
7958 4165
314 7160
8535 5848
17 5375
1864 3998
5982 3860
398 5053
25 7507
1473 3548
1884 6411
6754 7444
7630 2110
4664 5256
3822 4620
4076 8515
6465 3012
6077 6489
4601 4075
1499 6340
734 5508
8384 9405
44 3243
3329 3771
665 2357
1603 8278
1596 4875
8417 7724
233 3604
637 2369
4039 2942
1057 4220
210 2611
6318 4150
790 6982
2997 2692
9064 9941
634 3770
5810 4172
8552 8854
4771 9558
6395 4180
9171 5164
5964 4331
1579 2293
8029 4876
4837 5006
6971 8273
9478 6736
9913 6247
9061 4402
1222 6139
9458 8607
699 6795
4405 5430
7958 3241
2962 5632
68 8564
1460 6850
9182 2715
2048 7999
1956 2161
315 2148
735 4925
9027 5210
1289 6630
9945 2403
34 7977
8837 3335
8207 3849
6056 8252
9264 6928
839 3172
1446 9615
7948 2296
1625 7956
1758 4248
7186 3196
1838 6111
8936 8172
7342 9648
7702 8874
1604 5929
9842 4506
5383 2675
2540 7109
1080 7427
2721 6038
1938 5883
942 3902
5194 2024
275 8055
5943 3118
967 5671
5435 3699
725 2054
8755 4907
2420 8901
9075 8606
4349 2928
189 8078
1372 7029
339 4174
3169 5076
6609 4693
2937 4472
7702 2988
6939 6463
6090 3784
1666 2281
5011 4776
8313 2813
7016 7745
1227 5527
5151 4494
357 4914
9366 2269
85 6167
1531 3435
1576 7360
62 8985
1868 9281
3495 3878
4489 5614
6857 2396
5098 4729
2933 8996
972 9494
5236 5441
1874 2027
6690 4124
4739 2724
1213 3921
393 7892
7017 3007
3090 5690
5545 8186
3567 9073
1318 8423
3616 6716
1744 8724
788 3652
9283 8283
1652 2169
1578 7711
590 9201
6131 3215
128 8641
403 4961
1215 7525
1299 3317
1634 9216
6090 8086
5716 3199
1384 8128
1056 8430
6808 6452
6090 4026
3210 7080
7377 8819
3707 3410
1133 3393
7270 7734
310 7457
229 5721
9408 4669
363 6649
1426 4481
8029 6335
800 2471
8027 2389
2614 7910
6308 9259
131 4101
3892 8771
8605 3228
1598 4244
281 7874
3974 4206
546 6188
9499 5112
7621 3188
4634 3710
6477 4213
7023 8521
2201 3957
5119 9278
3038 6802
3072 5666
1107 8428
9913 4570
457 7220
7947 3467
5860 2392
6791 6731
1945 3240
267 8212
9620 2765
7261 6453
7362 2657
2904 3297
1529 9022
8029 4415
1428 8966
6767 7515
1626 3046
70 6712
5990 9318
5512 6654
3763 8562
9213 6919
1093 2459
1805 5267
1848 9576
739 9515
5134 8206
3696 8018
3964 5339
9438 3715
7525 6622
6081 7009
661 7292
1303 8323
1916 6283
5906 2985
5546 9454
2437 4175
5733 4770
867 5442
3433 3948
4820 9860
1442 2505
5560 5130
7287 2378
492 8568
6676 7584
8598 9513
3075 4798
4653 5180
9081 4170
7102 5701
1855 7712
5084 5307
922 2445
177 5218
4868 9936
1642 4087
378 4969
9403 5925
939 2062
970 4237
5430 7928
1021 4457
1852 2717
1500 7717
2131 2682
6657 8673
60 7984
1689 8443
8420 3643
6552 2794
9835 6374
5742 5340
1886 7436
926 3930
9939 6641
3468 4463
701 8728
557 6185
1229 5945
346 5928
1756 9763
450 2329
2357 6303
1162 2914
185 3160
6712 7372
1789 7548
9856 9363
8386 3935
1181 8105
250 3373
1294 4945
1225 2100
9278 7251
931 2642
3935 7560
6287 2360
1006 3777
748 5988
1071 5323
622 4264
196 3478
792 7864
4033 6508
1851 4762
9121 4084
6244 2299
239 5055
6038 2822
2010 5351
2281 7474
4160 6473
1595 6233
2198 2851
6058 5343
699 5389
8894 6006
1764 7018
1649 4994
1765 3237
5110 6182
1834 6003
1513 3826
1563 7636
8304 7526
385 8142
441 9710
1327 9970
5173 6823
370 2227
1794 4425
7006 5117
834 9239
1014 7478
1807 5294
6894 8910
9290 5372
9806 4035
540 4250
5933 2834
9252 7618
6596 4976
8717 6888
7947 3658
9202 6405
7659 6037
1463 7264
2997 7020
7006 2840
2225 6749
277 5223
1095 7448
1557 7501
2378 6500
3974 7505
2569 4036
1028 9393
357 6065
286 4633
8521 3093
9453 8005
1288 3233
228 3473
1892 6910
8789 9878
324 7591
9539 7971
447 6007
248 7655
4813 9639
4805 4957
654 8228
1084 6451
783 2588
3657 3561
119 8730
7681 8470
6576 6839
3828 5024
3964 9604
5320 4760
1956 8482
426 9026
5298 8333
181 9826
35 5947
7621 6298
6395 3050
8213 2273
5650 3532
7559 5740
4771 3390
7762 8681
7457 8992
9639 8112
298 5997
7133 7041
706 8713
9022 6822
5323 5497
8486 4654
9856 7855
8572 4142
1508 9130
8390 4567
4620 6643
5157 7324
1957 5979
1590 7131
3209 3594
1931 8190
2459 2337
986 7846
1403 7399
3024 2175
2580 7212
137 8343
1924 6848
4166 8965
4787 7155
7824 8077
1860 6294
5843 3628
3212 2339
2197 6045
6619 5608
1412 2926
1898 6174
8494 3139
6081 5049
2160 7634
5461 5790
2003 9677
4654 4297
4915 7541
5126 8153
5061 2104
348 6389
7429 2060
397 2255
2590 4280
9693 6060
8832 6804
9606 4207
5742 6705
4539 2023
9513 3732
8789 6750
368 3967
3683 4021
127 5557
1923 5462
643 6621
1064 3746
1269 7039
583 3438
1870 3754
3105 9542
1265 4042
6643 8858
1643 5917
4109 4018
41 2929
2937 7610
677 5359
1152 9591
6200 5865
841 9266
9318 2319
1745 5668
6992 6063
6609 3066
150 4528
1750 6089
534 2118
912 2332
1715 7832
3488 4512
7978 2436
3256 2905
578 7546
1321 4111
6067 4000
6489 7415
1551 2343
369 7132
1158 2577
7041 8489
279 4436
1957 4067
3433 4696
7999 6107
5558 4338
6411 5075
6640 5713
2059 9206
1744 3045
748 7719
1781 5186
6505 2433
829 3285
7755 9832
1928 8984
1677 3328
9539 2668
6381 2829
1494 3579
1719 9739
1236 2764
3257 6208
1518 6570
6343 2222
1064 4139
3699 3457
3116 3743
3912 5914
8797 9016
2855 7197
1903 7148
6020 8464
176 5538
4365 7335
5538 7601
4364 7988
645 7819
2023 3668
8355 6889
6569 4098
2625 4756
7818 2833
728 5082
9467 3359
392 2944
274 9331
6207 3617
4845 9848
6886 5337
308 7341
1223 6789
2691 7494
9558 4648
298 8332
6034 5803
7621 7718
826 5564
181 7266
7740 9163
1302 6637
5345 5414
8259 2720
639 7738
8470 9289
5867 5045
4170 3167
4205 7433
3098 9674
1513 9085
9015 7103
3281 2482
626 6354
3127 2264
4521 7608
9862 4684
6891 8836
1144 9183
446 8247
4319 9995
4641 7101
121 3437
9869 9455
1313 8773
2989 5973
5151 2055
9297 3596
507 7230
1287 2408
8128 2506
1690 9172
8114 6751
1260 7639
685 7268
468 5243
1846 2410
1274 9329
610 2665
1364 2527
1925 4952
3199 2438
664 9899
178 8280
1548 2279
5998 2963
937 4496
1962 3408
806 8550
7923 9342
4111 4715
106 9244
1518 8804
5435 8580
1141 5535
8603 4825
3097 7890
977 8412
85 9348
1733 7596
6283 2473
8626 3872
1501 3923
7591 9003
8619 6698
1056 3217
4987 8548
1645 5554
3895 2124
1271 2163
1039 3016
7867 3369
9342 7905
8330 6933
5372 8057
3240 9377
3894 5377
6080 3396
1661 9651
301 5974
283 3691
1691 8835
2625 9979
7222 9296
1255 8219
8566 9564
338 8753
1734 5346
1052 2787
8168 6075
762 3463
1396 4224
997 8924
1177 9511
2299 2226
3017 7800
610 6432
1980 9340
8379 5747
138 9493
7502 5895
6114 3721
598 9094
1427 7465
1314 4614
5414 7671
9832 8915
3738 8039
366 5743
363 7632
7355 2568
478 2407
1491 9421
7740 3680
1910 7094
4075 2240
4224 5211
2443 9775
439 3366
5007 9501
769 4034
1823 2714
5535 2235
4442 8826
314 9599
5461 3644
1558 2327
487 4069
100 2689
8581 5145
1645 3928
983 9927
6290 3661
9353 2604
6054 5103
613 5966
5382 7439
98 6279
1188 3913
114 2259
2269 4676
562 5032
1373 5253
1822 5956
3601 5816
712 2772
912 8166
8061 6709
8678 9923
720 3039
1258 2812
7166 2215
1629 3298
4367 8111
1668 2462
7610 5549
1035 2046
56 2107
1044 4404
1666 3318
1918 9623
304 2390
2716 9885
8204 3978
8570 3031
2675 9578
1704 5692
7898 3498
3779 2776
1648 4488
9928 6190
1575 8339
732 2087
1231 8435
5411 5583
204 8975
988 3191
1136 7539
49 2600
4248 4010
249 3812
1954 7884
6188 2481
1261 8525
778 3896
7377 8490
5505 3223
2807 5786
3463 7391
8785 2069
5222 7179
7672 3361
547 3126
789 7441
8728 6143
2054 7034
495 6347
9104 3483
5060 9749
1028 7135
7178 7199
5815 8740
7699 3543
8416 2879
7342 3374
3972 2752
1301 8632
2481 3030
895 3445
7429 7845
1666 8015
525 8394
8580 4535
6571 6263
7741 9813
9877 5595
7663 8928
79 8734
8761 5481
4735 2033
6244 3528
5269 8496
1794 4352
1653 7789
4413 4217
1491 7808
2215 8345
8930 8325
4702 6044
8929 4003
1432 5573
5746 7224
4925 4727
6012 8064
1505 6778
5933 6633
6580 4345
3806 9700
3433 6417
1146 5221
3924 4190
6127 4333
4003 3607
7360 2277
4528 6561
1807 5018
703 6588
5702 6074
1245 7944
8580 4596
5101 3164
58 8786
8244 4524
7102 8684
6977 5779
6946 7590
483 8037
3196 9282
3415 4647
463 8782
496 5017
4397 2640
1548 3213
7943 3470
771 6100
9978 8871
3796 6390
7028 9521
1897 5069
3579 5096
766 7400
219 2809
2501 3079
164 4808
1981 6648
1076 7081
5084 8274
4220 3134
1214 8301
5097 2723
367 9646
1788 9841
3478 6429
1116 7061
1660 8351
9913 9713
5843 7036
9151 4588
1801 8576
764 7533
7632 6692
1730 2639
9848 4645
6343 3205
274 8223
1367 5122
488 5424
666 7030
4070 5857
9784 4351
3374 6642
149 4840
3184 3824
100 9850
6349 4072
7164 4332
3655 5235
90 8407
9183 8137
4624 6593
4043 4055
8132 6890
5341 3740
9599 6783
1452 7935
8965 5862
9595 5624
4464 9926
6776 7916
4098 7459
233 3897
3196 9429
165 9406
732 7701
4248 5774
9813 2669
227 3929
8591 8796
8919 9350
3011 4921
4914 4549
571 3000
1953 2042
6469 7614
4431 2890
9391 4370
978 5251
1949 8208
4069 5044
3218 9828
3290 5310
9564 9525
535 6540
3981 5534
8057 3996
1867 9610
674 6900
571 3035
9073 2902
8185 6826
127 9030
5549 4827
1719 5027
1514 4763
2870 6546
4952 9013
5948 6587
3732 6398
5605 3056
4940 4140
1717 5271
8570 2688
1236 9186
1518 7357
3093 6119
2772 4692
177 5215
8979 3609
5076 7496
795 8239
1739 6414
55 6811
9832 2847
8384 5725
188 9822
5035 6871
5713 5074
8386 4615
6963 6466
4171 2556
1630 5054
4620 4144
5934 3906
1782 3459
1295 6220
5845 6887
1505 8504
3277 9195
1943 5621
1996 4922
4432 4421
1064 5410
237 8177
1927 2624
1542 8349
9163 2309
9517 8742
4105 2838
4314 2224
358 7727
6580 4242
443 8069
3126 6532
1899 6968
8796 9231
873 9898
559 6741
2174 5739
5608 8164
1667 4928
4955 3336
6450 2722
1034 8825
533 5844
597 5723
264 7567
318 2125
1499 4296
45 7528
7540 3254
7102 6554
9393 9275
1583 2136
985 6042
9453 3392
489 2491
6900 9382
1473 5374
8266 3808
6389 9100
7808 3898
4918 5378
6689 4227
6182 7032
5628 6015
3145 8716
173 8479
9603 5463
3172 6922
5119 3714
8274 5693
6681 5071
6652 5556
1725 6837
6691 5576
576 7078
4535 7566
809 3941
1266 3101
5027 8830
825 2205
234 3885
621 2660
4627 3103
6616 6293
7917 7577
8039 9934
1899 6062
6346 9457
1991 4507
5934 8942
8247 2261
8099 2811
2654 5543
1271 7420
2654 4444
8915 2028
928 5871
1428 9546
9666 3695
987 5241
7745 8041
8285 8911
1106 4769
8223 8270
1715 6797
1347 7387
6042 5261
9122 8439
220 7162
646 2918
8739 8038
6203 9415
4040 6655
3201 9037
2330 8916
7781 8833
4777 6391
2276 4786
135 4697
590 3572
383 7927
1877 8612
3241 7211
469 9901
7420 5288
684 9362
438 6785
195 6426
9222 9906
384 2285
4376 9450
1951 5587
6423 7725
4918 6163
1559 6214
7890 8653
412 3300
755 3635
7600 2497
8392 7233
1154 3063
286 6243
988 6780
1256 3970
3721 6821
9393 3922
9369 3977
648 8198
700 4906
9862 9625
795 2516
5044 7112
8460 5799
26 4247
6406 3121
2770 9735
1621 2414
805 7568
4055 8623
248 5485
4059 3685
2511 6867
8429 2373
8069 9781
3958 5070
3139 2697
9158 9047
4927 6479
1414 2950
2994 7150
449 9921
554 4617
2339 2885
581 3662
1158 6584
9547 6268
2587 2854
5349 3945
5695 4498
1631 9154
1026 9433
3103 4389
8061 8711
1649 9894
1613 7732
8696 4963
9677 6683
362 2859
1487 7713
724 9417
2673 8406
9539 8341
6783 6458
7880 6917
9282 3562
9657 6165
9331 2895
9546 6920
8980 5319
3186 3842
1162 2313
5524 8084
1936 4446
6247 6925
7917 9893
4825 6296
7450 5648
1620 9374
8037 2542
9610 3638
8190 7378
5252 4819
6867 5665
4232 7048
1197 6756
410 4938
994 7721
1665 2429
4611 9834
2175 7534
328 7403
8569 3345
822 7398
8204 6827
3674 2619
3680 6701
1211 2335
1670 5168
2590 6242
8563 8764
6117 3887
921 7241
9687 9491
1026 5486
3300 5748
6248 8282
4347 8076
6080 3384
4007 3314
530 6623
1907 4623
8550 6572
8612 9575
1856 5902
986 8146
892 4815
878 4500
1424 9170
1393 8205
4654 6376
438 2980
841 5327
1547 6474
4069 4411
5081 5250
7441 8510
2813 6685
2747 4751
9935 8721
6479 5800
1582 2920
701 7421
8962 9743
6944 7053
5504 5153
5131 2758
1477 7549
8428 5443
7253 4329
2104 3667
1236 2011
335 8214
3540 6688
2874 9106
1377 7605
3418 6446
6955 4574
7006 6224
39 4312
1093 9477
9290 8129
140 4685
1653 6014
1718 7425
158 5789
5833 2664
1301 5518
202 4640
9820 3516
9493 5172
5981 5826
642 9891
1224 7899
1761 9529
7703 9456
8249 3971
2527 7746
1331 5144
8756 5509
214 7583
2834 3829
847 9110
1133 8963
6777 5983
7697 2791
5801 3533
1878 5828
1283 5912
3257 9039
1696 6747
7006 5762
1550 6583
764 9562
1085 4428
1533 9552
5857 5214
1658 9330
2041 3982
1078 2245
6224 5397
9799 8593
905 9598
7741 5794
8756 3284
2675 7670
4739 6483
1262 5850
154 3395
2147 7578
4618 3749
7573 9769
7835 9889
52 7313
2787 2960
741 8698
3314 4744
8482 5079
1996 9255
555 3436
8753 3907
9027 5812
2722 4158
1761 4863
9842 8909
4787 5831
448 8969
8641 5644
1726 2526
7981 7419
1626 8046
5112 3687
5308 9567
516 8977
1428 6987
1225 4962
1056 2211
7160 9367
3588 7283
6640 3013
9439 4885
9591 8748
7672 4980
320 3125
1942 7783
2161 8820
1694 5989
1425 5670
7571 5478
9974 5744
5442 4670
6473 9728
546 5837
1558 8154
6206 9866
91 5531
6676 9879
1670 3988
5901 7113
8811 8122
6469 5814
1649 7512
9362 2882
8341 5362
8551 3122
4890 8309
9053 8227
4182 8462
1323 4551
5410 3195
8724 2292
2286 3960
1450 5165
9012 4452
2553 4910
4347 8693
5925 9410
7960 7907
1556 7777
4722 6176
2407 6879
8562 5468
7004 3477
9893 3813
5524 4792
1187 9447
590 8140
480 3776
1531 9550
1966 3835
682 5127
9186 3081
504 5150
1511 3442
3238 2232
5999 3900
1392 9534
4695 3303
3769 9145
2822 8931
2373 3836
2642 2687
5046 2040
1690 6852
4911 4719
8616 5863
4987 9668
32 4680
4425 8308
552 6218
7903 6382
452 6439
7237 4147
8489 9168
8612 8016
853 2727
650 8157
6823 7896
369 4839
405 7968
3815 5676
3596 6884
9046 2208
8425 4778
117 3985
6059 5674
2874 7466
2205 9536
4931 2493
8119 6940
3491 9976
8773 4622
1100 3942
9521 6122
1851 3042
613 6230
9147 3641
158 3010
415 7569
8374 6258
8992 6659
550 2799
7563 6394
1251 5493
864 7753
1239 5192
1430 4525
635 4903
3601 7087
375 5002
2689 8609
6638 7348
364 9102
7632 4804
8332 3573
5564 4912
288 4262
7965 2029
12 8843
5253 4056
8909 2377
4925 2514
781 5295
9603 9385
4786 6668
2351 7945
8430 8776
1059 2134
2507 8715
8983 5016
5378 2563
2167 2892
3112 5062
1109 2137
9189 7288
2002 9557
1886 9160
1761 3143
3610 3462
1138 6331
5815 7284
8584 9827
4684 6605
635 5459
2042 2130
6595 6832
3177 7354
1474 9589
1366 9228
4816 7359
8845 5282
5982 5086
6012 2571
4049 9176
5389 5225
6075 4215
6062 8300
1137 2294
5144 2816
5112 5051
9320 8647
415 9397
1086 5694
2765 7588
9031 6295
2895 4797
2705 3158
953 6011
7825 6664
8996 8036
7366 8536
1857 8895
504 3723
59 2221
3321 6342
638 2792
4000 8758
2724 6180
868 3370
563 2391
9445 9825
1339 3999
7646 5313
7700 2152
1581 2053
5473 4733
9575 9881
1661 2959
7741 5908
1286 3733
2813 6672
5943 4191
4710 6348
5282 3809
5622 8885
4099 8594
1486 5386
4586 2155
7818 7321
3330 8829
6685 7180
9550 3419
3072 4117
8744 5138
6336 9134
1321 6322
838 5913
3695 5275
102 7839
149 3711
1850 9966
7395 5014
5131 9892
1350 3041
3455 5919
353 5869
7066 7345
2231 6912
29 6864
6483 6634
1262 9977
199 9233
3059 7862
8478 9761
1241 8899
1893 8704
3981 6835
1143 9520
331 5408
3026 7535
1859 2043
2929 7766
1152 5128
5112 9638
1298 6952
609 9423
288 6924
197 2582
414 9361
3977 4747
8425 4687
1773 7690
4717 4321
899 2347
5558 2342
4884 5785
1023 6021
9219 4518
177 6974
1536 9523
1493 5108
9915 9435
736 5373
8594 2460
5378 4460
5157 7173
6956 3510
2372 9459
1210 8255
9769 2643
6479 9250
1607 9315
108 4891
292 6730
1181 6434
579 8779
585 9325
2723 5900
3687 3801
1305 3952
4471 7680
8939 9115
1807 3008
9860 9516
304 9960
2462 8993
5138 6662
1665 9025
3761 5591
7357 5305
1091 7868
1705 4720
7757 6302
6543 7889
7084 4552
3761 4465
926 6503
5717 8690
1716 9191
2625 2297
4751 9371
1221 6534
7909 7726
6140 6275
3594 8838
2350 8491
5871 5015
971 7776
4052 2808
189 2546
9121 4120
1763 6201
3212 7720
5594 2412
5911 5451
218 8775
678 7865
8971 8025
7771 7052
9968 4261
5181 4784
3912 8188
4695 7852
227 3917
8568 5234
292 4765
5906 7176
1980 8964
905 4251
7952 5204
1027 3286
7218 9116
5339 7114
6652 4930
6467 3517
1761 9778
2451 9641
1092 2108
1076 9900
7638 8135
4010 6993
919 8224
4886 4011
9494 6281
3478 9414
3672 3697
8885 5366
1115 4241
5966 9280
1907 5941
2205 2427
1123 3875
9586 4037
1696 9221
9924 3344
447 3412
9743 5660
7260 4584
169 6184
5164 3497
4786 7402
5225 8178
7112 3880
3571 7104
6267 6663
4103 6148
1676 4781
6508 5022
7244 5946
1205 5802
1682 4228
3326 3698
1246 6235
1340 4258
489 5403
6993 5357
2640 3099
3740 2732
4563 7384
2892 9475
1903 7564
1961 8241
534 7773
4296 7099
727 9874
6148 2991
1233 4953
7965 7624
2855 2477
5223 2288
4261 2434
7298 5179
2188 3156
8152 2537
1282 5111
5408 4112
1588 5405
8796 2336
2569 6008
2991 4225
8789 4146
1275 6355
1610 7869
413 3694
6230 9512
8351 3060
7105 3946
6570 6784
7992 7938
6049 8953
8110 5193
596 8007
4155 5506
7732 9810
1958 2484
6501 4809
68 4019
8449 5460
7846 2646
9280 8293
1648 4235
3335 2180
4762 7612
4357 3232
2003 7759
5323 2839
9291 8532
5558 9518
1899 3717
9562 7989
586 3264
86 6903
140 6711
857 5058
489 9661
1167 8043
3922 7125
7310 3399
9255 4162
5281 8226
5496 4540
2070 9614
6925 7941
1199 9821
3559 9626
4244 6324
1326 6372
5609 8646
2288 2943
8174 6957
4965 8253
2174 5885
1959 8248
1395 9584
1415 4270
6322 3636
6642 9235
5545 6213
1579 7582
4653 2212
4014 7953
8033 3028
1089 6495
1540 4606
2874 4988
2330 6831
3516 2430
1598 2559
3045 8638
2496 8947
4497 6232
9213 4519
9280 2610
4241 5561
9962 5888
298 7159
3568 7301
1418 2866
7148 9694
518 7656
9604 2302
3063 7208
5377 8375
4778 6544
1419 4547
5911 4119
6884 3154
8687 7274
3872 4368
4251 4184
746 4339
2492 5642
4213 6921
483 8518
4224 5158
7127 2815
5740 9602
3826 4211
4067 4779
8532 7003
8639 4881
2649 9961
3321 6471
4182 6950
6065 6371
1592 7435
5622 9922
4634 5720
9591 8411
307 9379
9455 8095
5267 4968
8470 2670
6761 4773
7211 5368
9013 7007
4601 5257
2604 6704
4155 6878
5340 8286
6761 4791
922 3731
1843 2295
4001 4711
5392 6996
8479 6047
8696 3162
5960 9831
7525 4449
2107 9652
6196 9468
3051 3863
5910 4448
6844 8340
1300 8191
4049 9555
7526 6720
211 2067
7971 5065
2118 2880
6411 7861
1615 7386
6268 7013
5414 3558
485 8749
8910 7002
3361 8719
4174 8900
3204 9980
3820 5354
5486 3161
1126 4650
6465 5686
511 3624
926 4253
8688 3323
9848 3883
1204 8062
4739 2272
1414 8271
8490 3206
9899 3494
1424 2251
6230 2977
1411 9352
8336 9563
6493 2354
3365 6718
7008 2788
7138 5219
3707 5456
934 2348
2971 7152
5680 9120
3206 5475
708 6539
9657 8952
1412 6882
6729 8454
865 3682
7078 8092
790 3653
5637 6981
2124 4053
447 8633
8494 6799
7321 6653
828 4740
8041 7022
74 8370
1927 5185
26 9580
391 7472
4141 3886
921 9953
3517 3850
5197 6099
96 7426
6789 5093
4631 6399
1236 7077
4680 2355
5083 5978
3643 9317
2937 7157
9349 5113
2791 5067
3351 8850
7127 6226
2327 5645
5498 7736
1443 3015
3836 3440
664 3848
3184 9986
599 7812
1647 9008
7862 4671
9600 5517
589 9664
9862 6309
2459 3166
77 3823
1167 9637
1857 7508
250 3263
5601 2896
192 9665
1654 4826
9584 7775
538 5775
601 6239
3682 6498
4468 7074
6380 7349
1959 9355
3122 2353
1851 3148
5815 8234
7324 9464
850 9950
970 8276
8038 7140
3957 5381
1065 4864
5665 9332
1506 3448
268 4138
7638 3383
1159 8189
205 7153
188 3911
982 3071
1433 7411
3855 6197
1534 9908
992 3222
4584 3768
2905 4136
1172 3047
8202 4305
3914 7475
8671 5073
1936 9040
2210 2992
4956 4993
605 3192
1094 9285
1670 9052
6478 3858
9061 5753
3125 6186
7125 7300
1212 3108
39 7802
4003 3522
3228 5365
6696 2112
3479 5166
8036 4062
275 2635
9391 9608
4333 9321
284 7412
7060 2531
5165 4585
1374 2020
2194 5749
8931 5580
7082 8809
5181 5854
2399 5915
8584 7456
7411 4135
1125 7461
3891 9207
5565 6222
2261 3404
8969 4064
9714 3274
367 6868
5168 9967
9235 7982
9305 7830
6822 3574
195 8413
6384 8539
1703 6280
4112 7961
8611 7782
5657 3070
6681 9303
2355 4555
1694 7606
6767 8485
9809 2842
9207 6860
5145 2301
5583 7643
6184 3443
5168 4741
9677 5768
7466 6838
8590 6669
1698 7662
681 8823
1556 4203
423 3735
474 7866
9 2376
4697 6872
5671 3956
9318 9884
6902 7495
4058 6880
1514 8618
775 3267
705 4107
748 7364
808 3198
8722 2864
1080 7056
1907 3141
186 4403
1424 6069
5330 6261
8273 6607
1665 8448
1861 5465
5395 5861
406 3525
4680 2489
1035 9389
2974 3343
5937 7322
382 3908
5833 2543
3375 8691
1801 4580
1461 6863
1233 4899
657 6304
306 9719
7862 4642
5970 9752
7331 4766
4136 2843
8166 8409
1507 3684
2644 8902
8359 3176
2543 2615
4290 3910
249 4350
8637 6110
8353 7177
6691 5659
7343 9762
278 3830
3143 6979
6281 8852
443 8297
116 4121
6180 4529
5164 2512
8189 8531
716 7543
6173 3760
378 7623
4521 5484
7852 3804
6720 8365
9891 8203
9739 8882
3305 9299
7322 4491
8631 5806
150 4504
1585 7794
8161 10000
6561 4161
266 7010
6316 2520
4411 7979
3099 7879
953 7816
581 5300
3645 3536
1017 7774
4162 4387
677 4657
2775 7574
4161 6461
1224 5526
1389 2539
847 8856
883 5207
8776 4724
1716 7317
2350 9198
718 3085
1676 3424
460 9568
1772 3690
1166 7143
7643 5417
4874 9800
8095 7877
5460 9200
5109 6905
770 7445
6340 8179
8717 7499
1630 2503
4787 8320
4956 3472
1062 5100
1170 2189
1581 8958
3516 4505
1396 7822
9264 2738
6136 3621
2728 3589
4403 2101
98 8421
9417 3890
5693 4736
5201 8970
9490 8824
9004 6013
7659 3739
9826 3183
6741 7666
5217 7942
379 9173
2222 4012
7953 7111
3662 3313
2259 6702
1028 6935
1688 5879
112 9844
8375 9470
5991 2397
868 2823
1344 3487
3830 4595
2980 2549
7114 6550
1170 7509
5604 4888
2319 6517
8129 7908
652 9958
7952 9153
998 4288
2833 8759
588 8100
3970 8310
1042 2901
8129 4459
998 7115
1311 2199
8735 4383
3063 9514
292 6764
5848 5342
8616 2798
456 8324
6477 6573
9167 2964
2896 8737
52 6790
8716 2560
847 6410
950 8156
1025 6462
147 9548
9708 3133
8198 7749
7228 3744
6653 3411
649 6151
876 8471
9947 3639
3442 9336
2704 5537
1025 3157
8271 6141
6823 2954
888 7024
2506 8577
6657 7182
769 5529
3900 2912
1420 7259
7959 7380
77 3486
7398 8873
6987 4950
4036 8625
9552 2315
1979 9488
6347 5672
9134 2584
9680 8747
2337 5116
4329 8846
3784 9705
4570 8516
8092 6440
748 9314
4165 3461
3042 3947
6039 7299
421 7297
1622 8608
5769 9006
2043 6424
1199 2075
9047 6485
8253 2805
4353 3348
434 5823
4990 9805
1548 5289
6296 4948
7173 6476
9599 9152
9401 6717
908 3431
2852 8284
489 9707
109 2995
6196 2321
1941 6392
964 7748
4239 7204
4426 6192
598 3347
5210 2185
4845 7381
465 9624
5544 5401
7549 9760
5271 8488
4448 2495
8980 7805
9499 9227
5527 5646
7138 2781
8654 3430
8779 9190
9915 9402
4369 3846
305 4476
8290 5031
7509 8141
5517 6106
6316 2686
9318 9028
1599 7575
1809 2574
973 9662
7186 6437
5401 5293
9134 7873
1210 9124
7341 5507
5383 4975
1328 6157
1467 8628
2542 9938
2171 8986
5831 6934
2517 2524
5192 8058
6469 5804
627 6046
2935 8160
4385 2098
1325 2706
7819 8853
5985 9642
1012 3368
8475 8808
1945 9138
715 5245
4245 7491
4281 2711
9688 3259
410 8388
516 7312
9528 7409
92 5728
2539 9251
8135 7557
1247 3762
2027 3489
6712 5091
5150 9114
1210 5233
2987 4713
433 5105
5282 7853
4058 2106
4522 5585
2957 5284
3744 4048
7224 3916
432 9449
760 6179
9662 3722
1579 6369
821 3266
4049 6137
274 3407
9342 2127
1939 6166
8974 8528
34 9815
8878 8013
209 7014
3635 8344
843 9703
4987 6468
1831 7250
7502 3834
646 2873
4584 7095
7180 8410
7380 2424
548 4591
6421 6794
3015 4853
8407 6759
7022 8272
7590 9957
97 3555
4727 3224
571 9136
3783 8052
6962 3062
4616 4978
3567 7454
8906 2576
715 4951
1639 4360
121 4871
2547 6758
9283 6611
3439 7792
9745 6027
8177 8362
1889 7733
1671 8441
2721 9337
5015 2923
168 9496
4026 5830
4812 6211
7449 8718
2540 8787
8604 6370
6648 4626
3723 4292
8224 4652
5079 6051
7632 8433
6728 7872
5097 9771
2568 3358
8000 5838
2943 8781
8693 9969
1271 8008
701 7323
9009 6345
1206 3086
5131 4238
7244 4612
9256 9996
4196 4718
9977 4157
3603 7542
1572 3292
9212 7255
53 7751
2552 6419
6631 5578
4578 7227
1905 5171
182 5552
5691 3814
5320 3249
1045 9425
23 3053
5408 2679
7441 9840
5027 3304
9264 9729
9852 6941
9843 8981
349 3780
758 2966
4515 4416
8526 5155
3298 7529
1757 8860
4215 8225
1186 5541
5256 4328
713 4131
1730 8035
2549 4071
8504 9955
6248 6647
1272 2374
715 8144
5093 6932
1964 4293
1312 6560
611 6865
994 7330
1558 8150
1518 2217
4972 7993
1110 2878
4866 7970
2037 7924
3738 5228
4059 6041
3760 9756
7906 8706
6684 7339
6222 4895
4685 7580
1843 4520
1898 7679
6477 8063
316 3797
6611 6677
807 7510
841 2663
924 7213
7577 7811
939 4090
7846 6954
8713 2260
6095 4796
757 9149
7840 6118
780 2363
6479 4447
2188 9733
3254 7181
688 9422
8390 8162
9745 6958
5179 7936
2069 4828
6208 9942
655 8546
779 2698
4186 2308
696 9983
6111 4435
9305 6441
1806 9628
4636 6892
5089 6590
837 2479
2329 3675
7948 4690
7173 5818
4825 7705
4084 2784
5869 8923
3317 8434
4142 9695
5201 5635
7176 9253
165 9802
9960 2088
3084 8816
2376 4602
2274 9412
3788 4607
5568 6215
6303 9621
515 8187
9858 7141
541 7193
5998 7891
2809 4475
6011 5304
6912 5315
6165 7967
3256 4221
715 9481
4762 7597
8800 8281
9708 2846
326 2907
9652 9376
4953 2128
6157 3546
7494 8453
9244 4637
2479 4759
5843 7710
1017 3578
7958 3663
2066 8123
4459 4113
4503 4209
1366 5600
7118 6387
2700 4605
906 4613
3338 8511
340 9609
1988 8210
1938 5254
5592 4410
9898 2058
2491 8467
7545 7804
972 5427
1550 7985
8164 4510
5339 6602
4 7983
8212 8961
3683 7650
893 9782
1984 8757
6132 2651
1282 8889
8576 9709
1797 7316
9622 8557
7084 4050
3292 5771
1686 8040
5617 4707
1259 4852
9427 5678
100 4704
2879 2287
5968 5662
1450 8361
1726 5353
9362 9203
1057 3686
1794 5842
1010 3700
1277 6526
237 6591
3060 6779
7266 3650
8392 6339
2344 3785
7755 5940
3545 5766
8764 4379
8974 7647
1043 2774
6432 2206
4602 4041
2811 5399
7166 4629
5485 5572
8526 9327
7008 3989
8819 9670
822 8544
2052 7050
2905 5247
7856 7207
1688 6589
5879 5013
5399 7318
8776 3499
9742 2411
7590 7484
5902 5687
1796 2317
651 2782
9520 6513
8162 7885
8187 2583
7355 8502
4069 2345
8 3074
3411 3728
5455 5205
4014 3342
6841 9483
3849 4743
1484 9724
7299 3040
7132 7134
1846 4783
9365 3679
9025 6904
4921 9759
9813 7392
784 6549
3379 9699
2209 4218
7950 7168
3392 7635
5814 6480
2799 5551
9625 6635
319 2780
809 2573
8725 7836
6935 5209
8924 5588
28 2303
6871 6418
44 5821
2644 9077
7762 9505
5015 6277
1368 2078
9666 3879
5731 9169
7271 2744
4174 9434
1222 4679
9662 2986
5965 6297
6702 7294
3095 4065
5688 7834
5284 9940
9580 5757
8174 3864
8984 4660
2813 9208
5218 9655
116 9101
1974 8130
1221 9057
395 9072
5554 9574
8829 5447
8185 7955
105 6502
2692 7707
3402 4310
6079 4219
8825 9675
1545 9732
9323 9706
586 2612
533 9129
1592 6236
6589 6983
1307 7524
6820 8738
5794 2278
5768 7116
1099 8120
3203 6845
3236 8222
9269 2899
4503 9440
4261 2760
1612 4348
8394 5492
43 7089
3784 2195
8924 9083
6056 9311
8612 4659
1056 2596
8064 2742
5576 7895
637 6757
6653 3159
5182 2916
1029 5969
1919 7798
5622 5677
729 3577
3296 4806
3780 7042
5023 6365
1334 4492
4636 2541
9640 3474
6232 6509
8794 2142
6696 2144
4951 6428
5063 5238
2587 6565
734 7523
4617 4226
5009 7304
9599 6084
1124 4267
7095 9469
6778 6181
5188 5416
6811 6531
8771 9262
2262 9667
9528 4123
6842 8583
5251 3854
5623 6353
7586 2452
5270 2359
3232 5949
987 7315
1561 4399
3078 8350
1701 6555
1967 8839
1162 9997
7889 2090
1674 3019
9437 2119
292 6943
8241 4320
4704 9702
5456 3520
9303 2498
9914 3759
6852 5107
1230 7888
2839 7365
5921 2930
3508 8530
8577 9119
8635 2535
9083 2250
6196 9345
6015 9243
6561 4842
798 5030
6565 5703
5507 3004
5632 8009
2679 7137
5695 7128
1018 8173
5461 3115
2198 7742
842 4483
8754 4699
4117 3152
2716 3312
2583 4279
4938 9583
7420 5787
8871 7219
3251 5436
802 8578
9235 3688
3562 6592
9953 3747
6700 6072
8462 2333
3217 6205
5614 8373
1917 7544
6434 3654
6037 8014
8804 6656
3671 3737
1314 7374
5323 9882
5044 5709
1329 7015
4448 7698
8961 3036
8038 2154
4357 6707
4272 5324
1097 6856
3158 3138
6799 6568
2907 5536
8345 6896
2507 6998
3785 5277
5498 4434
4881 2616
1684 5736
9802 3337
2507 7346
475 9497
4383 9811
2058 4467
8511 3449
9077 9723
310 9895
6701 5515
5345 7522
6186 5367
2643 3566
6417 2968
7227 4538
680 7976
1542 9261
3639 7043
5985 2789
8565 6332
203 8372
1026 9865
8625 8802
505 8217
2058 8842
3735 5893
1456 3175
8441 7038
4383 9500
3776 4255
1499 4807
1844 6873
8763 6464
5158 4229
1039 6124
9967 7785
7157 6817
8744 3453
874 5285
8384 2063
4314 5301
3685 6433
642 5066
6452 7649
5214 8397
4874 6329
2489 2819
6631 5832
8913 5651
592 9959
4887 3933
5808 3557
584 7914
528 5280
2068 3529
3727 2461
5588 7305
112 4423
1600 8366
7322 5550
2286 9506
8785 5439
6348 6022
6489 9196
614 4582
9242 2444
5535 4919
1003 3316
2697 5487
6589 4450
8077 4516
1717 6806
5672 4092
8270 5849
5786 9035
1676 7787
8764 8389
1296 8558
4414 7248
4003 2910
2551 8705
7042 7145
1925 3565
1869 4358
8981 2793
6940 2165
1829 4795
8351 4558
2602 9418
5774 7477
9348 3889
367 3077
4151 4999
5134 6314
2317 2924
7988 4958
9257 3511
8749 3580
9367 8876
1718 9527
264 8260
3482 8662
5893 6317
7614 7957
6662 6682
1029 4202
6922 3862
3123 5807
8270 6901
8641 9560
3062 2334
5441 9592
9027 9795
3007 6086
9415 9682
2671 5652
9469 5470
7697 3471
3131 7336
4134 7243
2028 7012
1113 3423
9311 2726
255 9545
9548 9522
6589 5993
7709 9432
5742 6160
2405 2530
3924 5334
381 3333
2056 7878
3436 6064
7302 5163
3529 4304
4286 9165
9516 2076
5057 6876
776 7021
9415 2140
3323 8812
120 3876
1817 2629
3128 2220
1645 6438
9559 8676
7376 8233
1091 5870
113 3054
778 6774
7444 9082
4950 3549
5728 9044
3875 3963
577 7963
722 4164
4687 6158
395 4173
4342 4767
5051 7051
2914 3790
633 3107
8408 9573
7852 2733
3023 6004
605 3867
2264 9020
6207 9510
1909 2889
8573 9747
531 7686
3211 5244
7103 2093
1714 9313
5354 8708
8217 3135
9307 4568
8001 3219
3565 4260
374 9903
538 3600
4606 6674
9031 9886
836 3389
4049 9495
3828 2745
2937 8613
4690 7946
6657 2589
6232 9109
2400 3521
7451 6397
7138 3294
7303 3791
8969 6225
8265 5260
900 2485
9039 6575
5748 6567
5970 9823
9635 8167
136 4599
1682 6800
8496 3362
8111 9875
4623 3592
747 4775
4315 9519
7914 9238
1554 3106
4410 9929
2287 6299
9668 5839
2173 9880
2301 7760
1960 2467
4572 8291
8141 4639
7266 9636
2093 3587
4293 6001
5129 7203
7548 6415
6817 5360
865 7661
7571 5299
621 8893
4809 5952
9334 8102
7217 9683
2101 2406
8705 8139
6397 2047
8708 8912
925 2312
4081 9103
2733 7254
1481 9629
7043 3642
7109 5318
6904 3833
4978 3556
3761 5449
3046 6753
2664 8337
433 4530
4519 9565
248 9140
5188 8026
7023 2409
459 8182
2725 9998
9365 6301
2264 7669
4366 2170
2605 7417
7611 4265
5221 6121
3571 8582
3996 8588
8286 9607
8737 2280
1745 5099
6977 3630
3313 7492
6134 3043
4535 3856
3809 8948
9438 4851
5260 6737
4969 2014
8785 6375
4131 4546
3228 4920
8349 6357
2930 7637
8338 6360
4018 3506
1001 5754
8219 9099
2772 4703
6143 8746
5955 9343
8449 2911
7899 6810
8393 6273
9977 5226
4439 8476
3579 7996
6567 9656
979 7592
3663 5388
3986 7962
540 8665
2107 4002
5580 3282
4062 6937
966 8937
5282 8371
285 7368
99 2432
752 8403
9942 2545
6508 7480
7446 2085
8205 3355
83 3387
391 7187
7142 6256
7213 2562
914 5001
8551 6528
4970 7136
471 5266
7956 9132
6621 5780
2052 7328
5693 4082
4360 9993
2127 4032
7845 5897
7650 2191
8743 3400
8308 4230
917 6487
8448 5896
4711 9143
3375 2361
9978 7817
5148 9824
6387 3991
7109 2536
2841 4758
3134 2522
953 2109
3038 4199
5378 3315
6842 3447
3296 6604
1127 4556
3297 8395
6302 9631
236 5029
4007 6989
5277 9801
6899 4045
2772 9720
8037 9089
134 2320
6134 5553
8572 4152
664 6724
7968 7772
2719 6527
1615 2949
1820 6361
1316 2398
5331 4966
8658 8088
3145 3792
6982 4461
768 6155
7456 8814
872 8547
1762 5663
8712 5876
6774 8093
3545 7249
1835 6597
3017 5102
5247 9788
6067 8047
195 4550
3532 3272
9953 9339
9110 6105
4494 8067
1358 8661
2903 6918
1846 7894
7357 7428
7741 5797
9714 5859
2776 3003
713 4728
1316 9503
7337 8988
6313 4829
5019 6771
1668 9794
5719 9647
9421 4493
9863 6951
5293 6254
3367 2241
8604 5326
8291 8030
3767 4610
684 5133
3813 6745
4897 3871
4152 9684
7166 8505
401 4761
1373 4878
718 9715
262 9672
7493 5813
7425 6492
6406 2578
8763 7931
8332 8358
7772 4600
7669 8644
7138 9413
7985 7453
990 3429
6221 9837
5 4870
7462 9394
4066 3755
165 2662
8590 3376
3227 7973
2905 6782
8083 4726
1295 3278
1244 3155
3732 9479
1295 2955
4914 7551
4769 9988
2599 5412
2650 7011
4999 9309
1161 8068
1892 2049
7016 2385
6080 9540
7219 4406
1492 7373
4692 5718
2714 6658
9939 3841
8971 7875
5701 2737
818 8209
191 5715
9339 9492
4530 7633
2615 3432
8489 9654
9220 8427
5134 3002
9842 2017
1045 5199
1802 4632
1294 8126
2615 2447
495 2759
1676 9803
9406 7413
5360 3919
9635 8257
6508 2192
2173 8886
7266 7059
2584 8549
2130 6859
5581 8113
6310 6270
1372 2176
3597 4583
5942 3881
7091 3302
9095 6846
196 6772
9479 2820
41 5140
5448 9582
7338 7579
1846 2141
1402 7695
482 4371
573 4479
7898 4698
7017 2097
7472 7406
4435 3703
224 3052
1428 5577
1175 2826
311 9566
727 6985
2098 3493
3100 4282
9455 5530
5096 8574
1208 9210
8310 7361
738 7108
9119 6078
3240 4485
1385 5039
231 2177
1371 3179
2424 4398
3018 7915
3126 6409
3537 3585
9382 4198
8374 6321
1130 7455
9931 2585
3204 3426
8868 9593
9454 3080
919 7269
5449 9554
3209 7520
1502 2894
6190 7370
3780 5139
2041 4430
6400 5292
9342 6171
2950 7126
2165 2932
4994 5567
6935 8685
8412 9937
2507 3550
5363 9092
894 6491
7571 4811
3445 9932
73 5669
5875 2702
49 3173
4562 3242
8177 2729
9503 8269
7113 8151
4392 7823
7835 4234
6646 9839
2965 3137
1252 9272
5410 9768
9030 3353
7209 4802
3746 4889
231 8242
4792 2653
1544 4346
4625 5596
1694 6763
572 4705
762 9205
9365 8347
7461 5629
9750 2158
5020 9461
3152 6742
9724 7974
7912 2979
4759 4462
7950 3937
9003 9711
2912 5905
1920 3955
2329 9790
8421 2464
9945 8600
896 5909
8759 6251
2589 6016
5585 8553
5636 6908
4639 4909
6062 6123
6296 3153
5876 8777
1673 5297
4404 9144
2672 4322
8286 6520
5436 5953
2315 6026
2311 2249
7817 7117
3283 4575
6975 6645
6225 7841
2137 3354
8827 8199
285 9849
3217 8807
109 6097
2676 9054
657 9819
6904 7504
2810 8810
7509 4395
11 9223
6399 4200
4935 5602
2669 3538
16 6164
8632 4527
6114 2796
6321 4900
1114 6425
7890 5249
207 2035
7584 7174
672 9918
6051 8828
1457 3352
2835 6893
9692 8780
6605 5041
8891 7997
9705 8196
6382 6686
8803 7432
1510 4214
7725 9157
6905 8011
630 8432
5417 9373
553 4511
5349 6847
6332 3140
5395 3539
7971 9755
4120 6862
2571 9211
413 3590
5513 2558
2701 6579
8536 6351
8434 8561
6521 9428
1605 5195
46 5283
2148 6965
4393 5291
3738 8537
5274 7806
741 3954
7129 6393
7440 9034
7509 3258
8358 5712
6730 5971
200 6112
359 9164
2249 6024
2286 5667
9981 3810
688 8703
1606 4833
990 8447
1724 2593
3916 2825
8547 6325
9330 8419
9769 7555
7023 2709
632 5429
8270 8148
5426 6978
288 9295
9190 2557
959 8258
3946 4334
3054 5640
814 6740
8489 4995
272 6997
6768 2674
1480 6170
1977 3325
3134 2252
3112 9029
699 3377
1406 9258
1746 6798
6589 8669
2780 5684
3768 8183
1404 7245
2799 6522
2285 6125
7266 2761
9374 5143
4710 6234
4875 3873
5888 2956
4081 5440
3445 2111
294 7990
3324 9139
5194 9696
7173 6870
4759 7517
4430 7651
8282 7859
6983 3507
3238 7320
7136 8499
5254 8847
3588 9963
1014 9579
1199 9508
3753 7613
2156 5918
3696 2613
9059 9804
8098 5745
4116 4662
8481 8538
3878 5655
8270 4363
45 8399
4128 2699
5382 7692
8156 6312
1534 5603
1379 3454
6476 6563
1546 4325
944 3581
4871 6542
1558 7599
7465 5114
989 7715
5265 6403
620 7358
6806 2827
6201 3547
9373 7926
9370 2486
7387 5950
8488 5598
2261 6895
6795 7458
7789 5273
9692 8080
6405 9399
5813 3087
3937 9268
6317 4078
8208 6341
4081 3994
1198 7883
5166 5878
3808 2710
8786 8541
2870 4478
9140 7530
7386 5242
7592 4127
3895 3262
8782 8770
7944 7828
2950 3253
8574 4742
365 4661
7078 5469
1625 2683
3383 2340
8398 7489
8430 5503
9172 2856
5999 9808
6643 2515
5740 5287
7647 7503
4469 5521
4514 8813
9525 7272
1940 8645
8767 5255
8355 8726
3936 9867
4525 9722
8233 4188
6369 8881
7125 4378
3652 8329
8728 2528
3744 4501
6567 8075
9363 6739
4906 4609
8208 9384
9659 3327
3052 5501
7608 9797
9412 4100
5326 3441
248 5758
4202 2572
3723 8147
628 3599
9656 6472
5801 3839
4370 6796
7659 9112
9034 4377
8028 3845
3364 9663
213 7581
663 7791
9435 9111
687 7904
322 2233
8027 9829
8429 7922
1830 5224
2224 8296
5558 4861
5674 4274
6780 2223
1611 2906
7887 4060
190 5335
4613 3481
7301 7645
4415 5400
9100 3174
5497 4306
8334 7870
9655 2984
1762 6769
9803 6911
581 8982
3567 9014
6682 8012
9752 4901
5784 6413
3425 9904
6442 3595
2125 4603
1444 8682
5440 7778
973 7431
3489 3756
3183 6869
2970 3405
8149 7921
7407 6422
8433 6627
6599 6265
1945 7092
2053 3120
1524 4396
9202 9489
215 9288
756 6775
5719 3523
2861 9096
8721 4028
2017 2836
8588 8855
4858 4104
4910 5957
9235 6834
8505 2239
2333 5314
9708 8543
8684 5582
5964 2849
829 9260
6704 9017
1982 7593
6478 9155
940 7514
2444 5664
9147 8314
6701 4355
8222 6766
6115 8387
7251 5402
3912 4126
1449 6582
2128 5369
8852 3729
7289 7085
701 8383
9103 4579
33 4308
9661 8955
82 6087
3000 2848
701 3831
1374 9090
1886 7198
6178 8675
8554 4133
8106 2083
1734 9240
6237 8457
9203 6333
338 3456
752 8524
3456 9442
6424 3973
9170 9543
4610 3252
1416 3476
3845 8405
6935 4486
546 2352
4906 6714
871 6883
7701 4015
1471 4466
5373 3416
9914 2219
7618 9451
2332 5612
179 6525
2055 4746
9650 7468
5167 8709
7224 3646
8239 6851
8638 4566
8605 2258
6174 5025
7519 7123
1416 4096
387 3927
967 4557
3604 8622
6714 3983
354 3460
1250 4571
1241 3583
35 7594
4131 2751
4328 6253
1578 5121
8771 7807
7203 6470
6450 8121
5346 7375
5245 7205
5261 6323
1720 7215
9334 9236
3689 7752
1529 6945
3784 2532
4826 8877
3281 5618
3112 8415
5205 5776
3121 6723
9552 2159
3610 9214
4144 3185
7317 2634
1325 7769
1491 2050
2808 4502
2525 5034
3582 7473
2054 7723
533 8940
990 2386
8721 9358
5997 7576
7996 5791
2418 5348
5249 4046
2576 3535
667 5142
1823 6116
8616 4057
9761 5445
8330 4608
448 8305
1267 2057
4715 2818
5695 3082
5151 5005
1622 3288
2217 5737
9244 7795
9343 7434
2882 5169
3661 2455
7836 5321
5349 3466
7496 8440
9595 6490
1023 4655
5843 9773
1579 8941
4194 5146
1251 9322
8568 9612
9621 7843
4798 2480
4935 4456
8208 5714
541 2196
3121 4390
9116 4560
2705 4277
8819 4663
7755 7086
288 7416
6889 2594
5363 3840
7650 9766
5063 5951
7663 8131
4374 2442
7218 6675
5656 5884
6058 8200
2855 3526
1896 7229
6965 8218
1836 3386
1634 7572
8389 8071
6767 3765
4053 3339
8528 8292
8674 8888
8970 5203
9970 8736
3916 9301
5803 3178
344 5476
6312 5707
74 6066
6059 5302
8643 9767
7580 6516
9211 4380
1619 2145
7135 3397
6957 2678
4423 8872
7742 7327
3075 7925
4104 4455
5093 4823
5718 8236
1927 5396
8310 2529
120 5220
4430 3414
6464 7642
8219 8322
1429 6715
1944 9209
900 8512
2329 9113
864 2862
4715 6000
4031 8904
1321 4271
3577 2375
8939 5246
2473 2422
6317 3111
5724 4153
8324 9916
9280 4929
1831 8760
5723 9679
5865 2858
546 9276
7039 3068
661 8592
8380 4074
7102 4532
4068 7837
1162 9485
4970 2081
5532 2707
3146 5453
8429 8031
6318 6961
3199 2983
1247 2550
1182 9084
8423 7518
3561 4854
3559 4167
8153 5421
6995 2139
1330 2656
5858 2860
494 5641
1480 5889
9775 3450
1874 9556
4166 5333
4347 7124
526 8862
352 8459
3390 4276
7175 4149
59 7238
198 8668
1740 5987
6677 5387
8462 4299
878 2766
495 4548
4195 3966
7148 2018
9353 4879
7532 9649
5656 8998
4472 5767
4341 8778
6641 4589
2593 4794
6965 9920
2455 6966
8147 5817
5572 8766
776 4437
130 7641
481 9868
9330 4313
5469 8307
8867 9199
9476 2246
7938 3492
5083 5542
6925 6999
5390 2627
486 8943
1086 9181
1145 4973
7748 4706
4687 4947
8383 8376
920 7046
8388 9424
2171 9796
1426 3231
3404 3244
906 3301
5554 6216
3640 6988
5163 2786
1635 7940
6794 5037
722 4982
6619 4210
4840 9504
3282 4604
99 8795
2134 7122
6943 5038
4068 5433
9640 9704
3910 6023
9751 6666
8804 4201
2339 4163
2862 2617
9346 3866
7304 8231
9258 7764
211 3997
1377 2618
3669 6328
5588 6743
5479 7688
4056 6288
6024 2094
4467 2371
2002 9127
4312 8857
2026 9279
373 6665
2100 2099
9531 6805
8460 6671
5650 7842
8687 7615
3035 6738
6099 3385
1033 4559
8837 4738
7041 5936
6805 9990
2125 4830
8088 2382
1852 7598
7696 3048
2542 8354
7578 6142
9977 9498
6896 8402
6011 2151
460 9685
6465 8887
3478 4445
3424 5494
1315 3605
3327 4008
7297 5783
6739 7100
1353 6407
4016 8997
7573 3629
7078 2555
6990 3542
4036 8289
1829 8527
3867 3509
702 2972
5784 3656
7852 2712
2252 8240
544 2693
4369 7130
2825 8251
3978 7648
5 9137
2788 5040
4689 4764
9827 2773
2167 5268
2054 6306
224 8021
5170 8010
6837 5658
3300 9055
1254 8727
4242 3720
3078 4095
7042 2132
8200 7860
399 8821
5400 5312
1042 8670
1810 7214
4548 9381
693 3037
7690 2931
4858 8815
7702 7673
6584 8799
9349 6035
4368 6379
6410 8367
3898 5391
4682 8788
3860 3962
7683 6159
9614 8650
2646 3979
3120 2821
4229 5438
8401 8652
9519 3006
4271 4908
508 4294
7580 2346
592 2973
1828 5824
1571 5488
3592 3745
5243 6566
1376 4300
8528 7857
5911 8074
6103 2832
3204 8044
3155 7665
5434 6228
1590 5735
4968 2419
8885 9287
3785 3319
2928 9854
8200 9544
5015 6507
1607 5077
1328 6620
4922 8085
6301 3632
7855 9378
8033 8400
6783 3965
8735 7969
239 7770
2756 5597
2639 7025
2699 6695
3395 3591
9596 8663
4949 3088
1428 5590
7772 9002
6103 3512
7519 4110
4455 2417
7122 6803
3752 9185
2657 2115
1105 8109
579 9645
1973 5137
9330 8702
7496 2837
2411 3289
7759 9302
5912 8034
3242 3622
9054 2800
8076 3569
6634 9187
1056 2641
7820 9324
2378 2213
9998 2358
4147 7035
1188 2071
7571 6311
7816 4298
9245 5963
1126 2828
3212 5559
1764 5770
7129 9588
34 8920
424 6460
8077 8627
7249 4477
5916 6055
1925 2121
6329 7464
2398 7262
1112 4800
599 9754
402 7558
1096 4869
513 6949
730 3057
3809 8834
4065 2533
5689 5811
2561 3802
672 9194
8355 7684
1773 8689
9581 9619
8852 8610
2755 2426
9508 7585
4111 6825
2745 8784
9034 8683
4948 4079
6331 2079
5386 3660
8423 8331
303 4569
2725 7882
2973 4523
1985 6660
6245 9395
8460 9509
7270 6129
4710 3067
9593 2061
6676 5886
1786 4291
9983 6481
8435 6404
8600 9274
7835 9344
6691 7786
6148 3165
922 5613
7847 7408
599 7026
6841 3852
4357 3130
4950 8483
9417 5216
3910 7079
3051 4145
1637 3310
1616 4283
7844 5352
5668 5052
8362 4307
4277 6231
163 3615
3709 5152
4991 9270
1519 6443
3828 2457
1647 6959
6168 8175
1407 6183
5248 5827
1353 2548
1577 4904
634 4694
6656 2763
1477 6456
8476 6874
1648 8859
948 2202
892 9175
3901 4063
393 7257
2875 6427
6295 9830
7544 9601
453 5123
3215 9018
4669 9146
5027 4835
2766 4772
7698 9335
4719 9267
2766 7987
7766 9952
8713 6031
8592 3142
9976 5415
3962 5638
1971 5237
1481 4896
9259 9975
2739 9386
3362 3648
5554 8634
9866 8534
8958 9097
1254 2168
7960 6128
797 5891
5715 5548
5539 7389
5123 9861
5970 4409
5172 4531
7126 3372
7350 7587
14 2750
8312 9407
200 9994
6747 5795
8661 7396
1016 9316
2261 7340
3669 2586
7523 5727
6242 5961
4067 5935
7165 3882
9736 2080
4680 2183
2058 7900
3063 8620
9015 8933
1960 2961
1612 6444
8390 2394
509 9807
3893 6388
4579 2470
6294 4750
9937 4287
9227 6032
827 3025
8370 3625
2603 6680
360 8575
303 2802
1900 3666
9876 6029
7887 4683
8535 3250
3133 4749
9187 7067
9960 9229
800 2708
7112 7107
1766 3428
6436 4204
9277 3734
1622 4678
1961 6909
197 3465
802 4295
9988 2113
9623 7172
3422 7886
5650 2271
766 5413
4323 7779
5125 2947
1551 4484
1015 6255
132 6271
8708 8451
5917 2661
5073 7194
8772 2570
3286 4407
7895 6337
2159 7202
7009 8769
8084 8385
4787 9627
7789 8865
1044 9553
5746 5967
4215 4855
5669 8700
7294 9024
798 3311
9480 6104
7320 9066
7255 7019
5401 3918
7878 3388
9089 8056
396 2891
8622 6612
4851 6618
512 6135
4431 4451
1131 7920
7422 3612
9884 8103
9735 2013
942 3268
1680 2844
5590 5385
2004 4646
584 9946
5691 5264
4760 7737
6380 8090
2899 9798
6917 4073
5417 7893
2722 6661
7194 9177
4702 6632
4812 9812
9668 7687
845 2696
5605 2216
8296 2230
1000 8024
591 3490
5822 9551
1275 6223
4450 5452
4540 8648
3486 4185
6554 8497
7981 6102
8 6264
7617 5420
3326 7653
1828 9949
7651 2476
6400 2234
2913 9613
8839 8461
8416 6765
697 6524
5644 9718
7853 2803
4947 8107
2789 2898
1398 7628
8516 4252
3666 4905
6415 3681
3864 9298
8853 6144
9760 3446
6763 4233
1738 4240
6339 3109
100 9319
7853 8426
2288 6068
5141 7054
4287 5523
667 2244
6147 8493
8462 7424
7751 3307
6532 9741
1185 4789
9662 8368
1868 9230
3305 7667
817 5890
3861 8723
6568 2731
7340 7790
6460 2072
2838 8957
9245 8118
766 7234
2373 9347
987 5444
1061 9833
9856 8729
9227 9056
5392 7149
3918 9452
2832 7754
7372 9721
9208 2645
2899 8487
3414 2326
8570 6994
2282 2324
3841 4846
9400 6877
6661 3620
4535 3322
4957 5626
8755 2544
4187 5489
5909 6274
9075 2304
2070 4273
2706 9617
518 8232
9625 5120
2073 2748
3108 3647
1487 3515
1619 8927
8372 9473
6808 9730
9755 5620
9983 6368
982 7553
365 4006
2297 8520
6514 7385
6851 5954
6099 4638
3998 5355
1451 8363
3408 7565
9402 2990
3039 5698
4588 3246
8782 8006
8398 4125
8574 7714
9095 8659
13 8701
1962 4831
1234 2659
8265 4674
5792 8714
3094 5706
9177 9217
1001 2487
872 8473
2885 4054
7099 6557
8119 7677
2391 7620
5254 2927
1864 5336
1687 2877
8337 8004
1411 7418
443 8621
2871 3113
4253 6699
9865 6926
1980 9069
1621 6510
3517 6278
6483 8020
1583 3554
4964 6533
9299 9681
1468 8651
1558 7184
5869 5563
2036 2038
6446 9772
6657 4263
8985 7657
1091 3932
9811 8972
123 9864
5888 3586
7175 5376
677 6650
1236 2883
6026 5425
4174 4923
5506 9088
4944 6762
4955 5930
819 6430
8043 8666
4079 9443
6851 2684
5622 8170
7225 6875
5597 3500
7247 2021
6768 5329
4823 6673
1739 4038
7802 7467
4910 9594
1106 3832
5192 9644
1429 5464
51 6238
6337 8851
1383 8042
9093 7147
3497 8732
9025 9690
232 9148
7039 4848
81 8615
940 3208
6135 8640
9886 4318
4201 4381
3249 9616
1470 7058
3110 6286
4743 6721
3536 3247
1040 8806
3502 5825
8106 3235
1378 7858
1453 6488
8869 9541
1971 3230
1135 3124
9414 9271
4449 4526
1798 2454
8414 3151
757 3584
5512 6126
6369 3968
6520 8849
4653 7379
7529 2184
3043 4873
7402 6629
4835 9042
9886 4216
3465 2609
1666 2203
1104 7527
4387 8831
1595 4419
8773 2771
6456 7799
145 9740
8847 4025
4820 5847
4679 2349
1072 3363
3727 7163
2822 9128
586 6133
3314 4343
2375 8695
5263 7121
4131 4249
4436 4517
1925 4984
9900 7216
1249 2364
4610 4860
3054 9142
173 9076
8969 8991
3279 4621
3713 2893
8445 8664
7819 8054
4278 4340
1046 4701
9682 9079
1091 2238
3981 7258
6905 2952
588 8692
3663 7780
7396 9585
5561 2626
3213 5064
6045 2181
7567 2065
7019 8124
6487 6551
2262 4254
5430 9446
5302 9430
2192 9063
3055 5700
9498 8442
9056 4330
806 5407
6192 9131
8953 9460
3604 5043
4232 8560
9703 3270
5631 3718
8497 2621
5368 8053
5547 2884
727 8348
3142 2248
6573 2499
135 6537
9041 5393
9785 6496
6400 7801
8584 3611
5964 3073
1890 4009
2913 8194
1413 2853
2583 6930
457 2631
6236 3403
373 7295
953 4651
3956 6187
4296 8477
9204 3083
2979 3798
9606 9359
1510 2996
7028 2179
4538 3505
1119 8059
8236 9561
1572 7031
5731 8954
302 5344
7548 6358
4096 8890
8139 6276
935 9717
6589 6947
8387 8720
6958 7073
705 9524
64 2007
8927 3716
4557 2395
2342 6250
6407 7826
5024 6897
6739 4665
535 8072
3698 7410
6514 6499
2218 2166
1359 7674
7624 5894
2374 3764
5736 8117
2790 6108
9651 3287
3219 9873
390 5571
2318 5136
5694 6009
1965 6916
1970 2310
1353 4943
2700 6936
6716 2736
8225 7631
8019 9816
5167 7833
144 3757
4807 9065
8147 9486
4613 7829
3029 9673
565 5454
5796 5174
9633 5239
6373 8585
477 4508
4526 2741
1022 5132
9667 9010
7732 9133
6543 3766
3890 7382
12 4675
4676 8097
1632 6858
729 7040
953 7964
5864 2475
4 3736
6277 8517
427 8070
8115 7531
3269 2116
5848 7483
8481 5056
2403 3553
331 2064
1895 3787
8092 5922
2912 7088
5705 4130
7802 3458
2832 3888
4071 7678
6725 4954
894 8469
7131 4979
5639 9300
9037 5923
8068 3748
2673 6252
9671 7516
4151 9188
2733 2797
7456 7291
2066 9577
3383 2102
442 2564
7699 9537
8941 2149
7945 7951
8204 6076
6100 6929
3074 7319
1372 2328
1344 4077
6379 7561
7131 4700
6994 7937
5700 8158
9625 5431
8448 3350
7979 5607
7574 6815
7376 4097
8800 4326
2942 5160
745 2086
2277 5927
4493 4814
6274 7919
6696 5756
9401 9409
3015 4024
4954 7784
5536 8116
8509 4212
5831 8318
3449 3406
3454 5907
41 4480
8585 4635
8810 2237
3167 4793
7337 7763
7928 3619
1216 2254
1934 5882
7745 6598
1958 7393
692 2031
3547 8848
9840 9943
4631 6305
8254 9817
5814 8710
5751 5094
449 7980
5071 3551
2083 3805
5277 4154
9957 7256
6840 3022
5871 9225
706 6548
5667 7570
614 5200
5095 6967
191 5090
4645 4593
551 9197
1021 6984
2749 5471
2682 7210
9218 9910
3543 7065
8622 7604
5178 6093
3310 3701
1925 3136
1998 3349
2853 2103
9628 5732
3468 6559
110 3786
3681 6603
9812 8995
9556 8897
7922 6367
1511 8791
622 8989
316 9328
8061 9776
7955 3987
5239 3265
235 9982
8207 4108
2846 2366
2320 9248
7486 2483
7837 3951
730 4902
5818 3371
6473 3618
5970 3868
8614 4543
5766 5078
5693 5394
6248 7470
9007 8841
8457 2681
1745 8629
136 7616
6555 9341
6084 8369
1763 3821
8149 4714
8172 5085
8227 7189
5573 4223
7614 2677
3941 5726
2082 5231
6443 8091
5958 5196
9520 5159
2168 4412
3267 6512
968 8926
307 8667
6459 4983
4761 2117
6815 8311
3103 3168
9580 7369
8687 5625
8769 7487
4983 7221
1086 2685
2297 8424
3183 2637
6102 7902
2141 9383
5480 8073
7167 4867
1088 2565
6441 2092
6560 7849
1157 5939
9628 2690
7818 9001
8619 3200
9857 8396
5936 8519
2171 5514
698 4597
1438 3092
9684 9125
7844 4088
1860 8540
5815 7282
8458 8163
5140 2647
3780 5490
8796 4754
1761 3807
1280 9669
414 5616
402 7704
5571 4029
6754 6083
4934 9117
1654 9416
788 3741
30 5846
263 7729
3130 9793
4150 3524
6782 9896
5445 8176
769 7966
3454 4594
5846 9062
4459 4020
8800 8181
9165 2824
6640 9224
5601 2538
5130 8680
5136 3627
1528 2370
1760 7626
9817 6694
7942 8316
4983 4051
1932 4324
2837 7183
8467 7306
1172 2703
647 2978
4264 2466
6216 8262
8527 6938
5212 3417
4063 9444
206 4372
5049 2114
9094 4303
1534 2508
8923 2256
1448 2633
5368 2785
8419 6153
2316 6980
9548 5903
9528 8466
91 6706
11 4992
5142 7554
5426 2494
941 9727
3558 6050
5494 8660
8517 5311
9971 6113
3980 9973
3991 4061
7448 8180
2506 3360
6757 5994
6163 8745
6611 7139
2302 7814
3376 3260
5622 4877
3781 7607
4706 3993
8839 3847
3766 4849
4537 4937
6397 4856
6691 8792
1670 5877
9400 6849
6383 2767
800 4458
3660 8216
7770 9398
1258 8437
8509 6600
6386 9234
5414 3308
6950 4285
3152 5499
9640 9237
6469 7676
8791 2757
6975 7744
7338 9293
7668 9241
6097 9838
7724 8484
1664 7821
808 4441
6423 4581
6279 8465
6609 4176
3718 5012
4793 7311
1592 3276
9891 8861
4326 6976
9364 7881
8816 2622
2876 3782
59 6175
359 6241
6815 8391
7925 3514
6663 8319
5706 8844
2692 8101
9540 4137
6338 2425
2012 5276
4254 7511
1935 5995
7483 3794
5973 4590
5793 6292
5313 7090
5518 4401
1325 8066
2849 6475
9428 2566
1353 5317
8634 3750
7965 2779
742 9777
3082 7171
9975 4386
1665 8104
8834 6781
1608 5328
2590 9023
138 2263
5459 2084
9097 6953
5134 4384
9862 9605
6842 4997
1793 5491
374 8079
3764 9653
1033 8446
1297 6562
1977 8360
5547 5457
7032 9944
258 8087
4151 4089
9561 6285
4533 8081
6485 7547
1640 4644
2243 3631
1557 4755
1910 4179
8347 2162
4680 4023
6789 5760
918 4672
6340 6594
6878 8567
9364 3560
1529 7589
7084 4017
5053 3613
1931 9725
8046 3899
9346 4628
121 3273
8340 5528
3452 7353
1656 4977
8257 7154
7123 5262
1831 9909
315 2268
9519 7033
4385 7954
7205 2579
9434 6454
1251 2778
494 9954
4971 4257
3799 7275
1438 9716
6061 2089
1545 8138
8415 3485
1450 8542
9555 2868
4140 4336
9315 2393
8443 2091
4663 5805
9533 6040
3125 6504
2625 4822
3928 7743
8355 3534
2968 3245
9522 4752
8750 5042
1278 3915
8450 4044
1444 6536
712 7848
2096 9726
3646 3119
5824 6679
1316 2636
2239 8246
8101 7556
628 8956
97 2200
1701 6210
2958 3001
7354 3061
2065 6096
5802 7609
946 3207
2125 4470
9466 2187
5001 9368
1706 5899
6099 2045
9842 9847
6816 6969
1150 6091
4491 2402
8266 3421
1048 8677
4141 7485
1323 4168
6720 9284
3412 3409
8710 2925
6676 4688
6988 2178
9873 9179
6856 3501
9393 4882
8511 2606
1248 3730
8309 4424
7415 2743
4562 4094
8652 7735
5059 2941
5528 8089
3063 2478
5022 9712
1695 6350
6747 6030
1590 4732
1384 3844
2999 4836
8175 9658
1330 4289
130 6786
5517 3293
1433 7913
7001 7810
2060 4939
9515 3434
6454 6843
6563 4178
8802 5316
1752 5683
5401 8822
8326 4989
4872 4656
3479 6722
2078 2435
3256 5010
646 2123
7391 7278
2748 8905
1406 3702
6100 2030
293 9286
5598 8751
6399 2519
1713 5904
1573 3518
4811 6773
4983 8094
610 8555
4219 7195
9164 8880
1427 3626
1160 8229
1813 8798
426 9193
4507 5325
1122 7156
8263 4619
9629 7239
9052 9890
7378 5379
4282 4047
5923 2945
4008 4541
7360 6734
3722 2967
6395 6227
9238 5788
9307 9032
1301 2953
8832 4420
3828 2384
2073 6334
1299 7538
2542 4236
462 9354
1672 8932
115 2009
719 9232
3220 6755
8774 2077
4208 4996
139 6362
4091 5047
579 3651
2296 6541
5183 2006
1157 3843
3 9058
2039 3076
5918 9888
982 5593
9607 8922
1337 7161
5973 7347
7915 5003
1285 9925
4887 5227
1789 3803
3594 8571
8031 2620
1712 6385
1011 7075
3060 8959
9998 5533
2009 7246
7331 8378
6914 8586
5658 8045
4037 8790
1708 6319
3175 7005
584 4388
7705 4843
664 2291
8909 5976
6638 9611
7659 5820
3544 8321
2673 2257
4681 8733
9845 2768
4273 6610
9351 8438
9153 8935
3683 9814
3801 5835
4214 5259
9737 3576
1375 4998
5534 5697
6128 4630
1600 9818
2514 8768
415 4643
6293 5306
4617 3132
368 3331
7993 3401
6660 9984
4671 9011
97 7191
9919 7329
1501 3953
1900 7037
8087 2456
5560 2746
5827 2289
3206 8697
459 6855
2763 6746
8981 3877
90 2814
9942 2887
7555 3995
1507 3838
5339 7110
2054 5586
2761 4985
6420 4924
6645 6833
1746 5627
466 5759
3399 4005
10000 4118
5771 5472
6798 6033
6605 7290
472 3034
7541 3793
3171 7352
3917 6363
9994 7367
1227 5511
9631 9033
2672 8801
8945 5682
3769 6320
1883 6212
7268 3484
6446 3197
321 8617
5521 2458
9125 8287
7303 5569
7419 5772
3526 5619
1722 5853
6216 5653
4424 9123
410 4417
4710 6807
5722 8840
964 2474
2928 8201
4637 8968
978 5190
473 9107
186 7929
7687 3552
6805 5147
3753 3464
8950 8250
4815 8298
4166 7863
8552 8960
1569 2143
8234 2623
535 9634
3712 6138
6479 3009
3305 6402
5838 2015
9990 6601
9860 7654
7801 2044
4471 7443
1437 9630
8447 4649
2394 9870
4687 5432
640 4577
5264 3819
8294 7045
9243 8050
6053 2948
9019 6257
749 4960
8086 7404
9566 8624
5157 6359
5088 4598
8047 7044
4603 8002
4680 2909
172 6625
4155 6732
2424 8288
1426 6907
2343 9871
4529 8999
4934 6259
411 5630
625 9005
250 3014
7701 3751
3471 5483
7923 8022
7026 5898
1812 8892
6967 2129
5957 8346
1403 9159
2715 2900
9259 6787
87 9482
1602 7471
6542 5175
4402 7933
623 6109
4446 7876
2965 4933
1190 7694
3819 7047
8665 7076
1786 7235
4135 3117
5799 2581
2549 7083
7837 5782
4257 7995
6755 8514
1984 4913
2945 6906
8773 8303
5186 9951
6702 9985
8592 6344
9969 2490
4911 7314
3710 9765
5663 3959
8513 4554
3263 9135
4005 7344
460 5477
499 2939
4121 4716
3548 2567
4199 3005
4248 2845
8831 9050
1589 4844
2493 6726
172 4400
816 5579
7528 2867
5391 5856
2169 3275
6426 8382
9562 5599
8182 5575
9305 2431
1972 3020
1636 8866
1140 9757
2527 7932
5197 8261
5364 6240
8942 4427
236 6801
2162 9431
2412 2762
6074 3332
9732 3678
140 8917
2081 4243
4796 8533
4108 8306
1507 3427
9009 2314
8526 5338
6025 5765
6845 9380
8351 2228
295 2267
1216 5809
4237 7490
6125 8171
3711 5708
6487 9746
8151 9067
7380 9396
4432 6927
5914 2465
8814 4030
8593 4311
2476 5135
1744 5162
4669 9215
4799 6494
4478 9161
2815 7096
8346 5048
8514 6651
2884 2735
7948 4231
1005 2416
1170 8221
232 7240
6227 5466
2150 5184
3699 3837
6662 4542
3523 8529
9352 8978
804 2446
6135 2401
391 6028
4288 7838
7026 9697
8496 6189
4891 4668
4878 4085
636 5419
630 7063
413 8468
9291 2754
5914 8456
7816 6809
533 2740
960 4495
1254 8003
8672 7986
2185 2298
9936 2341
255 8431
5333 2655
2942 4301
7578 4115
9919 9091
2896 3190
8382 2138
9029 6885
236 8973
2053 7747
8315 8898
2162 4573
6465 9753
7530 9570
3679 2863
9975 8752
9814 9792
3611 7170
9419 6703
6919 8256
9560 5347
3873 3299
6771 6266
3534 5068
4735 8230
916 8686
6976 8587
3858 8864
9628 3033
2277 7756
6404 5959
243 9292
7730 7850
2509 8245
6746 5124
3684 8914
1799 4181
9464 3255
2304 3884
310 9770
8171 2777
8713 8127
6192 2381
1509 5798
4786 6687
8862 5755
6239 5881
4749 6497
834 3811
137 2157
8551 4801
2678 6162
1288 4942
7021 7788
5917 5290
99 4534
6126 3944
1161 8967
2708 5520
1004 4169
9607 9448
2201 2915
5385 6448
9461 2468
5439 2886
9904 3356
4065 3857
7474 6818
6009 7293
913 7072
4569 2888
6931 7682
4250 6581
8013 4284
3464 7603
2697 5406
9243 8498
4160 5206
5713 7994
574 9308
2643 8145
2117 6735
4936 9897
9149 8032
6395 4883
1313 9021
2031 5033
3810 6535
1343 7185
438 4159
4791 5404
3205 6172
4192 7488
5320 5072
7804 5615
8029 8595
5084 9597
4482 3708
4095 8522
1157 5562
507 5229
3099 8655
5133 6193
146 2193
2167 5584
4593 6085
8057 5198
5819 4666
8017 5177
9608 2428
8366 3229
8933 6057
2899 4183
1368 3089
2773 3420
4603 5880
8112 9587
184 3530
1369 7296
7856 6923
4773 7363
6510 2940
9765 6486
3491 3378
1765 5868
8514 4862
4902 4344
6644 7252
2647 2016
2837 7285
9203 4986
2763 5161
5816 7281
4409 5980
1399 5356
3214 7206
4725 3903
5990 7071
1379 6010
9276 4780
6125 5840
7409 7897
7225 2365
7857 8918
6855 3969
3590 8741
4632 2630
4176 9184
9023 6836
9105 7854
8786 4391
5892 3659
9136 9226
4944 4443
2878 8649
9857 7049
9248 9246
289 5574
4365 4821
8006 6986
8615 3480
1038 3064
2617 7442
8785 4093
8884 4309
5777 4818
4272 4926
6135 3950
6916 2783
9876 2917
509 9118
4829 6830
8537 6788
7211 8863
7111 9991
2628 2504
7464 5258
1485 3772
5821 4790
9760 6449
3065 3909
4838 3758
7976 6960
6592 7070
7853 5699
4630 3795
4516 6149
9306 6708
6291 7625
7701 5350
53 2597
35 2338
994 6727
4059 5118
4253 6556
7328 5361
2728 8169
6007 7708
5132 2938
8425 9701
2422 3940
2619 5519
2281 9087
1123 7796
7730 2051
5923 3451
2960 6246
6005 2591
9958 9426
3130 8765
4618 4967
7109 4086
8540 3394
4191 9948
2323 6558
7955 7767
3834 3271
4057 2998
8779 8545
6519 5675
7795 5986
5007 4266
7165 9883
899 2502
5939 6284
3765 3975
8545 5589
332 6854
984 3593
5044 2921
678 8987
1023 2448
3245 6853
9392 7326
6970 4731
8256 9098
3624 5522
3508 7758
6287 3670
7247 5371
2525 2214
4876 6613
5287 9691
4932 4148
7841 7797
8916 2290
3151 2595
8888 8133
7951 8159
4501 4757
5753 5611
459 2404
9884 5852
9149 7871
9307 5679
8247 3817
7781 6574
2067 3925
7878 8523
9716 3575
6005 9989
7501 8472
7815 4847
6064 6819
3365 6748
801 6744
196 4354
2390 7768
9445 5696
8302 3413
6107 5115
7026 2283
1589 2164
5281 2367
9291 5851
5698 4473
2571 3189
4090 9036
7993 6088
2410 2993
1027 9643
1879 2981
6322 2441
5585 6964
232 6156
439 7497
7869 9465
5469 8268
5970 9043
9250 7460
2062 4193
2211 3357
9937 3104
9105 5008
1126 7809
898 8279
7458 6678
1703 6617
6783 3676
9066 7188
6164 5004
5368 2204
8916 3724
7992 8492
9879 5752
525 6120
7397 2146
1361 7562
7073 5984
8803 2172
8419 9372
372 8452
1069 8699
7389 6202
2377 5176
