1000 10
71 188 2 17 134 96 37 73 5 85
1 2
2 3
3 4
4 5
5 6
6 7
7 8
8 9
9 10
10 11
11 12
12 13
13 14
14 15
15 16
16 17
17 18
18 19
19 20
20 21
21 22
22 23
23 24
24 25
25 26
26 27
27 28
28 29
29 30
30 31
31 32
32 33
33 34
34 35
35 36
36 37
37 38
38 39
39 40
40 41
41 42
42 43
43 44
44 45
45 46
46 47
47 48
48 49
49 50
50 51
51 52
52 53
53 54
54 55
55 56
56 57
57 58
58 59
59 60
60 61
61 62
62 63
63 64
64 65
65 66
66 67
67 68
68 69
69 70
70 71
71 72
72 73
73 74
74 75
75 76
76 77
77 78
78 79
79 80
80 81
81 82
82 83
83 84
84 85
85 86
86 87
87 88
88 89
89 90
90 91
91 92
92 93
93 94
94 95
95 96
96 97
97 98
98 99
99 100
100 101
101 102
102 103
103 104
104 105
105 106
106 107
107 108
108 109
109 110
110 111
111 112
112 113
113 114
114 115
115 116
116 117
117 118
118 119
119 120
120 121
121 122
122 123
123 124
124 125
125 126
126 127
127 128
128 129
129 130
130 131
131 132
132 133
133 134
134 135
135 136
136 137
137 138
138 139
139 140
140 141
141 142
142 143
143 144
144 145
145 146
146 147
147 148
148 149
149 150
150 151
151 152
152 153
153 154
154 155
155 156
156 157
157 158
158 159
159 160
160 161
161 162
162 163
163 164
164 165
165 166
166 167
167 168
168 169
169 170
170 171
171 172
172 173
173 174
174 175
175 176
176 177
177 178
178 179
179 180
180 181
181 182
182 183
183 184
184 185
185 186
186 187
187 188
188 189
189 190
190 191
191 192
192 193
193 194
194 195
195 196
196 197
197 198
198 199
199 200
200 201
82 682
33 807
4 431
152 799
135 268
53 306
152 467
182 598
38 946
143 824
192 938
75 424
90 720
78 718
185 740
122 778
187 646
13 289
190 451
189 230
155 465
155 917
100 443
129 264
82 936
179 478
125 493
27 810
200 379
46 879
53 449
104 550
27 733
424 623
77 365
95 534
38 396
158 800
153 584
187 674
145 313
19 571
123 291
156 794
48 319
51 902
129 968
68 452
11 304
122 339
36 765
42 956
1 410
35 669
38 354
158 372
451 972
410 585
169 546
73 529
137 697
2 977
60 278
197 516
799 216
10 848
23 680
45 394
99 375
230 647
95 453
199 850
4 692
116 256
46 861
158 272
168 847
49 750
938 621
62 368
176 672
17 311
15 839
28 884
170 436
87 721
431 218
111 554
176 628
132 219
902 751
73 982
110 411
516 582
264 541
3 559
182 820
467 803
179 846
197 787
102 326
156 716
982 206
40 843
902 831
51 486
150 532
799 366
139 401
372 649
977 655
216 808
431 328
674 777
34 580
401 725
375 425
777 918
628 505
268 760
196 661
77 437
79 731
697 521
436 738
731 885
177 870
425 869
649 651
11 301
189 757
585 577
58 220
529 417
571 625
30 739
85 690
163 414
74 619
902 459
151 700
192 941
155 634
145 315
117 645
803 677
820 841
453 531
48 844
431 314
99 589
141 825
108 239
619 905
62 353
598 322
36 569
125 492
777 510
8 932
162 771
130 906
183 592
843 957
315 786
115 796
162 960
144 933
88 773
765 579
510 953
692 363
77 460
646 292
353 876
451 862
651 496
521 538
47 811
808 488
839 262
172 770
114 868
24 908
972 466
168 691
86 471
95 512
268 236
692 207
884 602
159 356
917 489
339 435
130 959
158 901
731 490
771 432
53 748
655 852
199 679
162 599
67 883
61 631
634 637
44 988
50 427
142 958
750 374
579 666
471 518
23 857
20 769
183 336
936 440
488 886
379 479
674 555
192 636
125 567
96 704
353 441
824 767
786 509
89 873
161 251
886 858
27 552
365 204
12 487
958 299
146 947
146 485
130 809
602 583
218 759
411 303
47 620
145 630
583 724
144 615
73 211
256 643
669 202
852 548
126 851
690 335
918 904
30 881
21 457
467 974
152 976
410 386
918 609
4 939
682 390
390 837
135 640
982 1000
431 408
803 924
941 612
113 854
510 358
465 203
37 616
251 882
166 419
168 406
751 937
550 329
43 391
182 300
336 632
313 371
90 445
16 347
103 813
300 258
112 288
173 438
453 472
193 790
83 275
184 990
4 732
165 434
800 788
55 830
881 226
2 581
127 644
808 940
976 997
851 392
82 553
194 899
278 447
23 985
932 327
750 617
329 855
98 369
628 842
917 539
114 984
375 735
184 703
559 994
592 407
436 878
89 217
427 332
99 293
807 276
230 758
176 744
953 357
386 909
478 481
609 503
410 305
406 259
46 359
306 667
392 792
984 540
541 614
94 495
44 312
10 995
933 818
122 659
204 245
489 450
465 951
733 255
127 967
153 422
861 442
37 458
830 506
487 663
614 257
988 880
807 221
995 240
667 766
347 828
43 969
759 283
335 888
170 929
908 603
888 706
191 384
156 892
1000 741
251 205
990 927
706 749
300 638
984 734
61 587
176 397
592 241
86 228
103 395
619 782
615 500
516 469
440 511
6 893
173 426
861 797
92 515
386 544
571 622
240 279
677 656
492 423
10 243
97 412
217 570
589 475
1000 316
121 695
732 388
391 942
328 381
582 755
622 400
219 444
328 743
544 950
492 684
619 543
451 784
374 519
305 355
619 867
140 229
357 517
170 987
48 903
87 513
186 352
577 624
987 712
371 989
41 608
951 501
903 551
640 348
636 545
44 595
93 522
51 930
957 943
93 542
437 461
645 415
848 605
149 323
191 610
2 919
72 642
909 897
57 473
206 928
44 719
20 791
56 575
189 343
31 954
390 448
919 253
438 713
185 865
151 317
221 641
139 991
885 840
76 689
542 342
186 866
740 728
276 433
466 914
598 875
478 822
959 223
904 561
884 266
518 934
608 801
448 572
501 775
617 237
9 635
674 992
603 370
496 307
954 821
353 823
684 420
616 714
26 657
200 232
327 891
180 737
592 380
493 627
386 502
672 367
140 573
417 318
807 558
107 648
193 260
866 574
684 975
27 877
420 341
842 702
366 618
469 890
305 393
22 470
4 776
969 480
139 764
6 654
569 762
540 225
229 874
988 705
314 963
939 687
646 526
380 611
257 345
102 286
189 520
946 284
575 498
839 707
31 665
757 248
787 793
132 330
167 817
41 996
352 849
441 742
880 709
764 418
869 208
865 382
759 863
90 673
336 708
720 238
904 398
195 265
417 781
137 578
51 931
445 676
190 910
874 962
25 600
354 377
539 971
994 754
721 935
392 853
466 429
975 816
837 324
830 746
935 383
540 860
108 829
480 560
414 282
239 507
177 376
809 224
843 446
975 310
904 685
175 780
442 476
112 812
751 889
177 504
996 604
777 250
204 416
604 789
29 980
962 694
831 832
879 477
78 597
796 409
442 222
803 254
47 662
548 556
556 271
759 252
104 923
336 593
720 385
357 671
306 658
433 915
291 456
52 212
194 979
224 536
839 613
531 607
932 263
792 491
90 535
997 978
716 247
226 233
31 594
771 468
451 736
962 373
893 683
61 845
142 675
995 246
518 215
933 965
976 753
739 639
256 340
410 270
877 298
578 210
488 563
382 826
799 287
149 499
42 993
434 983
14 926
369 966
928 297
902 399
298 835
890 944
172 454
990 678
467 814
679 533
942 955
123 717
851 981
994 421
503 916
406 484
855 528
396 462
144 795
241 895
452 834
731 290
120 949
789 606
340 696
879 945
718 668
356 325
185 896
148 273
742 774
988 346
843 576
599 681
531 564
155 514
144 483
375 455
861 652
250 349
668 565
639 350
839 464
178 768
643 802
883 970
37 729
354 295
813 836
123 280
347 568
121 360
384 686
953 267
504 973
411 747
159 894
171 912
75 871
264 805
971 964
93 331
211 235
59 334
889 999
238 596
286 701
733 699
689 761
458 925
103 911
53 413
80 269
93 525
91 508
916 872
674 482
928 948
198 281
886 351
671 961
31 660
996 722
115 819
181 338
516 726
398 998
842 710
841 277
264 815
660 333
135 213
100 856
595 387
80 527
145 302
411 591
868 922
602 952
148 752
64 693
30 402
532 227
841 772
789 430
170 439
163 405
198 859
154 308
36 214
86 294
813 864
116 296
159 629
88 898
765 586
395 756
713 688
372 474
620 715
489 711
181 727
250 403
399 320
67 785
215 838
936 497
370 557
431 337
60 231
50 234
694 633
306 827
753 344
357 590
904 549
393 763
987 806
668 887
174 907
953 523
214 626
131 285
523 783
864 309
285 779
684 361
631 566
437 986
370 524
891 404
876 588
243 321
312 261
385 745
144 921
140 547
476 530
103 920
955 378
122 913
705 364
164 664
289 494
803 900
635 650
200 698
587 730
373 209
246 670
163 653
402 428
24 833
372 723
77 537
80 562
864 242
100 244
701 798
582 274
393 249
822 389
707 362
75 601
317 804
892 463
