100 100
187330 240442 746431 668847 130726 696278 712216 479803 857121 498726 311914 929968 292720 565717 269492 994697 458229 159568 757979 938633 305845 610122 284773 232498 168986 933947 673407 427791 468914 132125 35960 677163 956783 253102 100164 409176 863781 937521 244090 776041 332688 55789 226325 866296 782219 53100 700855 178145 622361 252029 780257 214148 255072 514098 117437 521415 847849 506403 949077 24914 323298 766121 264537 765394 482076 738468 293020 164023 919629 608566 407063 720309 236303 4485 114853 970630 496030 629309 604037 736103 941726 22540 595740 262550 192468 537380 139376 39067 689512 189372 102958 578364 402729 724816 214949 64263 654729 814620 940553 833804
2 1
3 1
4 1
5 1
6 1
7 1
8 4
9 1
10 5
11 5
12 7
13 10
14 12
15 8
16 12
17 3
18 2
19 8
20 12
21 14
22 21
23 22
24 11
25 19
26 18
27 11
28 23
29 25
30 17
31 12
32 26
33 25
34 6
35 22
36 27
37 21
38 23
39 32
40 12
41 14
42 10
43 18
44 31
45 16
46 6
47 29
48 11
49 9
50 3
51 36
52 28
53 25
54 30
55 10
56 55
57 42
58 54
59 34
60 7
61 41
62 2
63 62
64 29
65 18
66 49
67 38
68 7
69 47
70 36
71 25
72 20
73 72
74 54
75 27
76 3
77 15
78 41
79 65
80 34
81 52
82 29
83 20
84 63
85 81
86 26
87 48
88 75
89 71
90 57
91 90
92 23
93 46
94 32
95 60
96 95
97 80
98 70
99 92
100 14
2 70 11
1 5 10
3 41 3 12
3 80 78 39
4 30 37
1 17 30
4 89 59
2 47 72
3 76 27 70
4 80 63
3 8 70 12
2 50 85
2 74 84
3 82 5 2
1 90 91
4 98 79
3 61 31 52
1 1 9
3 85 73 100
3 64 90 12
1 31 44
1 28 52
4 95 95
4 1 85
4 49 77
2 90 70
2 91 27
4 79 18
1 8 15
4 80 26
4 22 86
4 41 33
1 18 43
1 38 67
4 81 11
1 62 63
4 62 72
4 72 55
2 84 64
4 12 50
4 57 81
2 40 74
4 87 8
2 61 91
4 42 25
3 9 69 69
3 58 82 26
2 5 22
2 61 26
3 2 6 4
3 41 56 58
2 79 76
3 62 2 16
4 27 94
3 33 3 15
4 60 37
2 39 83
4 34 18
1 26 32
4 50 22
2 93 14
4 75 94
4 74 18
3 76 17 82
4 13 25
3 90 31 4
3 8 74 19
1 3 76
2 50 93
3 31 30 83
3 45 25 51
4 8 100
2 17 34
2 40 91
2 30 8
4 23 36
4 84 62
4 3 39
1 9 49
4 44 76
3 11 11 12
2 55 72
4 64 17
4 57 84
4 4 28
2 81 48
4 4 11
4 53 37
2 93 98
4 62 69
4 80 71
4 22 64
4 62 76
4 100 75
3 92 86 5
3 1 27 31
4 86 7
2 13 75
2 15 6
3 12 79 31
