100 100
623540 257719 187866 618738 850582 297799 257634 749796 695942 421817 818894 487690 864955 288323 604345 328012 685009 835358 198432 378837 551048 884806 47461 212626 783554 24124 841805 138359 931849 650499 391619 660986 981319 751014 903507 582486 71500 357553 328816 585162 77580 963380 735215 321559 964766 290627 29193 793989 13886 736312 836893 605022 127948 903279 219308 678321 308747 969545 156699 629137 542050 23338 580276 772820 324703 908796 943781 353108 800687 545961 375167 318002 830247 580516 531768 89934 762302 213025 68650 269007 688912 480985 740755 748449 886813 244615 507539 828722 806471 814445 726256 67637 473688 864208 249365 518240 242042 924087 573902 18669
2 1
3 1
4 3
5 1
6 1
7 2
8 1
9 5
10 3
11 1
12 9
13 8
14 9
15 4
16 9
17 14
18 10
19 11
20 8
21 18
22 17
23 19
24 14
25 3
26 9
27 6
28 1
29 7
30 6
31 8
32 6
33 3
34 4
35 34
36 14
37 12
38 23
39 26
40 3
41 39
42 20
43 18
44 15
45 44
46 35
47 7
48 30
49 22
50 31
51 27
52 5
53 52
54 34
55 35
56 49
57 8
58 36
59 47
60 42
61 19
62 38
63 17
64 42
65 53
66 28
67 40
68 12
69 57
70 19
71 22
72 12
73 14
74 58
75 45
76 45
77 46
78 73
79 9
80 28
81 34
82 27
83 47
84 17
85 59
86 18
87 65
88 45
89 65
90 64
91 8
92 5
93 23
94 15
95 6
96 2
97 92
98 76
99 27
100 38
4 74 82
3 58 61 57
2 39 79
1 27 99
2 39 19
1 7 47
2 33 1
4 37 46
3 86 97 98
4 16 94
3 31 4 8
3 94 83 74
4 54 100
3 38 67 62
3 21 6 88
4 71 1
3 71 34 60
3 77 100 39
4 21 57
4 98 68
2 7 60
3 28 35 48
3 56 50 39
4 40 19
4 15 61
2 60 10
2 84 78
2 32 99
4 10 63
1 42 60
4 5 9
2 36 52
1 17 84
1 34 54
2 53 6
1 10 18
1 5 92
4 54 69
3 21 4 31
1 9 14
4 32 93
3 13 89 100
4 3 53
4 50 85
4 53 27
3 6 75 98
4 97 36
4 100 17
4 19 36
2 92 37
2 35 80
4 11 63
2 19 50
2 21 85
4 35 45
1 6 30
3 68 15 86
4 63 60
2 10 59
4 37 77
4 67 46
4 56 89
4 89 72
4 83 40
1 65 89
2 44 58
2 9 27
1 59 85
4 66 5
3 53 91 91
3 66 84 66
4 53 39
4 33 62
1 9 16
4 14 17
4 97 83
3 74 29 94
4 78 7
4 66 20
3 69 95 74
1 17 22
3 26 42 95
3 89 42 3
4 89 9
2 95 4
1 76 98
4 12 97
4 12 53
4 72 29
1 3 10
2 26 45
2 1 56
4 33 97
2 7 85
3 98 41 23
1 42 64
4 75 14
4 83 2
4 92 64
4 44 39
