1000 45726
633 4956
426 2801
739 383
159 7688
683 577
865 2314
596 8583
763 7886
975 9157
904 3407
22 5872
970 6366
515 9048
850 5309
671 897
51 8330
486 226
281 9055
54 4268
492 4498
413 1420
298 8170
271 3417
556 4259
484 186
285 7975
668 4598
301 988
633 4486
585 8902
28 6116
962 4833
985 5579
970 801
468 8811
965 2388
582 6174
280 1391
148 7625
999 867
770 7318
920 3624
717 1425
163 9404
850 8337
150 6322
493 649
587 2748
429 8281
206 6845
696 7263
975 7805
479 1890
912 8404
671 1722
234 9266
924 2465
101 5710
817 2217
211 8833
589 6416
866 9628
34 5437
317 6256
127 4886
563 3932
230 2837
356 2853
850 8714
842 5352
752 5076
270 608
853 2955
108 4657
753 8825
280 8575
694 6546
330 7974
914 5728
724 9647
104 2947
448 6018
888 4059
517 8919
77 8596
314 2558
931 2247
806 6764
228 2643
717 5006
983 8092
700 7949
223 7308
22 9111
306 3021
120 3721
794 8992
855 5758
35 4198
985 2581
727 2429
815 3126
727 5753
952 4991
206 5042
971 4485
719 3050
30 1217
411 7576
621 1270
477 731
471 5344
983 7217
265 2273
648 6648
787 8470
181 4377
271 4276
622 3335
816 1092
365 2711
221 1218
811 1131
34 2694
720 9809
708 6781
106 230
501 5340
336 6110
34 7781
671 9206
424 5847
361 4164
365 2541
362 4409
350 4170
720 994
760 66
64 9917
574 1968
429 3701
317 2186
512 410
671 1413
723 9615
245 9865
139 5348
38 1858
907 7988
391 2832
356 4978
794 9551
765 9859
298 6081
147 7553
557 5077
479 7997
493 4530
697 5437
310 1809
529 8407
849 3059
992 8557
30 7414
617 2016
550 4883
697 7222
926 5707
223 8999
872 6452
672 677
53 8425
850 670
85 5125
44 3150
312 8152
630 2883
493 7053
622 3034
452 4744
1000 8305
617 5225
466 5429
753 6886
587 6143
425 2742
600 5971
406 1764
917 1180
672 9626
605 6097
926 3195
52 7785
806 3046
628 6229
965 6022
563 644
917 8605
553 809
4 6696
414 6262
213 4650
671 5876
458 4553
56 3837
629 9047
176 7046
671 7886
194 5495
836 5473
502 465
97 7901
315 6512
431 1218
623 1040
469 5711
16 7335
82 9758
791 6669
601 8732
174 8495
245 5524
73 2477
817 8099
537 4128
431 5795
866 8133
448 1955
431 3535
947 8787
297 1251
616 7462
808 1657
60 4501
58 5498
532 9861
10 7971
6 1954
265 2216
727 5762
150 1360
56 4980
504 5995
1 3508
943 4998
304 1130
603 947
95 2446
847 2733
180 6899
671 2951
863 9873
781 744
49 2249
939 1448
642 1327
118 2887
416 8909
850 3213
81 7951
718 5409
53 8216
74 8703
760 2798
426 8912
570 7481
958 3727
67 228
847 7855
587 3970
719 9639
513 8443
308 1002
358 9720
518 9237
767 9934
997 5268
44 2799
181 5891
1 8875
476 5159
271 7184
806 349
590 3459
120 7074
95 6790
81 480
100 8777
871 2779
23 667
610 2097
699 8616
341 8512
504 1656
125 9691
212 9226
671 7306
285 6305
961 3038
767 2733
677 4160
708 8587
781 8156
16 47
544 8130
547 750
316 5081
75 1001
576 4878
539 2163
948 9253
911 832
692 8923
321 3512
95 3300
524 7356
882 5563
925 8718
75 780
446 9930
859 1720
563 5020
232 1970
477 7114
854 7819
795 6723
391 2797
841 4346
260 6627
727 1078
766 9520
926 6558
80 9120
672 6176
174 1299
95 6468
451 1458
502 9135
441 2518
931 9162
491 5507
119 534
23 5001
298 8492
237 668
223 7613
251 6530
191 7565
926 2102
474 3758
872 9167
693 6904
330 6279
64 2946
810 5885
498 7058
708 6505
191 3665
876 6042
859 5306
760 1735
557 4366
155 1346
447 6778
29 381
629 7374
466 3637
449 5846
452 3806
602 4562
16 808
172 5943
76 6641
744 5095
131 8503
53 1237
880 9009
495 466
241 9774
854 3389
948 2016
417 4765
671 6917
544 4167
948 2730
722 2771
452 707
689 3971
767 7305
503 5663
623 6769
285 1599
450 6862
94 8143
844 1809
493 9466
550 2503
611 5278
425 1786
640 2343
597 3065
944 8663
449 4853
854 7568
633 1042
693 8449
629 5223
379 8737
991 4493
241 6251
836 7295
502 166
896 3493
157 7695
770 8524
362 9814
329 53
222 3073
693 4514
46 5916
313 266
834 70
1 373
642 4555
727 6380
101 2188
621 1909
260 5316
985 3707
853 2001
110 2708
180 3557
276 864
670 4689
385 1951
888 9743
299 6332
897 3284
23 2986
901 9857
222 8462
294 2604
973 8605
406 9340
582 8587
211 5799
568 5700
174 771
708 6661
545 4390
362 2796
815 35
643 4138
387 3922
84 4920
807 9670
479 1688
810 3640
167 6096
491 5666
452 778
725 119
218 4027
300 9657
671 4500
53 3573
970 596
568 387
795 8792
767 2819
770 9936
54 428
262 2482
656 6024
384 6724
713 657
70 1411
52 4336
104 1536
882 3951
917 4995
905 9396
924 64
895 8110
532 779
793 3240
75 9537
701 6624
785 5754
336 1143
66 1149
199 8133
986 4153
49 8957
880 3385
503 952
603 1386
267 9912
41 5849
991 8476
1 3638
119 9501
71 2178
400 110
34 6093
697 6990
58 7208
602 5024
803 8124
667 4441
95 8332
810 8833
173 7437
119 5347
493 6369
22 9379
250 3211
642 2734
242 3866
536 1146
620 2863
210 5285
339 9554
987 8084
948 7016
876 5265
947 9245
566 8273
612 4459
41 8244
568 9939
582 7630
429 3150
685 4605
106 8063
880 8908
158 3964
717 7270
281 4464
425 3783
537 8411
133 9590
781 3693
384 895
667 1371
241 7183
714 2403
888 1607
281 9768
656 8292
456 2279
853 3661
640 8093
575 8493
301 9323
416 2880
726 1954
382 3625
982 8056
612 9372
935 4903
408 9278
380 560
513 2663
43 7262
440 7064
517 9089
125 4496
147 3147
553 9041
850 9132
577 7299
392 6802
309 7272
587 6288
398 5617
352 2691
778 3049
845 950
911 2518
345 7593
976 9899
123 4776
598 2126
283 8850
671 5436
590 4699
965 824
1 5901
255 3318
640 3271
795 1856
103 3721
134 6695
15 8588
576 2982
53 5418
19 205
752 8734
876 3828
512 9769
298 4021
179 2361
850 1029
675 2919
1 2548
908 3115
860 5713
172 3871
41 7138
876 1238
706 6916
54 6154
888 2005
846 8815
91 3589
524 3615
983 2297
102 4436
64 3066
245 9532
985 103
925 5090
71 4599
35 6471
895 1719
695 6165
46 6117
746 1433
486 7549
335 1433
241 4163
665 302
413 6354
406 9234
743 9384
757 4274
525 2856
336 5768
767 9774
451 4001
872 8638
124 2667
793 8916
862 616
579 7263
64 1240
751 412
76 4239
246 4184
490 2857
181 6814
503 3433
191 6281
590 558
1 9171
171 7170
69 7380
69 1903
140 8432
301 1739
924 6777
66 8804
695 5985
715 8180
27 658
760 1943
569 4210
285 9437
1 8813
355 9322
469 4922
299 5901
682 9359
711 2765
158 9217
358 6775
928 6436
677 2868
310 7250
863 3445
384 2251
6 771
119 6778
318 1257
469 4717
621 6707
783 1068
775 1666
779 9918
842 8358
64 5062
260 4325
147 493
629 2121
210 978
254 6906
733 3749
52 5459
10 7604
415 9813
833 653
254 5513
698 8776
308 4559
156 6274
541 1193
601 9347
810 8306
931 9686
630 8756
712 4561
766 6546
1 6372
56 2403
12 5484
387 9903
206 3797
53 4441
414 9159
985 6627
398 5525
119 1036
884 3879
576 7471
502 7934
43 4023
56 7824
346 6692
277 4882
30 8291
807 6558
298 7506
451 470
429 8053
645 7868
635 5345
173 4635
384 1991
695 3248
607 4017
22 6656
568 5357
598 8569
285 7963
172 1632
770 9823
948 6496
23 7540
627 8960
729 5891
601 7575
612 9244
46 1986
825 5927
384 1082
170 8102
912 6503
1 7212
672 1164
113 9681
291 966
223 226
776 6535
785 2589
587 571
674 3851
892 4101
222 877
108 4259
844 6739
491 2563
394 2285
991 4152
171 8909
665 8506
69 9194
490 1349
577 9920
985 1078
589 1101
147 8809
1000 8399
622 7094
488 4124
452 1434
557 9450
547 9508
612 2704
345 3339
689 1721
850 8189
58 4677
29 7365
587 6696
519 2376
58 7584
414 1543
875 3104
882 898
849 9712
439 6041
557 7625
431 3293
316 7959
867 4995
715 7732
691 9745
917 1030
230 689
956 1085
157 9023
839 305
29 6265
180 6391
413 8142
71 5912
747 7421
955 4290
983 145
534 4124
16 1156
948 4853
696 1667
193 9624
387 8287
806 6342
10 1279
728 356
486 3180
855 8766
136 5346
70 7204
667 1063
102 8749
358 4182
55 7306
119 7951
287 8702
212 3852
781 6475
817 5012
482 9684
914 7715
212 7050
576 2757
852 4405
64 9243
1 5085
907 4125
449 1836
493 9752
298 3625
861 5011
840 8365
476 1462
22 4580
341 3307
437 7417
766 3770
527 3025
298 6937
52 9068
430 4954
767 2388
462 6380
253 6280
23 794
444 6989
511 6649
671 6637
398 2240
252 2381
755 6916
633 2702
2 3840
711 487
582 5878
607 534
383 6287
603 9762
80 4127
250 5638
606 1927
65 1677
692 3320
760 5479
179 4716
712 1204
688 3323
671 4690
920 6606
170 1841
352 2458
740 7652
917 4125
688 6515
29 8142
51 4742
119 3766
480 480
486 7491
139 1003
81 6031
172 7631
51 9079
526 6436
757 2671
834 2291
147 2297
339 2708
655 7717
108 7837
853 3346
178 9514
671 3740
178 2318
876 2600
876 3111
139 1681
425 3498
886 3639
545 1609
306 7564
622 1883
857 3146
367 7760
43 8680
719 8382
746 816
500 2475
657 9006
431 2203
341 9241
795 5687
666 1112
169 3751
452 551
347 6430
628 575
865 5015
861 303
713 2881
427 5130
360 6805
174 4705
411 928
469 6614
341 9282
694 2099
180 5182
132 4889
808 5755
683 267
568 4077
72 5486
412 2269
342 2492
744 250
503 2304
960 9426
878 9549
928 278
841 8413
781 5808
412 9180
280 5800
361 4270
384 383
260 51
397 4567
180 1853
155 4691
601 4886
478 7658
449 9139
595 9065
770 4679
495 3165
955 4894
457 5267
412 6377
347 2837
671 3338
48 6873
984 4176
258 2485
147 5307
105 4269
147 7657
970 4745
406 3568
521 7038
858 4671
450 945
576 2680
954 5141
1000 6254
1 806
