100 577
8 402
7 344
85 338
76 84
8 346
22 234
93 341
8 173
22 202
85 240
19 69
43 484
65 327
8 55
68 345
53 247
69 76
28 299
68 44
92 299
96 348
2 457
15 2
81 181
7 49
22 419
29 231
1 23
87 204
63 303
20 114
74 297
27 55
87 284
80 147
100 227
4 230
32 292
24 88
4 198
63 306
98 311
42 295
93 320
29 17
63 376
57 136
40 107
6 12
76 140
76 216
52 431
15 370
28 259
32 499
11 96
92 372
93 408
86 499
80 218
32 359
15 188
1 438
50 490
57 121
20 49
8 107
1 70
67 269
79 162
40 214
30 33
52 46
11 176
8 421
96 100
40 406
28 67
89 40
9 38
76 462
27 140
100 19
46 274
40 296
38 16
4 182
6 304
22 212
92 463
80 381
1 363
40 389
57 125
76 481
18 165
42 230
85 301
62 117
