100 1237
37 173
28 453
2 316
32 94
16 94
35 96
26 434
12 388
77 466
5 119
1 156
32 437
26 205
87 13
12 232
28 269
12 49
51 373
27 349
88 342
16 26
10 424
40 250
70 60
36 371
83 45
16 171
53 219
71 188
87 469
48 426
9 262
9 20
48 77
12 444
100 310
56 237
96 146
25 236
2 173
65 62
2 47
18 244
37 110
70 181
42 173
12 265
16 492
65 162
95 190
37 324
65 369
90 163
100 20
75 473
78 436
54 220
66 361
37 443
53 192
42 260
28 485
58 188
1 243
48 146
71 102
100 91
75 495
48 7
9 324
100 310
100 37
1 471
49 224
2 358
100 437
100 403
11 184
73 155
19 217
58 394
86 428
3 184
49 183
12 205
29 330
74 326
57 151
63 165
9 363
32 275
44 273
10 121
88 36
71 6
33 425
33 492
92 241
74 313
