1000 63456
724 3221
893 5075
368 1181
316 3439
538 8737
897 4069
319 9732
939 7821
218 518
315 380
95 9608
628 5461
258 8684
934 2936
812 1685
32 2908
72 9458
409 1493
200 6109
462 6710
253 9609
41 7788
173 9944
838 9641
887 7052
416 1844
718 8736
491 7025
106 8871
948 748
628 4661
202 9982
401 7363
656 8927
510 8733
958 6655
812 6021
812 7256
623 4244
769 1618
394 7149
751 7615
689 5234
469 4999
398 2700
206 4348
732 6965
323 834
395 9673
708 5768
890 4728
822 1652
101 6016
466 2277
216 1196
355 1798
193 8117
715 1356
186 6479
381 8164
210 6393
751 7349
541 8517
43 9612
484 2620
47 8160
11 8881
315 7726
207 273
193 7509
197 2854
181 5716
967 8
637 5856
971 9586
974 4400
604 5114
299 9609
264 2392
76 8204
580 3115
838 633
188 5125
695 2185
200 2499
834 7336
200 1506
899 6525
646 2593
945 4534
624 1591
900 936
9 6654
680 3099
5 9449
941 9845
16 5477
927 1467
208 7440
42 1531
187 3965
449 8492
880 3504
40 4836
716 8503
271 9185
123 2556
280 6599
320 1627
907 7976
948 5560
795 2355
667 6897
392 7999
35 4223
34 6936
272 8884
786 7842
327 1831
126 518
669 157
264 4381
888 5587
799 8439
899 2661
377 7664
388 629
587 1697
984 4726
384 7936
211 3299
155 3976
623 1675
261 1020
509 7301
400 9766
251 7536
135 5145
708 86
37 2685
298 7527
897 3438
966 7193
249 9341
506 8942
359 5339
872 3540
534 8057
974 6692
48 3582
852 3814
233 4838
508 3096
803 6998
59 4943
767 921
31 4935
536 7636
340 9554
550 511
963 5175
555 7938
885 5969
42 1234
89 9482
539 2298
582 5721
828 4439
858 2510
271 1036
299 9346
637 5676
137 8452
25 3180
198 9213
188 3344
734 6918
850 9507
35 260
251 4250
196 6900
141 2981
327 5607
300 319
390 1635
512 7906
899 6680
468 8605
835 7302
578 5851
802 7431
1 3842
858 8075
541 1317
654 2333
816 194
367 7184
315 9530
16 3399
570 4481
701 4042
234 5371
876 8191
954 8528
45 965
537 3847
419 3585
992 1340
381 9513
613 1592
224 691
357 7344
915 6288
167 5681
43 4594
715 9500
126 3464
278 9909
991 5090
96 7625
995 4546
789 5153
755 6544
838 415
114 3039
363 4008
636 1254
905 997
419 1229
491 8197
205 4164
246 4556
468 1780
637 5299
584 469
835 4094
92 3757
267 3259
265 2665
948 7355
963 9282
669 7906
165 7506
746 8554
902 9012
419 5769
272 9385
676 8235
423 3985
496 9193
998 8074
663 7318
696 1793
550 3682
206 5762
69 4088
414 693
43 1100
32 4284
381 236
54 2191
512 4950
484 4081
693 4501
529 7900
687 9722
786 8631
468 3964
870 2421
828 3085
804 617
227 2160
593 4701
718 7711
495 4752
913 3674
737 8971
62 1986
808 368
417 6333
255 5656
932 697
492 6030
897 7466
253 3747
924 4806
381 1106
631 5604
419 2771
162 1446
903 7418
666 4177
137 7701
693 9215
895 4441
779 4321
193 1441
539 5355
64 867
163 9706
780 380
901 2604
868 401
594 2433
541 9338
149 4876
466 455
781 6024
654 1198
924 6459
188 2485
407 547
779 6021
397 8522
865 1420
725 4015
483 5312
637 1153
683 4665
381 5107
660 9202
985 4771
562 6049
1 2022
355 7123
419 663
72 6625
865 3191
64 6874
260 2900
614 4054
373 5984
918 5357
555 5463
465 6381
797 1203
660 9067
913 3456
893 6410
734 8245
876 8993
836 4691
773 1693
542 1064
853 6823
969 7040
401 9788
526 2441
158 492
376 4965
614 6163
617 2395
459 8101
496 1989
973 1653
793 9234
375 9786
246 9488
400 3633
42 1021
979 7491
397 1180
256 5652
330 6872
365 5034
899 8793
808 7691
318 3957
536 4394
545 5558
747 9530
460 4628
397 6891
162 3551
760 5052
393 8179
227 2354
654 9051
107 6122
42 9700
407 6875
393 7463
388 3710
693 6360
380 3950
936 5793
858 4303
874 6821
423 3153
793 6043
502 6424
193 2006
193 4860
177 5724
701 5087
193 1083
550 723
396 3863
1 1728
413 2353
52 6869
916 4417
936 4741
768 1778
880 6560
312 7777
178 5503
417 6492
725 1374
34 633
853 5802
924 9651
963 4963
847 9914
361 8426
924 8206
949 7138
162 9162
43 5711
128 5707
364 5337
924 3941
847 5916
442 400
812 6065
848 9821
469 1801
529 6767
178 1757
836 3003
396 1598
393 8311
59 5640
104 1872
780 4882
42 5198
793 7415
174 2444
746 7115
462 2634
276 4475
610 8816
298 3509
464 8453
194 5569
299 5947
401 3578
189 6117
243 2104
864 8788
547 170
709 3868
538 5923
329 2820
477 7496
180 3817
855 287
93 8058
224 4364
258 841
394 2902
318 8235
161 8709
495 8041
154 2170
34 9749
417 1207
701 7384
409 9868
539 3953
902 3194
623 9935
942 6222
413 2139
751 5821
316 6729
449 9300
216 4980
915 5190
865 4036
64 750
841 1782
173 6096
974 4464
755 8074
163 3513
180 927
667 1044
503 5250
660 2916
979 3868
88 3070
628 4446
973 8605
812 7369
134 8581
381 5573
820 92
986 8727
685 6044
979 297
210 8645
258 330
582 2087
187 2106
686 8166
163 4205
534 738
138 5593
695 93
663 9993
793 6613
255 9909
750 3379
276 1667
902 9315
970 1798
946 9671
396 8395
892 1732
930 9665
381 5397
423 2803
967 3205
379 6303
528 1987
185 8468
663 3475
995 7345
16 5819
680 3788
166 7947
193 5285
701 6077
188 7284
835 2742
202 4114
710 4225
282 8870
396 7129
770 847
52 6311
672 2684
13 7405
732 8033
68 9520
941 7262
770 3341
397 5824
171 8616
127 8210
54 1482
495 6842
902 8736
486 552
315 5977
514 2225
628 5080
855 4265
70 6901
75 5670
860 4795
383 7454
520 3993
381 3116
11 5937
943 8026
945 1762
680 5603
258 8292
377 6836
549 4516
874 8160
393 884
991 2074
738 1542
517 746
656 8664
102 8737
885 9399
161 6641
348 2724
129 5031
292 2088
908 6245
413 5755
635 8460
425 5149
655 3427
468 80
599 1860
298 3096
817 4570
7 367
750 3293
503 6978
324 3028
534 4799
729 6938
455 2941
209 7323
31 7095
593 5461
103 3858
523 9499
958 3065
752 6067
203 5443
529 6497
38 9737
541 1555
390 7852
38 7787
506 3106
23 9534
22 9484
870 9492
147 8010
475 3130
965 5924
639 5661
43 1950
749 3795
169 3382
210 1818
489 3432
1 6940
434 2592
32 3796
865 6582
594 7106
897 9300
738 8730
266 800
477 1550
42 2152
969 8959
469 1490
133 1142
958 7008
772 2925
666 7703
393 8134
204 400
469 7752
387 4186
24 2294
319 7464
464 2658
312 610
958 8361
998 8078
177 6905
342 614
329 3285
279 3928
740 4958
596 2423
266 2707
60 5544
194 2489
924 7016
525 1737
935 4335
812 6534
887 4618
248 5762
974 5791
917 901
984 8640
623 3240
991 3598
63 7314
202 3472
401 383
766 3427
745 4503
144 7441
652 5834
625 6322
874 2212
395 2750
49 1458
252 1184
961 5950
498 995
805 1388
348 4902
863 9394
620 8624
794 9484
598 9160
842 880
65 2371
30 187
311 6399
550 2833
611 4548
843 7948
394 7336
347 5240
81 6319
174 6130
492 5252
81 6954
51 3929
400 8006
828 8292
830 5100
299 1031
34 747
78 4967
336 2734
363 6135
381 1760
680 7035
767 4125
772 9313
290 6185
794 1353
487 1374
954 6226
551 8313
11 557
940 88
764 3253
841 6079
908 1052
316 1590
16 6920
536 5596
325 7080
381 889
69 1042
864 98
321 6291
612 2934
22 4886
529 8753
46 4040
553 9825
394 7020
460 3623
67 9052
449 1094
744 8710
270 2252
641 3343
766 3530
663 6687
496 5252
573 1367
84 9877
448 2004
127 9551
382 4619
301 3573
24 7889
465 110
272 5079
348 1264
828 9854
75 8608
882 9195
181 3027
920 1937
971 9603
210 3512
796 1967
625 3768
603 3375
246 5990
991 4365
31 7568
51 5119
142 9738
579 3290
181 7969
394 7658
375 503
879 2180
541 1193
792 5927
261 5128
963 9370
820 3953
56 657
554 1840
786 1464
362 2193
620 6921
612 21
138 9094
102 3921
401 9330
78 6897
201 7242
581 5416
359 1425
534 4549
401 5210
306 6361
188 5539
483 8169
945 2289
652 6551
502 2088
455 3623
508 5477
667 6545
42 885
509 4623
723 3709
495 6339
38 8384
475 283
773 9109
110 6484
45 4816
611 264
73 6195
804 976
628 1313
770 4666
876 4520
837 557
623 8143
218 9003
628 5064
52 988
790 5904
985 7979
447 6819
804 1300
25 8115
571 9999
498 1203
71 1976
157 8268
329 4855
423 2575
609 4410
395 5790
506 6198
689 2713
196 6788
91 6784
401 5857
196 5120
86 5063
104 5792
751 2956
74 1701
77 5076
849 2965
235 6133
924 9007
383 2089
920 628
502 4858
603 2275
697 1576
755 6769
210 8955
149 5336
783 5776
689 1963
518 7020
63 7786
127 3635
482 5187
914 7706
14 2574
317 1217
401 7303
880 443
355 4165
984 2060
429 7522
677 6268
11 5522
211 995
139 4861
986 8412
674 5992
986 8137
853 8386
185 6772
413 5941
120 6437
570 5905
899 9469
4 2921
429 8341
965 5273
536 3041
608 5283
701 7521
902 2714
138 4736
348 5344
42 2180
864 7849
200 9020
260 6381
628 5200
188 9216
299 5916
8 2215
924 8760
196 512
169 887
138 3362
876 3218
847 409
186 76
835 2976
831 7430
419 8075
476 9572
362 9794
914 9433
780 6594
409 4693
617 3631
541 6625
963 1985
297 1385
532 843
686 1925
340 6330
504 5207
13 8931
379 8537
325 9330
509 9045
365 5660
864 1677
559 7903
669 6714
415 2963
255 9445
529 3149
949 7570
669 3762
744 8707
544 5821
550 5783
59 1994
478 4542
278 5541
51 7285
503 2783
578 7754
138 8355
796 9258
413 9312
315 4571
628 1628
251 9481
54 4993
396 3521
634 2566
911 5956
52 5487
414 7562
54 9719
298 4486
158 9416
397 8009
874 277
701 9852
381 3272
898 5213
312 8294
58 3789
300 6372
604 3231
326 9047
770 5986
893 5983
7 1791
949 2900
949 3601
562 3528
725 7117
716 3139
195 2010
206 2761
876 4814
559 8836
503 2558
111 3507
960 5377
732 6724
666 6186
711 9865
740 3418
13 6338
