100 616
65 392
71 33
60 357
11 9
38 105
65 316
68 402
96 347
29 162
19 316
81 65
1 429
87 57
47 473
58 398
95 40
86 84
61 134
95 229
40 394
39 409
11 23
57 159
30 440
86 319
36 152
50 393
13 161
39 181
48 324
95 22
39 230
1 132
32 145
13 95
52 253
65 12
68 231
77 304
54 457
63 113
10 322
64 223
85 471
2 206
78 161
68 141
13 174
29 334
14 318
29 493
80 163
10 85
20 468
75 24
68 143
52 349
95 34
13 283
99 228
65 350
1 481
77 274
92 349
95 15
62 376
1 416
58 97
10 430
65 23
12 295
82 399
68 250
81 447
3 303
60 121
65 338
28 484
54 127
77 261
19 164
92 307
52 75
95 386
65 325
52 193
36 480
18 411
57 359
1 12
29 157
95 187
85 481
62 133
1 465
96 333
1 296
18 83
37 267
