306
302
313
302
309
301
302
307
302
303
308
315
303
317
302
304
301
308
302
309
303
300
304
300
302
311
310
302
299
312
308
307
305
311
307
317
304
306
311
310
306
304
316
302
303
312
304
304
307
306
300
310
307
310
297
315
305
315
307
313
306
302
306
308
304
301
307
309
313
306
315
307
302
302
299
318
306
302
305
307
314
307
306
310
307
301
299
301
301
305
306
306
300
314
308
298
304
304
298
305
300
311
316
300
317
303
306
314
314
312
306
301
303
302
311
305
312
302
304
298
308
306
315
306
306
304
308
303
300
303
304
313
302
305
310
312
301
308
313
305
305
311
316
309
306
303
304
311
304
303
297
301
305
312
304
305
311
308
304
305
312
311
304
305
307
306
308
314
306
306
299
306
300
300
301
305
299
304
299
310
300
307
305
306
312
313
311
302
311
314
303
302
301
309
311
305
306
304
303
306
310
315
303
302
312
307
304
317
303
313
312
314
306
301
300
309
302
304
308
300
314
304
305
303
306
301
312
306
300
306
306
301
303
304
312
304
306
308
309
312
312
300
311
305
311
307
306
307
297
310
302
299
313
303
314
315
299
311
306
308
303
303
299
308
312
300
301
303
307
312
302
308
305
307
302
300
306
310
301
303
302
308
303
309
315
312
303
310
308
304
305
306
316
312
309
310
308
309
305
303
305
315
302
301
303
307
306
303
303
299
308
306
316
298
301
300
311
312
304
311
309
305
299
303
301
312
300
311
315
306
302
315
302
307
306
304
305
303
303
317
314
305
301
303
311
310
307
309
309
309
300
303
305
306
299
306
299
300
305
307
315
316
304
310
305
308
317
315
310
306
306
306
304
302
304
316
312
308
311
303
303
309
300
300
306
304
309
312
307
302
300
304
309
301
306
306
312
306
303
303
309
315
305
302
308
303
302
313
304
307
300
303
308
301
304
308
300
306
303
310
311
312
305
303
315
309
304
309
311
316
308
303
313
309
306
307
302
315
310
304
311
306
303
309
312
298
309
312
303
311
302
312
312
307
306
305
302
303
306
313
310
307
309
301
305
302
308
305
300
312
311
303
308
306
308
308
299
309
311
309
308
314
305
304
306
303
310
299
317
308
305
300
303
313
304
313
306
304
307
315
312
309
301
302
303
306
299
308
304
305
309
310
306
307
312
309
313
300
306
299
304
299
306
305
298
310
309
308
308
305
301
307
308
304
312
303
313
308
303
301
313
308
303
302
301
315
306
305
300
301
316
302
303
301
316
306
310
303
301
312
309
303
311
308
304
301
304
310
300
307
300
308
305
310
313
299
311
298
309
306
298
306
307
303
305
309
307
302
300
312
304
307
300
308
303
305
316
317
309
309
311
315
311
309
310
306
309
312
306
306
307
306
305
304
300
301
304
306
301
306
306
304
312
303
312
312
307
312
299
301
308
308
306
310
308
301
307
311
311
303
306
315
307
304
315
301
305
310
302
312
304
301
312
308
310
308
309
314
301
304
301
313
297
301
309
303
298
314
304
315
307
303
303
305
310
305
301
302
301
312
310
299
316
304
310
305
300
312
308
303
302
302
312
306
302
313
311
305
309
304
315
309
303
304
309
308
315
298
300
308
312
309
307
300
307
298
300
307
310
306
310
306
306
296
309
309
301
306
305
313
302
306
305
298
306
312
308
308
311
316
302
308
305
309
303
304
303
300
316
311
307
307
313
308
302
308
302
309
300
306
305
306
300
305
306
312
305
300
312
312
302
300
309
307
300
301
298
304
306
312
306
308
306
302
312
303
306
298
302
300
300
301
305
301
300
304
305
307
315
299
308
304
306
305
305
308
315
308
306
308
310
310
312
306
316
304
311
298
307
316
300
302
312
311
314
308
305
302
306
302
309
306
306
300
312
303
303
311
306
305
302
306
308
315
304
311
303
312
303
308
300
301
310
309
307
300
309
306
300
311
315
312
314
312
308
301
310
305
299
304
315
308
306
302
308
300
308
312
315
300
306
301
303
304
310
306
301
306
312
299
305
307
312
299
307
306
307
301
313
307
300
300
307
315
305
306
311
315
299
308
306
308
298
305
298
311
314
306
314
311
316
309
306
306
305
302
308
316
307
299
303
309
305
307
305
302
314
302
310
303
303
301
307
303
313
306
310
311
305
300
302
304
306
306
309
310
304
303
303
302
306
310
303
309
308
306
311
312
311
309
311
307
305
306
303
312
313
306
299
313
306
302
305
311
301
307
306
301
306
298
303
301
315
305
311
312
301
315
298
305

