500
100000 63719 110
100000 44416 287
100000 72489 150
100000 64139 195
100000 28895 184
100000 93911 131
100000 52051 173
100000 86034 262
100000 24844 147
100000 10810 197
100000 24051 128
100000 93861 134
100000 37230 207
100000 56609 113
100000 28109 129
100000 30595 112
100000 89242 120
100000 8368 161
100000 40346 112
100000 70446 293
100000 48633 102
100000 60495 110
100000 25002 282
100000 96882 152
100000 43333 250
100000 63493 126
100000 32437 228
100000 89989 299
100000 81742 151
100000 19135 115
100000 22409 139
100000 95584 120
100000 63874 176
100000 35924 280
100000 59047 287
100000 68809 284
100000 16672 245
100000 7949 215
100000 20054 215
100000 95837 106
100000 68216 116
100000 13882 142
100000 3678 142
100000 34173 278
100000 31254 202
100000 55201 173
100000 7493 170
100000 38655 151
100000 8013 224
100000 6584 133
100000 76131 253
100000 83410 251
100000 71005 210
100000 644 174
100000 53097 132
100000 10790 139
100000 8748 212
100000 60257 242
100000 72969 121
100000 83072 247
100000 36768 111
100000 8363 264
100000 38871 113
100000 63551 126
100000 2051 246
100000 45156 249
100000 30169 276
100000 90509 145
100000 39847 214
100000 24847 159
100000 75571 300
100000 96003 194
100000 33234 229
100000 36567 216
100000 28551 204
100000 52202 223
100000 49260 284
100000 17354 246
100000 61571 101
100000 22837 184
100000 55506 231
100000 59562 295
100000 18887 181
100000 5974 191
100000 58809 210
100000 19520 191
100000 1171 299
100000 8139 221
100000 42989 271
100000 46062 278
100000 60356 150
100000 90028 240
100000 14329 238
100000 62778 280
100000 40039 258
100000 40275 136
100000 31518 146
100000 22185 245
100000 79754 271
100000 8312 123
100000 96426 237
100000 92456 240
100000 42015 149
100000 61803 263
100000 66191 147
100000 96132 296
100000 20566 292
100000 17793 180
100000 19696 221
100000 20336 268
100000 8506 224
100000 44609 218
100000 71745 185
100000 84974 298
100000 87808 299
100000 2060 186
100000 78551 135
100000 33470 120
100000 19217 135
100000 66348 104
100000 40461 173
100000 57637 230
100000 79187 235
100000 1080 193
100000 20557 120
100000 70526 184
100000 36680 265
100000 99450 113
100000 70915 265
100000 11575 155
100000 12451 232
100000 28386 148
100000 8315 266
100000 29299 101
100000 65438 251
100000 96121 284
100000 5013 105
100000 42991 289
100000 9199 174
100000 63579 195
100000 54691 143
100000 39897 238
100000 69107 181
100000 47533 107
100000 26655 162
100000 3836 259
100000 90693 102
100000 5768 211
100000 37417 225
100000 25656 168
100000 69723 118
100000 70748 300
100000 89759 166
100000 60963 113
100000 76754 271
100000 66661 234
100000 96966 288
100000 85289 221
100000 36339 121
100000 40643 164
100000 77601 240
100000 49693 279
100000 17482 229
100000 39009 109
100000 71567 202
100000 8258 179
100000 33247 130
100000 94114 143
100000 84609 116
100000 86882 236
100000 21016 214
100000 41354 250
100000 4198 240
100000 19294 171
100000 76270 249
100000 76824 245
100000 59157 158
100000 96329 281
100000 61455 213
100000 36270 140
100000 68534 219
100000 35798 134
100000 83469 247
100000 55504 245
100000 91488 183
100000 29267 200
100000 75195 249
100000 71640 249
100000 87014 121
100000 33982 249
100000 43761 205
100000 7360 108
100000 39498 217
100000 29080 249
100000 25862 180
100000 97001 294
100000 74344 107
100000 98214 147
100000 52474 104
100000 40608 168
100000 67097 121
100000 40486 285
100000 2649 218
100000 52857 258
100000 53508 203
100000 41733 159
100000 55363 200
100000 21550 220
100000 71022 257
100000 991 247
100000 19379 208
100000 67121 235
100000 6521 168
100000 203 119
100000 36149 273
100000 7365 160
100000 81665 206
100000 22239 213
100000 16063 228
100000 22929 213
100000 1737 177
100000 35564 238
100000 36660 239
100000 70498 194
100000 3531 175
100000 82487 182
100000 7132 182
100000 98017 148
100000 42307 299
100000 1024 273
100000 45199 105
100000 80858 215
100000 6503 127
100000 63586 184
100000 14569 148
100000 77254 185
100000 96838 168
100000 87822 102
100000 92044 129
100000 80047 203
100000 11292 137
100000 60243 137
100000 23778 252
100000 51575 169
100000 30709 103
100000 76807 172
100000 16735 275
100000 58679 119
100000 67931 265
100000 306 157
100000 86907 100
100000 56121 289
100000 52889 215
100000 73364 125
100000 80499 288
100000 97745 300
100000 47852 113
100000 52678 244
100000 75380 273
100000 36551 165
100000 31883 254
100000 47284 184
100000 1200 174
100000 86934 181
100000 61561 105
100000 41093 252
100000 72406 130
100000 66778 275
100000 52560 181
100000 21262 140
100000 12355 128
100000 20188 193
100000 59906 276
100000 23744 256
100000 84056 249
100000 16190 173
100000 62564 208
100000 14492 281
100000 92699 159
100000 4135 271
100000 76231 250
100000 24361 271
100000 85430 112
100000 32267 225
100000 50281 195
100000 35050 212
100000 36387 254
100000 49683 164
100000 14696 241
100000 57005 177
100000 95978 291
100000 1556 242
100000 81924 157
100000 28398 281
100000 41637 234
100000 8347 182
100000 81026 274
100000 49043 162
100000 30510 248
100000 5287 280
100000 85680 152
100000 42686 215
100000 60020 297
100000 4083 236
100000 301 248
100000 15741 277
100000 53864 163
100000 27696 238
100000 1415 291
100000 81405 288
100000 76310 119
100000 67448 257
100000 90464 171
100000 2317 228
100000 12355 206
100000 343 110
100000 13697 200
100000 79191 215
100000 85288 103
100000 61889 284
100000 84093 213
100000 55817 241
100000 59006 128
100000 28117 298
100000 39805 196
100000 25442 192
100000 79309 254
100000 6385 157
100000 17504 268
100000 66410 294
100000 46250 294
100000 98024 232
100000 70595 280
100000 47729 239
100000 98107 297
100000 96556 285
100000 32074 133
100000 5919 136
100000 78793 203
100000 72093 130
100000 86182 218
100000 27489 164
100000 52673 171
100000 45651 145
100000 65590 107
100000 69487 111
100000 89092 193
100000 28650 294
100000 3500 290
100000 74607 205
100000 86276 255
100000 56701 146
100000 67160 265
100000 95167 250
100000 81077 165
100000 86611 117
100000 72390 252
100000 8699 103
100000 51008 203
100000 2435 110
100000 40906 288
100000 69692 110
100000 55471 216
100000 98090 202
100000 99346 136
100000 21730 292
100000 62138 146
100000 57620 179
100000 39966 169
100000 74548 280
100000 66426 158
100000 88436 116
100000 44013 278
100000 70192 283
100000 52047 118
100000 3408 241
100000 48254 215
100000 49153 135
100000 98678 155
100000 86370 186
100000 57609 193
100000 12473 132
100000 95882 165
100000 37984 151
100000 56364 290
100000 74335 269
100000 60346 227
100000 56916 106
100000 94307 205
100000 75220 235
100000 21306 182
100000 33903 178
100000 95642 278
100000 18660 127
100000 83707 250
100000 72413 174
100000 23483 240
100000 40125 182
100000 79647 167
100000 6261 139
100000 74970 163
100000 77909 153
100000 62633 192
100000 64370 194
100000 13424 249
100000 60613 169
100000 87458 154
100000 78246 277
100000 77433 260
100000 28463 265
100000 71266 116
100000 52932 202
100000 69529 194
100000 61959 161
100000 56518 167
100000 40424 267
100000 4160 157
100000 90075 170
100000 83938 279
100000 99587 196
100000 58768 192
100000 18640 207
100000 49933 112
100000 38556 178
100000 8075 137
100000 47822 131
100000 7650 180
100000 82592 211
100000 45645 167
100000 59255 134
100000 38985 122
100000 35482 264
100000 86240 270
100000 37102 179
100000 34380 197
100000 93869 125
100000 58158 141
100000 16836 136
100000 38707 267
100000 97926 276
100000 88073 257
100000 4975 258
100000 65215 190
100000 80073 161
100000 34705 241
100000 53392 291
100000 26090 297
100000 39521 192
100000 27208 188
100000 33643 164
100000 75217 197
100000 7240 175
100000 34297 223
100000 954 241
100000 13522 275
100000 69316 142
100000 71493 224
100000 62355 168
100000 38917 269
100000 6779 221
100000 25521 224
100000 47321 272
100000 22028 115
100000 36730 136
100000 41428 135
100000 59680 290
100000 38873 190
100000 48496 119
100000 4065 225
100000 27667 151
100000 91024 176
100000 58568 231
100000 47502 295
100000 23806 264
100000 60305 127
100000 85919 273
100000 38357 195
100000 42506 121
100000 81646 258
100000 52045 215
100000 46025 207
100000 55285 174
100000 77062 218
100000 3145 260
100000 36756 153
100000 49074 141
100000 47946 155
100000 6871 129
100000 16971 220
100000 64338 212
100000 69705 227
100000 83671 148
100000 67858 229
100000 8259 132
100000 36221 176
100000 71308 129
100000 75317 251
100000 56250 230
100000 21071 247
100000 47152 110
