3000 2612
1 2 85560
1 3 99187
1 4 40779
1 5 70190
1 6 50395
1 7 9810
1 8 87504
1 9 600
1 10 78858
1 11 96078
1 12 87295
1 13 38727
1 14 48592
1 15 82548
1 16 41308
1 17 10987
1 18 62981
1 19 9799
1 20 2933
1 21 63390
1 22 57377
1 23 84127
1 24 71378
1 25 8639
1 26 15529
1 27 15495
1 28 8797
1 29 70124
1 30 13515
1 31 88131
1 32 76400
1 33 425
1 34 34415
1 35 39233
1 36 60838
1 37 93030
1 38 59963
1 39 87535
1 40 33000
1 41 48287
1 42 61747
1 43 80502
1 44 9502
1 45 86929
1 46 69066
1 47 69168
1 48 10091
1 49 2153
1 50 44398
1 51 96461
1 52 31399
1 53 84738
2 54 48227
2 55 94589
2 56 89078
2 57 5462
2 58 60745
2 59 88531
2 60 92562
2 61 97563
2 62 70098
2 63 91043
2 64 69336
2 65 22414
2 66 6359
2 67 16555
2 68 7153
2 69 98087
2 70 75112
2 71 29029
2 72 78634
2 73 43256
2 74 44169
2 75 3828
2 76 70232
2 77 77701
2 78 55518
2 79 57092
2 80 46612
2 81 43049
2 82 40540
2 83 22891
2 84 85807
2 85 98170
2 86 70394
2 87 82276
2 88 77179
2 89 69640
2 90 88802
2 91 91562
2 92 3730
2 93 30961
2 94 27967
2 95 58294
2 96 26120
2 97 56034
2 98 91364
2 99 57872
2 100 37204
2 101 98144
2 102 51386
2 103 24505
2 104 55005
2 105 26949
2 106 92259
2 107 44693
3 108 8402
3 109 94686
3 110 89967
3 111 35313
3 112 97844
3 113 38411
3 114 7672
3 115 76974
3 116 6370
3 117 80742
3 118 57760
3 119 24736
3 120 28992
3 121 7146
3 122 81099
3 123 87302
3 124 52281
3 125 26626
3 126 62882
3 127 30343
3 128 73813
3 129 88695
3 130 55728
3 131 47448
3 132 81746
3 133 27652
3 134 25984
3 135 16523
3 136 5049
3 137 23260
3 138 88154
3 139 24274
3 140 77382
3 141 15693
3 142 34722
3 143 19023
3 144 17061
3 145 10872
3 146 4448
3 147 89240
3 148 1937
3 149 14473
3 150 18102
3 151 76614
3 152 21399
3 153 35633
3 154 26149
3 155 66186
3 156 61527
3 157 13745
3 158 57752
3 159 83118
3 160 16438
3 161 60830
4 162 35280
4 163 84180
4 164 8256
4 165 42310
4 166 47306
4 167 33785
4 168 11431
4 169 87892
4 170 67406
4 171 27185
4 172 5064
4 173 62604
4 174 62951
4 175 25168
4 176 87346
4 177 1838
4 178 41739
4 179 19768
4 180 80428
4 181 95509
4 182 87276
4 183 57712
4 184 61279
4 185 27508
4 186 84243
4 187 69674
4 188 94517
4 189 80727
4 190 16582
4 191 23488
4 192 96719
4 193 66707
4 194 29321
4 195 34294
4 196 16343
4 197 90679
4 198 51818
4 199 10424
4 200 98731
4 201 46307
4 202 88174
4 203 79158
4 204 10053
4 205 41744
4 206 80622
4 207 97481
4 208 39804
4 209 90817
4 210 37117
4 211 64913
4 212 47786
4 213 25825
4 214 72550
4 215 71525
5 216 80897
5 217 32938
5 218 77404
5 219 82582
5 220 50716
5 221 8194
5 222 13758
5 223 69414
5 224 64115
5 225 706
5 226 96376
5 227 17833
5 228 72137
5 229 7735
5 230 43463
5 231 26226
5 232 49365
5 233 41912
5 234 2287
5 235 21848
5 236 27591
5 237 36363
5 238 23391
5 239 72758
5 240 56570
5 241 50392
5 242 4398
5 243 26743
5 244 61017
5 245 26748
5 246 36504
5 247 71290
5 248 44343
5 249 64190
5 250 82387
5 251 2408
5 252 92039
5 253 27893
5 254 88932
5 255 84147
5 256 49596
5 257 69759
5 258 69141
5 259 18489
5 260 93315
5 261 25904
5 262 97638
5 263 31260
5 264 3099
5 265 76750
5 266 65135
5 267 61141
5 268 93897
5 269 59455
6 270 33858
6 271 45637
6 272 6637
6 273 94455
6 274 70904
6 275 7466
6 276 81126
6 277 41429
6 278 87142
6 279 32676
6 280 65469
6 281 15459
6 282 11876
6 283 37733
6 284 93723
6 285 6002
6 286 60603
6 287 85072
6 288 10799
6 289 22274
6 290 65680
6 291 7590
6 292 9042
6 293 29899
6 294 63353
6 295 72750
6 296 15263
6 297 18280
6 298 65822
6 299 83144
6 300 61260
6 301 5977
6 302 59080
6 303 73200
6 304 55048
6 305 71677
6 306 69325
6 307 17157
6 308 22476
6 309 84192
6 310 99552
6 311 33725
6 312 71566
6 313 16491
6 314 73348
6 315 46101
6 316 47349
6 317 35120
6 318 99579
6 319 43664
6 320 36802
6 321 4268
6 322 57959
6 323 40967
7 324 40866
7 325 53748
7 326 47107
7 327 99956
7 328 74883
7 329 68035
7 330 74409
7 331 68132
7 332 18868
7 333 25976
7 334 85604
7 335 57653
7 336 87881
7 337 51180
7 338 84797
7 339 70067
7 340 21231
7 341 55786
7 342 60491
7 343 95201
7 344 68292
7 345 57687
7 346 26712
7 347 19631
7 348 86224
7 349 46331
7 350 60278
7 351 24650
7 352 87651
7 353 43530
7 354 80469
7 355 72293
7 356 44323
7 357 40471
7 358 84557
7 359 37050
7 360 68843
7 361 94296
7 362 28317
7 363 76805
7 364 77840
7 365 52759
7 366 66820
7 367 12686
7 368 86922
7 369 49588
7 370 82799
7 371 47766
7 372 38383
7 373 43176
7 374 41543
7 375 81367
7 376 53338
7 377 52502
8 378 25395
8 379 39925
8 380 38037
8 381 76724
8 382 50771
8 383 5323
8 384 33607
8 385 49021
8 386 91480
8 387 489
8 388 21127
8 389 99010
8 390 15329
8 391 76954
8 392 30894
8 393 31841
8 394 65116
8 395 58379
8 396 43500
8 397 51596
8 398 20893
8 399 26089
8 400 16729
8 401 59110
8 402 3924
8 403 89320
8 404 6068
8 405 78042
8 406 52389
8 407 85436
8 408 65326
8 409 63718
8 410 71553
8 411 45511
8 412 68030
8 413 46657
8 414 17705
8 415 68429
8 416 78162
8 417 42331
8 418 92565
8 419 67325
8 420 24589
8 421 7868
8 422 89781
8 423 61292
8 424 62795
8 425 54746
8 426 38052
8 427 75063
8 428 88529
8 429 73788
8 430 23163
8 431 21222
9 432 54424
9 433 22434
9 434 45752
9 435 11525
9 436 6477
9 437 97679
9 438 90758
9 439 91375
9 440 37890
9 441 77701
9 442 44783
9 443 38557
9 444 57609
9 445 65717
9 446 57729
9 447 57890
9 448 50025
9 449 33721
9 450 6332
9 451 15792
9 452 74417
9 453 79339
9 454 90597
9 455 94614
9 456 5836
9 457 50674
9 458 75564
9 459 89140
9 460 39991
9 461 48995
9 462 6652
9 463 8397
9 464 41206
9 465 25711
9 466 69272
9 467 63449
9 468 19506
9 469 33470
9 470 71194
9 471 19991
9 472 69859
9 473 70829
9 474 82276
9 475 52847
9 476 64536
9 477 40416
9 478 82722
9 479 85788
9 480 6817
9 481 72014
9 482 70170
9 483 59859
9 484 53618
9 485 89682
10 486 8574
10 487 9513
10 488 78289
10 489 95778
10 490 68070
10 491 71144
10 492 41216
10 493 14215
10 494 99101
10 495 71403
10 496 63059
10 497 42581
10 498 44242
10 499 47333
10 500 72231
10 501 88545
10 502 79225
10 503 80122
10 504 85695
10 505 37217
10 506 47071
10 507 26565
10 508 78152
10 509 82761
10 510 7675
10 511 10584
10 512 12486
10 513 46686
10 514 9261
10 515 84281
10 516 81243
10 517 73713
10 518 21518
10 519 51456
10 520 31473
10 521 67333
10 522 9989
10 523 38567
10 524 25551
10 525 43353
10 526 40499
10 527 39058
10 528 64242
10 529 15316
10 530 47531
10 531 14286
10 532 57565
10 533 7023
10 534 4040
10 535 95081
10 536 85465
10 537 41012
10 538 83844
10 539 14149
11 540 41326
11 541 65764
11 542 18275
11 543 67170
11 544 29909
11 545 7050
11 546 40181
11 547 67831
11 548 89628
11 549 39556
11 550 49495
11 551 12237
11 552 26529
11 553 43130
11 554 99146
11 555 47202
11 556 58781
11 557 77221
11 558 83311
11 559 23581
11 560 94271
11 561 80632
11 562 31710
11 563 26971
11 564 66382
11 565 58662
11 566 84548
11 567 94042
11 568 92520
11 569 92290
11 570 56206
11 571 27754
11 572 70482
11 573 80763
11 574 42401
11 575 33369
11 576 61
11 577 4906
11 578 38850
11 579 20046
11 580 86888
11 581 35848
11 582 7486
11 583 93370
11 584 5842
11 585 87188
11 586 15511
11 587 27275
11 588 87750
11 589 30879
11 590 35371
11 591 84139
11 592 36212
11 593 42068
12 594 80849
12 595 99061
12 596 85028
12 597 98728
12 598 77611
12 599 72213
12 600 28193
12 601 47420
12 602 55576
12 603 2155
12 604 85700
12 605 14457
12 606 31708
12 607 7465
12 608 81170
12 609 83231
12 610 89938
12 611 3329
12 612 40956
12 613 24827
12 614 96261
12 615 91767
12 616 74904
12 617 79639
12 618 11917
12 619 80603
12 620 87143
12 621 67048
12 622 51418
12 623 70938
12 624 78868
12 625 84177
12 626 61833
12 627 33928
12 628 62814
12 629 9394
12 630 79540
12 631 21163
12 632 60933
12 633 49571
12 634 12031
12 635 40920
12 636 64123
12 637 96282
12 638 94596
12 639 79911
12 640 27143
12 641 3321
12 642 79124
12 643 76569
12 644 86058
12 645 6936
12 646 45812
12 647 75440
13 648 91893
13 649 35730
13 650 13101
13 651 24253
13 652 56129
13 653 5129
13 654 66953
13 655 39524
13 656 1364
13 657 26835
13 658 2659
13 659 6756
13 660 20902
13 661 37226
13 662 49266
13 663 27919
13 664 31459
13 665 56104
13 666 60323
13 667 95588
13 668 33314
13 669 50032
13 670 89848
13 671 54398
13 672 88234
13 673 48692
13 674 59092
13 675 55155
13 676 99522
13 677 20364
13 678 46832
13 679 18854
13 680 68698
13 681 14020
13 682 80565
13 683 15269
13 684 99170
13 685 64673
13 686 22646
13 687 6119
13 688 15701
13 689 80504
13 690 10332
13 691 66989
13 692 85444
13 693 55140
13 694 4731
13 695 48921
13 696 76021
13 697 33445
13 698 58404
13 699 21452
13 700 89827
13 701 78612
14 702 78883
14 703 5068
14 704 32878
14 705 97419
14 706 91070
14 707 14893
14 708 36441
14 709 44709
14 710 40909
14 711 22417
14 712 75698
14 713 76574
14 714 58882
14 715 13902
14 716 79169
14 717 53106
14 718 44732
14 719 91518
14 720 89425
14 721 67149
14 722 22696
14 723 52153
14 724 61940
14 725 55940
14 726 13794
14 727 78239
14 728 43406
14 729 58491
14 730 13513
14 731 73752
14 732 52117
14 733 24742
14 734 2214
14 735 81432
14 736 86760
14 737 67562
14 738 24309
14 739 13824
14 740 11942
14 741 67924
14 742 99097
14 743 21341
14 744 34889
14 745 12021
14 746 8969
14 747 4652
14 748 19973
14 749 6163
14 750 33490
14 751 90423
14 752 88230
14 753 13875
14 754 49004
14 755 59496
15 756 5676
15 757 11449
15 758 73074
15 759 3862
15 760 73171
15 761 86284
15 762 69121
15 763 50369
15 764 38461
15 765 1474
15 766 39115
15 767 19447
15 768 28743
15 769 19413
15 770 98981
15 771 58709
15 772 32743
15 773 58747
15 774 49486
15 775 73519
15 776 65001
15 777 23716
15 778 81836
15 779 63585
15 780 22544
15 781 68598
15 782 85048
15 783 75400
15 784 73511
15 785 43238
15 786 36319
15 787 72316
15 788 3938
15 789 17930
15 790 92948
15 791 23311
15 792 29122
15 793 83583
15 794 69368
15 795 83418
15 796 66497
15 797 12001
15 798 99686
15 799 10496
15 800 25820
15 801 19499
15 802 4592
15 803 38249
15 804 35790
15 805 63515
15 806 72338
15 807 80582
15 808 71719
15 809 49071
16 810 70327
16 811 14879
16 812 36181
16 813 37720
16 814 66778
16 815 35305
16 816 10040
16 817 3072
16 818 69686
16 819 46324
16 820 60178
16 821 30838
16 822 33469
16 823 62913
16 824 53129
16 825 40232
16 826 41483
16 827 81823
16 828 50318
16 829 87935
16 830 52516
16 831 1976
16 832 17685
16 833 1874
16 834 20235
16 835 82284
16 836 71803
16 837 88381
16 838 44786
16 839 10790
16 840 57302
16 841 35965
16 842 10128
16 843 84785
16 844 87064
16 845 87301
16 846 7461
16 847 39888
16 848 9738
16 849 4157
16 850 29629
16 851 24461
16 852 17644
16 853 84717
16 854 10850
16 855 93019
16 856 49310
16 857 42773
16 858 89157
16 859 15709
16 860 15611
16 861 61842
16 862 32186
16 863 44003
17 864 51119
17 865 47984
17 866 18163
17 867 51071
17 868 54743
17 869 12791
17 870 41177
17 871 89360
17 872 29790
17 873 94876
17 874 4219
17 875 31379
17 876 10142
17 877 94369
17 878 80157
17 879 71887
17 880 94106
17 881 58159
17 882 10469
17 883 21969
17 884 13472
17 885 28328
17 886 86510
17 887 86620
17 888 49968
17 889 61199
17 890 45731
17 891 70886
17 892 17285
17 893 79789
17 894 54957
17 895 89378
17 896 60496
17 897 75082
17 898 28625
17 899 47410
17 900 89125
17 901 25056
17 902 162
17 903 53989
17 904 7265
17 905 42223
17 906 91230
17 907 5682
17 908 70042
17 909 88787
17 910 82469
17 911 12484
17 912 6929
17 913 95793
17 914 47170
17 915 50755
17 916 13832
17 917 48345
18 918 93283
18 919 13178
18 920 96049
18 921 32224
18 922 58556
18 923 93888
18 924 36889
18 925 59556
18 926 48594
18 927 49927
18 928 27182
18 929 78294
18 930 48642
18 931 44560
18 932 57700
18 933 64474
18 934 11005
18 935 46796
18 936 85779
18 937 35660
18 938 91501
18 939 67297
18 940 46685
18 941 45469
18 942 3166
18 943 27490
18 944 40930
18 945 36898
18 946 34415
18 947 4710
18 948 86144
18 949 54173
18 950 32552
18 951 9122
18 952 40788
18 953 21045
18 954 46703
18 955 97039
18 956 89732
18 957 72071
18 958 83326
18 959 91369
18 960 64718
18 961 46460
18 962 20676
18 963 37226
18 964 96450
18 965 93306
18 966 37265
18 967 50813
18 968 51121
18 969 62818
18 970 58298
18 971 84330
19 972 69
19 973 89647
19 974 81317
19 975 22434
19 976 2401
19 977 15792
19 978 43151
19 979 13584
19 980 36872
19 981 55119
19 982 87630
19 983 23193
19 984 94053
19 985 39077
19 986 81923
19 987 77014
19 988 6107
19 989 72200
19 990 42659
19 991 92403
19 992 93469
19 993 84099
19 994 40686
19 995 31016
19 996 76519
19 997 93637
19 998 10981
19 999 10418
19 1000 36212
19 1001 87117
19 1002 84479
19 1003 46949
19 1004 1624
19 1005 50139
19 1006 16488
19 1007 89806
19 1008 58534
19 1009 66236
19 1010 62001
19 1011 82468
19 1012 83103
19 1013 60126
19 1014 62077
19 1015 74352
19 1016 94316
19 1017 9876
19 1018 56884
19 1019 68800
19 1020 99612
19 1021 86207
19 1022 74596
19 1023 55086
19 1024 84944
19 1025 81362
20 1026 7556
20 1027 86145
20 1028 39463
20 1029 89141
20 1030 50206
20 1031 4058
20 1032 71701
20 1033 83943
20 1034 39330
20 1035 10829
20 1036 71177
20 1037 8144
20 1038 53039
20 1039 1272
20 1040 59383
20 1041 26461
20 1042 46012
20 1043 42583
20 1044 69287
20 1045 44275
20 1046 49175
20 1047 26289
20 1048 20375
20 1049 94606
20 1050 33793
20 1051 74490
20 1052 71505
20 1053 78145
20 1054 83666
20 1055 81227
20 1056 66687
20 1057 43196
20 1058 77798
20 1059 63993
20 1060 94329
20 1061 75827
20 1062 21124
20 1063 70951
20 1064 53655
20 1065 77821
20 1066 91459
20 1067 52391
20 1068 71813
20 1069 22767
20 1070 21804
20 1071 13132
20 1072 46068
20 1073 78813
20 1074 25639
20 1075 6408
20 1076 58036
20 1077 93221
20 1078 36236
20 1079 20398
21 1080 73658
21 1081 23161
21 1082 56451
21 1083 4175
21 1084 88014
21 1085 25382
21 1086 4517
21 1087 3319
21 1088 39515
21 1089 62933
21 1090 15822
21 1091 1095
21 1092 86955
21 1093 71895
21 1094 1677
21 1095 59294
21 1096 109
21 1097 25124
21 1098 22499
21 1099 54434
21 1100 55688
21 1101 74076
21 1102 66721
21 1103 64265
21 1104 41692
21 1105 52880
21 1106 93084
21 1107 51538
21 1108 44413
21 1109 3677
21 1110 88773
21 1111 76407
21 1112 64505
21 1113 7753
21 1114 48203
21 1115 2757
21 1116 89082
21 1117 5892
21 1118 40809
21 1119 1052
21 1120 55837
21 1121 75473
21 1122 79073
21 1123 76544
21 1124 56500
21 1125 4698
21 1126 551
21 1127 8072
21 1128 65996
21 1129 18991
21 1130 94794
21 1131 80588
21 1132 66300
21 1133 76881
22 1134 26411
22 1135 45818
22 1136 89834
22 1137 56725
22 1138 37558
22 1139 99758
22 1140 16334
22 1141 44702
22 1142 69098
22 1143 48952
22 1144 10980
22 1145 23647
22 1146 92411
22 1147 19000
22 1148 70033
22 1149 85218
22 1150 87905
22 1151 39853
22 1152 94756
22 1153 55313
22 1154 15208
22 1155 84964
22 1156 91281
22 1157 47625
22 1158 46492
22 1159 15831
22 1160 67441
22 1161 74232
22 1162 74192
22 1163 42485
22 1164 40434
22 1165 52634
22 1166 58081
22 1167 73421
22 1168 84858
22 1169 20924
22 1170 17311
22 1171 22361
22 1172 28228
22 1173 25147
22 1174 31176
22 1175 72816
22 1176 84236
22 1177 72985
22 1178 71802
22 1179 35227
22 1180 53833
22 1181 47312
22 1182 54175
22 1183 30750
22 1184 45555
22 1185 38816
22 1186 7170
22 1187 65085
23 1188 64669
23 1189 24403
23 1190 17603
23 1191 13405
23 1192 50436
23 1193 47908
23 1194 15792
23 1195 51927
23 1196 81214
23 1197 67409
23 1198 32049
23 1199 42664
23 1200 36967
23 1201 86389
23 1202 64945
23 1203 53989
23 1204 61579
23 1205 60983
23 1206 17245
23 1207 8482
23 1208 72589
23 1209 87484
23 1210 87394
23 1211 67873
23 1212 63932
23 1213 87217
23 1214 9507
23 1215 61575
23 1216 12875
23 1217 27540
23 1218 89654
23 1219 48245
23 1220 81077
23 1221 29113
23 1222 85636
23 1223 64361
23 1224 7899
23 1225 27985
23 1226 24038
23 1227 43587
23 1228 66385
23 1229 30431
23 1230 55242
23 1231 83212
23 1232 1750
23 1233 4794
23 1234 81611
23 1235 32736
23 1236 33609
23 1237 70993
23 1238 66256
23 1239 90719
23 1240 7308
23 1241 90312
24 1242 29636
24 1243 76296
24 1244 11648
24 1245 14353
24 1246 55484
24 1247 40324
24 1248 63349
24 1249 55061
24 1250 59834
24 1251 10998
24 1252 59599
24 1253 2189
24 1254 44156
24 1255 29626
24 1256 4484
24 1257 90386
24 1258 404
24 1259 82158
24 1260 97278
24 1261 8670
24 1262 93351
24 1263 87159
24 1264 49236
24 1265 64327
24 1266 30011
24 1267 22619
24 1268 71572
24 1269 82215
24 1270 46882
24 1271 86569
24 1272 2578
24 1273 58547
24 1274 97484
24 1275 48862
24 1276 82708
24 1277 43122
24 1278 30626
24 1279 21290
24 1280 23754
24 1281 21687
24 1282 81709
24 1283 31574
24 1284 87571
24 1285 82516
24 1286 33143
24 1287 58741
24 1288 64285
24 1289 83474
24 1290 70291
24 1291 96633
24 1292 30581
24 1293 71699
24 1294 88359
24 1295 64698
25 1296 72313
25 1297 86247
25 1298 22025
25 1299 48985
25 1300 98713
25 1301 16963
25 1302 84226
25 1303 99316
25 1304 48278
25 1305 88224
25 1306 14377
25 1307 65181
25 1308 91791
25 1309 16332
25 1310 47232
25 1311 1917
25 1312 70150
25 1313 96965
25 1314 37549
25 1315 1715
25 1316 23549
25 1317 42291
25 1318 1511
25 1319 21594
25 1320 60951
25 1321 82332
25 1322 96080
25 1323 72814
25 1324 69856
25 1325 70285
25 1326 20483
25 1327 27181
25 1328 99263
25 1329 97054
25 1330 53818
25 1331 45267
25 1332 4485
25 1333 78267
25 1334 19766
25 1335 34130
25 1336 17934
25 1337 77553
25 1338 74010
25 1339 72408
25 1340 39875
25 1341 86663
25 1342 1166
25 1343 5229
25 1344 78424
25 1345 9124
25 1346 47180
25 1347 8746
25 1348 49956
25 1349 9861
26 1350 76881
26 1351 7810
26 1352 65689
26 1353 78377
26 1354 68573
26 1355 58954
26 1356 36119
26 1357 81562
26 1358 14833
26 1359 70862
26 1360 6268
26 1361 79679
26 1362 56543
26 1363 35122
26 1364 2706
26 1365 54212
26 1366 74743
26 1367 20425
26 1368 24301
26 1369 77206
26 1370 8595
26 1371 53196
26 1372 10714
26 1373 8661
26 1374 47191
26 1375 58530
26 1376 95471
26 1377 90124
26 1378 89565
26 1379 99716
26 1380 37555
26 1381 94039
26 1382 77245
26 1383 92851
26 1384 4709
26 1385 14249
26 1386 76649
26 1387 88876
26 1388 59205
26 1389 69647
26 1390 32135
26 1391 10883
26 1392 47068
26 1393 20394
26 1394 18599
26 1395 76177
26 1396 75959
26 1397 56065
26 1398 85355
26 1399 49897
26 1400 65498
26 1401 26212
26 1402 61998
26 1403 66132
27 1404 58531
27 1405 41535
27 1406 53974
27 1407 75121
27 1408 95211
27 1409 17764
27 1410 94917
27 1411 79989
27 1412 80757
27 1413 82927
27 1414 63980
27 1415 31748
27 1416 67913
27 1417 51350
27 1418 72972
27 1419 53002
27 1420 48947
27 1421 45572
27 1422 50052
27 1423 72419
27 1424 63768
27 1425 55363
27 1426 78623
27 1427 74926
27 1428 53266
27 1429 28485
27 1430 90044
27 1431 56610
27 1432 60131
27 1433 24024
27 1434 8652
27 1435 77890
27 1436 74038
27 1437 82498
27 1438 28290
27 1439 65531
27 1440 99429
27 1441 54115
27 1442 58500
27 1443 72466
27 1444 5363
27 1445 75366
27 1446 12251
27 1447 94068
27 1448 85819
27 1449 85597
27 1450 95240
27 1451 79368
27 1452 52915
27 1453 68606
27 1454 36556
27 1455 9866
27 1456 33936
27 1457 45815
28 1458 14705
28 1459 98961
28 1460 28591
28 1461 46288
28 1462 79189
28 1463 86328
28 1464 69726
28 1465 42129
28 1466 65905
28 1467 30534
28 1468 61825
28 1469 47738
28 1470 1082
28 1471 21005
28 1472 2877
28 1473 56290
28 1474 8707
28 1475 7254
28 1476 84766
28 1477 13812
28 1478 58857
28 1479 68327
28 1480 3093
28 1481 66514
28 1482 91658
28 1483 39012
28 1484 2052
28 1485 50854
28 1486 70902
28 1487 6523
28 1488 69400
28 1489 86683
28 1490 191
28 1491 2131
28 1492 86446
28 1493 18607
28 1494 33204
28 1495 34355
28 1496 39179
28 1497 57399
28 1498 31648
28 1499 52972
28 1500 36182
28 1501 20538
28 1502 84919
28 1503 50310
28 1504 83668
28 1505 38943
28 1506 13525
28 1507 45765
28 1508 27504
28 1509 16587
28 1510 16901
28 1511 88798
29 1512 1356
29 1513 18196
29 1514 24934
29 1515 78159
29 1516 4601
29 1517 70309
29 1518 64745
29 1519 2293
29 1520 98764
29 1521 51499
29 1522 33913
29 1523 10509
29 1524 51839
29 1525 81171
29 1526 51359
29 1527 29245
29 1528 18353
29 1529 27883
29 1530 49560
29 1531 41268
29 1532 78305
29 1533 79094
29 1534 11010
29 1535 91043
29 1536 47703
29 1537 5299
29 1538 97148
29 1539 66148
29 1540 64335
29 1541 83057
29 1542 30186
29 1543 47852
29 1544 61930
29 1545 58735
29 1546 29008
29 1547 3118
29 1548 5299
29 1549 84147
29 1550 18645
29 1551 39539
29 1552 48463
29 1553 82793
29 1554 36503
29 1555 81555
29 1556 78016
29 1557 37413
29 1558 385
29 1559 8750
29 1560 72247
29 1561 51286
29 1562 79040
29 1563 64367
29 1564 72275
29 1565 61913
30 1566 98172
30 1567 76439
30 1568 75604
30 1569 64693
30 1570 6073
30 1571 64741
30 1572 330
30 1573 16863
30 1574 56562
30 1575 77410
30 1576 87923
30 1577 36020
30 1578 98280
30 1579 52890
30 1580 52260
30 1581 73263
30 1582 87269
30 1583 27878
30 1584 32901
30 1585 5999
30 1586 7915
30 1587 60130
30 1588 79072
30 1589 84785
30 1590 33241
30 1591 35582
30 1592 44685
30 1593 97402
30 1594 35582
30 1595 71361
30 1596 53679
30 1597 4621
30 1598 87849
30 1599 90565
30 1600 32942
30 1601 60150
30 1602 9658
30 1603 79484
30 1604 8493
30 1605 21993
30 1606 32143
30 1607 17980
30 1608 33792
30 1609 45296
30 1610 48714
30 1611 49389
30 1612 36229
30 1613 88648
30 1614 5910
30 1615 24990
30 1616 2116
30 1617 3424
30 1618 60638
30 1619 31609
31 1620 36419
31 1621 48277
31 1622 99645
31 1623 340
31 1624 46383
31 1625 12591
31 1626 2485
31 1627 87554
31 1628 55084
31 1629 1588
31 1630 63737
31 1631 51314
31 1632 44173
31 1633 28102
31 1634 80644
31 1635 17737
31 1636 52660
31 1637 63222
31 1638 13884
31 1639 7799
31 1640 55806
31 1641 77893
31 1642 81715
31 1643 95687
31 1644 6618
31 1645 35085
31 1646 44007
31 1647 77588
31 1648 2268
31 1649 57494
31 1650 11255
31 1651 37150
31 1652 77032
31 1653 77568
31 1654 10904
31 1655 20109
31 1656 42686
31 1657 92065
31 1658 19748
31 1659 27258
31 1660 40445
31 1661 83070
31 1662 98952
31 1663 26172
31 1664 20400
31 1665 4826
31 1666 13844
31 1667 24886
31 1668 2071
31 1669 30375
31 1670 66524
31 1671 58685
31 1672 30531
31 1673 30956
32 1674 16301
32 1675 81336
32 1676 89335
32 1677 86320
32 1678 60473
32 1679 5853
32 1680 56467
32 1681 74842
32 1682 23234
32 1683 45182
32 1684 33714
32 1685 36574
32 1686 49670
32 1687 31937
32 1688 95736
32 1689 4357
32 1690 38156
32 1691 69540
32 1692 33427
32 1693 826
32 1694 59890
32 1695 42902
32 1696 51767
32 1697 93823
32 1698 6559
32 1699 82411
32 1700 20089
32 1701 34855
32 1702 66387
32 1703 13356
32 1704 68693
32 1705 85433
32 1706 14304
32 1707 43623
32 1708 38705
32 1709 6494
32 1710 70640
32 1711 6534
32 1712 71380
32 1713 32212
32 1714 92339
32 1715 86268
32 1716 8569
32 1717 28385
32 1718 15676
32 1719 68325
32 1720 91116
32 1721 12918
32 1722 21087
32 1723 84556
32 1724 91844
32 1725 88670
32 1726 38191
32 1727 13632
33 1728 92002
33 1729 59612
33 1730 8370
33 1731 43734
33 1732 53869
33 1733 74755
33 1734 98563
33 1735 73265
33 1736 8058
33 1737 34054
33 1738 95833
33 1739 86852
33 1740 14378
33 1741 63359
33 1742 87668
33 1743 40024
33 1744 31379
33 1745 11476
33 1746 46723
33 1747 12184
33 1748 4068
33 1749 97237
33 1750 38320
33 1751 15241
33 1752 54380
33 1753 24163
33 1754 66738
33 1755 84576
33 1756 33597
33 1757 71903
33 1758 4822
33 1759 21283
33 1760 70281
33 1761 62047
33 1762 35666
33 1763 73946
33 1764 52238
33 1765 1155
33 1766 43371
33 1767 26807
33 1768 71271
33 1769 68457
33 1770 95784
33 1771 20527
33 1772 26639
33 1773 92512
33 1774 70803
33 1775 48887
33 1776 52599
33 1777 86294
33 1778 38706
33 1779 74711
33 1780 62150
33 1781 70198
34 1782 11434
34 1783 7876
34 1784 95336
34 1785 57875
34 1786 29935
34 1787 12408
34 1788 43997
34 1789 99402
34 1790 15734
34 1791 63464
34 1792 39537
34 1793 73699
34 1794 44471
34 1795 57533
34 1796 79269
34 1797 76743
34 1798 9187
34 1799 80442
34 1800 48764
34 1801 10024
34 1802 30954
34 1803 91703
34 1804 38561
34 1805 91786
34 1806 56543
34 1807 41753
34 1808 62086
34 1809 47269
34 1810 24695
34 1811 19644
34 1812 81575
34 1813 21531
34 1814 35389
34 1815 13565
34 1816 27937
34 1817 41301
34 1818 22000
34 1819 91737
34 1820 94625
34 1821 41873
34 1822 90422
34 1823 71184
34 1824 12960
34 1825 97094
34 1826 23249
34 1827 78519
34 1828 99110
34 1829 52002
34 1830 48905
34 1831 33765
34 1832 61529
34 1833 11327
34 1834 36166
34 1835 87310
35 1836 8378
35 1837 91242
35 1838 30968
35 1839 14729
35 1840 57096
35 1841 36231
35 1842 16657
35 1843 47643
35 1844 24487
35 1845 24211
35 1846 74095
35 1847 69194
35 1848 75784
35 1849 60616
35 1850 90104
35 1851 4733
35 1852 14046
35 1853 74683
35 1854 48486
35 1855 24428
35 1856 1310
35 1857 53643
35 1858 84018
35 1859 8183
35 1860 68288
35 1861 56443
35 1862 81657
35 1863 67625
35 1864 6746
35 1865 26612
35 1866 69087
35 1867 3320
35 1868 79885
35 1869 88616
35 1870 17667
35 1871 27983
35 1872 71208
35 1873 92523
35 1874 76158
35 1875 93197
35 1876 13494
35 1877 91405
35 1878 69257
35 1879 32553
35 1880 61555
35 1881 12689
35 1882 67777
35 1883 38293
35 1884 46274
35 1885 75530
35 1886 51224
35 1887 1407
35 1888 63612
35 1889 24903
36 1890 69543
36 1891 27984
36 1892 60439
36 1893 16389
36 1894 40207
36 1895 31752
36 1896 91088
36 1897 63985
36 1898 63874
36 1899 46706
36 1900 69423
36 1901 34802
36 1902 82925
36 1903 81513
36 1904 34834
36 1905 72222
36 1906 83422
36 1907 20211
36 1908 45721
36 1909 9450
36 1910 55644
36 1911 13750
36 1912 74290
36 1913 34249
36 1914 68236
36 1915 96940
36 1916 74853
36 1917 22873
36 1918 92828
36 1919 83952
36 1920 3809
36 1921 65071
36 1922 72855
36 1923 77224
36 1924 52533
36 1925 48477
36 1926 6192
36 1927 56067
36 1928 57165
36 1929 50376
36 1930 98241
36 1931 97420
36 1932 11643
36 1933 79031
36 1934 16951
36 1935 35546
36 1936 22940
36 1937 10872
36 1938 60265
36 1939 79914
36 1940 69745
36 1941 41770
36 1942 47819
36 1943 20084
37 1944 56864
37 1945 30463
37 1946 50150
37 1947 86661
37 1948 42284
37 1949 97985
37 1950 23865
37 1951 94710
37 1952 11305
37 1953 67605
37 1954 78278
37 1955 92344
37 1956 21540
37 1957 98202
37 1958 32864
37 1959 77736
37 1960 97155
37 1961 48742
37 1962 65098
37 1963 73217
37 1964 45610
37 1965 43084
37 1966 77988
37 1967 79911
37 1968 22619
37 1969 97338
37 1970 86675
37 1971 32978
37 1972 58573
37 1973 72427
37 1974 75148
37 1975 36715
37 1976 90024
37 1977 91292
37 1978 35378
37 1979 69990
37 1980 53210
37 1981 3330
37 1982 10048
37 1983 98870
37 1984 89747
37 1985 70024
37 1986 11135
37 1987 60104
37 1988 52846
37 1989 62518
37 1990 93637
37 1991 13891
37 1992 83679
37 1993 8480
37 1994 25574
37 1995 77028
37 1996 96908
37 1997 9288
38 1998 65917
38 1999 54764
38 2000 38867
38 2001 77957
38 2002 28464
38 2003 5678
38 2004 47597
38 2005 49292
38 2006 67457
38 2007 35105
38 2008 7481
38 2009 6681
38 2010 49390
38 2011 57572
38 2012 41904
38 2013 53144
38 2014 43975
38 2015 47333
38 2016 49128
38 2017 30661
38 2018 20357
38 2019 77633
38 2020 53389
38 2021 65789
38 2022 40518
38 2023 72101
38 2024 79261
38 2025 18678
38 2026 90103
38 2027 30859
38 2028 53553
38 2029 15430
38 2030 76303
38 2031 38630
38 2032 50776
38 2033 8869
38 2034 18461
38 2035 60733
38 2036 67003
38 2037 92049
38 2038 83157
38 2039 58217
38 2040 42245
38 2041 61524
38 2042 29991
38 2043 50137
38 2044 12030
38 2045 95044
38 2046 83583
38 2047 74650
38 2048 77899
38 2049 19856
38 2050 50011
38 2051 95266
39 2052 18034
39 2053 28320
39 2054 65281
39 2055 53884
39 2056 34649
39 2057 41146
39 2058 21244
39 2059 22539
39 2060 30789
39 2061 40533
39 2062 16877
39 2063 25895
39 2064 90859
39 2065 35717
39 2066 38157
39 2067 90756
39 2068 36520
39 2069 77725
39 2070 20438
39 2071 73340
39 2072 12380
39 2073 90045
39 2074 74064
39 2075 61908
39 2076 67475
39 2077 31197
39 2078 34799
39 2079 73456
39 2080 62989
39 2081 37829
39 2082 91774
39 2083 58574
39 2084 42699
39 2085 66852
39 2086 93369
39 2087 58640
39 2088 2795
39 2089 5715
39 2090 2661
39 2091 9559
39 2092 4360
39 2093 54857
39 2094 14349
39 2095 59644
39 2096 18224
39 2097 24002
39 2098 97341
39 2099 91789
39 2100 73743
39 2101 84913
39 2102 61296
39 2103 11413
39 2104 36722
39 2105 54370
40 2106 68632
40 2107 63334
40 2108 55378
40 2109 44636
40 2110 11607
40 2111 37510
40 2112 59354
40 2113 81231
40 2114 74230
40 2115 73507
40 2116 84546
40 2117 73374
40 2118 89709
40 2119 70251
40 2120 73619
40 2121 23485
40 2122 63642
40 2123 45987
40 2124 69579
40 2125 47439
40 2126 30031
40 2127 53538
40 2128 19177
40 2129 88466
40 2130 60814
40 2131 5775
40 2132 64575
40 2133 40073
40 2134 37567
40 2135 84411
40 2136 79759
40 2137 54299
40 2138 7225
40 2139 86287
40 2140 44273
40 2141 32642
40 2142 32068
40 2143 45194
40 2144 4314
40 2145 56017
40 2146 50058
40 2147 70441
40 2148 45931
40 2149 77531
40 2150 79887
40 2151 19555
40 2152 21551
40 2153 4654
40 2154 46111
40 2155 25771
40 2156 4202
40 2157 90154
40 2158 85674
40 2159 1188
41 2160 70325
41 2161 48086
41 2162 48803
41 2163 97771
41 2164 79770
41 2165 66424
41 2166 21527
41 2167 31456
41 2168 23301
41 2169 6537
41 2170 74393
41 2171 71031
41 2172 60628
41 2173 33388
41 2174 80629
41 2175 49923
41 2176 39748
41 2177 47547
41 2178 13176
41 2179 46682
41 2180 31401
41 2181 84917
41 2182 76832
41 2183 30910
41 2184 36478
41 2185 8902
41 2186 12209
41 2187 86499
41 2188 95162
41 2189 48460
41 2190 99674
41 2191 68248
41 2192 24592
41 2193 94439
41 2194 55813
41 2195 99722
41 2196 60542
41 2197 12770
41 2198 29784
41 2199 80073
41 2200 25725
41 2201 3478
41 2202 14125
41 2203 67628
41 2204 71817
41 2205 46553
41 2206 34898
41 2207 39899
41 2208 36336
41 2209 74693
41 2210 90144
41 2211 13349
41 2212 14374
41 2213 34525
42 2214 24990
42 2215 77870
42 2216 63572
42 2217 91845
42 2218 710
42 2219 46770
42 2220 42388
42 2221 27807
42 2222 40187
42 2223 7488
42 2224 1723
42 2225 25301
42 2226 79289
42 2227 64007
42 2228 76437
42 2229 1780
42 2230 41289
42 2231 94311
42 2232 27109
42 2233 2683
42 2234 20254
42 2235 9451
42 2236 58892
42 2237 10802
42 2238 91281
42 2239 37921
42 2240 4318
42 2241 55336
42 2242 85224
42 2243 31342
42 2244 25189
42 2245 90044
42 2246 88858
42 2247 50348
42 2248 7637
42 2249 18981
42 2250 72172
42 2251 79018
42 2252 2895
42 2253 93032
42 2254 87765
42 2255 83539
42 2256 49006
42 2257 18781
42 2258 41520
42 2259 87872
42 2260 69539
42 2261 10580
42 2262 75653
42 2263 78686
42 2264 44998
42 2265 736
42 2266 55973
42 2267 50925
43 2268 92546
43 2269 56710
43 2270 54467
43 2271 58885
43 2272 77400
43 2273 49619
43 2274 85968
43 2275 64754
43 2276 54654
43 2277 56854
43 2278 58477
43 2279 3399
43 2280 61053
43 2281 23512
43 2282 75406
43 2283 51984
43 2284 56271
43 2285 28442
43 2286 54191
43 2287 74038
43 2288 22555
43 2289 56280
43 2290 90184
43 2291 66743
43 2292 16070
43 2293 20106
43 2294 22298
43 2295 23916
43 2296 55088
43 2297 91043
43 2298 75375
43 2299 98009
43 2300 93542
43 2301 43548
43 2302 83415
43 2303 28355
43 2304 53075
43 2305 25871
43 2306 62717
43 2307 72389
43 2308 97724
43 2309 66513
43 2310 8475
43 2311 43949
43 2312 51345
43 2313 95463
43 2314 56605
43 2315 61705
43 2316 75860
43 2317 5796
43 2318 18880
43 2319 15409
43 2320 69016
43 2321 86931
44 2322 68089
44 2323 9809
44 2324 48521
44 2325 21123
44 2326 86886
44 2327 71162
44 2328 71231
44 2329 80271
44 2330 90610
44 2331 63435
44 2332 57502
44 2333 18575
44 2334 8079
44 2335 43401
44 2336 45902
44 2337 17698
44 2338 48963
44 2339 23262
44 2340 73427
44 2341 1285
44 2342 51532
44 2343 87748
44 2344 45304
44 2345 21661
44 2346 25184
44 2347 91409
44 2348 81715
44 2349 51349
44 2350 76925
44 2351 16503
44 2352 65768
44 2353 36779
44 2354 75000
44 2355 98751
44 2356 35445
44 2357 62668
44 2358 24995
44 2359 66736
44 2360 34326
44 2361 67742
44 2362 23431
44 2363 443
44 2364 22
44 2365 92813
44 2366 44788
44 2367 60032
44 2368 40722
44 2369 17216
44 2370 48409
44 2371 19421
44 2372 72255
44 2373 95207
44 2374 88640
44 2375 30090
45 2376 67945
45 2377 97695
45 2378 8267
45 2379 45855
45 2380 85924
45 2381 24945
45 2382 28895
45 2383 21397
45 2384 97305
45 2385 68393
45 2386 96946
45 2387 55119
45 2388 14412
45 2389 296
45 2390 24814
45 2391 82127
45 2392 7001
45 2393 61176
45 2394 50440
45 2395 37458
45 2396 60777
45 2397 26543
45 2398 55846
45 2399 17575
45 2400 19720
45 2401 93054
45 2402 69199
45 2403 96009
45 2404 8329
45 2405 71288
45 2406 8704
45 2407 2141
45 2408 80330
45 2409 62673
45 2410 5620
45 2411 656
45 2412 65025
45 2413 47891
45 2414 18640
45 2415 52612
45 2416 95463
45 2417 46779
45 2418 83466
45 2419 9057
45 2420 65250
45 2421 9717
45 2422 32354
45 2423 75029
45 2424 61727
45 2425 25652
45 2426 34258
45 2427 72007
45 2428 16098
45 2429 50744
46 2430 31270
46 2431 17356
46 2432 66173
46 2433 27959
46 2434 75521
46 2435 71468
46 2436 27088
46 2437 62195
46 2438 69908
46 2439 3564
46 2440 22209
46 2441 32891
46 2442 92019
46 2443 19744
46 2444 77669
46 2445 58748
46 2446 50025
46 2447 13392
46 2448 49862
46 2449 42238
46 2450 75837
46 2451 67551
46 2452 92998
46 2453 68836
46 2454 87980
46 2455 46392
46 2456 94213
46 2457 2104
46 2458 26920
46 2459 46159
46 2460 49942
46 2461 4353
46 2462 76547
46 2463 5853
46 2464 89187
46 2465 95178
46 2466 96357
46 2467 69633
46 2468 28210
46 2469 70820
46 2470 18447
46 2471 52048
46 2472 24498
46 2473 21298
46 2474 48864
46 2475 51738
46 2476 76083
46 2477 42917
46 2478 78748
46 2479 72116
46 2480 74188
46 2481 92997
46 2482 40678
46 2483 95633
47 2484 27872
47 2485 1854
47 2486 45868
47 2487 7530
47 2488 3032
47 2489 8677
47 2490 35912
47 2491 82996
47 2492 30670
47 2493 36081
47 2494 94964
47 2495 17619
47 2496 90362
47 2497 70942
47 2498 82922
47 2499 56725
47 2500 89672
47 2501 27373
47 2502 84755
47 2503 25092
47 2504 40470
47 2505 33904
47 2506 65981
47 2507 40480
47 2508 1868
47 2509 10866
47 2510 56385
47 2511 64971
47 2512 5317
47 2513 56018
47 2514 51006
47 2515 64428
47 2516 33416
47 2517 48865
47 2518 18292
47 2519 75844
47 2520 30745
47 2521 84362
47 2522 36781
47 2523 60685
47 2524 10594
47 2525 3823
47 2526 51703
47 2527 76486
47 2528 96866
47 2529 52168
47 2530 13712
47 2531 28358
47 2532 34644
47 2533 30696
47 2534 51263
47 2535 27689
47 2536 85794
47 2537 74310
48 2538 29556
48 2539 52403
48 2540 24039
48 2541 6963
48 2542 54226
48 2543 75175
48 2544 99193
48 2545 72293
48 2546 80043
48 2547 14962
48 2548 89227
48 2549 51263
48 2550 41530
48 2551 45806
48 2552 36531
48 2553 10145
48 2554 17873
48 2555 84388
48 2556 39428
48 2557 19597
48 2558 63732
48 2559 85240
48 2560 30768
48 2561 700
48 2562 55615
48 2563 67456
48 2564 49689
48 2565 80486
48 2566 75150
48 2567 59469
48 2568 1771
48 2569 97797
48 2570 72790
48 2571 43207
48 2572 14369
48 2573 53200
48 2574 90394
48 2575 81885
48 2576 75171
48 2577 62571
48 2578 42293
48 2579 55199
48 2580 57918
48 2581 59204
48 2582 2293
48 2583 62172
48 2584 31012
48 2585 81338
48 2586 72183
48 2587 3786
48 2588 62719
48 2589 15290
48 2590 29630
48 2591 23155
49 2592 20680
49 2593 39457
49 2594 35520
49 2595 22205
49 2596 21866
49 2597 30731
49 2598 60896
49 2599 44921
49 2600 70167
49 2601 40951
49 2602 84056
49 2603 88486
49 2604 43307
49 2605 8106
49 2606 26154
49 2607 10619
49 2608 61097
49 2609 95532
49 2610 20806
49 2611 79471
49 2612 49084
49 2613 89126
49 2614 53105
49 2615 56903
49 2616 72411
49 2617 90231
49 2618 13959
49 2619 39580
49 2620 1726
49 2621 6559
49 2622 23884
49 2623 60509
49 2624 2877
49 2625 52205
49 2626 8645
49 2627 36261
49 2628 39055
49 2629 97920
49 2630 48724
49 2631 369
49 2632 21875
49 2633 71483
49 2634 49621
49 2635 46698
49 2636 39585
49 2637 10546
49 2638 22918
49 2639 22102
49 2640 26137
49 2641 64097
49 2642 2114
49 2643 71355
49 2644 43886
49 2645 95788
50 2646 9973
50 2647 16016
50 2648 50797
50 2649 22839
50 2650 5192
50 2651 14892
50 2652 69434
50 2653 33333
50 2654 7461
50 2655 70171
50 2656 83212
50 2657 57957
50 2658 41119
50 2659 84793
50 2660 16387
50 2661 18526
50 2662 6928
50 2663 24492
50 2664 89810
50 2665 43775
50 2666 20324
50 2667 16600
50 2668 84941
50 2669 75008
50 2670 44658
50 2671 53383
50 2672 94368
50 2673 47102
50 2674 71368
50 2675 22600
50 2676 51502
50 2677 75292
50 2678 81166
50 2679 34409
50 2680 32977
50 2681 98908
50 2682 38369
50 2683 90722
50 2684 80473
50 2685 61915
50 2686 8711
50 2687 68233
50 2688 2475
50 2689 95715
50 2690 35179
50 2691 36284
50 2692 16734
50 2693 11055
50 2694 40070
50 2695 70523
50 2696 20840
50 2697 88608
50 2698 50614
50 2699 95752
51 2700 34498
51 2701 18535
51 2702 9952
51 2703 99424
51 2704 8583
51 2705 69620
51 2706 6802
51 2707 80203
51 2708 89138
51 2709 78904
51 2710 69128
51 2711 96326
51 2712 72139
51 2713 29831
51 2714 68819
51 2715 76870
51 2716 3533
51 2717 93107
51 2718 60402
51 2719 51876
51 2720 76305
51 2721 77891
51 2722 27530
51 2723 91388
51 2724 77131
51 2725 40049
51 2726 27537
51 2727 21053
51 2728 26405
51 2729 10070
51 2730 54131
51 2731 89335
51 2732 71776
51 2733 26361
51 2734 58340
51 2735 43455
51 2736 93194
51 2737 60008
51 2738 72099
51 2739 27804
51 2740 55545
51 2741 90054
51 2742 78821
51 2743 31281
51 2744 43971
51 2745 92436
51 2746 50915
51 2747 65425
51 2748 55206
51 2749 59180
51 2750 88822
51 2751 64642
51 2752 26033
51 2753 96664
52 2754 38007
52 2755 20174
52 2756 39982
52 2757 17128
52 2758 16540
52 2759 40377
52 2760 1921
52 2761 33869
52 2762 45220
52 2763 23142
52 2764 90494
52 2765 2823
52 2766 8591
52 2767 54069
52 2768 70206
52 2769 978
52 2770 26568
52 2771 86609
52 2772 85736
52 2773 28005
52 2774 48636
52 2775 73592
52 2776 68848
52 2777 12786
52 2778 14670
52 2779 87356
52 2780 49182
52 2781 68706
52 2782 63086
52 2783 42745
52 2784 67975
52 2785 5585
52 2786 25615
52 2787 47338
52 2788 79317
52 2789 53668
52 2790 36575
52 2791 56680
52 2792 80617
52 2793 21434
52 2794 33034
52 2795 1533
52 2796 58274
52 2797 29821
52 2798 88721
52 2799 43781
52 2800 19626
52 2801 21077
52 2802 69923
52 2803 90802
52 2804 58809
52 2805 70243
52 2806 69269
52 2807 44297
53 2808 56643
53 2809 961
53 2810 33001
53 2811 46111
53 2812 92609
53 2813 65542
53 2814 96380
53 2815 46563
53 2816 58433
53 2817 38792
53 2818 65811
53 2819 68777
53 2820 78930
53 2821 24864
53 2822 8614
53 2823 20409
53 2824 90681
53 2825 43287
53 2826 91297
53 2827 78523
53 2828 58884
53 2829 18920
53 2830 27858
53 2831 88338
53 2832 75537
53 2833 94630
53 2834 73958
53 2835 13695
53 2836 79296
53 2837 31204
53 2838 35248
53 2839 92267
53 2840 94578
53 2841 42973
53 2842 34524
53 2843 47723
53 2844 57315
53 2845 31101
53 2846 76600
53 2847 20471
53 2848 62502
53 2849 85510
53 2850 25896
53 2851 39137
53 2852 29776
53 2853 62871
53 2854 76403
53 2855 70393
53 2856 14143
53 2857 63907
53 2858 28277
53 2859 84493
53 2860 59819
53 2861 79588
54 2862 64829
54 2863 47716
54 2864 71356
54 2865 28015
54 2866 171
54 2867 31507
54 2868 88049
54 2869 32953
54 2870 1538
54 2871 7799
54 2872 82590
54 2873 82051
54 2874 71797
54 2875 83116
54 2876 26608
54 2877 69585
54 2878 62774
54 2879 16141
54 2880 30956
54 2881 7091
54 2882 95928
54 2883 11286
54 2884 20438
54 2885 48252
54 2886 87145
54 2887 46898
54 2888 46664
54 2889 73936
54 2890 76527
54 2891 37779
54 2892 32518
54 2893 66877
54 2894 60084
54 2895 44251
54 2896 19758
54 2897 70946
54 2898 93551
54 2899 8915
54 2900 31860
54 2901 97282
54 2902 48908
54 2903 62171
54 2904 87037
54 2905 87212
54 2906 84571
54 2907 65397
54 2908 25793
54 2909 82415
54 2910 86889
54 2911 71549
54 2912 75042
54 2913 11933
54 2914 34291
54 2915 84137
55 2916 1896
55 2917 96843
55 2918 87603
55 2919 42757
55 2920 2546
55 2921 72919
55 2922 85946
55 2923 22212
55 2924 74068
55 2925 29851
55 2926 35110
55 2927 20625
55 2928 85093
55 2929 15473
55 2930 48179
55 2931 78939
55 2932 88550
55 2933 61501
55 2934 10506
55 2935 49182
55 2936 89158
55 2937 77323
55 2938 89822
55 2939 54112
55 2940 41647
55 2941 12528
55 2942 1836
55 2943 14123
55 2944 68552
55 2945 46208
55 2946 78704
55 2947 8694
55 2948 79466
55 2949 64283
55 2950 63308
55 2951 52109
55 2952 42817
55 2953 87507
55 2954 44953
55 2955 43847
55 2956 51529
55 2957 21743
55 2958 77899
55 2959 53648
55 2960 2806
55 2961 75313
55 2962 16125
55 2963 80293
55 2964 33223
55 2965 29237
55 2966 73118
55 2967 74281
55 2968 15165
55 2969 85327
56 2970 11959
56 2971 30039
56 2972 73943
56 2973 38765
56 2974 77248
56 2975 92441
56 2976 53818
56 2977 83725
56 2978 51422
56 2979 36599
56 2980 47505
56 2981 23166
56 2982 96039
56 2983 84176
56 2984 12835
56 2985 98213
56 2986 48160
56 2987 71118
56 2988 94941
56 2989 24563
56 2990 50898
56 2991 12407
56 2992 73137
56 2993 56459
56 2994 64065
56 2995 81149
56 2996 91035
56 2997 30237
56 2998 12451
56 2999 62213
56 3000 51430
