3000 666
1 2 65806
1 3 53490
1 4 43794
1 5 63048
1 6 10670
1 7 56872
1 8 71919
1 9 78642
1 10 9831
1 11 22977
1 12 79000
1 13 97527
1 14 64215
1 15 34935
1 16 16512
1 17 41210
1 18 69297
1 19 24238
1 20 78026
1 21 58284
1 22 32028
1 23 48972
1 24 27809
1 25 43723
1 26 75439
1 27 53520
1 28 74443
1 29 45418
1 30 94209
1 31 28973
1 32 45608
1 33 38022
1 34 58821
1 35 64292
1 36 22317
1 37 40649
1 38 43099
1 39 64612
1 40 57740
1 41 80902
1 42 37748
1 43 42829
1 44 11650
1 45 48302
1 46 8832
1 47 3568
1 48 7087
1 49 9673
1 50 46756
1 51 49491
1 52 38634
1 53 5133
1 54 12255
1 55 12873
1 56 60663
1 57 1859
1 58 40006
1 59 9333
1 60 87924
1 61 73968
1 62 26993
1 63 66539
1 64 57290
1 65 67160
1 66 38199
1 67 83335
1 68 3020
1 69 32338
1 70 91917
1 71 49629
1 72 11190
1 73 86314
1 74 25047
1 75 57159
1 76 99063
1 77 4409
1 78 15899
1 79 30226
1 80 50338
1 81 55447
1 82 91123
1 83 76424
1 84 64802
1 85 64232
1 86 44999
1 87 70038
1 88 57054
1 89 30303
1 90 87930
1 91 4326
1 92 28990
1 93 72570
1 94 83085
1 95 47399
1 96 28116
1 97 4278
1 98 71559
1 99 12106
1 100 73828
1 101 38264
1 102 50317
1 103 28940
1 104 52760
1 105 63564
1 106 14281
1 107 66879
1 108 6891
1 109 90255
1 110 8750
1 111 31871
1 112 30152
1 113 78360
1 114 37922
1 115 50276
1 116 55617
1 117 77940
1 118 8904
1 119 5634
1 120 37504
1 121 88941
1 122 42921
1 123 55448
1 124 66133
1 125 33912
1 126 36610
1 127 45833
1 128 27387
1 129 75710
1 130 49766
1 131 51815
1 132 65332
1 133 16699
1 134 21364
1 135 92823
1 136 93460
1 137 34636
1 138 11633
1 139 51211
1 140 61497
1 141 53740
1 142 38083
1 143 88356
1 144 98011
1 145 11315
1 146 79502
1 147 10204
1 148 66874
1 149 72861
1 150 45014
1 151 73589
1 152 33579
1 153 27988
1 154 57007
1 155 50383
1 156 73965
1 157 91207
1 158 48159
1 159 73508
1 160 10094
1 161 9377
1 162 78801
1 163 87687
1 164 51755
1 165 3105
1 166 85124
1 167 2856
1 168 86657
1 169 4899
1 170 58426
1 171 1115
1 172 70517
1 173 80968
1 174 13445
1 175 17787
1 176 58758
1 177 26250
1 178 47512
1 179 17629
1 180 36447
1 181 18059
1 182 98308
1 183 73251
1 184 19846
1 185 64913
1 186 46948
1 187 95115
1 188 81620
1 189 96518
1 190 36379
1 191 89310
1 192 9972
1 193 72786
1 194 42030
1 195 64889
1 196 84886
1 197 81712
1 198 84100
1 199 22129
1 200 86359
1 201 16805
1 202 74172
1 203 19741
1 204 74748
1 205 36368
1 206 77990
1 207 58339
1 208 79732
1 209 99978
1 210 52652
1 211 61831
1 212 12450
1 213 76467
1 214 56150
1 215 51390
1 216 23356
1 217 6073
1 218 96635
1 219 46721
1 220 90239
1 221 68484
1 222 89048
1 223 86666
1 224 56911
1 225 5489
1 226 18654
1 227 51438
1 228 75983
1 229 19494
1 230 21870
1 231 4430
1 232 43694
1 233 5803
1 234 52013
1 235 24521
1 236 70176
1 237 3715
1 238 20771
1 239 31229
1 240 67967
1 241 47664
1 242 30817
1 243 47832
1 244 46839
1 245 67423
1 246 54285
1 247 39640
1 248 23568
1 249 56194
1 250 72907
1 251 71710
1 252 25598
1 253 63152
1 254 18608
1 255 17018
1 256 77538
1 257 44029
1 258 94684
1 259 93779
1 260 30792
1 261 63340
1 262 22334
1 263 41848
1 264 25810
1 265 921
1 266 36988
1 267 77600
1 268 78825
1 269 70376
1 270 59936
1 271 73090
1 272 24552
1 273 70981
1 274 51242
1 275 58362
1 276 51164
1 277 41855
1 278 94507
1 279 24719
1 280 42595
1 281 63658
1 282 12791
1 283 62476
1 284 28276
1 285 31697
1 286 20339
1 287 97693
1 288 93791
1 289 898
1 290 81959
1 291 10672
1 292 54109
1 293 45013
1 294 2160
1 295 46676
1 296 43101
1 297 44488
1 298 67048
1 299 11146
1 300 9380
1 301 99053
1 302 52659
1 303 26638
1 304 11796
1 305 31846
1 306 48167
1 307 60459
1 308 49529
1 309 23457
1 310 98496
1 311 50162
1 312 67979
1 313 87537
1 314 21484
1 315 73612
1 316 95208
1 317 22883
1 318 85728
1 319 16
1 320 42416
1 321 89344
1 322 45183
1 323 72803
1 324 66955
1 325 23813
1 326 61005
1 327 72302
1 328 28068
1 329 48105
1 330 74947
1 331 28956
1 332 15553
1 333 43112
1 334 98830
1 335 4960
1 336 61325
1 337 73124
1 338 58365
1 339 3218
1 340 1552
1 341 98047
1 342 69487
1 343 49481
1 344 84012
1 345 51616
1 346 35219
1 347 8926
1 348 39523
1 349 59082
1 350 8332
1 351 11561
1 352 54706
1 353 56443
1 354 64191
1 355 19626
1 356 95688
1 357 79973
1 358 60177
1 359 26803
1 360 26642
1 361 93090
1 362 30364
1 363 97825
1 364 18360
1 365 7673
1 366 40515
1 367 91359
1 368 3481
1 369 40492
1 370 24582
1 371 59203
1 372 47760
1 373 930
1 374 36766
1 375 6626
1 376 11744
1 377 67499
1 378 58673
1 379 65454
1 380 91496
1 381 89533
1 382 56415
1 383 65567
1 384 46638
1 385 65729
1 386 15481
1 387 49308
1 388 19433
1 389 48910
1 390 17130
1 391 58815
1 392 31157
1 393 56546
1 394 15512
1 395 51795
1 396 42980
1 397 57409
1 398 28099
1 399 28329
1 400 78120
1 401 81611
1 402 17019
1 403 72373
1 404 1857
1 405 13578
1 406 91425
1 407 21887
1 408 1245
1 409 12860
1 410 89579
1 411 96737
1 412 29534
1 413 40044
1 414 20763
1 415 5775
1 416 4897
1 417 95167
1 418 30791
1 419 65796
1 420 573
1 421 55840
1 422 26545
1 423 44769
1 424 9943
1 425 67523
1 426 48248
1 427 42549
1 428 88645
1 429 43221
1 430 85163
1 431 61372
1 432 58850
1 433 25883
1 434 38304
1 435 98513
1 436 38593
1 437 54964
1 438 27485
1 439 76541
1 440 58422
1 441 84714
1 442 16922
1 443 24561
1 444 5493
1 445 14891
1 446 40870
1 447 36868
1 448 44168
1 449 6646
1 450 40662
1 451 21746
1 452 93906
1 453 47715
1 454 6245
1 455 47018
1 456 63440
1 457 1137
1 458 7031
1 459 22942
1 460 38038
1 461 88996
1 462 92664
1 463 25064
1 464 87356
1 465 27200
1 466 56993
1 467 48164
1 468 53862
1 469 39359
1 470 59227
1 471 70780
1 472 2654
1 473 28364
1 474 58016
1 475 30711
1 476 82993
1 477 91284
1 478 15587
1 479 70814
1 480 50882
1 481 48706
1 482 94481
1 483 31965
1 484 75604
1 485 17092
1 486 68795
1 487 42757
1 488 45729
1 489 77431
1 490 556
1 491 80148
1 492 22000
1 493 19774
1 494 82637
1 495 68149
1 496 95448
1 497 43234
1 498 58586
1 499 54934
1 500 31881
1 501 50234
1 502 95485
1 503 63482
1 504 98655
1 505 37421
1 506 20288
1 507 61712
1 508 75816
1 509 71049
1 510 83546
1 511 62069
1 512 47251
1 513 74508
1 514 33448
1 515 48676
1 516 30143
1 517 55529
1 518 80438
1 519 84570
1 520 14318
1 521 31674
1 522 91816
1 523 21739
1 524 31754
1 525 79369
1 526 8991
1 527 15145
1 528 50641
1 529 93076
1 530 40158
1 531 27148
1 532 69425
1 533 73862
1 534 55041
1 535 44303
1 536 98350
1 537 42856
1 538 87693
1 539 57995
1 540 69661
1 541 78393
1 542 42495
1 543 27826
1 544 82055
1 545 68629
1 546 91335
1 547 72815
1 548 30432
1 549 86153
1 550 63269
1 551 10086
1 552 71477
1 553 25807
1 554 64281
1 555 322
1 556 74459
1 557 93728
1 558 20863
1 559 58134
1 560 24296
1 561 22938
1 562 29857
1 563 8915
1 564 87066
1 565 973
1 566 62715
1 567 56823
1 568 90663
1 569 82871
1 570 78904
1 571 92489
1 572 84180
1 573 15429
1 574 61576
1 575 74031
1 576 31591
1 577 53885
1 578 58810
1 579 13823
1 580 87237
1 581 13101
1 582 30236
1 583 26250
1 584 52954
1 585 39086
1 586 58894
1 587 86026
1 588 19582
1 589 87454
1 590 93179
1 591 67616
1 592 49214
1 593 30340
1 594 24831
1 595 72375
1 596 11927
1 597 23569
1 598 48091
1 599 62694
1 600 53107
1 601 38977
1 602 510
1 603 2967
1 604 47678
1 605 6939
1 606 69311
1 607 25382
1 608 47526
1 609 21674
1 610 61531
1 611 5795
1 612 39815
1 613 79702
1 614 1386
1 615 94598
1 616 41095
1 617 4707
1 618 62307
1 619 10132
1 620 47748
1 621 27275
1 622 72965
1 623 39808
1 624 14588
1 625 33375
1 626 5621
1 627 87825
1 628 76647
1 629 52069
1 630 58780
1 631 82102
1 632 38072
1 633 45211
1 634 42885
1 635 43284
1 636 59035
1 637 91385
1 638 71798
1 639 46346
1 640 11848
1 641 66097
1 642 57629
1 643 39626
1 644 66335
1 645 33684
1 646 62884
1 647 68264
1 648 25602
1 649 15334
1 650 63030
1 651 99891
1 652 22118
1 653 89289
1 654 38574
1 655 64503
1 656 96519
1 657 90075
1 658 97720
1 659 17198
1 660 33058
1 661 22712
1 662 24468
1 663 27451
1 664 96659
1 665 2399
1 666 5302
1 667 18485
1 668 87956
1 669 2285
1 670 24410
1 671 99801
1 672 13529
1 673 86279
1 674 64243
1 675 72623
1 676 69331
1 677 45324
1 678 63524
1 679 63815
1 680 82570
1 681 70637
1 682 83333
1 683 29005
1 684 75574
1 685 57693
1 686 39647
1 687 60313
1 688 80379
1 689 82537
1 690 23582
1 691 64601
1 692 58243
1 693 10878
1 694 63076
1 695 40534
1 696 30833
1 697 41196
1 698 46068
1 699 14207
1 700 39366
1 701 44603
1 702 93876
1 703 3901
1 704 51216
1 705 47539
1 706 84734
1 707 85496
1 708 43505
1 709 13376
1 710 84272
1 711 76330
1 712 83255
1 713 79359
1 714 39588
1 715 39106
1 716 23300
1 717 43091
1 718 45196
1 719 84725
1 720 15974
1 721 61575
1 722 47895
1 723 18885
1 724 53101
1 725 55029
1 726 85210
1 727 34470
1 728 28710
1 729 21928
1 730 80561
1 731 82558
1 732 77880
1 733 63549
1 734 13804
1 735 87434
1 736 50941
1 737 67866
1 738 88314
1 739 52571
1 740 1199
1 741 36675
1 742 11986
1 743 14642
1 744 45838
1 745 71803
1 746 32970
1 747 11765
1 748 78805
1 749 8374
1 750 41035
1 751 38576
1 752 15444
1 753 90364
1 754 27242
1 755 45882
1 756 64687
1 757 42737
1 758 68621
1 759 85599
1 760 50847
1 761 99016
1 762 57180
1 763 62862
1 764 27273
1 765 73384
1 766 67446
1 767 27865
1 768 37636
1 769 5722
1 770 15427
1 771 35576
1 772 88776
1 773 17169
1 774 96405
1 775 2352
1 776 78449
1 777 26783
1 778 37801
1 779 31224
1 780 62080
1 781 13380
1 782 55661
1 783 56101
1 784 35209
1 785 26520
1 786 23885
1 787 64102
1 788 76379
1 789 6628
1 790 99058
1 791 78375
1 792 79488
1 793 14434
1 794 63313
1 795 33916
1 796 18827
1 797 54555
1 798 41441
1 799 2874
1 800 76030
1 801 7638
1 802 78085
1 803 16942
1 804 87458
1 805 96337
1 806 44861
1 807 46716
1 808 66628
1 809 47153
1 810 19503
1 811 96321
1 812 45865
1 813 97211
1 814 70601
1 815 20816
1 816 82506
1 817 4614
1 818 62198
1 819 10955
1 820 52873
1 821 67182
1 822 29814
1 823 55002
1 824 29537
1 825 67380
1 826 77432
1 827 16154
1 828 73492
1 829 60571
1 830 42504
1 831 6294
1 832 53200
1 833 47438
1 834 45119
1 835 83713
1 836 58756
1 837 15696
1 838 56594
1 839 29748
1 840 65397
1 841 52311
1 842 41512
1 843 52759
1 844 11489
1 845 79409
1 846 84158
1 847 83308
1 848 48284
1 849 56451
1 850 21839
1 851 94841
1 852 7037
1 853 99577
1 854 10893
1 855 98474
1 856 97555
1 857 65610
1 858 20295
1 859 4473
1 860 61109
1 861 66315
1 862 28410
1 863 82506
1 864 7746
1 865 64679
1 866 31569
1 867 58832
1 868 60238
1 869 76344
1 870 45526
1 871 68687
1 872 4494
1 873 32666
1 874 18669
1 875 55609
1 876 26016
1 877 39873
1 878 97196
1 879 69278
1 880 54788
1 881 43264
1 882 57991
1 883 93112
1 884 25187
1 885 95684
1 886 13877
1 887 3559
1 888 69289
1 889 41057
1 890 61682
1 891 68299
1 892 41264
1 893 22290
1 894 12054
1 895 23865
1 896 74832
1 897 76894
1 898 99778
1 899 81012
1 900 75980
1 901 70119
1 902 14789
1 903 93886
1 904 99121
1 905 69525
1 906 85825
1 907 89392
1 908 518
1 909 43234
1 910 92233
1 911 41783
1 912 12381
1 913 11472
1 914 61234
1 915 93114
1 916 54848
1 917 90170
1 918 24628
1 919 59663
1 920 51757
1 921 81436
1 922 38506
1 923 46321
1 924 97814
1 925 95967
1 926 95737
1 927 20057
1 928 93664
1 929 13776
1 930 23699
1 931 92298
1 932 84280
1 933 84134
1 934 82965
1 935 70738
1 936 64123
1 937 76331
1 938 49839
1 939 19465
1 940 17849
1 941 80394
1 942 3193
1 943 53336
1 944 71243
1 945 89400
1 946 20894
1 947 67461
1 948 64241
1 949 46023
1 950 89532
1 951 22193
1 952 18371
1 953 88580
1 954 74089
1 955 20396
1 956 42045
1 957 95313
1 958 89726
1 959 65236
1 960 12479
1 961 63949
1 962 89093
1 963 35874
1 964 83218
1 965 84131
1 966 77459
1 967 68216
1 968 26678
1 969 7429
1 970 69611
1 971 73141
1 972 58835
1 973 837
1 974 74832
1 975 73133
1 976 59695
1 977 28374
1 978 25941
1 979 42786
1 980 18076
1 981 3367
1 982 752
1 983 70976
1 984 66085
1 985 42634
1 986 98755
1 987 83675
1 988 20352
1 989 64789
1 990 31968
1 991 34505
1 992 54530
1 993 73666
1 994 50045
1 995 85257
1 996 74209
1 997 84627
1 998 17744
1 999 31918
1 1000 47359
1 1001 71924
1 1002 43592
1 1003 27411
1 1004 19942
1 1005 87850
1 1006 61944
1 1007 14119
1 1008 94605
1 1009 76407
1 1010 17420
1 1011 5008
1 1012 12615
1 1013 92126
1 1014 56056
1 1015 60256
1 1016 31615
1 1017 52035
1 1018 26743
1 1019 23094
1 1020 5433
1 1021 8174
1 1022 64194
1 1023 48507
1 1024 77754
1 1025 70609
1 1026 40573
1 1027 15579
1 1028 15359
1 1029 52784
1 1030 17507
1 1031 88277
1 1032 52827
1 1033 50678
1 1034 95694
1 1035 47858
1 1036 31980
1 1037 84740
1 1038 82012
1 1039 48981
1 1040 99304
1 1041 42116
1 1042 75610
1 1043 22549
1 1044 37177
1 1045 6769
1 1046 92888
1 1047 47059
1 1048 98734
1 1049 82109
1 1050 55987
1 1051 6412
1 1052 22154
1 1053 18761
1 1054 60125
1 1055 22278
1 1056 62035
1 1057 90612
1 1058 58076
1 1059 98349
1 1060 22995
1 1061 53370
1 1062 25875
1 1063 20254
1 1064 53883
1 1065 17501
1 1066 49433
1 1067 28200
1 1068 89201
1 1069 18207
1 1070 92302
1 1071 9862
1 1072 5735
1 1073 80234
1 1074 18118
1 1075 87210
1 1076 19212
1 1077 16691
1 1078 99309
1 1079 69750
1 1080 77436
1 1081 82832
1 1082 84268
1 1083 71824
1 1084 31808
1 1085 24818
1 1086 5504
1 1087 25021
1 1088 20611
1 1089 56631
1 1090 83960
1 1091 27179
1 1092 14350
1 1093 40563
1 1094 46018
1 1095 4221
1 1096 56318
1 1097 26290
1 1098 17590
1 1099 84071
1 1100 77128
1 1101 41836
1 1102 65851
1 1103 20726
1 1104 669
1 1105 80001
1 1106 66766
1 1107 19655
1 1108 320
1 1109 83495
1 1110 1171
1 1111 26380
1 1112 22854
1 1113 35960
1 1114 20484
1 1115 11643
1 1116 78969
1 1117 49647
1 1118 36240
1 1119 27727
1 1120 4599
1 1121 16355
1 1122 34852
1 1123 81871
1 1124 45870
1 1125 2478
1 1126 22852
1 1127 21669
1 1128 81172
1 1129 50581
1 1130 44425
1 1131 71947
1 1132 6501
1 1133 60971
1 1134 67134
1 1135 78064
1 1136 79693
1 1137 15220
1 1138 56649
1 1139 203
1 1140 92218
1 1141 84122
1 1142 15262
1 1143 9379
1 1144 21300
1 1145 64325
1 1146 85650
1 1147 28969
1 1148 56695
1 1149 44630
1 1150 17450
1 1151 35706
1 1152 45147
1 1153 90311
1 1154 41290
1 1155 25464
1 1156 44775
1 1157 61120
1 1158 92578
1 1159 72462
1 1160 69209
1 1161 91198
1 1162 91747
1 1163 96933
1 1164 31083
1 1165 7871
1 1166 28863
1 1167 61321
1 1168 53693
1 1169 13884
1 1170 87700
1 1171 80053
1 1172 42137
1 1173 92453
1 1174 40993
1 1175 64649
1 1176 48517
1 1177 53165
1 1178 60950
1 1179 82493
1 1180 1427
1 1181 29498
1 1182 62171
1 1183 60484
1 1184 31326
1 1185 40941
1 1186 18722
1 1187 1617
1 1188 29022
1 1189 24441
1 1190 12411
1 1191 29482
1 1192 87872
1 1193 86330
1 1194 10854
1 1195 80312
1 1196 32740
1 1197 68621
1 1198 64870
1 1199 44389
1 1200 13150
1 1201 80099
1 1202 75973
1 1203 65126
1 1204 73975
1 1205 56723
1 1206 51048
1 1207 38782
1 1208 20036
1 1209 58450
1 1210 69462
1 1211 73189
1 1212 96624
1 1213 83946
1 1214 78965
1 1215 90395
1 1216 53278
1 1217 76402
1 1218 76078
1 1219 68230
1 1220 66939
1 1221 56829
1 1222 14774
1 1223 98685
1 1224 88057
1 1225 51283
1 1226 34006
1 1227 90790
1 1228 50921
1 1229 10247
1 1230 68215
1 1231 31402
1 1232 94050
1 1233 53336
1 1234 16876
1 1235 9667
1 1236 97161
1 1237 12157
1 1238 66250
1 1239 28586
1 1240 44400
1 1241 4235
1 1242 84701
1 1243 69910
1 1244 56626
1 1245 89748
1 1246 45793
1 1247 1974
1 1248 26977
1 1249 55910
1 1250 28469
1 1251 45895
1 1252 22673
1 1253 3187
1 1254 86134
1 1255 19191
1 1256 54414
1 1257 75704
1 1258 7475
1 1259 51881
1 1260 86381
1 1261 99027
1 1262 91907
1 1263 62076
1 1264 46772
1 1265 99971
1 1266 74641
1 1267 96422
1 1268 38723
1 1269 75139
1 1270 15621
1 1271 91629
1 1272 43676
1 1273 82618
1 1274 8373
1 1275 13563
1 1276 19530
1 1277 88955
1 1278 71983
1 1279 30421
1 1280 36726
1 1281 63832
1 1282 72678
1 1283 88836
1 1284 58526
1 1285 59374
1 1286 67943
1 1287 71949
1 1288 85285
1 1289 54910
1 1290 18356
1 1291 87813
1 1292 36623
1 1293 55388
1 1294 34553
1 1295 5087
1 1296 75280
1 1297 85424
1 1298 79034
1 1299 50588
1 1300 70333
1 1301 49988
1 1302 14104
1 1303 75168
1 1304 42465
1 1305 56006
1 1306 78252
1 1307 20451
1 1308 9338
1 1309 98395
1 1310 53022
1 1311 69537
1 1312 41778
1 1313 17340
1 1314 9203
1 1315 10084
1 1316 4707
1 1317 54195
1 1318 40379
1 1319 11179
1 1320 21753
1 1321 39304
1 1322 96825
1 1323 22600
1 1324 7385
1 1325 7338
1 1326 10970
1 1327 47053
1 1328 4720
1 1329 3958
1 1330 89172
1 1331 88910
1 1332 75015
1 1333 64179
1 1334 20494
1 1335 71061
1 1336 57849
1 1337 24520
1 1338 46914
1 1339 70615
1 1340 54839
1 1341 32577
1 1342 16990
1 1343 58493
1 1344 16750
1 1345 2667
1 1346 40942
1 1347 17686
1 1348 13428
1 1349 89181
1 1350 28888
1 1351 28453
1 1352 56332
1 1353 46527
1 1354 91515
1 1355 73771
1 1356 28651
1 1357 21022
1 1358 76660
1 1359 92222
1 1360 20658
1 1361 46692
1 1362 83562
1 1363 46109
1 1364 8693
1 1365 62793
1 1366 58437
1 1367 85663
1 1368 94868
1 1369 56606
1 1370 78630
1 1371 11557
1 1372 53793
1 1373 53417
1 1374 751
1 1375 74166
1 1376 58152
1 1377 33912
1 1378 39609
1 1379 8199
1 1380 67757
1 1381 29935
1 1382 56821
1 1383 55255
1 1384 95196
1 1385 6069
1 1386 35397
1 1387 38063
1 1388 55857
1 1389 85249
1 1390 4084
1 1391 93066
1 1392 23433
1 1393 94241
1 1394 61962
1 1395 90796
1 1396 60579
1 1397 99574
1 1398 65823
1 1399 37746
1 1400 860
1 1401 58133
1 1402 98753
1 1403 59106
1 1404 20850
1 1405 60756
1 1406 4562
1 1407 9822
1 1408 16386
1 1409 11082
1 1410 20524
1 1411 47965
1 1412 94309
1 1413 20326
1 1414 56387
1 1415 88550
1 1416 25950
1 1417 17528
1 1418 26616
1 1419 39288
1 1420 3080
1 1421 773
1 1422 93948
1 1423 90130
1 1424 35121
1 1425 93764
1 1426 41618
1 1427 26058
1 1428 25490
1 1429 86746
1 1430 42344
1 1431 29030
1 1432 17584
1 1433 43979
1 1434 20391
1 1435 30413
1 1436 40046
1 1437 4481
1 1438 35883
1 1439 11665
1 1440 86222
1 1441 97692
1 1442 82668
1 1443 52060
1 1444 62189
1 1445 66113
1 1446 87679
1 1447 68664
1 1448 4104
1 1449 97498
1 1450 22272
1 1451 26866
1 1452 10812
1 1453 87126
1 1454 72493
1 1455 84414
1 1456 13809
1 1457 12828
1 1458 6639
1 1459 16266
1 1460 88407
1 1461 89893
1 1462 39212
1 1463 29354
1 1464 85847
1 1465 60180
1 1466 40900
1 1467 82412
1 1468 11639
1 1469 3816
1 1470 37651
1 1471 93569
1 1472 53995
1 1473 27300
1 1474 42488
1 1475 46509
1 1476 6126
1 1477 2705
1 1478 84990
1 1479 31342
1 1480 76904
1 1481 43601
1 1482 32321
1 1483 43962
1 1484 61251
1 1485 41241
1 1486 97328
1 1487 29142
1 1488 65929
1 1489 27775
1 1490 93382
1 1491 6105
1 1492 18163
1 1493 48889
1 1494 23187
1 1495 48200
1 1496 15521
1 1497 84502
1 1498 64856
1 1499 35498
1 1500 766
1 1501 73335
1 1502 29058
1 1503 71257
1 1504 82029
1 1505 34365
1 1506 51512
1 1507 90310
1 1508 89818
1 1509 63990
1 1510 98073
1 1511 89971
1 1512 76560
1 1513 21021
1 1514 81052
1 1515 60426
1 1516 72234
1 1517 89702
1 1518 30177
1 1519 3519
1 1520 2583
1 1521 33998
1 1522 3628
1 1523 26249
1 1524 18598
1 1525 6483
1 1526 45015
1 1527 1013
1 1528 9955
1 1529 57266
1 1530 84104
1 1531 57437
1 1532 92508
1 1533 73558
1 1534 82683
1 1535 65207
1 1536 70635
1 1537 61709
1 1538 33706
1 1539 96770
1 1540 94221
1 1541 88054
1 1542 83873
1 1543 46542
1 1544 25026
1 1545 56415
1 1546 56704
1 1547 4799
1 1548 53907
1 1549 8149
1 1550 30862
1 1551 82411
1 1552 55951
1 1553 46941
1 1554 44517
1 1555 56424
1 1556 67960
1 1557 54140
1 1558 98527
1 1559 23691
1 1560 47121
1 1561 15472
1 1562 83305
1 1563 25072
1 1564 47681
1 1565 88891
1 1566 7221
1 1567 32314
1 1568 55096
1 1569 71427
1 1570 25199
1 1571 8952
1 1572 35198
1 1573 13269
1 1574 96523
1 1575 33744
1 1576 46888
1 1577 58693
1 1578 37503
1 1579 99031
1 1580 93403
1 1581 94100
1 1582 39939
1 1583 43694
1 1584 26535
1 1585 17769
1 1586 67635
1 1587 83218
1 1588 52069
1 1589 69130
1 1590 54630
1 1591 91918
1 1592 915
1 1593 64357
1 1594 90754
1 1595 86068
1 1596 30178
1 1597 74938
1 1598 4703
1 1599 42266
1 1600 19878
1 1601 58190
1 1602 49750
1 1603 80421
1 1604 609
1 1605 21693
1 1606 81691
1 1607 99842
1 1608 67185
1 1609 89237
1 1610 75020
1 1611 21798
1 1612 11120
1 1613 971
1 1614 74989
1 1615 46586
1 1616 74958
1 1617 11889
1 1618 72826
1 1619 31376
1 1620 30283
1 1621 44841
1 1622 14075
1 1623 98811
1 1624 4751
1 1625 2243
1 1626 97553
1 1627 15588
1 1628 94946
1 1629 69893
1 1630 66152
1 1631 16333
1 1632 11374
1 1633 64422
1 1634 36902
1 1635 97313
1 1636 44906
1 1637 77834
1 1638 13146
1 1639 28031
1 1640 72700
1 1641 67136
1 1642 5242
1 1643 39475
1 1644 31939
1 1645 48884
1 1646 36449
1 1647 85436
1 1648 83442
1 1649 82462
1 1650 35144
1 1651 32775
1 1652 42356
1 1653 4349
1 1654 90900
1 1655 52231
1 1656 96011
1 1657 49663
1 1658 85996
1 1659 32709
1 1660 46468
1 1661 88557
1 1662 85109
1 1663 51446
1 1664 26050
1 1665 34598
1 1666 33044
1 1667 92412
1 1668 7993
1 1669 5624
1 1670 79155
1 1671 83703
1 1672 65468
1 1673 1532
1 1674 36910
1 1675 63623
1 1676 40230
1 1677 51186
1 1678 53706
1 1679 97937
1 1680 13252
1 1681 90845
1 1682 87997
1 1683 8422
1 1684 20275
1 1685 66372
1 1686 82014
1 1687 52524
1 1688 89710
1 1689 67367
1 1690 69306
1 1691 74494
1 1692 59686
1 1693 48687
1 1694 74902
1 1695 6957
1 1696 34495
1 1697 69701
1 1698 86117
1 1699 56040
1 1700 93900
1 1701 43072
1 1702 62622
1 1703 91711
1 1704 53019
1 1705 98740
1 1706 88468
1 1707 76296
1 1708 49116
1 1709 39847
1 1710 26420
1 1711 82351
1 1712 13282
1 1713 86201
1 1714 15523
1 1715 40098
1 1716 67974
1 1717 2945
1 1718 39588
1 1719 34743
1 1720 32180
1 1721 8346
1 1722 96361
1 1723 36456
1 1724 4051
1 1725 39287
1 1726 58977
1 1727 35762
1 1728 37291
1 1729 6422
1 1730 57086
1 1731 99569
1 1732 34633
1 1733 20333
1 1734 31335
1 1735 66752
1 1736 77653
1 1737 810
1 1738 28657
1 1739 22222
1 1740 91735
1 1741 76591
1 1742 3591
1 1743 79622
1 1744 14863
1 1745 98137
1 1746 64537
1 1747 38959
1 1748 87561
1 1749 82498
1 1750 47157
1 1751 57206
1 1752 43206
1 1753 26465
1 1754 62781
1 1755 60092
1 1756 96327
1 1757 27381
1 1758 57829
1 1759 32926
1 1760 78734
1 1761 16796
1 1762 37114
1 1763 55608
1 1764 74343
1 1765 7401
1 1766 81607
1 1767 16971
1 1768 62748
1 1769 95644
1 1770 38454
1 1771 73236
1 1772 25357
1 1773 95759
1 1774 85849
1 1775 41902
1 1776 80080
1 1777 84900
1 1778 46608
1 1779 46890
1 1780 81823
1 1781 37387
1 1782 86571
1 1783 159
1 1784 18298
1 1785 71493
1 1786 57838
1 1787 17605
1 1788 45898
1 1789 31329
1 1790 23892
1 1791 60497
1 1792 41393
1 1793 61741
1 1794 67727
1 1795 18885
1 1796 36268
1 1797 43268
1 1798 73502
1 1799 48893
1 1800 73495
1 1801 87638
1 1802 33477
1 1803 48935
1 1804 43002
1 1805 95166
1 1806 7918
1 1807 93898
1 1808 15418
1 1809 10208
1 1810 12729
1 1811 12694
1 1812 31193
1 1813 20441
1 1814 42383
1 1815 99384
1 1816 73596
1 1817 80817
1 1818 19428
1 1819 87982
1 1820 23009
1 1821 56999
1 1822 68074
1 1823 35827
1 1824 47928
1 1825 49187
1 1826 2878
1 1827 21897
1 1828 31832
1 1829 38115
1 1830 39765
1 1831 41716
1 1832 94210
1 1833 77134
1 1834 40673
1 1835 30932
1 1836 15955
1 1837 34708
1 1838 38092
1 1839 17642
1 1840 61055
1 1841 28536
1 1842 66986
1 1843 36699
1 1844 9535
1 1845 92129
1 1846 35622
1 1847 94221
1 1848 5173
1 1849 48819
1 1850 39455
1 1851 90834
1 1852 8304
1 1853 91275
1 1854 94009
1 1855 53736
1 1856 43709
1 1857 18084
1 1858 11849
1 1859 1167
1 1860 97906
1 1861 15930
1 1862 32429
1 1863 77443
1 1864 71844
1 1865 85405
1 1866 2606
1 1867 74580
1 1868 64565
1 1869 92139
1 1870 7624
1 1871 49893
1 1872 38780
1 1873 83969
1 1874 78492
1 1875 45855
1 1876 27223
1 1877 43300
1 1878 56980
1 1879 83376
1 1880 12227
1 1881 66708
1 1882 63129
1 1883 81562
1 1884 7485
1 1885 23519
1 1886 86034
1 1887 59241
1 1888 12187
1 1889 251
1 1890 70267
1 1891 73551
1 1892 1555
1 1893 67674
1 1894 57433
1 1895 44042
1 1896 90606
1 1897 18528
1 1898 94862
1 1899 48563
1 1900 6051
1 1901 72145
1 1902 95459
1 1903 67423
1 1904 63093
1 1905 55614
1 1906 51709
1 1907 34078
1 1908 87196
1 1909 88737
1 1910 38202
1 1911 15097
1 1912 85640
1 1913 76319
1 1914 32875
1 1915 82514
1 1916 29681
1 1917 98141
1 1918 24806
1 1919 84496
1 1920 87251
1 1921 14331
1 1922 13402
1 1923 79114
1 1924 99154
1 1925 38038
1 1926 60413
1 1927 97501
1 1928 87524
1 1929 70597
1 1930 54353
1 1931 64873
1 1932 54925
1 1933 16365
1 1934 18903
1 1935 63296
1 1936 32225
1 1937 96451
1 1938 64821
1 1939 68977
1 1940 70971
1 1941 67447
1 1942 29960
1 1943 31664
1 1944 73485
1 1945 5535
1 1946 37718
1 1947 20161
1 1948 12707
1 1949 31778
1 1950 52668
1 1951 51487
1 1952 73790
1 1953 78635
1 1954 16096
1 1955 10361
1 1956 97381
1 1957 46067
1 1958 52388
1 1959 5984
1 1960 54959
1 1961 20461
1 1962 12927
1 1963 72895
1 1964 84138
1 1965 97151
1 1966 29598
1 1967 99799
1 1968 73106
1 1969 84316
1 1970 70503
1 1971 19538
1 1972 96646
1 1973 59530
1 1974 91072
1 1975 90227
1 1976 85603
1 1977 27793
1 1978 32795
1 1979 5784
1 1980 46447
1 1981 34837
1 1982 68898
1 1983 2218
1 1984 5652
1 1985 18071
1 1986 95107
1 1987 67514
1 1988 55738
1 1989 32035
1 1990 21051
1 1991 22186
1 1992 73320
1 1993 95796
1 1994 37805
1 1995 59237
1 1996 28044
1 1997 40391
1 1998 57711
1 1999 39281
1 2000 12891
1 2001 97042
1 2002 57578
1 2003 39641
1 2004 30489
1 2005 31434
1 2006 4776
1 2007 46493
1 2008 32311
1 2009 40277
1 2010 83977
1 2011 54225
1 2012 28155
1 2013 29097
1 2014 36343
1 2015 46276
1 2016 53978
1 2017 62898
1 2018 58297
1 2019 76816
1 2020 9504
1 2021 10404
1 2022 66431
1 2023 46910
1 2024 17591
1 2025 55681
1 2026 2834
1 2027 75987
1 2028 18637
1 2029 23808
1 2030 54601
1 2031 70311
1 2032 81154
1 2033 1577
1 2034 60524
1 2035 85895
1 2036 56489
1 2037 17896
1 2038 10930
1 2039 4362
1 2040 40506
1 2041 57439
1 2042 22267
1 2043 75196
1 2044 7978
1 2045 25929
1 2046 93621
1 2047 96372
1 2048 61549
1 2049 94942
1 2050 24642
1 2051 16605
1 2052 1083
1 2053 55903
1 2054 51192
1 2055 70199
1 2056 24056
1 2057 47422
1 2058 60388
1 2059 58367
1 2060 71857
1 2061 98408
1 2062 90618
1 2063 93046
1 2064 47160
1 2065 71999
1 2066 841
1 2067 23594
1 2068 25142
1 2069 95577
1 2070 46882
1 2071 86685
1 2072 18194
1 2073 13966
1 2074 35644
1 2075 996
1 2076 21903
1 2077 76723
1 2078 61374
1 2079 76208
1 2080 3911
1 2081 45656
1 2082 17801
1 2083 90051
1 2084 2202
1 2085 11265
1 2086 64308
1 2087 89966
1 2088 29538
1 2089 11328
1 2090 4437
1 2091 69020
1 2092 16970
1 2093 89761
1 2094 3292
1 2095 59780
1 2096 46071
1 2097 3887
1 2098 92203
1 2099 61148
1 2100 10968
1 2101 67596
1 2102 95170
1 2103 53749
1 2104 93066
1 2105 72319
1 2106 89480
1 2107 8670
1 2108 22142
1 2109 98082
1 2110 8562
1 2111 73622
1 2112 23979
1 2113 1869
1 2114 93453
1 2115 14896
1 2116 63955
1 2117 99627
1 2118 67833
1 2119 17658
1 2120 34682
1 2121 43227
1 2122 82658
1 2123 36603
1 2124 93107
1 2125 67742
1 2126 17138
1 2127 70055
1 2128 66284
1 2129 40596
1 2130 14847
1 2131 73245
1 2132 95659
1 2133 97661
1 2134 64492
1 2135 49110
1 2136 93919
1 2137 44150
1 2138 208
1 2139 9892
1 2140 91180
1 2141 80970
1 2142 35178
1 2143 50083
1 2144 53949
1 2145 39457
1 2146 57140
1 2147 31611
1 2148 37137
1 2149 8772
1 2150 1166
1 2151 23438
1 2152 81810
1 2153 40879
1 2154 7574
1 2155 91215
1 2156 77271
1 2157 14474
1 2158 70952
1 2159 73052
1 2160 50959
1 2161 12320
1 2162 31634
1 2163 68439
1 2164 59460
1 2165 78570
1 2166 34485
1 2167 90635
1 2168 12852
1 2169 16691
1 2170 81073
1 2171 33499
1 2172 66241
1 2173 91091
1 2174 57665
1 2175 87555
1 2176 54928
1 2177 52303
1 2178 12556
1 2179 55386
1 2180 58248
1 2181 56129
1 2182 20936
1 2183 72925
1 2184 82470
1 2185 47009
1 2186 97759
1 2187 66664
1 2188 34751
1 2189 23806
1 2190 80000
1 2191 22915
1 2192 97159
1 2193 76571
1 2194 4704
1 2195 81358
1 2196 12557
1 2197 23905
1 2198 69310
1 2199 88987
1 2200 33806
1 2201 65598
1 2202 90347
1 2203 2499
1 2204 64999
1 2205 18175
1 2206 94416
1 2207 6920
1 2208 6487
1 2209 20039
1 2210 51386
1 2211 51236
1 2212 65110
1 2213 3977
1 2214 47202
1 2215 96190
1 2216 91209
1 2217 9524
1 2218 44897
1 2219 8216
1 2220 64158
1 2221 96537
1 2222 24167
1 2223 11010
1 2224 51703
1 2225 4020
1 2226 43380
1 2227 54571
1 2228 51280
1 2229 89538
1 2230 27986
1 2231 70489
1 2232 99231
1 2233 58346
1 2234 85298
1 2235 33867
1 2236 23705
1 2237 47477
1 2238 40891
1 2239 85689
1 2240 79866
1 2241 75351
1 2242 77132
1 2243 19972
1 2244 93206
1 2245 6463
1 2246 95423
1 2247 20823
1 2248 14436
1 2249 9831
1 2250 44520
1 2251 50053
1 2252 17975
1 2253 11695
1 2254 95383
1 2255 94905
1 2256 45834
1 2257 1682
1 2258 47503
1 2259 51825
1 2260 79508
1 2261 7257
1 2262 11464
1 2263 33333
1 2264 97220
1 2265 49509
1 2266 89362
1 2267 79691
1 2268 90408
1 2269 86000
1 2270 12350
1 2271 58038
1 2272 34986
1 2273 86879
1 2274 95954
1 2275 76880
1 2276 79470
1 2277 80293
1 2278 87240
1 2279 62608
1 2280 49411
1 2281 14501
1 2282 86229
1 2283 80519
1 2284 34712
1 2285 78489
1 2286 72179
1 2287 43277
1 2288 98190
1 2289 84996
1 2290 22042
1 2291 48198
1 2292 12668
1 2293 99982
1 2294 67660
1 2295 1296
1 2296 51181
1 2297 26619
1 2298 81342
1 2299 89271
1 2300 39933
1 2301 21152
1 2302 51239
1 2303 77840
1 2304 70541
1 2305 37045
1 2306 82337
1 2307 39135
1 2308 55020
1 2309 15388
1 2310 71540
1 2311 89917
1 2312 79242
1 2313 23754
1 2314 88066
1 2315 93769
1 2316 65230
1 2317 90953
1 2318 95319
1 2319 32587
1 2320 79081
1 2321 26702
1 2322 83369
1 2323 59139
1 2324 96185
1 2325 98013
1 2326 77923
1 2327 61611
1 2328 84892
1 2329 77501
1 2330 31896
1 2331 26433
1 2332 53859
1 2333 66799
1 2334 27214
1 2335 88538
1 2336 12699
1 2337 36168
1 2338 89661
1 2339 68361
1 2340 83229
1 2341 70431
1 2342 6548
1 2343 75440
1 2344 1924
1 2345 66386
1 2346 54588
1 2347 98503
1 2348 76697
1 2349 17594
1 2350 27774
1 2351 29549
1 2352 50841
1 2353 23497
1 2354 76112
1 2355 72417
1 2356 75265
1 2357 49038
1 2358 81095
1 2359 42464
1 2360 18156
1 2361 3053
1 2362 71388
1 2363 66179
1 2364 65426
1 2365 79188
1 2366 64995
1 2367 32365
1 2368 87734
1 2369 71584
1 2370 86073
1 2371 18738
1 2372 15504
1 2373 21598
1 2374 5066
1 2375 24103
1 2376 22340
1 2377 50386
1 2378 57501
1 2379 72639
1 2380 73074
1 2381 54510
1 2382 59256
1 2383 62680
1 2384 54097
1 2385 47361
1 2386 82235
1 2387 6641
1 2388 95626
1 2389 22995
1 2390 47592
1 2391 32310
1 2392 20932
1 2393 79539
1 2394 17295
1 2395 46969
1 2396 8773
1 2397 61720
1 2398 93498
1 2399 9774
1 2400 90090
1 2401 81986
1 2402 61758
1 2403 55809
1 2404 552
1 2405 41977
1 2406 98055
1 2407 32794
1 2408 92200
1 2409 41814
1 2410 37694
1 2411 24387
1 2412 88847
1 2413 36594
1 2414 26179
1 2415 75853
1 2416 88486
1 2417 27810
1 2418 69133
1 2419 76448
1 2420 57924
1 2421 13085
1 2422 24892
1 2423 8007
1 2424 44489
1 2425 9543
1 2426 63191
1 2427 78703
1 2428 77926
1 2429 10944
1 2430 15088
1 2431 38934
1 2432 64910
1 2433 66892
1 2434 21835
1 2435 74329
1 2436 17896
1 2437 99387
1 2438 82625
1 2439 62350
1 2440 39792
1 2441 90634
1 2442 87768
1 2443 93222
1 2444 36096
1 2445 20919
1 2446 55333
1 2447 61266
1 2448 81648
1 2449 14840
1 2450 68007
1 2451 65536
1 2452 40043
1 2453 83891
1 2454 50080
1 2455 73071
1 2456 99688
1 2457 55459
1 2458 27825
1 2459 47559
1 2460 63062
1 2461 71364
1 2462 24322
1 2463 50686
1 2464 26230
1 2465 9422
1 2466 98186
1 2467 16911
1 2468 14505
1 2469 73168
1 2470 91408
1 2471 47439
1 2472 68758
1 2473 22539
1 2474 75217
1 2475 61738
1 2476 58494
1 2477 84037
1 2478 46821
1 2479 68772
1 2480 86627
1 2481 66599
1 2482 97653
1 2483 51164
1 2484 21368
1 2485 6252
1 2486 15706
1 2487 47239
1 2488 8522
1 2489 5540
1 2490 32530
1 2491 42626
1 2492 92022
1 2493 14475
1 2494 30484
1 2495 96724
1 2496 87210
1 2497 62026
1 2498 95314
1 2499 88776
1 2500 96251
1 2501 45073
1 2502 91032
1 2503 73840
1 2504 93979
1 2505 80703
1 2506 4023
1 2507 59838
1 2508 23527
1 2509 45831
1 2510 90499
1 2511 68278
1 2512 38864
1 2513 9018
1 2514 86696
1 2515 20116
1 2516 8681
1 2517 39588
1 2518 53683
1 2519 22151
1 2520 74444
1 2521 94225
1 2522 10744
1 2523 98907
1 2524 97229
1 2525 67805
1 2526 54148
1 2527 14363
1 2528 29353
1 2529 33829
1 2530 93
1 2531 54319
1 2532 98231
1 2533 12011
1 2534 47115
1 2535 83392
1 2536 31333
1 2537 69421
1 2538 49927
1 2539 493
1 2540 83019
1 2541 75609
1 2542 92130
1 2543 94702
1 2544 41072
1 2545 50983
1 2546 54442
1 2547 20895
1 2548 14111
1 2549 53327
1 2550 65167
1 2551 62306
1 2552 57844
1 2553 36122
1 2554 11375
1 2555 63105
1 2556 49565
1 2557 50034
1 2558 41534
1 2559 92603
1 2560 16398
1 2561 9131
1 2562 36428
1 2563 64365
1 2564 23609
1 2565 23169
1 2566 84389
1 2567 54398
1 2568 46826
1 2569 90585
1 2570 21060
1 2571 97569
1 2572 93929
1 2573 24661
1 2574 56053
1 2575 85774
1 2576 52750
1 2577 28340
1 2578 93022
1 2579 7914
1 2580 52288
1 2581 27536
1 2582 35646
1 2583 83617
1 2584 3470
1 2585 22210
1 2586 41661
1 2587 67696
1 2588 97123
1 2589 50219
1 2590 14161
1 2591 61340
1 2592 24724
1 2593 75425
1 2594 20063
1 2595 42857
1 2596 521
1 2597 80750
1 2598 97133
1 2599 97803
1 2600 77263
1 2601 33301
1 2602 33943
1 2603 5355
1 2604 67750
1 2605 26033
1 2606 19746
1 2607 62498
1 2608 63962
1 2609 60552
1 2610 72278
1 2611 40611
1 2612 723
1 2613 27513
1 2614 42063
1 2615 98469
1 2616 51600
1 2617 37058
1 2618 3780
1 2619 82622
1 2620 25960
1 2621 23585
1 2622 41533
1 2623 50313
1 2624 56045
1 2625 3086
1 2626 84470
1 2627 67195
1 2628 33555
1 2629 89823
1 2630 30774
1 2631 9781
1 2632 63839
1 2633 8566
1 2634 25706
1 2635 61572
1 2636 33057
1 2637 37937
1 2638 45045
1 2639 66349
1 2640 32494
1 2641 21877
1 2642 26003
1 2643 55271
1 2644 45449
1 2645 49807
1 2646 66904
1 2647 90348
1 2648 46049
1 2649 57019
1 2650 51250
1 2651 95863
1 2652 39003
1 2653 78613
1 2654 61499
1 2655 69781
1 2656 1696
1 2657 90859
1 2658 76556
1 2659 55172
1 2660 21978
1 2661 16802
1 2662 58279
1 2663 37093
1 2664 2972
1 2665 89451
1 2666 64959
1 2667 1129
1 2668 64169
1 2669 93109
1 2670 12454
1 2671 71201
1 2672 50558
1 2673 73579
1 2674 32638
1 2675 34530
1 2676 47322
1 2677 28631
1 2678 29284
1 2679 71696
1 2680 17878
1 2681 62015
1 2682 99450
1 2683 61205
1 2684 9269
1 2685 23021
1 2686 4615
1 2687 37747
1 2688 5533
1 2689 78816
1 2690 5603
1 2691 61503
1 2692 97062
1 2693 17598
1 2694 53642
1 2695 30641
1 2696 63313
1 2697 16427
1 2698 88372
1 2699 51388
1 2700 81247
1 2701 74209
1 2702 32301
1 2703 70357
1 2704 51284
1 2705 48213
1 2706 99495
1 2707 85261
1 2708 15338
1 2709 55519
1 2710 8238
1 2711 1405
1 2712 92794
1 2713 87482
1 2714 48722
1 2715 71847
1 2716 18314
1 2717 52220
1 2718 8474
1 2719 84099
1 2720 52629
1 2721 24971
1 2722 62710
1 2723 68768
1 2724 50366
1 2725 39457
1 2726 45908
1 2727 69367
1 2728 87702
1 2729 29975
1 2730 42153
1 2731 29473
1 2732 40093
1 2733 46353
1 2734 39079
1 2735 5295
1 2736 45739
1 2737 20742
1 2738 21367
1 2739 94322
1 2740 82861
1 2741 60876
1 2742 21069
1 2743 11114
1 2744 98590
1 2745 62805
1 2746 5126
1 2747 10331
1 2748 22351
1 2749 70327
1 2750 97484
1 2751 43572
1 2752 22240
1 2753 36809
1 2754 40750
1 2755 25610
1 2756 15019
1 2757 32983
1 2758 89721
1 2759 62997
1 2760 54929
1 2761 66891
1 2762 20062
1 2763 97650
1 2764 33135
1 2765 15452
1 2766 61413
1 2767 51531
1 2768 63215
1 2769 55756
1 2770 46014
1 2771 12635
1 2772 31756
1 2773 7816
1 2774 2432
1 2775 19095
1 2776 21124
1 2777 54689
1 2778 25204
1 2779 3574
1 2780 81749
1 2781 39474
1 2782 4490
1 2783 95106
1 2784 17334
1 2785 89297
1 2786 66176
1 2787 31672
1 2788 52011
1 2789 81629
1 2790 95760
1 2791 88107
1 2792 61059
1 2793 7687
1 2794 84932
1 2795 88190
1 2796 34125
1 2797 96863
1 2798 13642
1 2799 65042
1 2800 15767
1 2801 16925
1 2802 34064
1 2803 13886
1 2804 52722
1 2805 99229
1 2806 36077
1 2807 31382
1 2808 81415
1 2809 32118
1 2810 94608
1 2811 65317
1 2812 571
1 2813 13828
1 2814 37694
1 2815 50720
1 2816 14230
1 2817 939
1 2818 25611
1 2819 2531
1 2820 97555
1 2821 99523
1 2822 50928
1 2823 38131
1 2824 78850
1 2825 15876
1 2826 71361
1 2827 32087
1 2828 55751
1 2829 202
1 2830 31502
1 2831 84200
1 2832 30069
1 2833 20522
1 2834 63183
1 2835 85116
1 2836 83996
1 2837 242
1 2838 40034
1 2839 81499
1 2840 31374
1 2841 11724
1 2842 77524
1 2843 34450
1 2844 13954
1 2845 86395
1 2846 84689
1 2847 17302
1 2848 52140
1 2849 64043
1 2850 38019
1 2851 94795
1 2852 63090
1 2853 82640
1 2854 13620
1 2855 73956
1 2856 75174
1 2857 18767
1 2858 36775
1 2859 41736
1 2860 24659
1 2861 43939
1 2862 35509
1 2863 99961
1 2864 21828
1 2865 42919
1 2866 81274
1 2867 92051
1 2868 54262
1 2869 20833
1 2870 7130
1 2871 13662
1 2872 90988
1 2873 81530
1 2874 59211
1 2875 25931
1 2876 76021
1 2877 47717
1 2878 16824
1 2879 76563
1 2880 4171
1 2881 39145
1 2882 86739
1 2883 23280
1 2884 46975
1 2885 20428
1 2886 54411
1 2887 22343
1 2888 324
1 2889 22999
1 2890 81262
1 2891 85637
1 2892 95743
1 2893 15700
1 2894 9420
1 2895 63974
1 2896 40787
1 2897 2101
1 2898 6902
1 2899 4128
1 2900 35974
1 2901 89478
1 2902 79494
1 2903 35155
1 2904 98903
1 2905 413
1 2906 14357
1 2907 29813
1 2908 74982
1 2909 62724
1 2910 79716
1 2911 72994
1 2912 22502
1 2913 46193
1 2914 54619
1 2915 10085
1 2916 35376
1 2917 16873
1 2918 88947
1 2919 92206
1 2920 49055
1 2921 762
1 2922 90327
1 2923 98472
1 2924 45615
1 2925 29525
1 2926 66630
1 2927 55943
1 2928 47267
1 2929 58040
1 2930 30930
1 2931 12017
1 2932 38481
1 2933 67292
1 2934 21194
1 2935 31883
1 2936 9890
1 2937 89290
1 2938 6055
1 2939 4045
1 2940 78137
1 2941 26006
1 2942 60991
1 2943 92215
1 2944 72711
1 2945 29558
1 2946 80166
1 2947 32895
1 2948 41399
1 2949 9129
1 2950 56715
1 2951 54993
1 2952 63094
1 2953 57316
1 2954 38596
1 2955 73774
1 2956 62997
1 2957 55743
1 2958 27447
1 2959 48832
1 2960 8888
1 2961 73227
1 2962 78332
1 2963 89722
1 2964 59877
1 2965 17847
1 2966 57192
1 2967 32257
1 2968 27214
1 2969 8130
1 2970 13511
1 2971 41507
1 2972 22961
1 2973 28933
1 2974 50255
1 2975 99404
1 2976 98776
1 2977 82528
1 2978 32754
1 2979 96621
1 2980 41798
1 2981 87952
1 2982 13017
1 2983 17731
1 2984 92983
1 2985 40686
1 2986 86410
1 2987 57932
1 2988 21869
1 2989 69607
1 2990 16179
1 2991 30590
1 2992 8139
1 2993 631
1 2994 55305
1 2995 7369
1 2996 63269
1 2997 17547
1 2998 73530
1 2999 53084
1 3000 68349
