3000 1633
1 2 73534
2 3 97254
3 4 96323
4 5 88456
5 6 287
6 7 7380
7 8 63246
8 9 57273
9 10 23915
10 11 77515
11 12 27310
12 13 33581
13 14 11613
14 15 29378
15 16 10057
16 17 10828
17 18 79401
18 19 72285
19 20 63895
20 21 68040
21 22 90630
22 23 69270
23 24 4786
24 25 92720
25 26 38836
26 27 41292
27 28 75030
28 29 29425
29 30 57839
30 31 54785
31 32 42298
32 33 4917
33 34 898
34 35 13903
35 36 39939
36 37 32106
37 38 3064
38 39 98510
39 40 94225
40 41 13250
41 42 45810
42 43 85396
43 44 43623
44 45 90983
45 46 36768
46 47 60289
47 48 74612
48 49 42869
49 50 36605
50 51 70948
51 52 39289
52 53 88693
53 54 99214
54 55 61806
55 56 90934
56 57 32590
57 58 36474
58 59 60977
59 60 66562
60 61 51453
61 62 8555
62 63 34005
63 64 33016
64 65 46749
65 66 47233
66 67 25524
67 68 91483
68 69 30691
69 70 95325
70 71 21748
71 72 79048
72 73 53966
73 74 59931
74 75 22675
75 76 92975
76 77 8222
77 78 47559
78 79 64359
79 80 9671
80 81 93362
81 82 39529
82 83 87611
83 84 88195
84 85 65069
85 86 22475
86 87 80831
87 88 50289
88 89 32992
89 90 59363
90 91 53053
91 92 26569
92 93 63420
93 94 79480
94 95 42184
95 96 96530
96 97 10353
97 98 18348
98 99 29843
99 100 4768
100 101 56287
101 102 21887
102 103 62846
103 104 77688
104 105 48405
105 106 11317
106 107 49421
107 108 45922
108 109 78366
109 110 18371
110 111 70846
111 112 30163
112 113 91098
113 114 30719
114 115 95421
115 116 61076
116 117 49136
117 118 64305
118 119 53812
119 120 99915
120 121 24078
121 122 31789
122 123 69313
123 124 75423
124 125 53729
125 126 73803
126 127 14130
127 128 98803
128 129 78476
129 130 42737
130 131 58680
131 132 82900
132 133 76662
133 134 57076
134 135 70579
135 136 98973
136 137 81122
137 138 74528
138 139 90831
139 140 46054
140 141 67183
141 142 22748
142 143 57764
143 144 62828
144 145 46130
145 146 40544
146 147 53275
147 148 18102
148 149 85758
149 150 86462
150 151 33713
151 152 49351
152 153 32602
153 154 79015
154 155 57729
155 156 93825
156 157 76432
157 158 65063
158 159 78918
159 160 89854
160 161 87682
161 162 48693
162 163 93036
163 164 88087
164 165 77023
165 166 53602
166 167 30756
167 168 52549
168 169 74028
169 170 93428
170 171 26223
171 172 9802
172 173 35933
173 174 41891
174 175 44022
175 176 62482
176 177 43747
177 178 58130
178 179 56399
179 180 15712
180 181 15048
181 182 54919
182 183 37609
183 184 23378
184 185 73713
185 186 16582
186 187 21307
187 188 90017
188 189 83529
189 190 62713
190 191 20996
191 192 6344
192 193 97005
193 194 351
194 195 6770
195 196 27353
196 197 75556
197 198 4329
198 199 21776
199 200 19825
200 201 60015
201 202 50896
202 203 27598
203 204 89202
204 205 34776
205 206 46724
206 207 57687
207 208 93643
208 209 57688
209 210 4902
210 211 19061
211 212 34603
212 213 53535
213 214 79505
214 215 78417
215 216 78213
216 217 33217
217 218 39215
218 219 54865
219 220 88902
220 221 56447
221 222 55780
222 223 90499
223 224 81691
224 225 21219
225 226 79131
226 227 72879
227 228 81711
228 229 64364
229 230 22965
230 231 25972
231 232 15811
232 233 50668
233 234 26738
234 235 29868
235 236 4413
236 237 80468
237 238 22528
238 239 11984
239 240 53119
240 241 64452
241 242 89865
242 243 57201
243 244 64780
244 245 29164
245 246 76128
246 247 26167
247 248 54183
248 249 15684
249 250 89411
250 251 54406
251 252 41509
252 253 49630
253 254 19419
254 255 9207
255 256 70408
256 257 92782
257 258 88027
258 259 19196
259 260 19854
260 261 93652
261 262 11260
262 263 83624
263 264 19466
264 265 51898
265 266 87807
266 267 29284
267 268 84686
268 269 97022
269 270 25154
270 271 55110
271 272 66209
272 273 20144
273 274 31294
274 275 1178
275 276 26217
276 277 42690
277 278 87108
278 279 70356
279 280 54244
280 281 37473
281 282 62475
282 283 68871
283 284 21598
284 285 16467
285 286 62548
286 287 41302
287 288 94482
288 289 20348
289 290 64625
290 291 84459
291 292 12407
292 293 63072
293 294 73684
294 295 1877
295 296 35423
296 297 49818
297 298 60060
298 299 96789
299 300 95203
300 301 338
301 302 54777
302 303 73276
303 304 72411
304 305 86684
305 306 829
306 307 28924
307 308 29014
308 309 43890
309 310 73803
310 311 69168
311 312 15368
312 313 57232
313 314 93812
314 315 63141
315 316 83115
316 317 99050
317 318 94593
318 319 93146
319 320 37414
320 321 25595
321 322 40480
322 323 86207
323 324 52562
324 325 55690
325 326 54399
326 327 20328
327 328 17229
328 329 32117
329 330 21928
330 331 67006
331 332 22430
332 333 56882
333 334 94353
334 335 54399
335 336 18520
336 337 91433
337 338 28366
338 339 29528
339 340 82706
340 341 8264
341 342 13288
342 343 8298
343 344 10661
344 345 89657
345 346 88475
346 347 29241
347 348 91677
348 349 5329
349 350 72207
350 351 93636
351 352 27004
352 353 20383
353 354 85501
354 355 67123
355 356 33030
356 357 8718
357 358 11815
358 359 64901
359 360 76383
360 361 94936
361 362 75210
362 363 15127
363 364 67214
364 365 82221
365 366 2533
366 367 5600
367 368 90155
368 369 59856
369 370 40793
370 371 37377
371 372 20956
372 373 74211
373 374 95603
374 375 43412
375 376 45326
376 377 66603
377 378 35372
378 379 92261
379 380 78966
380 381 26765
381 382 16273
382 383 40554
383 384 88395
384 385 85586
385 386 82004
386 387 87041
387 388 88984
388 389 71559
389 390 17452
390 391 37491
391 392 43380
392 393 40596
393 394 5124
394 395 20139
395 396 74996
396 397 96632
397 398 78941
398 399 72449
399 400 81959
400 401 5546
401 402 89674
402 403 58603
403 404 66543
404 405 27933
405 406 85823
406 407 88824
407 408 96428
408 409 52062
409 410 51102
410 411 41136
411 412 26780
412 413 835
413 414 64126
414 415 72618
415 416 54888
416 417 16008
417 418 96674
418 419 58655
419 420 82251
420 421 1372
421 422 79937
422 423 76041
423 424 28298
424 425 68311
425 426 81715
426 427 50851
427 428 7864
428 429 48209
429 430 35696
430 431 67189
431 432 68688
432 433 21712
433 434 4820
434 435 33351
435 436 53400
436 437 95508
437 438 73095
438 439 24231
439 440 66597
440 441 1616
441 442 59957
442 443 68864
443 444 75762
444 445 95742
445 446 94475
446 447 57661
447 448 9518
448 449 35181
449 450 4355
450 451 10734
451 452 21493
452 453 93734
453 454 34936
454 455 6435
455 456 96749
456 457 86822
457 458 6492
458 459 7115
459 460 83837
460 461 39740
461 462 69495
462 463 11881
463 464 9775
464 465 94777
465 466 3558
466 467 73477
467 468 29276
468 469 52955
469 470 82479
470 471 8325
471 472 25925
472 473 2932
473 474 71573
474 475 4089
475 476 69981
476 477 51045
477 478 86117
478 479 2177
479 480 32596
480 481 81448
481 482 99844
482 483 3919
483 484 4470
484 485 11909
485 486 91352
486 487 41905
487 488 90117
488 489 59354
489 490 50869
490 491 94564
491 492 23769
492 493 90947
493 494 19847
494 495 34540
495 496 84868
496 497 48148
497 498 91920
498 499 38627
499 500 39017
500 501 92583
501 502 12634
502 503 29712
503 504 72536
504 505 89473
505 506 86592
506 507 35357
507 508 68238
508 509 9561
509 510 69749
510 511 67135
511 512 93047
512 513 12141
513 514 18329
514 515 21538
515 516 88156
516 517 58497
517 518 32221
518 519 34640
519 520 2633
520 521 42916
521 522 81913
522 523 83985
523 524 92601
524 525 44423
525 526 75962
526 527 97005
527 528 84721
528 529 73351
529 530 2606
530 531 52292
531 532 83455
532 533 541
533 534 9674
534 535 84150
535 536 90362
536 537 10686
537 538 69805
538 539 74297
539 540 11172
540 541 71360
541 542 53288
542 543 52439
543 544 54779
544 545 3040
545 546 75406
546 547 52558
547 548 80466
548 549 76123
549 550 50916
550 551 52258
551 552 75857
552 553 61831
553 554 33077
554 555 96172
555 556 19775
556 557 1989
557 558 68188
558 559 89334
559 560 22001
560 561 9440
561 562 35248
562 563 64678
563 564 36508
564 565 45879
565 566 11456
566 567 54734
567 568 21744
568 569 57606
569 570 73072
570 571 61587
571 572 14906
572 573 1746
573 574 27343
574 575 27225
575 576 63403
576 577 98544
577 578 27307
578 579 87228
579 580 97155
580 581 51121
581 582 81994
582 583 61237
583 584 71
584 585 79038
585 586 52685
586 587 95678
587 588 64345
588 589 21282
589 590 63992
590 591 49920
591 592 88184
592 593 60255
593 594 95857
594 595 92843
595 596 54202
596 597 96248
597 598 93365
598 599 67772
599 600 83520
600 601 3428
601 602 5862
602 603 52503
603 604 58260
604 605 21287
605 606 93064
606 607 4854
607 608 13907
608 609 94179
609 610 67164
610 611 36942
611 612 68504
612 613 64350
613 614 59987
614 615 74702
615 616 75732
616 617 11831
617 618 99030
618 619 53344
619 620 87174
620 621 42707
621 622 25485
622 623 61570
623 624 49413
624 625 57306
625 626 19412
626 627 2304
627 628 43824
628 629 48344
629 630 45468
630 631 98835
631 632 63986
632 633 12834
633 634 98235
634 635 46123
635 636 29248
636 637 81568
637 638 75422
638 639 94701
639 640 49739
640 641 50691
641 642 15395
642 643 39326
643 644 94911
644 645 66150
645 646 522
646 647 69602
647 648 63379
648 649 20531
649 650 45789
650 651 70774
651 652 20216
652 653 31029
653 654 74799
654 655 79259
655 656 6825
656 657 78978
657 658 33220
658 659 52034
659 660 84357
660 661 76087
661 662 84788
662 663 18669
663 664 71682
664 665 19921
665 666 33239
666 667 98895
667 668 6331
668 669 93243
669 670 94535
670 671 931
671 672 53510
672 673 26453
673 674 33117
674 675 27830
675 676 9365
676 677 95865
677 678 50929
678 679 9496
679 680 87291
680 681 15745
681 682 13464
682 683 64686
683 684 53109
684 685 3010
685 686 20014
686 687 68922
687 688 33508
688 689 52273
689 690 61970
690 691 90657
691 692 20624
692 693 90473
693 694 6569
694 695 26614
695 696 72668
696 697 93062
697 698 42984
698 699 72
699 700 14942
700 701 92950
701 702 90734
702 703 68538
703 704 59777
704 705 3471
705 706 92429
706 707 98386
707 708 79705
708 709 65420
709 710 3614
710 711 61668
711 712 49511
712 713 33956
713 714 87581
714 715 84316
715 716 54783
716 717 83445
717 718 88040
718 719 44381
719 720 43919
720 721 91918
721 722 22904
722 723 25586
723 724 1408
724 725 98103
725 726 29300
726 727 37765
727 728 90237
728 729 18623
729 730 2715
730 731 34575
731 732 60391
732 733 58168
733 734 93813
734 735 27799
735 736 17438
736 737 81509
737 738 24916
738 739 39320
739 740 48994
740 741 94435
741 742 26076
742 743 96631
743 744 89877
744 745 14000
745 746 35635
746 747 73257
747 748 51283
748 749 47649
749 750 51205
750 751 31508
751 752 58434
752 753 74987
753 754 99641
754 755 62406
755 756 31431
756 757 32133
757 758 56323
758 759 61825
759 760 70713
760 761 14816
761 762 5184
762 763 45428
763 764 40469
764 765 18868
765 766 55852
766 767 55199
767 768 52735
768 769 78467
769 770 92108
770 771 3125
771 772 58460
772 773 92037
773 774 1326
774 775 20061
775 776 41556
776 777 58873
777 778 69344
778 779 8409
779 780 26105
780 781 59775
781 782 25420
782 783 35735
783 784 35629
784 785 36907
785 786 75115
786 787 33181
787 788 54271
788 789 56986
789 790 65514
790 791 49157
791 792 1043
792 793 7663
793 794 39951
794 795 72394
795 796 50434
796 797 98116
797 798 63979
798 799 62092
799 800 27542
800 801 70601
801 802 84067
802 803 94515
803 804 94784
804 805 97683
805 806 38674
806 807 8691
807 808 53655
808 809 47725
809 810 57542
810 811 99624
811 812 66987
812 813 50159
813 814 86972
814 815 48555
815 816 2058
816 817 35455
817 818 99664
818 819 71554
819 820 57271
820 821 55699
821 822 10882
822 823 89551
823 824 95774
824 825 19710
825 826 41092
826 827 87160
827 828 9918
828 829 81366
829 830 22167
830 831 77731
831 832 13360
832 833 17087
833 834 84298
834 835 34832
835 836 56631
836 837 11358
837 838 88208
838 839 62243
839 840 44802
840 841 68173
841 842 50261
842 843 43009
843 844 34429
844 845 10416
845 846 23124
846 847 76157
847 848 87406
848 849 21189
849 850 31016
850 851 49838
851 852 77553
852 853 70923
853 854 42171
854 855 47166
855 856 48544
856 857 90751
857 858 89391
858 859 89313
859 860 11687
860 861 41127
861 862 90419
862 863 26079
863 864 13087
864 865 21149
865 866 40654
866 867 28286
867 868 12566
868 869 6419
869 870 4088
870 871 23983
871 872 83146
872 873 9200
873 874 5646
874 875 46748
875 876 25779
876 877 67713
877 878 7836
878 879 28389
879 880 58400
880 881 21024
881 882 4931
882 883 21411
883 884 33807
884 885 2122
885 886 30200
886 887 75854
887 888 98277
888 889 76915
889 890 49087
890 891 54002
891 892 83169
892 893 47620
893 894 26588
894 895 26858
895 896 62181
896 897 16635
897 898 92772
898 899 81993
899 900 43738
900 901 50695
901 902 67033
902 903 16164
903 904 35184
904 905 34957
905 906 61963
906 907 96939
907 908 68063
908 909 92526
909 910 41648
910 911 14760
911 912 60917
912 913 41585
913 914 22620
914 915 80657
915 916 70908
916 917 42324
917 918 31416
918 919 87520
919 920 6993
920 921 72367
921 922 9227
922 923 44489
923 924 5112
924 925 76737
925 926 59962
926 927 75962
927 928 91155
928 929 16171
929 930 95134
930 931 16657
931 932 15579
932 933 81683
933 934 27375
934 935 77056
935 936 61434
936 937 72938
937 938 89346
938 939 59615
939 940 69804
940 941 64996
941 942 29083
942 943 60737
943 944 61008
944 945 37590
945 946 95502
946 947 67318
947 948 53026
948 949 44365
949 950 63047
950 951 31659
951 952 61740
952 953 94691
953 954 67299
954 955 48265
955 956 2437
956 957 5750
957 958 13131
958 959 63808
959 960 22269
960 961 43497
961 962 48814
962 963 79893
963 964 12158
964 965 30074
965 966 29881
966 967 84888
967 968 67798
968 969 11390
969 970 34830
970 971 406
971 972 61037
972 973 7702
973 974 80802
974 975 90187
975 976 21926
976 977 28102
977 978 59593
978 979 18710
979 980 62520
980 981 31607
981 982 63103
982 983 30769
983 984 2630
984 985 16335
985 986 27743
986 987 48702
987 988 41104
988 989 44173
989 990 54181
990 991 45512
991 992 96598
992 993 55232
993 994 91907
994 995 42920
995 996 14154
996 997 4883
997 998 46046
998 999 66719
999 1000 72465
1000 1001 72934
1001 1002 95872
1002 1003 58249
1003 1004 29254
1004 1005 37636
1005 1006 76395
1006 1007 80468
1007 1008 8572
1008 1009 84819
1009 1010 11846
1010 1011 34877
1011 1012 9982
1012 1013 28929
1013 1014 20652
1014 1015 5655
1015 1016 15233
1016 1017 73005
1017 1018 18606
1018 1019 62063
1019 1020 48388
1020 1021 97154
1021 1022 53966
1022 1023 74040
1023 1024 62965
1024 1025 80685
1025 1026 92674
1026 1027 12918
1027 1028 83732
1028 1029 83980
1029 1030 66450
1030 1031 34386
1031 1032 97699
1032 1033 69046
1033 1034 90246
1034 1035 2116
1035 1036 1499
1036 1037 86203
1037 1038 78835
1038 1039 85386
1039 1040 87421
1040 1041 75206
1041 1042 43166
1042 1043 86958
1043 1044 89246
1044 1045 29760
1045 1046 22202
1046 1047 44474
1047 1048 53869
1048 1049 6612
1049 1050 61372
1050 1051 93482
1051 1052 62520
1052 1053 29181
1053 1054 66943
1054 1055 95658
1055 1056 96266
1056 1057 30508
1057 1058 16215
1058 1059 2027
1059 1060 14678
1060 1061 84883
1061 1062 77123
1062 1063 2298
1063 1064 26475
1064 1065 86011
1065 1066 68384
1066 1067 48800
1067 1068 34655
1068 1069 58819
1069 1070 29721
1070 1071 51312
1071 1072 87031
1072 1073 43702
1073 1074 718
1074 1075 62619
1075 1076 30747
1076 1077 22188
1077 1078 28805
1078 1079 65460
1079 1080 64565
1080 1081 44780
1081 1082 98615
1082 1083 15428
1083 1084 8300
1084 1085 35296
1085 1086 39510
1086 1087 24187
1087 1088 26663
1088 1089 76267
1089 1090 10206
1090 1091 10136
1091 1092 58850
1092 1093 69839
1093 1094 87113
1094 1095 11555
1095 1096 25635
1096 1097 63702
1097 1098 80862
1098 1099 90256
1099 1100 50021
1100 1101 74637
1101 1102 54862
1102 1103 57949
1103 1104 6232
1104 1105 68704
1105 1106 89098
1106 1107 5516
1107 1108 61329
1108 1109 89688
1109 1110 51318
1110 1111 83776
1111 1112 72841
1112 1113 90980
1113 1114 83327
1114 1115 43280
1115 1116 83443
1116 1117 33548
1117 1118 97248
1118 1119 73956
1119 1120 23859
1120 1121 48235
1121 1122 60717
1122 1123 85005
1123 1124 79893
1124 1125 21533
1125 1126 74736
1126 1127 90135
1127 1128 16814
1128 1129 82239
1129 1130 85279
1130 1131 42148
1131 1132 9902
1132 1133 74035
1133 1134 88006
1134 1135 36300
1135 1136 52011
1136 1137 75773
1137 1138 20296
1138 1139 8582
1139 1140 42469
1140 1141 31423
1141 1142 58258
1142 1143 51623
1143 1144 38313
1144 1145 34895
1145 1146 97020
1146 1147 53429
1147 1148 9652
1148 1149 60017
1149 1150 45439
1150 1151 51566
1151 1152 7527
1152 1153 41077
1153 1154 4905
1154 1155 83608
1155 1156 30576
1156 1157 90993
1157 1158 88122
1158 1159 35859
1159 1160 15459
1160 1161 56098
1161 1162 9263
1162 1163 78137
1163 1164 86689
1164 1165 79991
1165 1166 39620
1166 1167 32177
1167 1168 14161
1168 1169 80943
1169 1170 49704
1170 1171 88026
1171 1172 7225
1172 1173 77613
1173 1174 62857
1174 1175 79459
1175 1176 65793
1176 1177 42957
1177 1178 4805
1178 1179 85868
1179 1180 64950
1180 1181 65800
1181 1182 46953
1182 1183 39554
1183 1184 37951
1184 1185 44422
1185 1186 71537
1186 1187 42450
1187 1188 18286
1188 1189 52986
1189 1190 93074
1190 1191 30631
1191 1192 73283
1192 1193 86348
1193 1194 96482
1194 1195 38189
1195 1196 19465
1196 1197 87263
1197 1198 13088
1198 1199 55608
1199 1200 77402
1200 1201 83026
1201 1202 32003
1202 1203 13786
1203 1204 15131
1204 1205 53579
1205 1206 6065
1206 1207 45176
1207 1208 88977
1208 1209 58013
1209 1210 3154
1210 1211 61955
1211 1212 4613
1212 1213 58972
1213 1214 50997
1214 1215 82838
1215 1216 66370
1216 1217 27147
1217 1218 71467
1218 1219 87285
1219 1220 21116
1220 1221 54093
1221 1222 75532
1222 1223 63990
1223 1224 5937
1224 1225 29094
1225 1226 85275
1226 1227 91658
1227 1228 37780
1228 1229 32305
1229 1230 25957
1230 1231 30265
1231 1232 36126
1232 1233 4088
1233 1234 48287
1234 1235 19115
1235 1236 54177
1236 1237 39070
1237 1238 78150
1238 1239 5288
1239 1240 65745
1240 1241 10830
1241 1242 7440
1242 1243 92679
1243 1244 45222
1244 1245 24368
1245 1246 7172
1246 1247 74475
1247 1248 68109
1248 1249 3081
1249 1250 80627
1250 1251 67570
1251 1252 82055
1252 1253 45010
1253 1254 50316
1254 1255 14027
1255 1256 43258
1256 1257 38063
1257 1258 82196
1258 1259 52540
1259 1260 77112
1260 1261 40286
1261 1262 67109
1262 1263 12963
1263 1264 1851
1264 1265 81686
1265 1266 49479
1266 1267 49441
1267 1268 57361
1268 1269 91858
1269 1270 820
1270 1271 53038
1271 1272 37382
1272 1273 32763
1273 1274 29081
1274 1275 51729
1275 1276 77999
1276 1277 54710
1277 1278 34954
1278 1279 50557
1279 1280 38241
1280 1281 77850
1281 1282 91239
1282 1283 22435
1283 1284 83318
1284 1285 52434
1285 1286 24786
1286 1287 39810
1287 1288 94986
1288 1289 84654
1289 1290 17936
1290 1291 95560
1291 1292 70839
1292 1293 46451
1293 1294 41082
1294 1295 2805
1295 1296 4208
1296 1297 71004
1297 1298 57460
1298 1299 90328
1299 1300 67006
1300 1301 63225
1301 1302 73870
1302 1303 41677
1303 1304 91639
1304 1305 89923
1305 1306 72589
1306 1307 71
1307 1308 27554
1308 1309 25530
1309 1310 97545
1310 1311 43365
1311 1312 84144
1312 1313 77892
1313 1314 48724
1314 1315 55822
1315 1316 55017
1316 1317 38019
1317 1318 6890
1318 1319 31728
1319 1320 62527
1320 1321 22557
1321 1322 61031
1322 1323 81014
1323 1324 69289
1324 1325 88624
1325 1326 32117
1326 1327 14326
1327 1328 9855
1328 1329 1560
1329 1330 59468
1330 1331 86079
1331 1332 78035
1332 1333 84576
1333 1334 74691
1334 1335 64413
1335 1336 89293
1336 1337 52708
1337 1338 17403
1338 1339 44407
1339 1340 44473
1340 1341 97110
1341 1342 78836
1342 1343 28787
1343 1344 61449
1344 1345 40644
1345 1346 39720
1346 1347 55268
1347 1348 68174
1348 1349 45245
1349 1350 89837
1350 1351 82785
1351 1352 63290
1352 1353 37142
1353 1354 11645
1354 1355 75374
1355 1356 64175
1356 1357 9045
1357 1358 39094
1358 1359 38219
1359 1360 93890
1360 1361 53625
1361 1362 44975
1362 1363 29893
1363 1364 86748
1364 1365 51160
1365 1366 38480
1366 1367 6220
1367 1368 63939
1368 1369 16971
1369 1370 49926
1370 1371 6295
1371 1372 37356
1372 1373 28159
1373 1374 82701
1374 1375 994
1375 1376 43439
1376 1377 61798
1377 1378 47880
1378 1379 48674
1379 1380 19517
1380 1381 11688
1381 1382 54878
1382 1383 34151
1383 1384 73489
1384 1385 69613
1385 1386 31273
1386 1387 6935
1387 1388 94313
1388 1389 8007
1389 1390 51801
1390 1391 4905
1391 1392 31737
1392 1393 7011
1393 1394 31632
1394 1395 14325
1395 1396 81582
1396 1397 32776
1397 1398 56272
1398 1399 94679
1399 1400 20094
1400 1401 36789
1401 1402 71483
1402 1403 78872
1403 1404 57295
1404 1405 50828
1405 1406 84007
1406 1407 8509
1407 1408 59452
1408 1409 18741
1409 1410 33956
1410 1411 43649
1411 1412 53832
1412 1413 51896
1413 1414 60091
1414 1415 25977
1415 1416 76963
1416 1417 40303
1417 1418 30563
1418 1419 57680
1419 1420 30213
1420 1421 45317
1421 1422 69165
1422 1423 13308
1423 1424 63872
1424 1425 25999
1425 1426 18032
1426 1427 83592
1427 1428 32646
1428 1429 18433
1429 1430 56600
1430 1431 28687
1431 1432 54324
1432 1433 45002
1433 1434 54119
1434 1435 53008
1435 1436 93056
1436 1437 81550
1437 1438 62596
1438 1439 93281
1439 1440 57562
1440 1441 49034
1441 1442 85036
1442 1443 78977
1443 1444 91822
1444 1445 42984
1445 1446 72577
1446 1447 87424
1447 1448 35509
1448 1449 76568
1449 1450 22370
1450 1451 17467
1451 1452 53086
1452 1453 17563
1453 1454 71581
1454 1455 54820
1455 1456 34694
1456 1457 73154
1457 1458 59141
1458 1459 22884
1459 1460 56273
1460 1461 23598
1461 1462 3698
1462 1463 79316
1463 1464 72760
1464 1465 40596
1465 1466 94831
1466 1467 42840
1467 1468 32288
1468 1469 35518
1469 1470 84726
1470 1471 95219
1471 1472 82389
1472 1473 48015
1473 1474 33758
1474 1475 72057
1475 1476 33395
1476 1477 67510
1477 1478 27914
1478 1479 13412
1479 1480 17274
1480 1481 42938
1481 1482 1411
1482 1483 42752
1483 1484 22938
1484 1485 35462
1485 1486 79910
1486 1487 85851
1487 1488 57756
1488 1489 32569
1489 1490 52589
1490 1491 30006
1491 1492 97271
1492 1493 29307
1493 1494 34684
1494 1495 67052
1495 1496 15646
1496 1497 77179
1497 1498 26691
1498 1499 4134
1499 1500 63157
1 1501 93682
2 1502 78051
3 1503 90723
4 1504 78703
5 1505 51373
6 1506 30186
7 1507 73574
8 1508 52360
9 1509 68740
10 1510 45587
11 1511 63456
12 1512 7504
13 1513 76790
14 1514 38148
15 1515 64650
16 1516 76890
17 1517 78975
18 1518 9941
19 1519 40741
20 1520 27568
21 1521 66781
22 1522 61598
23 1523 87801
24 1524 29867
25 1525 55124
26 1526 71780
27 1527 61143
28 1528 21132
29 1529 72736
30 1530 70924
31 1531 76608
32 1532 94008
33 1533 24976
34 1534 71522
35 1535 90334
36 1536 25064
37 1537 19174
38 1538 81443
39 1539 59781
40 1540 78377
41 1541 63155
42 1542 91250
43 1543 21964
44 1544 86618
45 1545 67611
46 1546 51814
47 1547 37257
48 1548 2699
49 1549 50265
50 1550 60406
51 1551 45153
52 1552 9688
53 1553 37568
54 1554 58137
55 1555 49280
56 1556 11000
57 1557 40200
58 1558 8364
59 1559 38495
60 1560 41437
61 1561 12033
62 1562 26078
63 1563 63928
64 1564 24565
65 1565 48247
66 1566 63087
67 1567 45395
68 1568 14678
69 1569 36545
70 1570 57108
71 1571 19998
72 1572 75457
73 1573 90565
74 1574 65804
75 1575 20018
76 1576 29633
77 1577 21067
78 1578 34261
79 1579 48281
80 1580 57836
81 1581 2208
82 1582 77511
83 1583 50472
84 1584 99578
85 1585 20815
86 1586 46853
87 1587 51598
88 1588 70453
89 1589 91931
90 1590 27906
91 1591 33736
92 1592 34539
93 1593 52660
94 1594 56125
95 1595 19703
96 1596 38634
97 1597 84474
98 1598 79632
99 1599 98044
100 1600 91684
101 1601 56621
102 1602 33393
103 1603 66899
104 1604 21502
105 1605 39683
106 1606 45822
107 1607 11008
108 1608 87818
109 1609 4290
110 1610 46764
111 1611 4532
112 1612 23561
113 1613 85868
114 1614 95588
115 1615 33748
116 1616 27343
117 1617 72988
118 1618 66204
119 1619 75549
120 1620 47221
121 1621 47941
122 1622 2588
123 1623 19933
124 1624 60503
125 1625 35218
126 1626 91399
127 1627 78958
128 1628 14269
129 1629 45505
130 1630 27476
131 1631 16744
132 1632 98634
133 1633 35447
134 1634 32087
135 1635 1963
136 1636 23717
137 1637 45046
138 1638 96916
139 1639 89668
140 1640 4478
141 1641 3016
142 1642 80470
143 1643 24368
144 1644 87269
145 1645 14415
146 1646 9737
147 1647 34642
148 1648 34547
149 1649 52479
150 1650 52904
151 1651 82588
152 1652 92852
153 1653 29635
154 1654 55134
155 1655 41742
156 1656 65650
157 1657 4202
158 1658 90604
159 1659 38742
160 1660 96977
161 1661 47578
162 1662 73979
163 1663 93066
164 1664 12434
165 1665 91636
166 1666 64792
167 1667 75205
168 1668 30737
169 1669 7303
170 1670 4520
171 1671 90429
172 1672 18374
173 1673 93665
174 1674 97342
175 1675 17225
176 1676 11808
177 1677 38674
178 1678 51013
179 1679 7205
180 1680 96641
181 1681 38483
182 1682 2500
183 1683 25718
184 1684 24326
185 1685 79860
186 1686 88580
187 1687 82877
188 1688 21287
189 1689 67252
190 1690 96438
191 1691 7301
192 1692 81232
193 1693 4681
194 1694 82066
195 1695 1032
196 1696 95706
197 1697 78670
198 1698 82403
199 1699 65801
200 1700 99655
201 1701 97119
202 1702 43658
203 1703 94537
204 1704 65324
205 1705 85007
206 1706 27646
207 1707 96007
208 1708 28714
209 1709 25407
210 1710 60363
211 1711 55992
212 1712 38211
213 1713 62338
214 1714 16721
215 1715 3247
216 1716 1062
217 1717 42170
218 1718 12760
219 1719 26757
220 1720 37997
221 1721 54106
222 1722 33904
223 1723 60554
224 1724 92226
225 1725 98153
226 1726 26292
227 1727 21452
228 1728 33377
229 1729 20354
230 1730 92476
231 1731 38143
232 1732 1364
233 1733 76364
234 1734 15657
235 1735 57507
236 1736 85946
237 1737 45343
238 1738 48230
239 1739 73059
240 1740 58328
241 1741 28926
242 1742 91069
243 1743 8159
244 1744 87039
245 1745 74267
246 1746 41578
247 1747 34436
248 1748 31344
249 1749 29805
250 1750 26937
251 1751 76449
252 1752 17667
253 1753 38429
254 1754 44683
255 1755 15510
256 1756 3914
257 1757 88094
258 1758 91659
259 1759 57443
260 1760 60258
261 1761 8228
262 1762 8851
263 1763 6219
264 1764 70588
265 1765 57801
266 1766 35606
267 1767 54584
268 1768 93859
269 1769 77529
270 1770 12754
271 1771 9240
272 1772 79665
273 1773 20990
274 1774 84732
275 1775 42366
276 1776 55438
277 1777 86349
278 1778 51902
279 1779 71680
280 1780 2538
281 1781 70663
282 1782 74806
283 1783 43403
284 1784 76681
285 1785 83255
286 1786 23177
287 1787 7882
288 1788 77530
289 1789 77473
290 1790 33467
291 1791 57049
292 1792 91962
293 1793 65633
294 1794 52549
295 1795 92677
296 1796 64640
297 1797 32543
298 1798 8431
299 1799 94237
300 1800 90091
301 1801 52688
302 1802 54755
303 1803 83817
304 1804 66713
305 1805 18445
306 1806 47534
307 1807 88373
308 1808 13814
309 1809 17386
310 1810 5513
311 1811 17907
312 1812 56559
313 1813 77220
314 1814 67099
315 1815 34597
316 1816 37754
317 1817 25802
318 1818 93454
319 1819 20386
320 1820 22449
321 1821 56049
322 1822 7626
323 1823 59710
324 1824 11638
325 1825 10205
326 1826 61206
327 1827 29756
328 1828 9314
329 1829 17211
330 1830 17529
331 1831 94368
332 1832 39209
333 1833 67180
334 1834 64344
335 1835 52173
336 1836 80468
337 1837 76881
338 1838 86325
339 1839 47713
340 1840 16537
341 1841 31300
342 1842 16064
343 1843 46694
344 1844 18482
345 1845 98682
346 1846 32414
347 1847 23800
348 1848 12092
349 1849 53735
350 1850 84737
351 1851 90802
352 1852 1116
353 1853 5885
354 1854 54258
355 1855 95903
356 1856 63658
357 1857 46962
358 1858 32939
359 1859 40461
360 1860 75223
361 1861 16691
362 1862 69192
363 1863 43893
364 1864 26948
365 1865 12571
366 1866 36725
367 1867 95702
368 1868 53403
369 1869 65841
370 1870 94204
371 1871 79090
372 1872 74490
373 1873 23643
374 1874 79480
375 1875 95337
376 1876 87905
377 1877 79039
378 1878 63459
379 1879 68516
380 1880 2086
381 1881 75772
382 1882 51324
383 1883 22263
384 1884 62667
385 1885 32488
386 1886 47127
387 1887 46481
388 1888 73299
389 1889 11620
390 1890 3960
391 1891 90111
392 1892 809
393 1893 55380
394 1894 62157
395 1895 35808
396 1896 39639
397 1897 19880
398 1898 76543
399 1899 61788
400 1900 8285
401 1901 48368
402 1902 53883
403 1903 64255
404 1904 30713
405 1905 63501
406 1906 28263
407 1907 82279
408 1908 17122
409 1909 60261
410 1910 53395
411 1911 91063
412 1912 16305
413 1913 69471
414 1914 25425
415 1915 89569
416 1916 86227
417 1917 23194
418 1918 30733
419 1919 72497
420 1920 55818
421 1921 5816
422 1922 72766
423 1923 65233
424 1924 99110
425 1925 99797
426 1926 83332
427 1927 5867
428 1928 77620
429 1929 36371
430 1930 95753
431 1931 49774
432 1932 33763
433 1933 485
434 1934 9769
435 1935 25960
436 1936 43903
437 1937 93243
438 1938 60523
439 1939 77373
440 1940 33143
441 1941 94030
442 1942 2532
443 1943 87491
444 1944 96378
445 1945 87650
446 1946 71138
447 1947 1950
448 1948 30809
449 1949 73574
450 1950 85136
451 1951 38401
452 1952 20848
453 1953 16794
454 1954 53838
455 1955 15782
456 1956 81376
457 1957 25285
458 1958 46515
459 1959 99887
460 1960 30969
461 1961 71898
462 1962 97413
463 1963 72510
464 1964 99396
465 1965 1726
466 1966 16571
467 1967 83830
468 1968 32197
469 1969 94995
470 1970 76237
471 1971 84064
472 1972 1298
473 1973 25598
474 1974 51608
475 1975 21634
476 1976 84206
477 1977 96322
478 1978 53721
479 1979 38032
480 1980 84906
481 1981 64479
482 1982 9471
483 1983 50114
484 1984 51290
485 1985 91876
486 1986 85639
487 1987 68375
488 1988 46509
489 1989 39111
490 1990 39879
491 1991 77395
492 1992 78954
493 1993 36562
494 1994 55010
495 1995 61033
496 1996 62209
497 1997 42720
498 1998 74998
499 1999 84534
500 2000 86047
501 2001 71346
502 2002 63611
503 2003 71496
504 2004 34932
505 2005 92988
506 2006 74271
507 2007 50656
508 2008 6341
509 2009 12119
510 2010 35140
511 2011 96762
512 2012 58224
513 2013 73386
514 2014 8317
515 2015 45164
516 2016 87829
517 2017 89127
518 2018 21631
519 2019 51805
520 2020 42840
521 2021 55611
522 2022 22553
523 2023 78953
524 2024 18295
525 2025 80211
526 2026 96219
527 2027 13441
528 2028 76196
529 2029 94871
530 2030 12162
531 2031 62171
532 2032 60355
533 2033 36379
534 2034 25509
535 2035 94216
536 2036 65423
537 2037 19846
538 2038 73385
539 2039 36708
540 2040 64141
541 2041 4949
542 2042 82975
543 2043 21634
544 2044 77033
545 2045 92402
546 2046 83740
547 2047 47380
548 2048 52393
549 2049 26456
550 2050 52852
551 2051 98786
552 2052 7058
553 2053 14731
554 2054 70111
555 2055 815
556 2056 47851
557 2057 78161
558 2058 38313
559 2059 70133
560 2060 48622
561 2061 18046
562 2062 28121
563 2063 80992
564 2064 5595
565 2065 84285
566 2066 49533
567 2067 11692
568 2068 35161
569 2069 55721
570 2070 7676
571 2071 66348
572 2072 7983
573 2073 4582
574 2074 94550
575 2075 92815
576 2076 22407
577 2077 92566
578 2078 22489
579 2079 13309
580 2080 49479
581 2081 11050
582 2082 74096
583 2083 27623
584 2084 5773
585 2085 76206
586 2086 87472
587 2087 74052
588 2088 43720
589 2089 72873
590 2090 82583
591 2091 67355
592 2092 17905
593 2093 68703
594 2094 64702
595 2095 22591
596 2096 57619
597 2097 44629
598 2098 56067
599 2099 22894
600 2100 97051
601 2101 59288
602 2102 76217
603 2103 21980
604 2104 21333
605 2105 28122
606 2106 60593
607 2107 93300
608 2108 47229
609 2109 79815
610 2110 58263
611 2111 32238
612 2112 29823
613 2113 49859
614 2114 99732
615 2115 33403
616 2116 6990
617 2117 21852
618 2118 97025
619 2119 45126
620 2120 98442
621 2121 92221
622 2122 92385
623 2123 70228
624 2124 34973
625 2125 86091
626 2126 29392
627 2127 94759
628 2128 95419
629 2129 65750
630 2130 26181
631 2131 47405
632 2132 52224
633 2133 75725
634 2134 19821
635 2135 50743
636 2136 80883
637 2137 54939
638 2138 26541
639 2139 27112
640 2140 391
641 2141 22289
642 2142 24370
643 2143 29083
644 2144 5454
645 2145 78487
646 2146 87632
647 2147 18023
648 2148 46522
649 2149 66882
650 2150 69373
651 2151 30393
652 2152 59636
653 2153 68013
654 2154 47333
655 2155 32766
656 2156 80965
657 2157 8386
658 2158 50264
659 2159 97153
660 2160 61420
661 2161 66668
662 2162 9395
663 2163 19111
664 2164 27679
665 2165 87840
666 2166 23951
667 2167 90221
668 2168 39959
669 2169 80429
670 2170 64219
671 2171 52632
672 2172 50785
673 2173 3713
674 2174 95285
675 2175 89917
676 2176 22143
677 2177 15236
678 2178 55727
679 2179 65983
680 2180 43799
681 2181 93099
682 2182 74488
683 2183 72747
684 2184 10662
685 2185 66814
686 2186 99332
687 2187 15399
688 2188 25003
689 2189 80230
690 2190 84032
691 2191 38657
692 2192 42234
693 2193 57063
694 2194 75266
695 2195 81510
696 2196 73052
697 2197 42488
698 2198 33563
699 2199 47046
700 2200 22288
701 2201 15406
702 2202 39888
703 2203 60996
704 2204 80146
705 2205 72085
706 2206 77683
707 2207 23541
708 2208 92218
709 2209 19970
710 2210 89948
711 2211 48844
712 2212 15730
713 2213 75944
714 2214 21671
715 2215 46118
716 2216 11489
717 2217 90359
718 2218 44091
719 2219 58201
720 2220 56849
721 2221 6761
722 2222 71182
723 2223 58649
724 2224 82638
725 2225 81600
726 2226 2024
727 2227 94833
728 2228 81911
729 2229 70178
730 2230 27067
731 2231 30601
732 2232 72319
733 2233 97447
734 2234 11666
735 2235 50654
736 2236 35326
737 2237 37829
738 2238 47435
739 2239 77980
740 2240 88516
741 2241 50731
742 2242 42063
743 2243 51758
744 2244 41423
745 2245 16075
746 2246 69065
747 2247 96620
748 2248 64128
749 2249 54899
750 2250 83812
751 2251 80035
752 2252 37472
753 2253 98363
754 2254 58870
755 2255 39111
756 2256 15842
757 2257 41606
758 2258 28062
759 2259 38395
760 2260 91015
761 2261 74384
762 2262 24218
763 2263 52574
764 2264 68686
765 2265 29727
766 2266 32350
767 2267 32743
768 2268 74393
769 2269 94594
770 2270 74657
771 2271 75095
772 2272 90277
773 2273 7662
774 2274 77636
775 2275 74729
776 2276 33819
777 2277 96296
778 2278 85233
779 2279 23041
780 2280 61398
781 2281 61360
782 2282 33058
783 2283 99284
784 2284 11487
785 2285 73132
786 2286 32955
787 2287 75497
788 2288 99085
789 2289 81132
790 2290 52249
791 2291 46205
792 2292 72159
793 2293 6030
794 2294 78955
795 2295 36653
796 2296 87151
797 2297 19997
798 2298 36011
799 2299 92804
800 2300 87883
801 2301 66354
802 2302 31045
803 2303 92455
804 2304 28009
805 2305 88970
806 2306 71424
807 2307 64184
808 2308 77721
809 2309 82289
810 2310 33008
811 2311 7001
812 2312 91873
813 2313 3173
814 2314 18017
815 2315 16866
816 2316 55052
817 2317 9150
818 2318 60403
819 2319 61687
820 2320 2537
821 2321 62436
822 2322 86590
823 2323 22915
824 2324 87411
825 2325 12716
826 2326 20045
827 2327 17450
828 2328 70228
829 2329 66034
830 2330 90546
831 2331 91172
832 2332 31203
833 2333 62654
834 2334 8994
835 2335 21700
836 2336 7874
837 2337 99288
838 2338 57279
839 2339 82640
840 2340 76863
841 2341 64029
842 2342 38823
843 2343 6827
844 2344 63427
845 2345 79989
846 2346 79289
847 2347 47487
848 2348 93977
849 2349 55574
850 2350 66221
851 2351 90184
852 2352 44263
853 2353 5439
854 2354 34855
855 2355 79965
856 2356 43156
857 2357 42925
858 2358 36860
859 2359 88648
860 2360 53002
861 2361 85774
862 2362 25912
863 2363 44853
864 2364 33389
865 2365 99695
866 2366 37045
867 2367 581
868 2368 71205
869 2369 17172
870 2370 16491
871 2371 39573
872 2372 12413
873 2373 2383
874 2374 73754
875 2375 57476
876 2376 30719
877 2377 36670
878 2378 59761
879 2379 28274
880 2380 57109
881 2381 45385
882 2382 74051
883 2383 95114
884 2384 97662
885 2385 72060
886 2386 36747
887 2387 47756
888 2388 24086
889 2389 7274
890 2390 42319
891 2391 33311
892 2392 16764
893 2393 44720
894 2394 91072
895 2395 99683
896 2396 88057
897 2397 19643
898 2398 20616
899 2399 6649
900 2400 47904
901 2401 73677
902 2402 76399
903 2403 63619
904 2404 35120
905 2405 39173
906 2406 94392
907 2407 8004
908 2408 55321
909 2409 95148
910 2410 49402
911 2411 45289
912 2412 11391
913 2413 15987
914 2414 48716
915 2415 20502
916 2416 97783
917 2417 80932
918 2418 60621
919 2419 26748
920 2420 55278
921 2421 88290
922 2422 47959
923 2423 72216
924 2424 14551
925 2425 56317
926 2426 46948
927 2427 66973
928 2428 29866
929 2429 7138
930 2430 41596
931 2431 26974
932 2432 2838
933 2433 21772
934 2434 42705
935 2435 41455
936 2436 37221
937 2437 96
938 2438 87827
939 2439 51957
940 2440 95961
941 2441 75804
942 2442 9380
943 2443 39753
944 2444 2373
945 2445 87230
946 2446 62377
947 2447 8504
948 2448 19194
949 2449 19085
950 2450 75358
951 2451 81189
952 2452 7178
953 2453 28183
954 2454 54505
955 2455 78305
956 2456 29250
957 2457 7801
958 2458 7093
959 2459 92648
960 2460 21919
961 2461 24839
962 2462 57057
963 2463 73966
964 2464 38957
965 2465 6562
966 2466 96328
967 2467 19194
968 2468 54582
969 2469 34309
970 2470 65167
971 2471 69775
972 2472 7838
973 2473 35138
974 2474 28746
975 2475 57328
976 2476 47710
977 2477 35866
978 2478 96165
979 2479 98485
980 2480 97605
981 2481 1302
982 2482 11274
983 2483 99611
984 2484 80359
985 2485 9152
986 2486 2922
987 2487 22510
988 2488 49297
989 2489 91095
990 2490 4373
991 2491 93489
992 2492 49243
993 2493 37198
994 2494 51349
995 2495 57692
996 2496 80829
997 2497 99879
998 2498 91942
999 2499 32740
1000 2500 84439
1001 2501 45188
1002 2502 85537
1003 2503 73154
1004 2504 43952
1005 2505 60678
1006 2506 76503
1007 2507 89037
1008 2508 98388
1009 2509 78106
1010 2510 69642
1011 2511 33556
1012 2512 38697
1013 2513 18083
1014 2514 49871
1015 2515 78665
1016 2516 37906
1017 2517 42624
1018 2518 99740
1019 2519 3723
1020 2520 82677
1021 2521 17802
1022 2522 61122
1023 2523 12281
1024 2524 46102
1025 2525 28420
1026 2526 43514
1027 2527 65266
1028 2528 80042
1029 2529 58017
1030 2530 8387
1031 2531 32436
1032 2532 19826
1033 2533 62975
1034 2534 93077
1035 2535 71961
1036 2536 84359
1037 2537 44768
1038 2538 62626
1039 2539 46697
1040 2540 97909
1041 2541 15770
1042 2542 61797
1043 2543 80341
1044 2544 97654
1045 2545 70864
1046 2546 2800
1047 2547 42917
1048 2548 38670
1049 2549 44376
1050 2550 52225
1051 2551 48606
1052 2552 96542
1053 2553 98613
1054 2554 62949
1055 2555 67172
1056 2556 45446
1057 2557 15102
1058 2558 3979
1059 2559 32834
1060 2560 97327
1061 2561 75073
1062 2562 27010
1063 2563 30612
1064 2564 71256
1065 2565 2058
1066 2566 37289
1067 2567 32301
1068 2568 14935
1069 2569 31289
1070 2570 50910
1071 2571 53393
1072 2572 248
1073 2573 36261
1074 2574 3147
1075 2575 92770
1076 2576 47100
1077 2577 33634
1078 2578 49834
1079 2579 75267
1080 2580 96283
1081 2581 20100
1082 2582 56491
1083 2583 60833
1084 2584 62451
1085 2585 48110
1086 2586 34034
1087 2587 75222
1088 2588 15435
1089 2589 88062
1090 2590 75125
1091 2591 80095
1092 2592 40183
1093 2593 95027
1094 2594 22715
1095 2595 60058
1096 2596 51913
1097 2597 21118
1098 2598 22140
1099 2599 46565
1100 2600 28744
1101 2601 36974
1102 2602 79060
1103 2603 4113
1104 2604 27773
1105 2605 21103
1106 2606 38510
1107 2607 87080
1108 2608 67829
1109 2609 2648
1110 2610 42557
1111 2611 90138
1112 2612 75613
1113 2613 70106
1114 2614 75477
1115 2615 82657
1116 2616 80138
1117 2617 58323
1118 2618 87897
1119 2619 64630
1120 2620 27004
1121 2621 50071
1122 2622 23334
1123 2623 83358
1124 2624 78479
1125 2625 2336
1126 2626 61206
1127 2627 78635
1128 2628 8200
1129 2629 7572
1130 2630 46993
1131 2631 27761
1132 2632 13632
1133 2633 7826
1134 2634 96112
1135 2635 68406
1136 2636 64525
1137 2637 22012
1138 2638 50838
1139 2639 67614
1140 2640 47451
1141 2641 86194
1142 2642 680
1143 2643 71132
1144 2644 34071
1145 2645 767
1146 2646 51803
1147 2647 43589
1148 2648 24996
1149 2649 37139
1150 2650 47271
1151 2651 85859
1152 2652 82368
1153 2653 79855
1154 2654 47889
1155 2655 43752
1156 2656 11797
1157 2657 92768
1158 2658 36869
1159 2659 63810
1160 2660 16296
1161 2661 29065
1162 2662 91699
1163 2663 63491
1164 2664 6177
1165 2665 36097
1166 2666 67194
1167 2667 13673
1168 2668 16668
1169 2669 52734
1170 2670 2032
1171 2671 66812
1172 2672 98391
1173 2673 92300
1174 2674 26214
1175 2675 17312
1176 2676 57397
1177 2677 56523
1178 2678 96544
1179 2679 9046
1180 2680 11591
1181 2681 8214
1182 2682 61239
1183 2683 68947
1184 2684 19339
1185 2685 52395
1186 2686 72133
1187 2687 21655
1188 2688 8011
1189 2689 1080
1190 2690 11032
1191 2691 81735
1192 2692 21394
1193 2693 44081
1194 2694 80442
1195 2695 69446
1196 2696 12226
1197 2697 72893
1198 2698 74251
1199 2699 51910
1200 2700 30959
1201 2701 6637
1202 2702 58381
1203 2703 68402
1204 2704 61159
1205 2705 2090
1206 2706 30742
1207 2707 18956
1208 2708 94423
1209 2709 37505
1210 2710 90053
1211 2711 92836
1212 2712 71664
1213 2713 25470
1214 2714 85767
1215 2715 46138
1216 2716 52433
1217 2717 94575
1218 2718 12461
1219 2719 4056
1220 2720 74660
1221 2721 4359
1222 2722 52853
1223 2723 11941
1224 2724 7153
1225 2725 57141
1226 2726 23056
1227 2727 77071
1228 2728 93304
1229 2729 5659
1230 2730 94533
1231 2731 34156
1232 2732 95381
1233 2733 15932
1234 2734 26479
1235 2735 76033
1236 2736 95374
1237 2737 27915
1238 2738 24942
1239 2739 12569
1240 2740 67272
1241 2741 72161
1242 2742 22796
1243 2743 42886
1244 2744 40618
1245 2745 82216
1246 2746 92525
1247 2747 8009
1248 2748 42427
1249 2749 31742
1250 2750 46180
1251 2751 45202
1252 2752 38536
1253 2753 6440
1254 2754 33076
1255 2755 66612
1256 2756 7867
1257 2757 90107
1258 2758 41499
1259 2759 29927
1260 2760 5387
1261 2761 32218
1262 2762 60928
1263 2763 53963
1264 2764 11862
1265 2765 82573
1266 2766 93969
1267 2767 88507
1268 2768 76490
1269 2769 71334
1270 2770 94439
1271 2771 55914
1272 2772 42163
1273 2773 65218
1274 2774 90821
1275 2775 62972
1276 2776 79101
1277 2777 97978
1278 2778 82401
1279 2779 87657
1280 2780 50490
1281 2781 43594
1282 2782 78243
1283 2783 44913
1284 2784 52784
1285 2785 45783
1286 2786 45045
1287 2787 83000
1288 2788 66612
1289 2789 20453
1290 2790 27762
1291 2791 35810
1292 2792 21162
1293 2793 89054
1294 2794 51259
1295 2795 49972
1296 2796 49221
1297 2797 17115
1298 2798 98182
1299 2799 67828
1300 2800 72971
1301 2801 25476
1302 2802 71232
1303 2803 23948
1304 2804 99216
1305 2805 73255
1306 2806 20549
1307 2807 25521
1308 2808 73964
1309 2809 56556
1310 2810 86969
1311 2811 17234
1312 2812 16427
1313 2813 95238
1314 2814 70178
1315 2815 81829
1316 2816 32037
1317 2817 99875
1318 2818 29513
1319 2819 81654
1320 2820 17691
1321 2821 18983
1322 2822 1011
1323 2823 64244
1324 2824 3139
1325 2825 16210
1326 2826 88623
1327 2827 44490
1328 2828 96163
1329 2829 85271
1330 2830 78987
1331 2831 43689
1332 2832 91325
1333 2833 55513
1334 2834 30613
1335 2835 69101
1336 2836 96447
1337 2837 68331
1338 2838 36336
1339 2839 62018
1340 2840 18691
1341 2841 43201
1342 2842 85812
1343 2843 21527
1344 2844 86719
1345 2845 47520
1346 2846 67585
1347 2847 93820
1348 2848 20217
1349 2849 39852
1350 2850 6634
1351 2851 53071
1352 2852 96258
1353 2853 56633
1354 2854 74578
1355 2855 18442
1356 2856 40777
1357 2857 16554
1358 2858 97904
1359 2859 62233
1360 2860 29787
1361 2861 83781
1362 2862 68996
1363 2863 46822
1364 2864 39081
1365 2865 27047
1366 2866 96292
1367 2867 61927
1368 2868 26534
1369 2869 44390
1370 2870 76587
1371 2871 53400
1372 2872 20593
1373 2873 56884
1374 2874 77508
1375 2875 112
1376 2876 72181
1377 2877 34218
1378 2878 73679
1379 2879 33893
1380 2880 96053
1381 2881 28999
1382 2882 51933
1383 2883 65736
1384 2884 7308
1385 2885 2305
1386 2886 40229
1387 2887 62309
1388 2888 89292
1389 2889 72261
1390 2890 29568
1391 2891 10039
1392 2892 81045
1393 2893 78899
1394 2894 52258
1395 2895 77785
1396 2896 89680
1397 2897 91578
1398 2898 14071
1399 2899 76688
1400 2900 88383
1401 2901 17777
1402 2902 42641
1403 2903 75688
1404 2904 92056
1405 2905 25806
1406 2906 85954
1407 2907 11249
1408 2908 32258
1409 2909 83626
1410 2910 83318
1411 2911 23937
1412 2912 76680
1413 2913 60126
1414 2914 13215
1415 2915 81284
1416 2916 63641
1417 2917 16872
1418 2918 80818
1419 2919 97832
1420 2920 71159
1421 2921 73106
1422 2922 2223
1423 2923 17369
1424 2924 58931
1425 2925 85446
1426 2926 55294
1427 2927 69419
1428 2928 14525
1429 2929 8400
1430 2930 88066
1431 2931 49609
1432 2932 58979
1433 2933 50504
1434 2934 8743
1435 2935 62428
1436 2936 63489
1437 2937 95892
1438 2938 27308
1439 2939 30184
1440 2940 66912
1441 2941 91422
1442 2942 49339
1443 2943 86046
1444 2944 1351
1445 2945 25727
1446 2946 39670
1447 2947 86527
1448 2948 28253
1449 2949 53187
1450 2950 92243
1451 2951 35600
1452 2952 9363
1453 2953 68645
1454 2954 26798
1455 2955 56081
1456 2956 88949
1457 2957 60583
1458 2958 56
1459 2959 25508
1460 2960 30855
1461 2961 90336
1462 2962 98826
1463 2963 64016
1464 2964 59860
1465 2965 79934
1466 2966 22015
1467 2967 20192
1468 2968 5643
1469 2969 33223
1470 2970 45039
1471 2971 43289
1472 2972 86186
1473 2973 90741
1474 2974 29944
1475 2975 48146
1476 2976 34284
1477 2977 84378
1478 2978 42148
1479 2979 87218
1480 2980 14714
1481 2981 67041
1482 2982 96067
1483 2983 40807
1484 2984 39034
1485 2985 94155
1486 2986 89834
1487 2987 20357
1488 2988 47509
1489 2989 56087
1490 2990 46078
1491 2991 11285
1492 2992 18992
1493 2993 63661
1494 2994 4097
1495 2995 2448
1496 2996 2195
1497 2997 87212
1498 2998 11722
1499 2999 68124
1500 3000 10958
