50 32
1 2 78088
1 3 59372
2 4 12219
3 5 17188
2 6 51314
3 7 72028
3 8 1593
4 9 65442
5 10 97450
6 11 57092
7 12 38815
12 13 22959
9 14 66716
12 15 78331
13 16 82534
16 17 24919
15 18 85535
16 19 86330
18 20 67148
20 21 67059
18 22 24108
20 23 91618
19 24 49706
22 25 17132
22 26 55610
26 27 44979
27 28 1401
24 29 60052
27 30 57316
30 31 33336
28 32 80241
28 33 69963
32 34 86930
32 35 89920
33 36 79619
34 37 83
37 38 34168
38 39 34904
37 40 93586
39 41 24831
38 42 81731
40 43 43234
43 44 46954
40 45 77282
42 46 43175
45 47 58410
46 48 47174
48 49 80059
45 50 61170
