200 36
1 2 95675
1 3 46068
3 4 92249
2 5 79443
4 6 11920
6 7 28895
4 8 25231
5 9 82622
8 10 34349
8 11 3746
8 12 8747
6 13 60486
7 14 70091
7 15 96424
10 16 95368
8 17 62266
11 18 26489
16 19 55847
19 20 27904
18 21 73345
19 22 38312
19 23 46720
14 24 18728
13 25 56967
15 26 6990
26 27 7525
22 28 79750
14 29 17626
20 30 97285
24 31 38798
29 32 28859
26 33 21290
22 34 57319
20 35 93480
26 36 99113
34 37 75608
25 38 74174
36 39 80528
39 40 37639
35 41 4473
26 42 74156
36 43 88755
30 44 72023
27 45 79175
42 46 20481
30 47 48744
25 48 32431
27 49 87964
49 50 82131
32 51 88556
29 52 79918
45 53 24732
46 54 43471
31 55 41153
30 56 34102
33 57 32835
42 58 54720
53 59 59654
52 60 8308
53 61 87955
42 62 95236
54 63 58725
45 64 70478
58 65 47334
39 66 43616
56 67 55366
40 68 11565
65 69 5475
68 70 64507
52 71 94396
69 72 608
61 73 99688
46 74 79563
73 75 22856
69 76 55599
61 77 64086
61 78 85326
69 79 78584
67 80 56289
42 81 4212
61 82 121
42 83 93824
77 84 44141
72 85 67026
68 86 38476
46 87 33471
68 88 67032
59 89 15696
55 90 57514
57 91 48965
86 92 12314
92 93 94215
73 94 3744
56 95 47898
81 96 46623
95 97 10185
67 98 83719
65 99 67715
92 100 91702
97 101 48552
57 102 52040
70 103 32859
80 104 63554
104 105 88688
69 106 57810
104 107 30915
105 108 75268
54 109 79962
65 110 49302
103 111 27669
102 112 33897
74 113 88533
73 114 86349
111 115 31401
94 116 18276
115 117 76068
78 118 19805
70 119 24777
101 120 15184
110 121 2801
68 122 36680
70 123 72936
81 124 6884
87 125 642
80 126 89840
126 127 82773
93 128 53470
128 129 18722
95 130 11416
129 131 6196
108 132 971
120 133 61881
74 134 31640
118 135 44904
112 136 15984
88 137 43695
76 138 51865
99 139 25733
135 140 38785
81 141 75531
100 142 42389
112 143 78084
108 144 1676
73 145 59632
127 146 97488
122 147 77587
116 148 62024
129 149 36901
137 150 4517
96 151 66100
113 152 41665
96 153 69801
131 154 57488
106 155 10645
128 156 42222
96 157 86226
156 158 3133
130 159 99230
96 160 18220
84 161 91020
158 162 36150
95 163 53131
94 164 79028
116 165 47700
137 166 19709
164 167 35208
152 168 91027
125 169 81944
104 170 68316
136 171 40457
137 172 94939
146 173 35058
102 174 26575
106 175 37935
121 176 36521
108 177 46125
102 178 21428
166 179 92548
167 180 44865
168 181 25734
117 182 19192
180 183 89471
145 184 12143
164 185 75151
125 186 39392
116 187 94296
141 188 95307
152 189 34021
188 190 56507
175 191 78491
133 192 2439
114 193 55520
132 194 55833
131 195 70423
182 196 43890
122 197 86156
194 198 21197
108 199 28644
161 200 3821
