3000 3000
1 2 80232
1 3 31904
1 4 24318
1 5 70898
1 6 54285
1 7 99203
1 8 36858
1 9 52269
1 10 21554
1 11 68278
1 12 78041
1 13 21505
1 14 12337
1 15 88247
1 16 21054
1 17 78283
1 18 28366
1 19 2985
1 20 41062
1 21 93498
1 22 93613
1 23 10253
1 24 63822
1 25 57445
1 26 75933
1 27 45775
1 28 21475
1 29 17736
1 30 18755
1 31 34730
1 32 80447
1 33 2907
1 34 81408
1 35 28672
1 36 33822
1 37 85339
1 38 85201
1 39 53189
1 40 3135
1 41 10820
1 42 69934
1 43 68884
1 44 4959
1 45 83708
1 46 4483
1 47 23473
1 48 7493
1 49 19367
1 50 44228
1 51 29893
1 52 52026
1 53 37850
1 54 76179
1 55 69296
1 56 55896
1 57 23101
1 58 69781
1 59 38861
1 60 57781
1 61 24057
1 62 83467
1 63 7256
1 64 4542
1 65 38943
1 66 17363
1 67 22538
1 68 95947
1 69 98602
1 70 76013
1 71 30984
1 72 88614
1 73 66343
1 74 57070
1 75 63784
1 76 50572
1 77 66852
1 78 58520
1 79 9449
1 80 22791
1 81 13681
1 82 19089
1 83 60592
1 84 30821
1 85 12461
1 86 28657
1 87 58641
1 88 12476
1 89 82561
1 90 17121
1 91 3470
1 92 69203
1 93 76240
1 94 19716
1 95 2951
1 96 90005
1 97 40332
1 98 27459
1 99 91727
1 100 69497
1 101 17163
1 102 16416
1 103 76791
1 104 40261
1 105 86077
1 106 96405
1 107 4913
1 108 58984
1 109 29277
1 110 25444
1 111 83042
1 112 97224
1 113 70452
1 114 5162
1 115 22503
1 116 67912
1 117 92236
1 118 21498
1 119 6346
1 120 23370
1 121 20587
1 122 79364
1 123 49174
1 124 8121
1 125 86175
1 126 44386
1 127 62800
1 128 27011
1 129 65256
1 130 22798
1 131 41280
1 132 85628
1 133 31613
1 134 35231
1 135 30934
1 136 81844
1 137 11532
1 138 1750
1 139 59138
1 140 75491
1 141 70894
1 142 64796
1 143 25858
1 144 76563
1 145 70655
1 146 39781
1 147 60237
1 148 39215
1 149 31780
1 150 20685
1 151 96582
1 152 97433
1 153 42748
1 154 11779
1 155 59109
1 156 33263
1 157 38302
1 158 45762
1 159 89196
1 160 46711
1 161 17540
1 162 73600
1 163 59502
1 164 43669
1 165 22502
1 166 65476
1 167 27616
1 168 25056
1 169 48053
1 170 67913
1 171 21474
1 172 77378
1 173 79196
1 174 71467
1 175 42000
1 176 38428
1 177 88815
1 178 80943
1 179 79448
1 180 54547
1 181 5076
1 182 52939
1 183 24359
1 184 84805
1 185 28975
1 186 4279
1 187 88109
1 188 28422
1 189 90229
1 190 48049
1 191 26774
1 192 21393
1 193 55952
1 194 70386
1 195 50560
1 196 31889
1 197 10570
1 198 60462
1 199 56049
1 200 46494
1 201 68370
1 202 97564
1 203 5713
1 204 17624
1 205 76193
1 206 80067
1 207 74130
1 208 29934
1 209 50317
1 210 49766
1 211 25120
1 212 46588
1 213 75083
1 214 89395
1 215 27430
1 216 14813
1 217 92179
1 218 74079
1 219 21788
1 220 77130
1 221 56308
1 222 30327
1 223 49452
1 224 34168
1 225 86552
1 226 16244
1 227 54104
1 228 31602
1 229 83721
1 230 16515
1 231 49562
1 232 90814
1 233 12678
1 234 87485
1 235 61434
1 236 79633
1 237 23453
1 238 49081
1 239 29956
1 240 55432
1 241 13914
1 242 90238
1 243 14055
1 244 31176
1 245 16656
1 246 79442
1 247 96655
1 248 6525
1 249 69724
1 250 76676
1 251 78707
1 252 55669
1 253 48332
1 254 55741
1 255 44157
1 256 32745
1 257 39606
1 258 57343
1 259 46064
1 260 86270
1 261 42631
1 262 95921
1 263 6818
1 264 33545
1 265 53196
1 266 95123
1 267 82690
1 268 4352
1 269 45339
1 270 1152
1 271 27134
1 272 99596
1 273 79538
1 274 68482
1 275 87755
1 276 72368
1 277 53882
1 278 86551
1 279 52838
1 280 56665
1 281 18242
1 282 43751
1 283 23079
1 284 20429
1 285 10227
1 286 19459
1 287 37160
1 288 93866
1 289 34423
1 290 8757
1 291 21359
1 292 94112
1 293 48662
1 294 65999
1 295 84011
1 296 92126
1 297 88353
1 298 43832
1 299 87376
1 300 49978
1 301 52846
1 302 19643
1 303 13821
1 304 81684
1 305 66833
1 306 49802
1 307 6405
1 308 11230
1 309 37947
1 310 71745
1 311 39339
1 312 12408
1 313 11895
1 314 21715
1 315 91898
1 316 16232
1 317 55562
1 318 1061
1 319 8821
1 320 26395
1 321 19556
1 322 41260
1 323 80507
1 324 45859
1 325 99473
1 326 58531
1 327 41609
1 328 4787
1 329 58454
1 330 79055
1 331 73896
1 332 35766
1 333 89498
1 334 84634
1 335 6714
1 336 96661
1 337 58330
1 338 16358
1 339 9262
1 340 95354
1 341 12059
1 342 84673
1 343 60758
1 344 75096
1 345 632
1 346 28914
1 347 16921
1 348 97744
1 349 89737
1 350 19009
1 351 20238
1 352 79462
1 353 94481
1 354 73308
1 355 37975
1 356 65551
1 357 88348
1 358 45056
1 359 58085
1 360 96649
1 361 22292
1 362 6354
1 363 12327
1 364 91076
1 365 46378
1 366 15116
1 367 81261
1 368 77003
1 369 29615
1 370 77553
1 371 19131
1 372 32856
1 373 85456
1 374 53824
1 375 23224
1 376 88398
1 377 90729
1 378 40240
1 379 76761
1 380 573
1 381 15590
1 382 73578
1 383 8130
1 384 62337
1 385 24278
1 386 58056
1 387 54945
1 388 2612
1 389 89261
1 390 40719
1 391 38890
1 392 97088
1 393 1798
1 394 85726
1 395 84985
1 396 94522
1 397 70632
1 398 78729
1 399 13545
1 400 15211
1 401 8070
1 402 4873
1 403 95958
1 404 45014
1 405 29840
1 406 68177
1 407 4599
1 408 30068
1 409 10777
1 410 60760
1 411 96294
1 412 54128
1 413 4845
1 414 29423
1 415 5591
1 416 40728
1 417 87805
1 418 69793
1 419 23944
1 420 48655
1 421 29300
1 422 1395
1 423 96746
1 424 22989
1 425 94335
1 426 78646
1 427 90126
1 428 29847
1 429 36942
1 430 54655
1 431 17286
1 432 20051
1 433 19115
1 434 20799
1 435 60646
1 436 9473
1 437 15443
1 438 320
1 439 41337
1 440 65080
1 441 82356
1 442 27025
1 443 83253
1 444 380
1 445 48721
1 446 76896
1 447 8059
1 448 17861
1 449 3121
1 450 67226
1 451 21646
1 452 18766
1 453 33221
1 454 84395
1 455 29563
1 456 46923
1 457 16878
1 458 26788
1 459 23459
1 460 67820
1 461 79612
1 462 9204
1 463 35712
1 464 68405
1 465 99119
1 466 69244
1 467 41213
1 468 59031
1 469 80055
1 470 46112
1 471 4952
1 472 90040
1 473 30339
1 474 10575
1 475 58791
1 476 79275
1 477 91338
1 478 13928
1 479 78009
1 480 76196
1 481 61380
1 482 32740
1 483 2214
1 484 13096
1 485 43703
1 486 66356
1 487 51307
1 488 96762
1 489 6214
1 490 34211
1 491 15657
1 492 90264
1 493 15384
1 494 16900
1 495 75003
1 496 34557
1 497 23011
1 498 1699
1 499 87899
1 500 28863
1 501 64995
1 502 20626
1 503 78479
1 504 53710
1 505 82600
1 506 65424
1 507 61127
1 508 35154
1 509 12090
1 510 43875
1 511 88401
1 512 73058
1 513 9348
1 514 45963
1 515 63814
1 516 10608
1 517 25577
1 518 47771
1 519 23175
1 520 61708
1 521 75390
1 522 20173
1 523 19061
1 524 32143
1 525 64502
1 526 36085
1 527 41360
1 528 44452
1 529 47747
1 530 54443
1 531 57904
1 532 9861
1 533 64074
1 534 62346
1 535 96552
1 536 75536
1 537 57688
1 538 70328
1 539 41317
1 540 36975
1 541 6214
1 542 17876
1 543 76899
1 544 19249
1 545 55113
1 546 77771
1 547 62246
1 548 33711
1 549 54137
1 550 98488
1 551 42599
1 552 57055
1 553 37706
1 554 2062
1 555 38486
1 556 34559
1 557 16980
1 558 96793
1 559 45874
1 560 57539
1 561 4105
1 562 57685
1 563 8566
1 564 37160
1 565 14460
1 566 31849
1 567 69046
1 568 92856
1 569 51466
1 570 97067
1 571 69008
1 572 19560
1 573 15353
1 574 82660
1 575 74611
1 576 50845
1 577 15479
1 578 72629
1 579 26727
1 580 97744
1 581 58242
1 582 2528
1 583 69869
1 584 42533
1 585 88802
1 586 70949
1 587 44162
1 588 85641
1 589 28412
1 590 99766
1 591 13251
1 592 66179
1 593 59241
1 594 8437
1 595 67257
1 596 1175
1 597 55413
1 598 50038
1 599 99006
1 600 85594
1 601 87428
1 602 98839
1 603 25478
1 604 49183
1 605 21124
1 606 34994
1 607 45365
1 608 72267
1 609 44516
1 610 15278
1 611 46830
1 612 33056
1 613 46068
1 614 8469
1 615 14069
1 616 55429
1 617 56178
1 618 15810
1 619 78163
1 620 11033
1 621 50565
1 622 96168
1 623 24430
1 624 81409
1 625 95456
1 626 46810
1 627 42595
1 628 80040
1 629 58836
1 630 44149
1 631 93569
1 632 45679
1 633 56819
1 634 75575
1 635 76263
1 636 89935
1 637 46474
1 638 99761
1 639 14251
1 640 24847
1 641 75524
1 642 53207
1 643 11851
1 644 68390
1 645 1480
1 646 69646
1 647 60435
1 648 34746
1 649 46102
1 650 33786
1 651 66486
1 652 58588
1 653 58290
1 654 87768
1 655 9494
1 656 64705
1 657 51400
1 658 29306
1 659 23794
1 660 73771
1 661 3560
1 662 35267
1 663 40425
1 664 39775
1 665 33195
1 666 54258
1 667 4363
1 668 5905
1 669 26338
1 670 24910
1 671 31159
1 672 35771
1 673 81058
1 674 17407
1 675 27208
1 676 15294
1 677 41618
1 678 90349
1 679 22588
1 680 70881
1 681 9862
1 682 63487
1 683 26940
1 684 56767
1 685 25694
1 686 86993
1 687 55934
1 688 86890
1 689 9853
1 690 16598
1 691 63067
1 692 76099
1 693 8341
1 694 87345
1 695 29476
1 696 25520
1 697 46964
1 698 4810
1 699 19367
1 700 46562
1 701 54131
1 702 41527
1 703 64410
1 704 53272
1 705 36894
1 706 1654
1 707 24255
1 708 52391
1 709 45038
1 710 52907
1 711 51500
1 712 97234
1 713 54399
1 714 48045
1 715 45654
1 716 18004
1 717 22088
1 718 60501
1 719 27358
1 720 22102
1 721 29338
1 722 80319
1 723 32288
1 724 33244
1 725 70957
1 726 49062
1 727 52968
1 728 59044
1 729 27557
1 730 29613
1 731 25135
1 732 77332
1 733 51517
1 734 76447
1 735 33879
1 736 27320
1 737 2386
1 738 2139
1 739 36067
1 740 64096
1 741 81133
1 742 41208
1 743 57514
1 744 94099
1 745 48197
1 746 6469
1 747 60661
1 748 82719
1 749 60634
1 750 564
1 751 89437
1 752 42156
1 753 45192
1 754 89496
1 755 42941
1 756 45668
1 757 56376
1 758 13186
1 759 43799
1 760 67946
1 761 43673
1 762 19173
1 763 95679
1 764 22272
1 765 70461
1 766 77704
1 767 71324
1 768 2422
1 769 28097
1 770 81452
1 771 53663
1 772 78668
1 773 19240
1 774 85326
1 775 54148
1 776 18699
1 777 50163
1 778 92910
1 779 45498
1 780 81656
1 781 35907
1 782 70316
1 783 36601
1 784 6766
1 785 95756
1 786 93562
1 787 71370
1 788 55660
1 789 43253
1 790 42299
1 791 37550
1 792 7067
1 793 50081
1 794 9337
1 795 24958
1 796 94966
1 797 85802
1 798 3410
1 799 80360
1 800 42161
1 801 20798
1 802 67239
1 803 33386
1 804 99650
1 805 66702
1 806 11206
1 807 78353
1 808 37838
1 809 15713
1 810 61205
1 811 97905
1 812 69642
1 813 56113
1 814 13320
1 815 92178
1 816 5106
1 817 71532
1 818 5747
1 819 7776
1 820 64890
1 821 86805
1 822 57964
1 823 55433
1 824 45936
1 825 74788
1 826 25641
1 827 41130
1 828 90089
1 829 36949
1 830 72969
1 831 85247
1 832 40649
1 833 60328
1 834 44217
1 835 18913
1 836 60177
1 837 93224
1 838 45595
1 839 62837
1 840 3884
1 841 62628
1 842 13508
1 843 51084
1 844 66723
1 845 63776
1 846 93197
1 847 88124
1 848 63450
1 849 79789
1 850 16784
1 851 77524
1 852 11935
1 853 24117
1 854 7029
1 855 81141
1 856 69367
1 857 46716
1 858 13420
1 859 37395
1 860 1769
1 861 71467
1 862 50658
1 863 69271
1 864 12588
1 865 39057
1 866 10395
1 867 77127
1 868 28011
1 869 67566
1 870 21707
1 871 95520
1 872 78347
1 873 34265
1 874 5234
1 875 24460
1 876 59231
1 877 77230
1 878 38138
1 879 77031
1 880 98141
1 881 33708
1 882 34152
1 883 96050
1 884 21440
1 885 57594
1 886 17857
1 887 56985
1 888 86990
1 889 99704
1 890 98121
1 891 39294
1 892 62468
1 893 53931
1 894 5807
1 895 33858
1 896 10301
1 897 57363
1 898 53177
1 899 77178
1 900 32915
1 901 57742
1 902 95783
1 903 75629
1 904 97182
1 905 26530
1 906 31389
1 907 69074
1 908 81169
1 909 36777
1 910 37771
1 911 83611
1 912 47160
1 913 72367
1 914 43306
1 915 50164
1 916 76193
1 917 40776
1 918 9673
1 919 31396
1 920 37930
1 921 26795
1 922 70252
1 923 55769
1 924 46171
1 925 62295
1 926 45175
1 927 12632
1 928 4921
1 929 32669
1 930 31617
1 931 91568
1 932 40247
1 933 87351
1 934 82798
1 935 74760
1 936 38944
1 937 87073
1 938 10026
1 939 21556
1 940 93410
1 941 58305
1 942 5190
1 943 29423
1 944 53057
1 945 6836
1 946 2291
1 947 60589
1 948 1432
1 949 31313
1 950 32516
1 951 85466
1 952 18368
1 953 26904
1 954 46892
1 955 71695
1 956 94989
1 957 7034
1 958 38320
1 959 75851
1 960 16680
1 961 40813
1 962 66094
1 963 87929
1 964 70483
1 965 24796
1 966 38345
1 967 10012
1 968 35722
1 969 42740
1 970 68366
1 971 87905
1 972 21032
1 973 24114
1 974 9597
1 975 8977
1 976 22831
1 977 15290
1 978 59744
1 979 70610
1 980 10816
1 981 75717
1 982 7881
1 983 1802
1 984 32950
1 985 37285
1 986 97821
1 987 5669
1 988 93290
1 989 73795
1 990 74245
1 991 87635
1 992 45809
1 993 15885
1 994 56497
1 995 76629
1 996 82303
1 997 41070
1 998 97136
1 999 16629
1 1000 50418
1 1001 93928
1 1002 76539
1 1003 40725
1 1004 9496
1 1005 70892
1 1006 24723
1 1007 95799
1 1008 59930
1 1009 23356
1 1010 44193
1 1011 50336
1 1012 88955
1 1013 71415
1 1014 64033
1 1015 84835
1 1016 76285
1 1017 3845
1 1018 34962
1 1019 18510
1 1020 75317
1 1021 31708
1 1022 54979
1 1023 65888
1 1024 35169
1 1025 92118
1 1026 19504
1 1027 70821
1 1028 53912
1 1029 65834
1 1030 12510
1 1031 89588
1 1032 52574
1 1033 55251
1 1034 34460
1 1035 64451
1 1036 95035
1 1037 66974
1 1038 30991
1 1039 23996
1 1040 43732
1 1041 48218
1 1042 8820
1 1043 9279
1 1044 12553
1 1045 96822
1 1046 93573
1 1047 61182
1 1048 8760
1 1049 38081
1 1050 91731
1 1051 94450
1 1052 93749
1 1053 49188
1 1054 7097
1 1055 31821
1 1056 13529
1 1057 6678
1 1058 31045
1 1059 65718
1 1060 15452
1 1061 11650
1 1062 10408
1 1063 46988
1 1064 44321
1 1065 1132
1 1066 13455
1 1067 9836
1 1068 85176
1 1069 6669
1 1070 96467
1 1071 59266
1 1072 42692
1 1073 74448
1 1074 50508
1 1075 25943
1 1076 1266
1 1077 90788
1 1078 93801
1 1079 96226
1 1080 1090
1 1081 72340
1 1082 29156
1 1083 71693
1 1084 82570
1 1085 87865
1 1086 50224
1 1087 53034
1 1088 12207
1 1089 72100
1 1090 88279
1 1091 13601
1 1092 46305
1 1093 58458
1 1094 34215
1 1095 12865
1 1096 36407
1 1097 49626
1 1098 63535
1 1099 37800
1 1100 1522
1 1101 11177
1 1102 46378
1 1103 21255
1 1104 48233
1 1105 49300
1 1106 93896
1 1107 68247
1 1108 47808
1 1109 35160
1 1110 94994
1 1111 58529
1 1112 24092
1 1113 22746
1 1114 18339
1 1115 323
1 1116 68917
1 1117 98413
1 1118 72485
1 1119 22497
1 1120 96621
1 1121 78952
1 1122 19836
1 1123 67694
1 1124 91162
1 1125 35652
1 1126 40744
1 1127 8310
1 1128 46076
1 1129 54157
1 1130 18041
1 1131 58603
1 1132 89706
1 1133 88113
1 1134 26701
1 1135 38422
1 1136 56281
1 1137 26515
1 1138 73206
1 1139 59188
1 1140 6808
1 1141 53391
1 1142 39033
1 1143 52393
1 1144 11366
1 1145 7496
1 1146 81810
1 1147 79524
1 1148 94658
1 1149 87841
1 1150 40348
1 1151 27274
1 1152 42893
1 1153 80362
1 1154 27620
1 1155 8405
1 1156 91147
1 1157 21702
1 1158 16873
1 1159 52325
1 1160 36374
1 1161 15938
1 1162 43729
1 1163 86879
1 1164 98160
1 1165 11139
1 1166 89533
1 1167 4717
1 1168 37470
1 1169 31013
1 1170 23404
1 1171 8744
1 1172 59883
1 1173 1546
1 1174 50293
1 1175 44414
1 1176 49036
1 1177 51357
1 1178 75689
1 1179 61189
1 1180 52743
1 1181 79730
1 1182 89979
1 1183 35845
1 1184 40547
1 1185 63320
1 1186 97322
1 1187 6443
1 1188 86509
1 1189 98547
1 1190 49563
1 1191 46999
1 1192 9287
1 1193 93428
1 1194 11740
1 1195 73960
1 1196 85740
1 1197 78277
1 1198 86814
1 1199 95230
1 1200 19548
1 1201 62280
1 1202 57358
1 1203 33066
1 1204 8298
1 1205 86315
1 1206 48750
1 1207 9701
1 1208 31657
1 1209 39916
1 1210 25165
1 1211 34759
1 1212 5039
1 1213 66940
1 1214 38494
1 1215 83725
1 1216 71090
1 1217 13152
1 1218 51113
1 1219 91987
1 1220 91558
1 1221 49910
1 1222 52039
1 1223 63474
1 1224 41710
1 1225 71123
1 1226 40685
1 1227 21075
1 1228 84056
1 1229 2807
1 1230 77074
1 1231 24902
1 1232 92331
1 1233 64509
1 1234 37301
1 1235 23506
1 1236 7410
1 1237 10208
1 1238 70208
1 1239 95283
1 1240 68753
1 1241 13122
1 1242 49155
1 1243 23254
1 1244 63122
1 1245 45457
1 1246 41010
1 1247 24732
1 1248 36383
1 1249 58213
1 1250 5342
1 1251 85229
1 1252 36053
1 1253 90646
1 1254 22594
1 1255 13861
1 1256 8449
1 1257 72920
1 1258 59082
1 1259 99221
1 1260 73174
1 1261 17529
1 1262 87518
1 1263 34517
1 1264 75159
1 1265 14866
1 1266 71695
1 1267 23301
1 1268 54862
1 1269 5897
1 1270 23332
1 1271 38619
1 1272 12698
1 1273 36140
1 1274 41056
1 1275 10246
1 1276 97988
1 1277 64889
1 1278 27216
1 1279 781
1 1280 54141
1 1281 98293
1 1282 19598
1 1283 20433
1 1284 53818
1 1285 75439
1 1286 68690
1 1287 48135
1 1288 80309
1 1289 97311
1 1290 22675
1 1291 38501
1 1292 47751
1 1293 53457
1 1294 42458
1 1295 61607
1 1296 86164
1 1297 4922
1 1298 76439
1 1299 60883
1 1300 80655
1 1301 26980
1 1302 22344
1 1303 83459
1 1304 12931
1 1305 20599
1 1306 37193
1 1307 44101
1 1308 68643
1 1309 887
1 1310 72719
1 1311 93469
1 1312 82944
1 1313 19862
1 1314 70010
1 1315 85829
1 1316 90926
1 1317 65221
1 1318 28187
1 1319 84542
1 1320 93377
1 1321 77040
1 1322 22452
1 1323 44916
1 1324 75254
1 1325 24570
1 1326 71985
1 1327 57479
1 1328 35147
1 1329 93742
1 1330 25435
1 1331 3154
1 1332 60363
1 1333 55212
1 1334 11020
1 1335 34349
1 1336 39664
1 1337 93054
1 1338 96010
1 1339 66598
1 1340 96145
1 1341 64218
1 1342 91897
1 1343 59347
1 1344 49882
1 1345 50214
1 1346 57125
1 1347 87231
1 1348 53940
1 1349 97176
1 1350 85677
1 1351 65098
1 1352 49907
1 1353 9494
1 1354 51181
1 1355 62802
1 1356 8226
1 1357 3874
1 1358 99487
1 1359 68257
1 1360 64528
1 1361 87584
1 1362 3426
1 1363 27489
1 1364 55755
1 1365 64120
1 1366 2628
1 1367 72084
1 1368 47921
1 1369 84890
1 1370 30791
1 1371 3423
1 1372 41343
1 1373 52890
1 1374 74807
1 1375 89019
1 1376 43779
1 1377 66715
1 1378 11434
1 1379 84279
1 1380 78380
1 1381 45225
1 1382 51747
1 1383 9913
1 1384 14102
1 1385 65392
1 1386 63009
1 1387 15535
1 1388 37741
1 1389 88904
1 1390 23971
1 1391 10551
1 1392 32798
1 1393 95651
1 1394 93764
1 1395 54403
1 1396 92808
1 1397 84048
1 1398 96978
1 1399 56381
1 1400 94812
1 1401 5910
1 1402 11892
1 1403 46711
1 1404 93760
1 1405 70693
1 1406 45312
1 1407 49759
1 1408 95090
1 1409 45018
1 1410 9662
1 1411 82563
1 1412 45453
1 1413 46732
1 1414 2386
1 1415 65500
1 1416 93042
1 1417 65983
1 1418 53292
1 1419 1596
1 1420 84283
1 1421 45750
1 1422 90513
1 1423 88656
1 1424 26070
1 1425 93387
1 1426 8599
1 1427 39234
1 1428 84968
1 1429 9463
1 1430 86758
1 1431 73598
1 1432 65976
1 1433 71068
1 1434 24506
1 1435 20152
1 1436 34756
1 1437 71396
1 1438 28315
1 1439 78993
1 1440 31692
1 1441 76485
1 1442 13962
1 1443 83113
1 1444 4111
1 1445 8294
1 1446 22245
1 1447 544
1 1448 70834
1 1449 1328
1 1450 14552
1 1451 94513
1 1452 77738
1 1453 94171
1 1454 91621
1 1455 41926
1 1456 2046
1 1457 81359
1 1458 65735
1 1459 55497
1 1460 11535
1 1461 65518
1 1462 48072
1 1463 69481
1 1464 21487
1 1465 70113
1 1466 85676
1 1467 71367
1 1468 1850
1 1469 39052
1 1470 4121
1 1471 78954
1 1472 30280
1 1473 55934
1 1474 90819
1 1475 31122
1 1476 94072
1 1477 28013
1 1478 30529
1 1479 85447
1 1480 67946
1 1481 55267
1 1482 8763
1 1483 7771
1 1484 32091
1 1485 71838
1 1486 42004
1 1487 40435
1 1488 39949
1 1489 85488
1 1490 74992
1 1491 14831
1 1492 77295
1 1493 11270
1 1494 97553
1 1495 71154
1 1496 22801
1 1497 59365
1 1498 86605
1 1499 47278
1 1500 69842
1 1501 3883
1 1502 89742
1 1503 93711
1 1504 69775
1 1505 35524
1 1506 33022
1 1507 60375
1 1508 32662
1 1509 44386
1 1510 11074
1 1511 2439
1 1512 74750
1 1513 89468
1 1514 61300
1 1515 45659
1 1516 43327
1 1517 76640
1 1518 38501
1 1519 75525
1 1520 41233
1 1521 4725
1 1522 84007
1 1523 60074
1 1524 77408
1 1525 43501
1 1526 59695
1 1527 4171
1 1528 10110
1 1529 16710
1 1530 57323
1 1531 16113
1 1532 95061
1 1533 98873
1 1534 47757
1 1535 54134
1 1536 77680
1 1537 25116
1 1538 45451
1 1539 74792
1 1540 82519
1 1541 84547
1 1542 75436
1 1543 79463
1 1544 25173
1 1545 8698
1 1546 54053
1 1547 3027
1 1548 72673
1 1549 49032
1 1550 82122
1 1551 48470
1 1552 62811
1 1553 98585
1 1554 30697
1 1555 83789
1 1556 24384
1 1557 19601
1 1558 98764
1 1559 72454
1 1560 20446
1 1561 62208
1 1562 10816
1 1563 11028
1 1564 33319
1 1565 71701
1 1566 37682
1 1567 4826
1 1568 29716
1 1569 48809
1 1570 33858
1 1571 76254
1 1572 18023
1 1573 83182
1 1574 4331
1 1575 63347
1 1576 75711
1 1577 35932
1 1578 13824
1 1579 83470
1 1580 55459
1 1581 95980
1 1582 38298
1 1583 53974
1 1584 95897
1 1585 75695
1 1586 44652
1 1587 73846
1 1588 21435
1 1589 38985
1 1590 70192
1 1591 49721
1 1592 14387
1 1593 77730
1 1594 77441
1 1595 17027
1 1596 90563
1 1597 62041
1 1598 73070
1 1599 56236
1 1600 43994
1 1601 24528
1 1602 3895
1 1603 6162
1 1604 51644
1 1605 50221
1 1606 63859
1 1607 87575
1 1608 29479
1 1609 52719
1 1610 22761
1 1611 48553
1 1612 65428
1 1613 44565
1 1614 80316
1 1615 67962
1 1616 76741
1 1617 71096
1 1618 40522
1 1619 11606
1 1620 507
1 1621 9250
1 1622 25776
1 1623 37589
1 1624 41206
1 1625 10278
1 1626 3876
1 1627 83653
1 1628 32362
1 1629 7995
1 1630 66168
1 1631 65492
1 1632 52928
1 1633 27029
1 1634 4220
1 1635 67357
1 1636 53547
1 1637 98426
1 1638 19490
1 1639 67118
1 1640 90875
1 1641 91066
1 1642 93730
1 1643 37603
1 1644 93949
1 1645 88757
1 1646 10528
1 1647 79495
1 1648 24979
1 1649 76888
1 1650 23400
1 1651 47
1 1652 15231
1 1653 52278
1 1654 23786
1 1655 39499
1 1656 49289
1 1657 86237
1 1658 83128
1 1659 40378
1 1660 62618
1 1661 73830
1 1662 70067
1 1663 9578
1 1664 75277
1 1665 105
1 1666 59861
1 1667 37250
1 1668 80906
1 1669 5410
1 1670 30373
1 1671 95809
1 1672 24787
1 1673 22146
1 1674 54742
1 1675 52852
1 1676 80050
1 1677 75324
1 1678 83025
1 1679 45964
1 1680 73387
1 1681 12763
1 1682 15994
1 1683 82541
1 1684 6654
1 1685 90298
1 1686 16821
1 1687 26788
1 1688 95396
1 1689 11451
1 1690 47344
1 1691 7630
1 1692 43307
1 1693 92290
1 1694 18670
1 1695 73906
1 1696 42877
1 1697 34715
1 1698 8588
1 1699 50082
1 1700 91380
1 1701 53343
1 1702 25692
1 1703 55399
1 1704 51301
1 1705 53663
1 1706 10705
1 1707 22669
1 1708 44035
1 1709 94881
1 1710 12817
1 1711 29725
1 1712 26089
1 1713 32490
1 1714 85271
1 1715 9642
1 1716 84352
1 1717 57663
1 1718 27129
1 1719 81290
1 1720 57311
1 1721 26367
1 1722 26579
1 1723 21547
1 1724 88657
1 1725 91442
1 1726 32206
1 1727 62839
1 1728 92732
1 1729 27384
1 1730 57304
1 1731 78901
1 1732 94705
1 1733 79281
1 1734 89143
1 1735 71622
1 1736 25452
1 1737 54016
1 1738 42904
1 1739 21252
1 1740 69295
1 1741 4010
1 1742 59800
1 1743 73528
1 1744 5323
1 1745 10866
1 1746 87662
1 1747 98788
1 1748 43567
1 1749 34506
1 1750 62609
1 1751 21364
1 1752 70117
1 1753 69328
1 1754 24003
1 1755 3957
1 1756 88125
1 1757 37696
1 1758 68346
1 1759 83572
1 1760 95866
1 1761 60381
1 1762 38556
1 1763 90571
1 1764 5280
1 1765 12450
1 1766 2186
1 1767 10697
1 1768 59108
1 1769 93032
1 1770 59590
1 1771 77521
1 1772 51819
1 1773 86729
1 1774 27373
1 1775 58373
1 1776 40573
1 1777 52537
1 1778 65267
1 1779 34350
1 1780 56738
1 1781 22908
1 1782 43645
1 1783 98434
1 1784 83437
1 1785 49279
1 1786 12068
1 1787 13030
1 1788 679
1 1789 58655
1 1790 10297
1 1791 33683
1 1792 93069
1 1793 67593
1 1794 56410
1 1795 47975
1 1796 99981
1 1797 25243
1 1798 17635
1 1799 13108
1 1800 44474
1 1801 10734
1 1802 28333
1 1803 46346
1 1804 38808
1 1805 85464
1 1806 49964
1 1807 82664
1 1808 43081
1 1809 57844
1 1810 18462
1 1811 45468
1 1812 12193
1 1813 12080
1 1814 28589
1 1815 35688
1 1816 60365
1 1817 96150
1 1818 33924
1 1819 19771
1 1820 23791
1 1821 48452
1 1822 52980
1 1823 17657
1 1824 80305
1 1825 20874
1 1826 45643
1 1827 38531
1 1828 67579
1 1829 98855
1 1830 81710
1 1831 94773
1 1832 48353
1 1833 51609
1 1834 46483
1 1835 50433
1 1836 78478
1 1837 79660
1 1838 19772
1 1839 53827
1 1840 95223
1 1841 8138
1 1842 86044
1 1843 98031
1 1844 37979
1 1845 75451
1 1846 20629
1 1847 66113
1 1848 39364
1 1849 79445
1 1850 89045
1 1851 16741
1 1852 56459
1 1853 17831
1 1854 97296
1 1855 17681
1 1856 36122
1 1857 68776
1 1858 88973
1 1859 34122
1 1860 34344
1 1861 1941
1 1862 72979
1 1863 21052
1 1864 26659
1 1865 524
1 1866 57077
1 1867 99909
1 1868 7613
1 1869 51281
1 1870 37073
1 1871 98793
1 1872 15806
1 1873 782
1 1874 81229
1 1875 67461
1 1876 95049
1 1877 18390
1 1878 6639
1 1879 76878
1 1880 89965
1 1881 64229
1 1882 45736
1 1883 42708
1 1884 58923
1 1885 95331
1 1886 48090
1 1887 59437
1 1888 89671
1 1889 36583
1 1890 89285
1 1891 42098
1 1892 95488
1 1893 15192
1 1894 56457
1 1895 15207
1 1896 1768
1 1897 38604
1 1898 93473
1 1899 54333
1 1900 41705
1 1901 96609
1 1902 46931
1 1903 81180
1 1904 42749
1 1905 15723
1 1906 74912
1 1907 86098
1 1908 82739
1 1909 22430
1 1910 95288
1 1911 32178
1 1912 82871
1 1913 60358
1 1914 12874
1 1915 75814
1 1916 56663
1 1917 24098
1 1918 43953
1 1919 63498
1 1920 6291
1 1921 50351
1 1922 10159
1 1923 7562
1 1924 73040
1 1925 3966
1 1926 1746
1 1927 32944
1 1928 49242
1 1929 51535
1 1930 8851
1 1931 21669
1 1932 92183
1 1933 55760
1 1934 8597
1 1935 12918
1 1936 43838
1 1937 3382
1 1938 67860
1 1939 88939
1 1940 86405
1 1941 29289
1 1942 74575
1 1943 42547
1 1944 30691
1 1945 2950
1 1946 93191
1 1947 10718
1 1948 67436
1 1949 68555
1 1950 77267
1 1951 92330
1 1952 28905
1 1953 72580
1 1954 93011
1 1955 94969
1 1956 23690
1 1957 97594
1 1958 11128
1 1959 9464
1 1960 51207
1 1961 53433
1 1962 17181
1 1963 6288
1 1964 55739
1 1965 94679
1 1966 54434
1 1967 49640
1 1968 2603
1 1969 72748
1 1970 48562
1 1971 32583
1 1972 91685
1 1973 70582
1 1974 65465
1 1975 3468
1 1976 30094
1 1977 16794
1 1978 45098
1 1979 66040
1 1980 45974
1 1981 59325
1 1982 87496
1 1983 92117
1 1984 96021
1 1985 91911
1 1986 67677
1 1987 81010
1 1988 98426
1 1989 96981
1 1990 98073
1 1991 95008
1 1992 9825
1 1993 76647
1 1994 59822
1 1995 20420
1 1996 25187
1 1997 56910
1 1998 4545
1 1999 56355
1 2000 97618
1 2001 82855
1 2002 88350
1 2003 89780
1 2004 78289
1 2005 29210
1 2006 99183
1 2007 80787
1 2008 86200
1 2009 57933
1 2010 79546
1 2011 74956
1 2012 19768
1 2013 32073
1 2014 33196
1 2015 14847
1 2016 72912
1 2017 29624
1 2018 77116
1 2019 75902
1 2020 66050
1 2021 49807
1 2022 5571
1 2023 81754
1 2024 73139
1 2025 23976
1 2026 66298
1 2027 9197
1 2028 16183
1 2029 59349
1 2030 96456
1 2031 15429
1 2032 35746
1 2033 96724
1 2034 6725
1 2035 28177
1 2036 44387
1 2037 82325
1 2038 70560
1 2039 17144
1 2040 16557
1 2041 12468
1 2042 39957
1 2043 82197
1 2044 72634
1 2045 49460
1 2046 13062
1 2047 80894
1 2048 25249
1 2049 6947
1 2050 20615
1 2051 1320
1 2052 66984
1 2053 33838
1 2054 33198
1 2055 40153
1 2056 66926
1 2057 40984
1 2058 5389
1 2059 32819
1 2060 69146
1 2061 88065
1 2062 82498
1 2063 84629
1 2064 17704
1 2065 19494
1 2066 11840
1 2067 49403
1 2068 68329
1 2069 91437
1 2070 91567
1 2071 47200
1 2072 999
1 2073 5342
1 2074 16981
1 2075 37205
1 2076 55334
1 2077 74697
1 2078 26153
1 2079 35105
1 2080 78078
1 2081 46543
1 2082 69138
1 2083 51100
1 2084 39995
1 2085 59051
1 2086 23074
1 2087 2095
1 2088 15522
1 2089 26750
1 2090 61809
1 2091 99044
1 2092 13887
1 2093 94633
1 2094 49068
1 2095 24940
1 2096 22138
1 2097 9090
1 2098 23390
1 2099 40270
1 2100 99225
1 2101 20186
1 2102 34311
1 2103 31578
1 2104 42910
1 2105 60056
1 2106 63920
1 2107 81249
1 2108 34090
1 2109 48213
1 2110 23073
1 2111 88172
1 2112 16365
1 2113 76280
1 2114 66264
1 2115 2946
1 2116 9259
1 2117 14935
1 2118 70012
1 2119 28656
1 2120 25690
1 2121 34408
1 2122 14004
1 2123 46541
1 2124 6094
1 2125 56493
1 2126 6035
1 2127 7054
1 2128 90453
1 2129 91274
1 2130 57572
1 2131 39360
1 2132 55266
1 2133 41527
1 2134 21182
1 2135 91470
1 2136 71005
1 2137 30209
1 2138 56348
1 2139 6047
1 2140 43230
1 2141 62579
1 2142 39625
1 2143 1944
1 2144 99081
1 2145 51358
1 2146 5493
1 2147 63954
1 2148 44571
1 2149 30665
1 2150 86527
1 2151 54259
1 2152 48407
1 2153 50750
1 2154 87828
1 2155 65272
1 2156 23911
1 2157 97896
1 2158 67935
1 2159 74798
1 2160 71570
1 2161 34962
1 2162 77036
1 2163 31292
1 2164 33666
1 2165 28603
1 2166 52887
1 2167 39610
1 2168 19375
1 2169 17023
1 2170 17819
1 2171 82764
1 2172 77019
1 2173 8214
1 2174 16329
1 2175 47446
1 2176 2548
1 2177 59442
1 2178 37591
1 2179 85641
1 2180 55533
1 2181 8003
1 2182 22545
1 2183 98693
1 2184 60657
1 2185 17641
1 2186 13316
1 2187 49907
1 2188 87424
1 2189 10188
1 2190 68687
1 2191 64464
1 2192 11277
1 2193 62436
1 2194 59706
1 2195 61587
1 2196 8827
1 2197 68152
1 2198 79754
1 2199 30175
1 2200 38797
1 2201 86873
1 2202 77801
1 2203 36179
1 2204 57690
1 2205 67799
1 2206 37403
1 2207 7802
1 2208 70857
1 2209 97334
1 2210 13015
1 2211 17812
1 2212 29515
1 2213 40105
1 2214 50438
1 2215 53699
1 2216 22269
1 2217 86757
1 2218 13563
1 2219 40607
1 2220 37717
1 2221 98917
1 2222 89808
1 2223 48066
1 2224 40732
1 2225 9053
1 2226 89844
1 2227 55062
1 2228 86458
1 2229 77176
1 2230 99717
1 2231 22311
1 2232 29930
1 2233 8600
1 2234 59010
1 2235 89189
1 2236 60356
1 2237 11272
1 2238 33327
1 2239 77879
1 2240 81224
1 2241 57038
1 2242 38687
1 2243 21045
1 2244 64828
1 2245 4843
1 2246 23750
1 2247 37371
1 2248 6688
1 2249 87205
1 2250 87710
1 2251 38227
1 2252 44673
1 2253 11344
1 2254 17626
1 2255 26570
1 2256 62542
1 2257 35933
1 2258 54478
1 2259 89732
1 2260 86822
1 2261 89140
1 2262 53952
1 2263 76406
1 2264 84407
1 2265 74123
1 2266 87809
1 2267 75634
1 2268 47542
1 2269 54584
1 2270 2788
1 2271 4297
1 2272 34044
1 2273 98722
1 2274 24155
1 2275 92977
1 2276 11929
1 2277 2042
1 2278 77908
1 2279 46316
1 2280 68535
1 2281 13067
1 2282 20945
1 2283 13998
1 2284 19697
1 2285 66645
1 2286 20237
1 2287 88714
1 2288 69395
1 2289 51301
1 2290 90710
1 2291 52041
1 2292 70343
1 2293 91309
1 2294 87313
1 2295 84460
1 2296 64309
1 2297 79047
1 2298 32572
1 2299 61436
1 2300 3056
1 2301 42672
1 2302 50965
1 2303 11030
1 2304 81031
1 2305 89105
1 2306 59437
1 2307 67401
1 2308 85470
1 2309 37047
1 2310 55972
1 2311 21456
1 2312 69898
1 2313 9590
1 2314 40521
1 2315 32028
1 2316 1515
1 2317 56725
1 2318 42007
1 2319 58511
1 2320 6932
1 2321 68466
1 2322 17567
1 2323 32884
1 2324 92543
1 2325 1074
1 2326 36438
1 2327 83578
1 2328 6511
1 2329 17208
1 2330 15680
1 2331 62004
1 2332 67600
1 2333 99828
1 2334 82830
1 2335 18625
1 2336 28026
1 2337 17814
1 2338 63398
1 2339 32529
1 2340 53481
1 2341 97541
1 2342 12390
1 2343 36649
1 2344 66246
1 2345 39589
1 2346 84044
1 2347 16747
1 2348 1415
1 2349 11775
1 2350 98750
1 2351 21915
1 2352 30576
1 2353 82598
1 2354 80671
1 2355 17323
1 2356 62403
1 2357 33951
1 2358 37328
1 2359 27544
1 2360 66053
1 2361 45400
1 2362 40159
1 2363 22632
1 2364 57315
1 2365 18873
1 2366 10385
1 2367 16229
1 2368 89885
1 2369 71393
1 2370 2297
1 2371 67545
1 2372 10344
1 2373 91085
1 2374 80368
1 2375 17182
1 2376 56894
1 2377 82331
1 2378 86548
1 2379 88495
1 2380 47366
1 2381 80175
1 2382 41384
1 2383 92259
1 2384 33535
1 2385 27582
1 2386 63489
1 2387 85958
1 2388 5809
1 2389 37888
1 2390 14997
1 2391 51980
1 2392 13135
1 2393 98325
1 2394 62992
1 2395 545
1 2396 33038
1 2397 19874
1 2398 62983
1 2399 63139
1 2400 4169
1 2401 4545
1 2402 83030
1 2403 49241
1 2404 30676
1 2405 26673
1 2406 39558
1 2407 75631
1 2408 16813
1 2409 12055
1 2410 44901
1 2411 53610
1 2412 12656
1 2413 87243
1 2414 17505
1 2415 35785
1 2416 97129
1 2417 12439
1 2418 37099
1 2419 58941
1 2420 40533
1 2421 32178
1 2422 20764
1 2423 39115
1 2424 859
1 2425 16260
1 2426 775
1 2427 79775
1 2428 84135
1 2429 61434
1 2430 30699
1 2431 19777
1 2432 44775
1 2433 15234
1 2434 60746
1 2435 11575
1 2436 46106
1 2437 19312
1 2438 38632
1 2439 51197
1 2440 70615
1 2441 21411
1 2442 11771
1 2443 9835
1 2444 38618
1 2445 31394
1 2446 6063
1 2447 79655
1 2448 31806
1 2449 86506
1 2450 9477
1 2451 43915
1 2452 43118
1 2453 54227
1 2454 31184
1 2455 41355
1 2456 26640
1 2457 5022
1 2458 36081
1 2459 16749
1 2460 80886
1 2461 41774
1 2462 50409
1 2463 99199
1 2464 11448
1 2465 25929
1 2466 4283
1 2467 12923
1 2468 69138
1 2469 73855
1 2470 17705
1 2471 38291
1 2472 87875
1 2473 16830
1 2474 10606
1 2475 691
1 2476 12749
1 2477 5885
1 2478 88077
1 2479 38719
1 2480 75365
1 2481 9073
1 2482 87109
1 2483 18909
1 2484 10175
1 2485 46403
1 2486 92117
1 2487 88185
1 2488 95080
1 2489 14158
1 2490 22276
1 2491 52040
1 2492 77339
1 2493 30954
1 2494 82728
1 2495 56235
1 2496 59690
1 2497 23870
1 2498 99886
1 2499 73443
1 2500 15154
1 2501 83196
1 2502 55197
1 2503 21408
1 2504 77979
1 2505 1408
1 2506 83380
1 2507 19190
1 2508 94262
1 2509 31705
1 2510 74151
1 2511 33849
1 2512 50408
1 2513 24984
1 2514 75800
1 2515 78162
1 2516 50479
1 2517 54098
1 2518 23572
1 2519 77559
1 2520 30441
1 2521 56447
1 2522 23726
1 2523 99623
1 2524 27130
1 2525 97989
1 2526 83320
1 2527 77861
1 2528 60754
1 2529 77554
1 2530 40882
1 2531 5044
1 2532 88926
1 2533 27286
1 2534 87916
1 2535 87818
1 2536 17242
1 2537 48676
1 2538 16240
1 2539 31597
1 2540 55596
1 2541 71509
1 2542 84796
1 2543 11560
1 2544 89364
1 2545 25358
1 2546 88780
1 2547 45336
1 2548 6558
1 2549 45554
1 2550 87773
1 2551 59467
1 2552 58907
1 2553 92758
1 2554 26315
1 2555 24060
1 2556 44553
1 2557 28528
1 2558 14766
1 2559 12505
1 2560 31366
1 2561 52618
1 2562 54017
1 2563 89744
1 2564 42604
1 2565 24042
1 2566 22051
1 2567 25345
1 2568 43219
1 2569 23799
1 2570 62631
1 2571 90454
1 2572 76650
1 2573 4254
1 2574 7032
1 2575 67776
1 2576 38188
1 2577 13419
1 2578 94418
1 2579 55530
1 2580 90458
1 2581 73035
1 2582 98053
1 2583 19533
1 2584 24702
1 2585 22222
1 2586 27133
1 2587 90343
1 2588 46050
1 2589 67918
1 2590 5250
1 2591 50141
1 2592 27185
1 2593 70038
1 2594 33750
1 2595 58556
1 2596 28315
1 2597 45126
1 2598 13513
1 2599 40654
1 2600 4162
1 2601 63431
1 2602 18428
1 2603 75321
1 2604 42786
1 2605 90027
1 2606 39306
1 2607 93061
1 2608 91605
1 2609 23587
1 2610 63289
1 2611 96370
1 2612 53988
1 2613 89158
1 2614 22364
1 2615 86162
1 2616 55340
1 2617 53458
1 2618 57704
1 2619 26195
1 2620 98953
1 2621 9148
1 2622 22312
1 2623 74524
1 2624 23803
1 2625 67124
1 2626 12240
1 2627 94363
1 2628 33526
1 2629 13478
1 2630 16849
1 2631 29662
1 2632 55075
1 2633 82136
1 2634 84891
1 2635 7242
1 2636 62424
1 2637 34059
1 2638 48240
1 2639 30758
1 2640 48986
1 2641 95794
1 2642 27214
1 2643 86703
1 2644 2048
1 2645 86726
1 2646 50177
1 2647 87661
1 2648 38489
1 2649 30514
1 2650 49677
1 2651 6456
1 2652 94377
1 2653 65108
1 2654 24299
1 2655 94433
1 2656 44630
1 2657 14847
1 2658 42087
1 2659 98527
1 2660 95708
1 2661 61994
1 2662 79466
1 2663 77165
1 2664 36522
1 2665 91397
1 2666 99429
1 2667 56696
1 2668 36805
1 2669 35704
1 2670 42678
1 2671 43274
1 2672 42689
1 2673 28607
1 2674 55242
1 2675 79951
1 2676 1604
1 2677 10270
1 2678 3457
1 2679 78069
1 2680 8983
1 2681 8113
1 2682 50767
1 2683 94828
1 2684 49930
1 2685 80749
1 2686 57551
1 2687 40157
1 2688 89082
1 2689 2141
1 2690 27258
1 2691 29031
1 2692 46476
1 2693 88985
1 2694 91753
1 2695 2086
1 2696 50054
1 2697 25831
1 2698 33967
1 2699 27988
1 2700 7061
1 2701 24578
1 2702 87560
1 2703 44684
1 2704 16050
1 2705 26186
1 2706 93899
1 2707 84415
1 2708 38608
1 2709 27251
1 2710 40829
1 2711 38769
1 2712 3242
1 2713 44504
1 2714 81103
1 2715 15882
1 2716 54842
1 2717 64152
1 2718 20847
1 2719 38687
1 2720 29646
1 2721 85513
1 2722 13500
1 2723 20973
1 2724 89616
1 2725 54336
1 2726 66265
1 2727 41775
1 2728 99918
1 2729 50929
1 2730 38675
1 2731 37745
1 2732 24976
1 2733 19074
1 2734 93890
1 2735 9421
1 2736 50578
1 2737 83932
1 2738 56838
1 2739 67384
1 2740 94054
1 2741 130
1 2742 75003
1 2743 30238
1 2744 99555
1 2745 78568
1 2746 61001
1 2747 35352
1 2748 36187
1 2749 52118
1 2750 15004
1 2751 92716
1 2752 43017
1 2753 56462
1 2754 21150
1 2755 60091
1 2756 65212
1 2757 64790
1 2758 4139
1 2759 91914
1 2760 50777
1 2761 31159
1 2762 31254
1 2763 54381
1 2764 30696
1 2765 87968
1 2766 28417
1 2767 28179
1 2768 14040
1 2769 75184
1 2770 70382
1 2771 51786
1 2772 41436
1 2773 3796
1 2774 68309
1 2775 6000
1 2776 77613
1 2777 45119
1 2778 53830
1 2779 58360
1 2780 45536
1 2781 20160
1 2782 37359
1 2783 18163
1 2784 2243
1 2785 91080
1 2786 16455
1 2787 41704
1 2788 65220
1 2789 12231
1 2790 64198
1 2791 87913
1 2792 95726
1 2793 73715
1 2794 23181
1 2795 40223
1 2796 39404
1 2797 2364
1 2798 40610
1 2799 28433
1 2800 65529
1 2801 48963
1 2802 91267
1 2803 25297
1 2804 41607
1 2805 96936
1 2806 72121
1 2807 53248
1 2808 32640
1 2809 27203
1 2810 76763
1 2811 15839
1 2812 99132
1 2813 34065
1 2814 93810
1 2815 24474
1 2816 45044
1 2817 50220
1 2818 24242
1 2819 4979
1 2820 5796
1 2821 84715
1 2822 68763
1 2823 54280
1 2824 45406
1 2825 76086
1 2826 44103
1 2827 54313
1 2828 16495
1 2829 33983
1 2830 25412
1 2831 12280
1 2832 71158
1 2833 48128
1 2834 64253
1 2835 40224
1 2836 44362
1 2837 16270
1 2838 51408
1 2839 4413
1 2840 56044
1 2841 43308
1 2842 71138
1 2843 56507
1 2844 47761
1 2845 16228
1 2846 42767
1 2847 93660
1 2848 3816
1 2849 39113
1 2850 62582
1 2851 7406
1 2852 94641
1 2853 71586
1 2854 3607
1 2855 30192
1 2856 40351
1 2857 38069
1 2858 48134
1 2859 23427
1 2860 41153
1 2861 54442
1 2862 86312
1 2863 80813
1 2864 52157
1 2865 93177
1 2866 81566
1 2867 62058
1 2868 80082
1 2869 86051
1 2870 46831
1 2871 9891
1 2872 62377
1 2873 90056
1 2874 64179
1 2875 19851
1 2876 83706
1 2877 19927
1 2878 63811
1 2879 42153
1 2880 64918
1 2881 7342
1 2882 74111
1 2883 56929
1 2884 22808
1 2885 31091
1 2886 38009
1 2887 86314
1 2888 24701
1 2889 9967
1 2890 76809
1 2891 25162
1 2892 59236
1 2893 45660
1 2894 54434
1 2895 97350
1 2896 10903
1 2897 75748
1 2898 58063
1 2899 12262
1 2900 5532
1 2901 25737
1 2902 85603
1 2903 20098
1 2904 90470
1 2905 28012
1 2906 9444
1 2907 53174
1 2908 8393
1 2909 35783
1 2910 44679
1 2911 81039
1 2912 2574
1 2913 26989
1 2914 31738
1 2915 81980
1 2916 9019
1 2917 81617
1 2918 58280
1 2919 31070
1 2920 21195
1 2921 47278
1 2922 59569
1 2923 9165
1 2924 16254
1 2925 59317
1 2926 37656
1 2927 50833
1 2928 89142
1 2929 20895
1 2930 94703
1 2931 8750
1 2932 41776
1 2933 66620
1 2934 60408
1 2935 76618
1 2936 7808
1 2937 53448
1 2938 95486
1 2939 9005
1 2940 83984
1 2941 49752
1 2942 95006
1 2943 23443
1 2944 79019
1 2945 17184
1 2946 61093
1 2947 92547
1 2948 11079
1 2949 5213
1 2950 37148
1 2951 50855
1 2952 23124
1 2953 8998
1 2954 97801
1 2955 98796
1 2956 99570
1 2957 44966
1 2958 35896
1 2959 39859
1 2960 56060
1 2961 19857
1 2962 39275
1 2963 66583
1 2964 93678
1 2965 86391
1 2966 31069
1 2967 32634
1 2968 87210
1 2969 23149
1 2970 65032
1 2971 65383
1 2972 70072
1 2973 11591
1 2974 89298
1 2975 59279
1 2976 22245
1 2977 18406
1 2978 42443
1 2979 69512
1 2980 9966
1 2981 6490
1 2982 38013
1 2983 11029
1 2984 88719
1 2985 9325
1 2986 81401
1 2987 77698
1 2988 68457
1 2989 56291
1 2990 20681
1 2991 33184
1 2992 10409
1 2993 90858
1 2994 9918
1 2995 46002
1 2996 56681
1 2997 37062
1 2998 22764
1 2999 47533
1 3000 62314
