3000 858
1 2 51625
1 3 28801
1 4 85825
3 5 92506
5 6 76389
4 7 74801
3 8 49889
6 9 81981
9 10 73122
6 11 98666
7 12 48264
10 13 86199
9 14 77174
11 15 92983
12 16 38359
12 17 2875
14 18 82080
17 19 30126
17 20 70287
16 21 29611
18 22 19495
18 23 14945
20 24 55019
22 25 99095
23 26 36217
22 27 15237
24 28 60966
24 29 94405
27 30 201
29 31 56173
29 32 35781
28 33 69675
32 34 34742
32 35 63313
32 36 22417
32 37 47659
37 38 51490
37 39 3053
36 40 14521
38 41 68644
41 42 83534
42 43 81290
41 44 47301
43 45 95012
41 46 94790
45 47 39921
44 48 55483
46 49 78407
45 50 57029
48 51 89229
51 52 25774
49 53 75135
50 54 66690
52 55 2800
51 56 87654
52 57 72164
56 58 93057
56 59 49159
55 60 69381
59 61 86259
57 62 97784
61 63 40151
63 64 7310
60 65 86298
63 66 91446
62 67 47213
67 68 22747
67 69 23058
65 70 94489
69 71 29951
69 72 53844
72 73 96982
72 74 26071
70 75 63898
73 76 84650
76 77 55315
75 78 29148
75 79 35969
77 80 51420
76 81 12341
79 82 83193
81 83 15418
80 84 91570
80 85 95156
83 86 88530
84 87 88685
85 88 29654
85 89 95557
85 90 49246
87 91 95931
87 92 17893
89 93 31619
90 94 32203
94 95 51541
92 96 44857
92 97 14102
97 98 65296
97 99 36053
98 100 72190
98 101 39778
101 102 54401
100 103 69781
103 104 51551
104 105 70355
101 106 72478
104 107 76374
106 108 64494
107 109 69080
108 110 38849
109 111 95610
109 112 79123
112 113 62717
109 114 61438
112 115 97247
114 116 59443
115 117 71106
114 118 28433
115 119 80941
116 120 43633
118 121 14618
120 122 41242
118 123 67408
121 124 62441
122 125 25277
122 126 56158
124 127 98844
125 128 37892
127 129 13599
126 130 51504
130 131 32296
127 132 40282
130 133 73398
130 134 5477
130 135 61514
133 136 95227
136 137 41118
136 138 94633
138 139 76324
139 140 41843
139 141 51979
139 142 48239
141 143 97887
143 144 76430
140 145 33577
144 146 83056
144 147 34222
146 148 33811
148 149 15544
149 150 73538
147 151 92927
149 152 63898
152 153 97347
152 154 78371
153 155 64762
155 156 62351
156 157 40603
155 158 84383
156 159 94053
158 160 36766
158 161 17392
161 162 40921
161 163 25670
160 164 82225
162 165 22798
161 166 62866
165 167 4597
167 168 93686
164 169 17363
166 170 74935
168 171 68516
169 172 15721
168 173 82839
172 174 64905
172 175 76281
174 176 99454
172 177 28082
176 178 43405
178 179 58426
175 180 17247
180 181 34040
180 182 26377
179 183 95955
179 184 72962
184 185 26985
183 186 89231
186 187 59874
184 188 74704
186 189 69403
188 190 33478
188 191 32544
189 192 28251
190 193 29215
192 194 28341
194 195 22632
194 196 84529
195 197 60479
193 198 58179
195 199 11966
198 200 65280
198 201 1072
197 202 68109
198 203 25658
200 204 76885
202 205 74228
205 206 68811
202 207 83614
203 208 77250
206 209 4104
205 210 34893
210 211 52029
209 212 55843
209 213 24417
210 214 65219
213 215 24642
213 216 64325
214 217 72843
216 218 85379
217 219 82689
217 220 26065
216 221 86448
221 222 10045
221 223 25077
223 224 58924
222 225 72805
222 226 30550
222 227 5099
227 228 64770
226 229 1619
227 230 4175
226 231 84815
228 232 94284
229 233 17076
230 234 61908
233 235 74256
234 236 40573
235 237 25628
234 238 41170
234 239 41422
236 240 6226
238 241 25057
237 242 83839
241 243 21652
240 244 76187
241 245 96686
244 246 6735
245 247 28674
244 248 69278
247 249 92116
249 250 32893
247 251 62048
247 252 90459
252 253 57089
249 254 3405
253 255 84803
253 256 70316
253 257 18901
257 258 45286
254 259 23545
255 260 62378
259 261 78265
259 262 58310
258 263 31966
259 264 96175
264 265 32012
264 266 7915
263 267 82645
264 268 98437
265 269 34264
265 270 78663
270 271 53699
271 272 46386
271 273 86896
269 274 3603
270 275 60226
272 276 75752
274 277 99444
273 278 65819
278 279 68845
278 280 23868
278 281 15844
277 282 33146
281 283 87
283 284 41513
282 285 3143
283 286 82023
284 287 18870
285 288 42947
288 289 67932
287 290 81174
286 291 2686
291 292 75441
291 293 98401
293 294 14613
293 295 73760
295 296 64753
295 297 95022
297 298 31456
295 299 59082
299 300 61824
300 301 38320
298 302 11578
299 303 79337
303 304 785
304 305 71112
303 306 63305
305 307 26153
305 308 13679
308 309 38361
307 310 62551
310 311 73305
310 312 1575
308 313 20984
311 314 52919
312 315 32025
311 316 74128
314 317 52218
316 318 69163
314 319 64204
318 320 21550
318 321 14088
317 322 91157
318 323 70099
323 324 47670
322 325 61998
322 326 3821
325 327 20469
324 328 26719
325 329 53254
328 330 64162
329 331 98889
330 332 72057
330 333 35076
329 334 91735
334 335 60174
332 336 93721
333 337 34740
336 338 22718
336 339 37126
337 340 36067
339 341 2781
339 342 64307
339 343 73696
341 344 83316
340 345 82069
345 346 5244
346 347 80470
346 348 19944
344 349 22756
348 350 45159
348 351 10633
350 352 56664
348 353 20608
353 354 50550
353 355 62157
353 356 49677
355 357 75153
357 358 4062
357 359 48165
358 360 60008
356 361 32981
361 362 55345
361 363 85892
362 364 1159
362 365 30403
363 366 95984
362 367 71610
363 368 63429
367 369 40192
365 370 622
370 371 88553
370 372 58770
369 373 70896
372 374 69889
370 375 27209
372 376 19158
373 377 20879
376 378 82386
375 379 66771
378 380 87627
379 381 36966
377 382 26807
378 383 45376
383 384 12341
380 385 90248
385 386 11614
385 387 48014
387 388 92495
386 389 42652
389 390 1943
388 391 64397
390 392 32327
392 393 45497
389 394 26242
391 395 70797
392 396 18324
395 397 32775
394 398 12498
396 399 43393
399 400 83684
400 401 36589
397 402 58902
400 403 26714
401 404 61846
402 405 41598
404 406 90217
404 407 52065
404 408 35273
407 409 51905
406 410 54631
407 411 49611
410 412 37950
408 413 6801
413 414 72676
410 415 64615
414 416 62951
416 417 10967
414 418 99456
417 419 90938
415 420 75399
419 421 97616
418 422 67473
418 423 28205
420 424 4259
423 425 58045
422 426 71089
424 427 65741
425 428 34473
426 429 14901
426 430 99285
428 431 79546
431 432 93059
431 433 65018
429 434 18543
430 435 30870
434 436 86055
436 437 54451
435 438 72280
438 439 99634
435 440 3229
437 441 11307
439 442 85340
439 443 50537
439 444 85623
443 445 18276
445 446 60123
444 447 54897
445 448 56453
448 449 7185
449 450 85595
447 451 10566
451 452 11409
448 453 1047
451 454 87742
451 455 94
454 456 52748
456 457 78135
453 458 57717
454 459 28741
455 460 61008
460 461 49111
459 462 22176
458 463 15820
460 464 6348
463 465 67203
461 466 98357
466 467 55851
467 468 68733
468 469 39802
468 470 96070
466 471 60438
469 472 38469
469 473 12321
473 474 92016
470 475 94662
474 476 33365
472 477 73826
474 478 97606
477 479 41800
478 480 74535
476 481 93536
479 482 17983
480 483 43387
483 484 32221
482 485 3851
483 486 16448
482 487 69440
484 488 60615
486 489 48828
488 490 9296
489 491 39278
488 492 75845
488 493 81236
489 494 25329
492 495 21974
495 496 70018
493 497 66462
495 498 11411
494 499 7611
496 500 40862
497 501 64132
501 502 44467
501 503 81332
502 504 48933
503 505 33817
502 506 43436
504 507 48476
503 508 44939
507 509 21329
509 510 32109
506 511 41853
507 512 11431
510 513 12812
509 514 67350
511 515 95302
515 516 44784
514 517 56623
517 518 15096
518 519 37585
518 520 34013
517 521 77478
521 522 70781
520 523 87244
519 524 43630
523 525 8538
525 526 66697
525 527 38785
524 528 82260
526 529 11697
529 530 70249
528 531 46626
527 532 93686
531 533 23732
531 534 59491
533 535 97446
532 536 10320
535 537 45922
536 538 97632
537 539 59445
536 540 70854
538 541 50584
538 542 85429
540 543 39148
542 544 43810
540 545 55879
543 546 42812
546 547 19816
547 548 74214
544 549 27684
545 550 36954
549 551 51540
551 552 61482
548 553 39218
553 554 57828
551 555 59591
551 556 48322
553 557 74823
557 558 281
557 559 7835
556 560 86606
556 561 99691
559 562 52787
558 563 50909
562 564 97608
562 565 88241
563 566 72571
563 567 83193
565 568 39373
564 569 12588
569 570 36695
567 571 2008
571 572 17902
569 573 82168
572 574 15465
570 575 75509
571 576 46848
572 577 86012
576 578 6438
576 579 54965
578 580 6922
576 581 33579
579 582 65170
582 583 20789
582 584 32704
581 585 27322
582 586 38475
582 587 80636
586 588 372
588 589 17282
585 590 15368
589 591 91192
591 592 83210
589 593 43416
592 594 10582
593 595 77842
591 596 75512
596 597 86182
597 598 98160
598 599 26968
596 600 61127
599 601 83217
599 602 95213
600 603 90805
602 604 93678
600 605 29249
601 606 17614
603 607 72992
607 608 18338
604 609 58018
605 610 27192
609 611 8990
610 612 8966
611 613 70103
612 614 93741
614 615 17605
614 616 86491
614 617 53257
617 618 32046
617 619 89655
618 620 62746
620 621 57368
618 622 9644
621 623 57915
619 624 17682
621 625 90864
621 626 36337
625 627 96779
627 628 84513
625 629 76695
626 630 18876
628 631 48782
629 632 52739
631 633 29768
633 634 23994
631 635 4828
632 636 88593
636 637 9931
636 638 77060
637 639 75401
638 640 90357
639 641 46546
639 642 88698
640 643 73190
642 644 38168
640 645 86513
644 646 98580
645 647 25137
647 648 66440
645 649 6701
646 650 52182
646 651 44876
651 652 227
648 653 30199
650 654 55049
652 655 77659
653 656 34175
656 657 49769
657 658 17650
654 659 36778
657 660 62445
656 661 330
661 662 17752
660 663 56671
660 664 6561
664 665 45211
665 666 59597
663 667 20538
665 668 45970
668 669 89507
669 670 53612
669 671 46611
667 672 4351
669 673 7302
673 674 47650
673 675 86034
675 676 33359
672 677 76589
673 678 9517
676 679 15198
675 680 7498
680 681 9829
678 682 49486
678 683 85215
680 684 94368
680 685 7953
682 686 44055
685 687 63045
687 688 50923
685 689 55485
685 690 80065
689 691 48190
688 692 10839
690 693 6279
689 694 15860
691 695 18418
692 696 36043
695 697 88040
693 698 92407
694 699 72915
698 700 62937
698 701 56102
701 702 52912
699 703 42453
702 704 86799
703 705 60472
705 706 60236
705 707 31000
704 708 93018
708 709 97925
707 710 27475
709 711 10809
710 712 35736
712 713 90212
709 714 9983
710 715 65754
713 716 61335
712 717 88382
714 718 45634
718 719 75771
715 720 15193
717 721 3863
718 722 2699
719 723 20533
723 724 31279
721 725 55431
724 726 28241
725 727 6569
724 728 33036
726 729 13384
725 730 1595
730 731 35745
727 732 32203
730 733 35653
729 734 27103
731 735 99838
734 736 39599
735 737 44199
733 738 76953
735 739 62434
738 740 77140
737 741 66990
741 742 63661
740 743 93238
741 744 30486
741 745 99209
744 746 41105
744 747 29112
745 748 89355
748 749 43724
748 750 94333
748 751 33792
750 752 5119
752 753 44556
753 754 67982
752 755 1514
753 756 34411
752 757 69476
753 758 35879
758 759 13254
756 760 70833
758 761 76988
761 762 78697
761 763 46645
763 764 77247
760 765 44645
762 766 26918
764 767 26517
767 768 65220
765 769 12608
768 770 91790
769 771 9159
769 772 51941
769 773 9017
770 774 27270
772 775 77236
773 776 81697
774 777 27118
774 778 37891
777 779 44341
777 780 41068
778 781 30153
779 782 62603
779 783 67835
782 784 53855
784 785 91097
783 786 20077
783 787 21597
783 788 76519
788 789 41984
785 790 27205
790 791 53478
791 792 84930
788 793 53483
790 794 26799
793 795 56228
794 796 96289
793 797 75350
796 798 55599
796 799 37860
795 800 81622
800 801 10127
797 802 96579
801 803 86774
802 804 40594
804 805 26190
805 806 14536
804 807 41929
804 808 8172
804 809 62585
807 810 69091
806 811 13533
808 812 20306
809 813 38161
810 814 57748
813 815 98126
815 816 39826
814 817 79895
816 818 49017
815 819 49542
818 820 79956
817 821 74875
819 822 950
819 823 33071
823 824 76695
821 825 18877
825 826 63906
826 827 23363
824 828 6846
826 829 65812
826 830 48471
828 831 81120
831 832 61103
830 833 92257
831 834 70147
831 835 88652
835 836 68202
832 837 84440
835 838 85744
838 839 72826
837 840 80347
836 841 25498
838 842 70988
842 843 55128
841 844 72731
843 845 39233
845 846 56930
843 847 707
844 848 83291
844 849 63698
846 850 29706
846 851 72949
848 852 38774
852 853 72954
849 854 14975
851 855 1075
854 856 81882
855 857 53467
857 858 36642
855 859 52292
858 860 30147
857 861 42602
859 862 44546
859 863 42194
859 864 59771
861 865 41020
865 866 77499
865 867 52727
866 868 24174
867 869 11293
867 870 43618
868 871 90062
868 872 16772
869 873 99184
871 874 93659
874 875 57099
875 876 47689
876 877 25197
876 878 35374
877 879 65837
878 880 63267
876 881 8418
878 882 89545
882 883 98047
879 884 56324
881 885 72943
885 886 12807
886 887 11590
885 888 22983
885 889 10020
888 890 20302
888 891 47734
891 892 68184
890 893 35590
893 894 8930
893 895 71493
895 896 12445
892 897 97095
894 898 91423
895 899 75179
899 900 21256
899 901 36716
901 902 16091
899 903 42797
902 904 62898
902 905 78020
901 906 56735
903 907 33358
906 908 84731
907 909 54380
906 910 82493
910 911 17656
910 912 30223
911 913 13764
913 914 9071
912 915 69023
913 916 5451
913 917 51967
916 918 47813
916 919 26085
916 920 30285
920 921 29496
921 922 15696
921 923 95661
920 924 63089
924 925 707
925 926 58236
924 927 45704
927 928 23819
925 929 57363
925 930 87905
926 931 91496
928 932 32860
929 933 42370
933 934 76479
933 935 36652
932 936 22067
932 937 24939
936 938 42180
936 939 85526
937 940 91675
936 941 23677
937 942 66782
938 943 49474
941 944 73874
944 945 87555
943 946 88616
944 947 32201
946 948 3127
945 949 47838
947 950 42332
948 951 47612
947 952 69147
951 953 87950
949 954 28311
950 955 26829
952 956 51177
955 957 32235
953 958 35532
956 959 8442
955 960 43060
958 961 8956
958 962 91353
962 963 68918
960 964 79487
960 965 8108
962 966 77347
963 967 51765
963 968 66147
968 969 19483
965 970 1911
970 971 84416
968 972 68421
970 973 70518
969 974 88720
973 975 81706
975 976 57783
974 977 95517
974 978 77983
977 979 69843
978 980 996
978 981 56256
977 982 66583
979 983 96762
980 984 86061
983 985 90662
983 986 71005
985 987 50806
987 988 9030
986 989 13515
989 990 9960
988 991 90739
989 992 52823
988 993 43607
990 994 39726
993 995 4456
994 996 29088
993 997 16204
993 998 88058
995 999 71902
996 1000 838
998 1001 49522
1001 1002 13911
1000 1003 7563
1003 1004 46695
1002 1005 131
1005 1006 6483
1006 1007 32996
1004 1008 20475
1007 1009 23291
1008 1010 65747
1010 1011 26648
1010 1012 6602
1008 1013 48848
1012 1014 39053
1012 1015 20463
1015 1016 21548
1013 1017 10305
1017 1018 90257
1014 1019 60379
1015 1020 97996
1020 1021 65358
1017 1022 60463
1018 1023 3884
1022 1024 78272
1020 1025 88973
1021 1026 83131
1022 1027 76049
1025 1028 66052
1028 1029 97330
1025 1030 70413
1026 1031 22546
1027 1032 52763
1028 1033 82350
1029 1034 91696
1034 1035 7642
1032 1036 63591
1032 1037 49245
1035 1038 26613
1036 1039 87011
1037 1040 56694
1036 1041 68059
1037 1042 79624
1038 1043 71076
1041 1044 28564
1043 1045 88732
1045 1046 46490
1042 1047 14241
1046 1048 25698
1047 1049 80620
1047 1050 92984
1047 1051 55664
1051 1052 19603
1048 1053 87382
1052 1054 56385
1050 1055 65865
1053 1056 89816
1055 1057 15802
1055 1058 17406
1054 1059 77992
1059 1060 15499
1060 1061 8609
1058 1062 74132
1061 1063 42595
1061 1064 99599
1062 1065 90590
1062 1066 38778
1064 1067 40344
1067 1068 55000
1064 1069 14063
1068 1070 94540
1067 1071 25279
1069 1072 72792
1069 1073 35270
1073 1074 67437
1070 1075 80425
1075 1076 38773
1075 1077 8829
1076 1078 92101
1076 1079 15091
1075 1080 28128
1080 1081 54792
1081 1082 48678
1081 1083 80292
1079 1084 87087
1082 1085 98927
1082 1086 17368
1083 1087 82973
1085 1088 99460
1088 1089 27962
1088 1090 5135
1086 1091 70113
1090 1092 25401
1089 1093 56589
1092 1094 65593
1094 1095 80933
1092 1096 90532
1093 1097 58218
1094 1098 40656
1096 1099 69589
1096 1100 47464
1098 1101 26237
1099 1102 29158
1102 1103 61869
1102 1104 52367
1101 1105 59895
1103 1106 90899
1105 1107 73188
1105 1108 90339
1105 1109 1020
1106 1110 69024
1108 1111 84054
1107 1112 10169
1109 1113 78661
1111 1114 44309
1114 1115 85177
1114 1116 93131
1114 1117 85052
1115 1118 36507
1114 1119 41054
1115 1120 22680
1119 1121 59815
1117 1122 79842
1118 1123 837
1123 1124 82031
1121 1125 49472
1122 1126 47722
1125 1127 55207
1125 1128 12164
1126 1129 95120
1129 1130 62672
1128 1131 59436
1131 1132 98518
1128 1133 28336
1133 1134 78815
1130 1135 64554
1133 1136 7942
1134 1137 75954
1134 1138 54648
1137 1139 51443
1137 1140 81752
1140 1141 17870
1139 1142 922
1138 1143 69296
1141 1144 48864
1142 1145 78918
1141 1146 92679
1143 1147 30042
1145 1148 5353
1144 1149 59143
1145 1150 97966
1146 1151 69547
1151 1152 71074
1150 1153 26737
1150 1154 71148
1153 1155 54246
1153 1156 50671
1154 1157 55785
1155 1158 74061
1158 1159 80613
1156 1160 25857
1159 1161 93477
1159 1162 65724
1161 1163 47611
1162 1164 36095
1163 1165 96768
1162 1166 13321
1164 1167 42594
1166 1168 78438
1165 1169 1853
1165 1170 90153
1170 1171 41901
1171 1172 76651
1169 1173 50811
1169 1174 20768
1170 1175 27653
1175 1176 57964
1174 1177 85013
1174 1178 73075
1175 1179 77185
1177 1180 77049
1179 1181 27336
1180 1182 78612
1179 1183 97304
1180 1184 78977
1184 1185 7171
1185 1186 72047
1186 1187 21600
1183 1188 85773
1185 1189 14496
1189 1190 45440
1188 1191 50909
1191 1192 79977
1189 1193 80142
1192 1194 12798
1190 1195 49346
1194 1196 59481
1192 1197 57516
1195 1198 77497
1196 1199 88330
1195 1200 43301
1197 1201 3094
1200 1202 98061
1198 1203 50132
1203 1204 3181
1202 1205 24511
1202 1206 45907
1202 1207 50004
1206 1208 15684
1208 1209 83885
1205 1210 29194
1207 1211 80399
1211 1212 6567
1210 1213 31715
1211 1214 4574
1210 1215 946
1213 1216 1115
1216 1217 96306
1217 1218 50829
1215 1219 97833
1218 1220 76257
1219 1221 3927
1219 1222 85081
1222 1223 27591
1220 1224 72510
1221 1225 99960
1224 1226 74926
1226 1227 8034
1224 1228 80395
1228 1229 97813
1226 1230 21620
1230 1231 70733
1227 1232 58758
1231 1233 29620
1232 1234 92856
1234 1235 24438
1231 1236 86955
1235 1237 32468
1235 1238 54470
1234 1239 73817
1239 1240 40993
1237 1241 23453
1239 1242 75160
1241 1243 30178
1242 1244 67823
1244 1245 18658
1243 1246 50404
1245 1247 41330
1244 1248 30851
1248 1249 72975
1248 1250 93596
1250 1251 60096
1247 1252 93099
1248 1253 98407
1249 1254 19233
1252 1255 84709
1255 1256 88440
1253 1257 14454
1253 1258 15564
1257 1259 11661
1259 1260 61024
1259 1261 83336
1257 1262 24169
1260 1263 30172
1262 1264 4702
1264 1265 71164
1264 1266 63142
1263 1267 1115
1263 1268 56822
1264 1269 82047
1265 1270 70232
1267 1271 72624
1267 1272 2047
1270 1273 11261
1272 1274 33555
1272 1275 9101
1275 1276 21469
1275 1277 82421
1277 1278 22278
1276 1279 78327
1279 1280 4988
1278 1281 97964
1281 1282 38334
1282 1283 59314
1279 1284 79076
1283 1285 56741
1281 1286 5502
1283 1287 26830
1284 1288 90452
1285 1289 61587
1288 1290 19712
1286 1291 69748
1290 1292 60342
1291 1293 76943
1289 1294 45748
1290 1295 75187
1294 1296 3303
1295 1297 4209
1297 1298 92375
1296 1299 10485
1299 1300 47357
1300 1301 34559
1297 1302 88593
1301 1303 97345
1303 1304 20257
1300 1305 76975
1304 1306 29433
1303 1307 48690
1307 1308 2693
1308 1309 64911
1309 1310 26196
1309 1311 14115
1309 1312 7617
1310 1313 76921
1311 1314 92980
1312 1315 35678
1314 1316 54491
1314 1317 88254
1316 1318 64127
1315 1319 15847
1316 1320 54765
1316 1321 3421
1318 1322 68645
1320 1323 13501
1322 1324 51176
1321 1325 49568
1322 1326 28584
1324 1327 12881
1323 1328 72770
1324 1329 31738
1329 1330 15364
1328 1331 2432
1328 1332 62424
1332 1333 23040
1330 1334 92141
1334 1335 5694
1331 1336 94499
1332 1337 14781
1334 1338 44906
1338 1339 70546
1339 1340 23916
1336 1341 18450
1337 1342 88692
1342 1343 82236
1343 1344 97021
1342 1345 86951
1341 1346 32129
1342 1347 95822
1344 1348 16583
1344 1349 83589
1347 1350 73103
1350 1351 23315
1350 1352 36849
1349 1353 11017
1352 1354 66820
1351 1355 29875
1354 1356 36173
1352 1357 93287
1355 1358 64600
1355 1359 63319
1357 1360 34923
1357 1361 893
1358 1362 54222
1361 1363 29879
1359 1364 68994
1363 1365 83939
1364 1366 75104
1366 1367 53340
1364 1368 85223
1364 1369 37647
1366 1370 57429
1369 1371 16584
1367 1372 39256
1372 1373 15334
1370 1374 1158
1370 1375 60049
1372 1376 68382
1372 1377 61352
1375 1378 73219
1376 1379 26037
1379 1380 77401
1378 1381 59433
1377 1382 95805
1378 1383 23430
1382 1384 12751
1383 1385 51872
1384 1386 37065
1382 1387 68833
1385 1388 3009
1387 1389 31249
1389 1390 87939
1386 1391 19532
1390 1392 49764
1391 1393 75118
1389 1394 18508
1392 1395 77846
1395 1396 17646
1393 1397 12026
1393 1398 5856
1397 1399 2132
1398 1400 63976
1398 1401 42061
1397 1402 20657
1400 1403 47177
1399 1404 58543
1404 1405 80813
1403 1406 62663
1404 1407 20080
1404 1408 65550
1405 1409 18661
1405 1410 47837
1409 1411 16510
1407 1412 17753
1410 1413 9537
1411 1414 14649
1410 1415 22720
1412 1416 45194
1416 1417 42769
1414 1418 1445
1417 1419 11679
1419 1420 22213
1418 1421 96692
1418 1422 87542
1418 1423 79821
1420 1424 35661
1424 1425 60096
1422 1426 67287
1424 1427 97975
1427 1428 35281
1427 1429 70003
1425 1430 98814
1428 1431 75325
1431 1432 31284
1432 1433 27602
1430 1434 1232
1434 1435 64636
1432 1436 14439
1436 1437 14313
1437 1438 36955
1435 1439 2481
1437 1440 96091
1436 1441 63831
1441 1442 97555
1442 1443 77813
1442 1444 7900
1442 1445 69353
1445 1446 9914
1445 1447 58054
1445 1448 21017
1448 1449 3529
1448 1450 83969
1447 1451 48671
1447 1452 24315
1448 1453 36957
1452 1454 10947
1453 1455 64266
1455 1456 54933
1454 1457 89565
1454 1458 80448
1458 1459 96578
1456 1460 82051
1456 1461 42299
1457 1462 80347
1460 1463 63996
1460 1464 55329
1463 1465 64495
1462 1466 60290
1465 1467 90067
1463 1468 63667
1464 1469 93221
1469 1470 94744
1469 1471 67793
1467 1472 2467
1470 1473 13663
1470 1474 50838
1472 1475 12764
1475 1476 74968
1472 1477 92088
1475 1478 21448
1477 1479 8813
1476 1480 9213
1477 1481 97754
1479 1482 84546
1478 1483 60437
1480 1484 45612
1484 1485 44815
1485 1486 67781
1483 1487 94093
1487 1488 96741
1485 1489 167
1485 1490 99033
1489 1491 74981
1489 1492 22362
1491 1493 88575
1492 1494 72023
1493 1495 26879
1493 1496 673
1495 1497 90964
1494 1498 33119
1497 1499 60746
1498 1500 34250
1500 1501 39348
1498 1502 94939
1498 1503 52709
1502 1504 29559
1501 1505 29384
1502 1506 86547
1504 1507 69461
1507 1508 26003
1508 1509 1057
1508 1510 21151
1510 1511 5794
1509 1512 79617
1508 1513 78381
1512 1514 83765
1514 1515 55129
1511 1516 241
1516 1517 33428
1516 1518 19212
1517 1519 73619
1516 1520 21358
1518 1521 79393
1521 1522 89126
1521 1523 39722
1523 1524 1175
1520 1525 60687
1524 1526 9810
1526 1527 95380
1523 1528 83160
1524 1529 123
1527 1530 38484
1529 1531 78533
1527 1532 35623
1531 1533 23223
1531 1534 18398
1531 1535 63817
1533 1536 91760
1532 1537 64826
1537 1538 26552
1534 1539 60138
1538 1540 56338
1539 1541 38671
1538 1542 78176
1538 1543 837
1543 1544 83142
1544 1545 21158
1541 1546 64221
1542 1547 90172
1547 1548 8051
1545 1549 59893
1547 1550 21464
1546 1551 69509
1551 1552 4553
1548 1553 2684
1549 1554 90763
1551 1555 50826
1554 1556 96377
1554 1557 71176
1556 1558 32229
1558 1559 88105
1559 1560 81762
1560 1561 56958
1561 1562 23039
1560 1563 65737
1562 1564 77236
1560 1565 20301
1563 1566 9571
1565 1567 87260
1567 1568 49270
1567 1569 43478
1568 1570 1804
1569 1571 82663
1569 1572 79356
1569 1573 97483
1572 1574 71273
1574 1575 84334
1575 1576 82662
1574 1577 22918
1575 1578 65098
1577 1579 70453
1579 1580 85646
1579 1581 76440
1579 1582 19401
1582 1583 17545
1579 1584 38587
1581 1585 90893
1583 1586 64051
1583 1587 64738
1585 1588 15122
1584 1589 94437
1587 1590 4260
1590 1591 80772
1591 1592 56767
1591 1593 89678
1591 1594 91241
1592 1595 82037
1592 1596 96439
1592 1597 23577
1597 1598 41382
1595 1599 65367
1595 1600 22196
1598 1601 99547
1597 1602 23094
1600 1603 17156
1603 1604 7354
1604 1605 90175
1603 1606 51761
1604 1607 37640
1603 1608 26309
1606 1609 81425
1605 1610 27664
1607 1611 31547
1610 1612 92326
1609 1613 94156
1613 1614 16129
1614 1615 64780
1611 1616 64959
1612 1617 68743
1615 1618 87895
1617 1619 36624
1619 1620 97511
1618 1621 51940
1620 1622 73107
1618 1623 50836
1619 1624 93308
1620 1625 90080
1621 1626 21668
1625 1627 78274
1626 1628 28900
1624 1629 55316
1625 1630 12351
1628 1631 95097
1628 1632 61426
1630 1633 54506
1629 1634 92329
1634 1635 51489
1632 1636 65915
1634 1637 38148
1635 1638 73512
1635 1639 818
1638 1640 95268
1637 1641 21890
1639 1642 71821
1640 1643 85472
1641 1644 24034
1644 1645 90124
1641 1646 36517
1643 1647 2340
1646 1648 62416
1646 1649 74341
1645 1650 91094
1647 1651 95416
1651 1652 29069
1652 1653 32631
1650 1654 75891
1652 1655 54464
1655 1656 55388
1652 1657 18727
1654 1658 1969
1658 1659 39133
1655 1660 61488
1658 1661 20534
1661 1662 44485
1660 1663 34538
1662 1664 42110
1663 1665 28564
1663 1666 18860
1663 1667 40899
1666 1668 17914
1668 1669 19284
1665 1670 34034
1669 1671 50907
1671 1672 11224
1669 1673 85122
1671 1674 48891
1671 1675 33430
1674 1676 49665
1673 1677 25750
1676 1678 64777
1677 1679 19530
1676 1680 17924
1677 1681 57087
1677 1682 89421
1678 1683 27593
1680 1684 24279
1684 1685 48097
1685 1686 37177
1683 1687 88180
1684 1688 39653
1686 1689 20743
1687 1690 50795
1690 1691 6500
1689 1692 50939
1690 1693 89407
1693 1694 25970
1694 1695 88446
1693 1696 43187
1692 1697 6284
1693 1698 81171
1697 1699 51111
1698 1700 50432
1700 1701 67423
1699 1702 51660
1700 1703 11144
1702 1704 53870
1701 1705 294
1704 1706 30628
1705 1707 53313
1705 1708 9961
1707 1709 16939
1709 1710 32330
1707 1711 87630
1711 1712 82335
1708 1713 36298
1712 1714 92316
1710 1715 98824
1715 1716 65397
1713 1717 94268
1714 1718 35856
1714 1719 4486
1719 1720 34179
1717 1721 73107
1719 1722 58407
1720 1723 73909
1722 1724 57608
1720 1725 75199
1722 1726 46082
1724 1727 42642
1725 1728 63164
1725 1729 85753
1727 1730 77855
1726 1731 91063
1731 1732 74212
1728 1733 397
1729 1734 79758
1732 1735 5358
1732 1736 10371
1732 1737 17559
1734 1738 25033
1737 1739 37591
1737 1740 46603
1737 1741 77141
1738 1742 71032
1742 1743 36194
1739 1744 35719
1743 1745 97944
1743 1746 99569
1745 1747 98013
1747 1748 30046
1746 1749 86819
1745 1750 24463
1747 1751 8166
1750 1752 79272
1748 1753 47833
1750 1754 26826
1753 1755 93505
1751 1756 82079
1755 1757 57082
1753 1758 25640
1757 1759 20997
1757 1760 41851
1758 1761 55332
1757 1762 82445
1762 1763 36687
1762 1764 92662
1760 1765 65295
1761 1766 18478
1764 1767 13587
1763 1768 96558
1764 1769 12104
1766 1770 54754
1770 1771 76362
1767 1772 86488
1771 1773 85956
1769 1774 53260
1770 1775 19825
1773 1776 75494
1773 1777 14103
1775 1778 5700
1778 1779 70735
1778 1780 52940
1780 1781 80676
1778 1782 92109
1782 1783 8550
1783 1784 80179
1784 1785 97501
1785 1786 62932
1786 1787 91852
1787 1788 16248
1787 1789 78730
1786 1790 18806
1786 1791 16170
1788 1792 82153
1789 1793 65336
1789 1794 47420
1791 1795 29065
1792 1796 66476
1796 1797 76452
1795 1798 41985
1794 1799 13266
1795 1800 82589
1798 1801 39564
1801 1802 2100
1799 1803 69222
1799 1804 56762
1802 1805 90626
1803 1806 80293
1803 1807 93526
1804 1808 55678
1804 1809 93229
1809 1810 86254
1809 1811 20447
1807 1812 71305
1809 1813 22909
1810 1814 60370
1811 1815 25181
1815 1816 21189
1812 1817 75682
1813 1818 65203
1815 1819 41029
1818 1820 92077
1818 1821 45817
1820 1822 17293
1820 1823 31223
1822 1824 73313
1824 1825 91777
1825 1826 40958
1824 1827 79283
1823 1828 33324
1825 1829 11094
1825 1830 45092
1829 1831 80415
1828 1832 37270
1831 1833 27206
1829 1834 21811
1834 1835 51480
1834 1836 30652
1835 1837 84029
1834 1838 16317
1838 1839 40326
1837 1840 28705
1839 1841 76602
1840 1842 89257
1840 1843 75312
1840 1844 93749
1842 1845 30391
1842 1846 53312
1846 1847 80226
1843 1848 26984
1848 1849 80625
1846 1850 10759
1850 1851 20139
1851 1852 35347
1851 1853 57390
1853 1854 30561
1850 1855 44552
1855 1856 60873
1855 1857 58027
1857 1858 71073
1855 1859 57281
1858 1860 93394
1856 1861 3109
1861 1862 69642
1859 1863 67001
1859 1864 85146
1860 1865 53197
1861 1866 56231
1865 1867 47070
1863 1868 36192
1865 1869 28085
1869 1870 76921
1869 1871 3439
1869 1872 81017
1872 1873 11090
1873 1874 55330
1870 1875 98144
1874 1876 40382
1874 1877 64811
1874 1878 17858
1874 1879 22614
1876 1880 69126
1880 1881 24197
1877 1882 6544
1882 1883 46102
1880 1884 21612
1880 1885 85942
1883 1886 49262
1886 1887 38601
1885 1888 58731
1888 1889 33835
1887 1890 74132
1886 1891 62388
1891 1892 6845
1892 1893 94765
1889 1894 3050
1893 1895 73294
1895 1896 5587
1895 1897 96179
1893 1898 56360
1894 1899 50223
1899 1900 91384
1898 1901 3484
1899 1902 35
1898 1903 70216
1900 1904 56244
1900 1905 95462
1905 1906 93803
1905 1907 24925
1906 1908 16719
1904 1909 40507
1907 1910 35615
1907 1911 93140
1909 1912 45940
1908 1913 71977
1911 1914 96813
1911 1915 2754
1912 1916 34724
1914 1917 1421
1915 1918 41412
1916 1919 13206
1917 1920 56284
1919 1921 23608
1921 1922 78346
1921 1923 26157
1919 1924 62983
1920 1925 24720
1925 1926 13083
1925 1927 15026
1925 1928 18913
1924 1929 28287
1925 1930 86882
1928 1931 92882
1927 1932 78825
1928 1933 40723
1932 1934 17368
1930 1935 51520
1932 1936 98971
1932 1937 73805
1933 1938 55609
1935 1939 51136
1938 1940 72172
1937 1941 23658
1941 1942 39742
1938 1943 34486
1941 1944 3846
1941 1945 87888
1942 1946 2871
1943 1947 86600
1946 1948 78835
1945 1949 42663
1946 1950 18508
1946 1951 51237
1950 1952 29569
1952 1953 81011
1952 1954 62504
1954 1955 22365
1953 1956 26488
1953 1957 82067
1953 1958 69725
1958 1959 62948
1955 1960 57556
1960 1961 66815
1958 1962 39105
1961 1963 70971
1959 1964 54700
1962 1965 40292
1964 1966 61427
1963 1967 30476
1967 1968 32408
1966 1969 57323
1965 1970 83550
1969 1971 19460
1969 1972 15065
1969 1973 6199
1973 1974 24891
1970 1975 85283
1971 1976 87186
1976 1977 66207
1973 1978 1749
1978 1979 67968
1975 1980 8458
1980 1981 71965
1978 1982 33519
1982 1983 2289
1982 1984 41264
1983 1985 57586
1983 1986 5438
1982 1987 78331
1987 1988 57488
1988 1989 39439
1986 1990 18369
1986 1991 93970
1990 1992 32872
1990 1993 72529
1992 1994 12728
1994 1995 53598
1991 1996 6091
1994 1997 82862
1993 1998 12900
1995 1999 36766
1995 2000 78004
2000 2001 24511
1999 2002 14587
2000 2003 71855
2000 2004 82789
2002 2005 87508
2005 2006 78532
2002 2007 61515
2003 2008 85783
2006 2009 79471
2009 2010 607
2008 2011 47275
2008 2012 24072
2009 2013 60285
2011 2014 66250
2014 2015 4144
2011 2016 52637
2016 2017 52988
2016 2018 96483
2017 2019 56081
2018 2020 86349
2018 2021 79674
2021 2022 91408
2019 2023 49792
2019 2024 71621
2020 2025 13108
2021 2026 91398
2026 2027 58537
2023 2028 70452
2024 2029 20109
2027 2030 40747
2026 2031 14433
2029 2032 6042
2031 2033 82277
2032 2034 62345
2034 2035 35090
2033 2036 32564
2034 2037 62815
2037 2038 88141
2037 2039 36229
2037 2040 46727
2036 2041 25947
2041 2042 94567
2039 2043 87181
2043 2044 77719
2041 2045 66332
2043 2046 70844
2042 2047 15714
2045 2048 73795
2044 2049 25845
2049 2050 89877
2050 2051 76799
2048 2052 66325
2049 2053 81298
2052 2054 78188
2052 2055 40266
2054 2056 95994
2052 2057 27934
2053 2058 94791
2057 2059 25920
2059 2060 86224
2057 2061 91577
2059 2062 39276
2058 2063 51304
2063 2064 22919
2062 2065 40609
2064 2066 3541
2065 2067 35835
2066 2068 70562
2068 2069 78321
2069 2070 39658
2069 2071 64760
2071 2072 85237
2068 2073 16686
2071 2074 80792
2070 2075 60633
2074 2076 74900
2073 2077 90067
2077 2078 59512
2078 2079 55833
2077 2080 28793
2077 2081 56772
2079 2082 49994
2081 2083 43842
2079 2084 58020
2083 2085 43104
2082 2086 10987
2085 2087 73016
2084 2088 5941
2086 2089 31893
2087 2090 14457
2088 2091 4691
2090 2092 41824
2088 2093 67063
2092 2094 73387
2092 2095 6326
2093 2096 32361
2094 2097 11457
2097 2098 80358
2098 2099 44126
2095 2100 85632
2099 2101 49583
2098 2102 57957
2098 2103 39193
2100 2104 42111
2103 2105 31976
2105 2106 50111
2104 2107 74888
2105 2108 30744
2105 2109 89695
2108 2110 60044
2108 2111 6842
2110 2112 94628
2111 2113 44927
2110 2114 4742
2110 2115 85051
2115 2116 42543
2116 2117 48046
2116 2118 44870
2116 2119 33551
2115 2120 12074
2118 2121 88293
2121 2122 38053
2122 2123 10349
2123 2124 34369
2122 2125 44653
2122 2126 30776
2124 2127 93567
2125 2128 15625
2128 2129 99764
2128 2130 49345
2128 2131 4703
2130 2132 32326
2128 2133 4502
2133 2134 26427
2131 2135 92136
2132 2136 30582
2135 2137 59307
2136 2138 55044
2137 2139 32837
2138 2140 16656
2140 2141 67897
2139 2142 65999
2140 2143 41350
2141 2144 16560
2143 2145 15286
2145 2146 59762
2142 2147 76681
2145 2148 73995
2145 2149 22433
2149 2150 81367
2149 2151 98460
2147 2152 74715
2150 2153 75385
2150 2154 56723
2151 2155 71331
2154 2156 36627
2156 2157 69397
2153 2158 43012
2154 2159 33282
2157 2160 50962
2158 2161 78334
2161 2162 41905
2159 2163 85425
2161 2164 96646
2160 2165 73070
2162 2166 14755
2165 2167 82025
2166 2168 36107
2166 2169 21505
2166 2170 316
2168 2171 21218
2167 2172 54377
2172 2173 99354
2172 2174 8751
2170 2175 93663
2171 2176 15022
2176 2177 77746
2176 2178 35208
2175 2179 46127
2175 2180 77409
2178 2181 83630
2181 2182 13452
2180 2183 26597
2179 2184 44859
2181 2185 8699
2185 2186 68535
2185 2187 11995
2183 2188 40546
2184 2189 34297
2185 2190 54412
2188 2191 76823
2189 2192 29155
2191 2193 22995
2190 2194 93782
2193 2195 73263
2193 2196 29276
2195 2197 31638
2193 2198 25497
2198 2199 75747
2197 2200 3192
2199 2201 1807
2197 2202 12280
2202 2203 93229
2202 2204 98204
2200 2205 55883
2205 2206 52677
2202 2207 1530
2204 2208 3335
2205 2209 12629
2209 2210 80748
2210 2211 70579
2209 2212 57821
2210 2213 92921
2212 2214 81666
2210 2215 6197
2212 2216 24777
2212 2217 58109
2214 2218 59585
2217 2219 88255
2215 2220 16497
2216 2221 88443
2217 2222 99066
2222 2223 52400
2223 2224 94056
2220 2225 86707
2222 2226 82618
2222 2227 7606
2225 2228 55040
2224 2229 67433
2225 2230 46558
2230 2231 33500
2228 2232 99443
2229 2233 74289
2233 2234 3135
2233 2235 67606
2233 2236 28081
2234 2237 67231
2237 2238 25556
2234 2239 50000
2238 2240 12602
2237 2241 16343
2239 2242 57764
2242 2243 86868
2242 2244 5823
2242 2245 19965
2245 2246 823
2246 2247 15025
2245 2248 20965
2246 2249 41644
2247 2250 47053
2250 2251 36318
2251 2252 74736
2252 2253 56137
2250 2254 16943
2250 2255 30166
2252 2256 3439
2256 2257 89056
2255 2258 23740
2256 2259 70796
2257 2260 19935
2257 2261 64283
2257 2262 45631
2258 2263 66118
2259 2264 39668
2263 2265 85910
2261 2266 37454
2266 2267 788
2266 2268 79473
2264 2269 52649
2267 2270 95052
2268 2271 44962
2271 2272 65058
2270 2273 48539
2269 2274 661
2272 2275 16759
2272 2276 50364
2272 2277 57818
2273 2278 29712
2277 2279 37665
2277 2280 37153
2276 2281 83955
2280 2282 80879
2280 2283 49891
2283 2284 70475
2282 2285 68872
2284 2286 69620
2285 2287 43569
2287 2288 31320
2288 2289 35405
2286 2290 23868
2290 2291 17611
2288 2292 87901
2288 2293 83748
2291 2294 68607
2294 2295 52913
2293 2296 50009
2293 2297 10963
2295 2298 69700
2296 2299 1367
2295 2300 32539
2298 2301 58885
2300 2302 75269
2302 2303 49111
2303 2304 93475
2302 2305 79576
2301 2306 26542
2306 2307 76031
2304 2308 33818
2307 2309 63990
2308 2310 99358
2310 2311 70344
2308 2312 33221
2310 2313 35245
2311 2314 61602
2311 2315 48658
2312 2316 85387
2313 2317 93678
2313 2318 69977
2315 2319 24741
2319 2320 95481
2316 2321 94723
2320 2322 48820
2318 2323 75232
2321 2324 91739
2320 2325 35187
2323 2326 40826
2322 2327 24585
2325 2328 49929
2325 2329 43016
2325 2330 95134
2326 2331 1793
2327 2332 47367
2328 2333 34597
2333 2334 48292
2330 2335 37234
2334 2336 26417
2334 2337 36785
2336 2338 59924
2336 2339 87957
2338 2340 61369
2338 2341 59236
2340 2342 1806
2339 2343 90056
2341 2344 27006
2344 2345 91695
2344 2346 67372
2344 2347 15729
2344 2348 93958
2344 2349 28209
2349 2350 1184
2350 2351 17912
2351 2352 3867
2350 2353 17306
2351 2354 6956
2354 2355 81555
2351 2356 77969
2352 2357 8468
2357 2358 83787
2355 2359 42254
2355 2360 5646
2356 2361 28028
2358 2362 94425
2360 2363 33709
2360 2364 39674
2360 2365 10493
2363 2366 25830
2365 2367 13124
2366 2368 34331
2368 2369 83573
2368 2370 96778
2370 2371 4100
2367 2372 53274
2368 2373 86041
2372 2374 28183
2371 2375 9462
2373 2376 84996
2375 2377 46881
2376 2378 21743
2378 2379 56360
2378 2380 62971
2380 2381 8665
2380 2382 95176
2381 2383 93789
2381 2384 31807
2382 2385 99285
2384 2386 5622
2383 2387 93279
2385 2388 89637
2386 2389 13722
2385 2390 36042
2389 2391 25743
2389 2392 97043
2390 2393 58127
2393 2394 40177
2392 2395 40010
2392 2396 12731
2395 2397 24191
2395 2398 20421
2396 2399 6071
2399 2400 306
2399 2401 54255
2401 2402 19894
2402 2403 21217
2400 2404 40460
2404 2405 47793
2403 2406 1425
2402 2407 63794
2406 2408 80230
2404 2409 55110
2405 2410 68940
2406 2411 78993
2407 2412 366
2412 2413 61856
2413 2414 64236
2411 2415 28419
2411 2416 4541
2416 2417 7828
2413 2418 55447
2414 2419 47095
2417 2420 4723
2417 2421 72118
2421 2422 99180
2419 2423 10549
2422 2424 55351
2420 2425 45308
2424 2426 48722
2426 2427 20732
2425 2428 24513
2424 2429 71730
2428 2430 48377
2426 2431 78760
2427 2432 82758
2431 2433 13068
2429 2434 88537
2432 2435 72594
2435 2436 66247
2436 2437 80421
2435 2438 7562
2437 2439 66562
2438 2440 43017
2438 2441 66966
2439 2442 86021
2440 2443 14752
2441 2444 44548
2442 2445 11437
2443 2446 49326
2446 2447 95669
2444 2448 75694
2448 2449 19950
2445 2450 41838
2449 2451 64771
2450 2452 8298
2451 2453 9276
2450 2454 43535
2454 2455 25350
2451 2456 32567
2455 2457 46744
2456 2458 80577
2456 2459 18419
2457 2460 42875
2460 2461 81228
2460 2462 72917
2459 2463 76265
2462 2464 26496
2460 2465 72285
2464 2466 44800
2466 2467 34391
2466 2468 90352
2466 2469 15573
2469 2470 40184
2469 2471 88345
2469 2472 91026
2471 2473 67790
2473 2474 28240
2472 2475 63873
2473 2476 2090
2476 2477 15000
2473 2478 55327
2477 2479 87170
2475 2480 25410
2478 2481 89723
2478 2482 34149
2478 2483 89025
2482 2484 46479
2482 2485 68043
2481 2486 39324
2486 2487 84021
2483 2488 84282
2488 2489 65792
2487 2490 47513
2487 2491 60566
2490 2492 17046
2488 2493 46749
2491 2494 57215
2490 2495 92520
2494 2496 55590
2496 2497 44644
2497 2498 9713
2497 2499 78888
2497 2500 61241
2500 2501 77004
2501 2502 97177
2500 2503 20355
2501 2504 66033
2504 2505 84121
2505 2506 12516
2505 2507 89619
2505 2508 56707
2506 2509 88700
2506 2510 55989
2506 2511 53374
2508 2512 86841
2509 2513 50370
2513 2514 88497
2511 2515 37418
2511 2516 82672
2515 2517 12758
2516 2518 95830
2516 2519 31824
2518 2520 92295
2518 2521 81135
2520 2522 12474
2521 2523 28591
2523 2524 15872
2522 2525 17259
2521 2526 71045
2526 2527 40238
2525 2528 80229
2528 2529 29791
2527 2530 70933
2528 2531 90553
2530 2532 22652
2532 2533 4372
2532 2534 56968
2530 2535 70558
2534 2536 16688
2533 2537 17865
2534 2538 905
2535 2539 47372
2538 2540 66442
2539 2541 32494
2540 2542 31791
2539 2543 94647
2540 2544 75852
2540 2545 79878
2545 2546 72044
2546 2547 76165
2546 2548 73455
2544 2549 11722
2546 2550 8312
2549 2551 97984
2551 2552 96647
2550 2553 24400
2552 2554 6051
2553 2555 94029
2551 2556 5163
2552 2557 59530
2556 2558 75471
2556 2559 28945
2557 2560 51338
2557 2561 1228
2557 2562 43218
2559 2563 22619
2559 2564 22780
2563 2565 86137
2563 2566 83043
2566 2567 46907
2567 2568 93679
2565 2569 53822
2565 2570 87146
2568 2571 65297
2571 2572 13574
2572 2573 86772
2572 2574 15859
2572 2575 98556
2571 2576 58782
2574 2577 17878
2577 2578 47915
2575 2579 41009
2579 2580 78919
2579 2581 64871
2577 2582 85406
2578 2583 13494
2581 2584 43879
2583 2585 29999
2582 2586 84439
2586 2587 99170
2585 2588 23641
2588 2589 18834
2587 2590 5228
2589 2591 75651
2587 2592 30286
2589 2593 23456
2592 2594 79851
2590 2595 76944
2594 2596 62688
2592 2597 51374
2595 2598 36728
2597 2599 11701
2597 2600 653
2600 2601 97037
2600 2602 88379
2600 2603 86765
2601 2604 50882
2601 2605 95008
2602 2606 11035
2602 2607 15365
2603 2608 614
2608 2609 11750
2607 2610 27174
2608 2611 70016
2607 2612 5679
2612 2613 21074
2610 2614 82421
2610 2615 20402
2613 2616 24458
2616 2617 75967
2615 2618 59683
2614 2619 11926
2615 2620 95011
2619 2621 73477
2617 2622 30013
2621 2623 5972
2620 2624 5380
2624 2625 64518
2622 2626 25142
2624 2627 99119
2623 2628 45079
2626 2629 6674
2626 2630 89083
2627 2631 19484
2629 2632 59994
2629 2633 50324
2633 2634 97093
2633 2635 36162
2634 2636 34490
2632 2637 21100
2634 2638 23836
2637 2639 99120
2639 2640 48033
2636 2641 96164
2638 2642 23916
2638 2643 56851
2640 2644 97804
2644 2645 38884
2642 2646 34998
2642 2647 89130
2645 2648 60132
2644 2649 50908
2646 2650 50060
2647 2651 64403
2648 2652 86150
2649 2653 22321
2653 2654 11116
2654 2655 51454
2653 2656 75624
2653 2657 74590
2657 2658 85035
2657 2659 29411
2657 2660 2098
2659 2661 87402
2659 2662 29874
2662 2663 96073
2662 2664 4526
2662 2665 38669
2662 2666 35702
2665 2667 91010
2665 2668 33777
2666 2669 62071
2669 2670 19103
2670 2671 97472
2668 2672 74803
2670 2673 55943
2673 2674 73856
2671 2675 29446
2671 2676 97176
2673 2677 39973
2676 2678 69021
2674 2679 15957
2675 2680 49800
2676 2681 79609
2681 2682 91394
2682 2683 3627
2680 2684 96285
2680 2685 19089
2682 2686 71201
2685 2687 90290
2684 2688 43072
2685 2689 37801
2685 2690 87490
2688 2691 35605
2690 2692 99092
2691 2693 9013
2689 2694 64518
2690 2695 17627
2694 2696 94931
2692 2697 34223
2695 2698 78158
2694 2699 82714
2695 2700 37545
2699 2701 30583
2697 2702 60171
2699 2703 10338
2703 2704 68780
2702 2705 93807
2705 2706 53537
2703 2707 65646
2706 2708 42932
2708 2709 88083
2705 2710 73680
2709 2711 76960
2709 2712 94878
2711 2713 13162
2711 2714 65885
2713 2715 28478
2711 2716 67515
2715 2717 81146
2714 2718 8185
2718 2719 33422
2719 2720 48486
2719 2721 83406
2720 2722 15249
2721 2723 99350
2723 2724 94569
2721 2725 26133
2723 2726 74215
2725 2727 49889
2727 2728 19922
2724 2729 81757
2727 2730 34971
2728 2731 90069
2731 2732 76737
2732 2733 26076
2731 2734 52087
2731 2735 1818
2734 2736 39031
2734 2737 44759
2734 2738 15758
2737 2739 19021
2736 2740 25466
2739 2741 66176
2739 2742 53539
2739 2743 97186
2741 2744 4440
2741 2745 83120
2743 2746 91629
2743 2747 90462
2745 2748 10418
2745 2749 4681
2748 2750 12004
2746 2751 22140
2749 2752 30243
2750 2753 40127
2751 2754 90561
2750 2755 62479
2751 2756 58350
2755 2757 58096
2755 2758 1686
2757 2759 52521
2758 2760 16464
2760 2761 92926
2758 2762 73683
2761 2763 30979
2761 2764 53499
2760 2765 26839
2764 2766 39359
2762 2767 61983
2765 2768 27436
2764 2769 25673
2765 2770 88519
2768 2771 31618
2768 2772 48702
2769 2773 11229
2773 2774 31903
2770 2775 22692
2773 2776 62414
2774 2777 17318
2774 2778 2296
2775 2779 12618
2779 2780 76714
2778 2781 45410
2781 2782 8941
2778 2783 23925
2782 2784 65019
2782 2785 32001
2783 2786 84592
2783 2787 23600
2784 2788 30064
2787 2789 18067
2787 2790 73275
2788 2791 28258
2789 2792 55814
2792 2793 46966
2789 2794 47452
2790 2795 26244
2795 2796 83741
2793 2797 2785
2796 2798 44354
2797 2799 15774
2796 2800 2936
2800 2801 99090
2799 2802 12135
2800 2803 11737
2799 2804 81274
2804 2805 93358
2805 2806 90998
2806 2807 68527
2806 2808 77086
2806 2809 25096
2809 2810 62333
2807 2811 37036
2810 2812 75124
2812 2813 1313
2811 2814 21416
2812 2815 81647
2815 2816 11326
2812 2817 66309
2813 2818 87663
2818 2819 71077
2815 2820 78479
2816 2821 13396
2818 2822 23306
2822 2823 35724
2820 2824 78449
2820 2825 27645
2825 2826 65574
2823 2827 1414
2825 2828 25277
2825 2829 68375
2828 2830 88597
2829 2831 30325
2831 2832 1934
2828 2833 90082
2830 2834 13063
2834 2835 90700
2831 2836 69447
2833 2837 33658
2835 2838 2647
2837 2839 67645
2835 2840 64898
2839 2841 28086
2840 2842 78016
2841 2843 24569
2840 2844 14155
2840 2845 63041
2843 2846 8197
2845 2847 43669
2843 2848 96585
2846 2849 59719
2849 2850 32158
2849 2851 10903
2848 2852 89600
2849 2853 23270
2853 2854 49503
2853 2855 61259
2855 2856 48500
2853 2857 76284
2856 2858 30093
2855 2859 48343
2855 2860 41775
2857 2861 96410
2857 2862 21190
2859 2863 97292
2863 2864 57557
2864 2865 70868
2862 2866 8084
2862 2867 44407
2865 2868 6975
2865 2869 56801
2867 2870 66997
2868 2871 13108
2867 2872 19909
2872 2873 6233
2873 2874 25286
2873 2875 36564
2872 2876 84565
2876 2877 25255
2877 2878 55911
2876 2879 94377
2878 2880 36961
2878 2881 9719
2881 2882 203
2878 2883 50120
2882 2884 54505
2881 2885 92
2885 2886 10112
2883 2887 87130
2883 2888 10113
2884 2889 53259
2886 2890 87512
2890 2891 67280
2889 2892 25894
2890 2893 22485
2893 2894 91701
2890 2895 99962
2893 2896 59918
2894 2897 58267
2896 2898 13411
2896 2899 36098
2899 2900 66518
2900 2901 13898
2898 2902 16455
2901 2903 92781
2901 2904 6833
2903 2905 5527
2901 2906 24754
2906 2907 43683
2905 2908 16419
2907 2909 51968
2908 2910 19107
2907 2911 69569
2909 2912 69370
2910 2913 25906
2912 2914 67532
2910 2915 3109
2913 2916 64030
2912 2917 4462
2914 2918 58020
2914 2919 72903
2919 2920 86100
2920 2921 43892
2918 2922 24346
2918 2923 28294
2923 2924 24264
2923 2925 43357
2923 2926 73380
2922 2927 1719
2926 2928 16900
2928 2929 92833
2928 2930 55295
2927 2931 83134
2928 2932 52305
2930 2933 25355
2932 2934 37067
2930 2935 55915
2932 2936 60396
2934 2937 91
2937 2938 40215
2937 2939 98533
2935 2940 57511
2938 2941 82920
2941 2942 86067
2940 2943 4257
2939 2944 5462
2940 2945 49612
2944 2946 82235
2942 2947 4653
2944 2948 15358
2944 2949 14085
2947 2950 91014
2947 2951 18643
2951 2952 87951
2949 2953 18541
2949 2954 21264
2951 2955 35050
2953 2956 54237
2953 2957 74060
2954 2958 93796
2956 2959 74325
2956 2960 35601
2958 2961 72835
2959 2962 23559
2960 2963 52458
2962 2964 76647
2962 2965 39172
2965 2966 73398
2965 2967 89964
2967 2968 80992
2964 2969 21161
2968 2970 9089
2968 2971 80590
2970 2972 14141
2971 2973 44542
2972 2974 9309
2971 2975 49054
2975 2976 12993
2972 2977 21219
2977 2978 99459
2975 2979 45968
2977 2980 99442
2977 2981 17424
2980 2982 80814
2982 2983 34955
2980 2984 77171
2980 2985 58234
2982 2986 88755
2984 2987 2651
2984 2988 18842
2984 2989 2808
2987 2990 60031
2988 2991 63074
2991 2992 70950
2991 2993 87750
2991 2994 57625
2994 2995 62606
2991 2996 70441
2996 2997 25911
2996 2998 73837
2995 2999 23199
2997 3000 17818
