50 48
1 2 60240
2 3 71246
3 4 21134
2 5 75461
5 6 4274
6 7 87233
6 8 74521
4 9 81504
8 10 23918
5 11 45515
9 12 47191
9 13 13728
9 14 39948
11 15 1053
14 16 59355
11 17 19608
16 18 32841
15 19 92669
17 20 23007
20 21 21370
20 22 88954
22 23 61335
20 24 11764
13 25 90913
17 26 8468
14 27 3678
20 28 43164
18 29 1076
21 30 91677
17 31 44555
30 32 32221
31 33 31207
17 34 22297
21 35 27327
35 36 23935
30 37 35061
19 38 90242
23 39 18352
24 40 87133
21 41 69976
31 42 56936
32 43 89917
24 44 10021
26 45 36582
33 46 25666
30 47 49801
32 48 17111
28 49 83168
46 50 10264
