200 35
1 2 97551
2 3 27011
2 4 14709
1 5 27407
2 6 57345
5 7 63132
7 8 89143
4 9 30986
5 10 89545
7 11 79324
11 12 45944
8 13 44009
10 14 88956
13 15 11991
12 16 33933
15 17 91913
14 18 50956
18 19 17748
15 20 94660
20 21 93035
18 22 87942
20 23 83276
21 24 20801
23 25 28929
21 26 390
23 27 65184
24 28 72804
24 29 41872
29 30 87868
26 31 97544
30 32 55253
28 33 8923
29 34 71045
34 35 20583
33 36 60244
35 37 81583
36 38 22447
36 39 17990
36 40 62237
40 41 67507
40 42 40889
40 43 56034
39 44 78426
40 45 40859
42 46 98978
46 47 39834
47 48 81637
46 49 97307
45 50 98572
48 51 23223
48 52 55656
51 53 7102
52 54 70684
54 55 96529
54 56 2259
52 57 55243
56 58 54088
57 59 45874
57 60 26737
56 61 31577
61 62 26080
62 63 4195
62 64 3451
63 65 9097
62 66 96902
64 67 22463
64 68 49737
65 69 40061
67 70 10516
66 71 93661
71 72 27970
72 73 94437
73 74 31238
70 75 254
71 76 8541
75 77 75011
75 78 9133
75 79 33745
76 80 32299
78 81 30620
78 82 88337
82 83 52675
83 84 83354
84 85 43282
83 86 76139
83 87 42095
84 88 88308
84 89 97862
86 90 63388
89 91 86773
88 92 1430
91 93 29511
92 94 74048
91 95 24656
92 96 50019
93 97 91830
97 98 38648
98 99 43835
97 100 75125
98 101 70998
100 102 94711
99 103 13592
103 104 25607
103 105 80814
104 106 28403
104 107 20971
103 108 38593
105 109 42879
105 110 97850
110 111 98280
109 112 13986
110 113 58899
111 114 6008
112 115 88563
114 116 17442
115 117 33520
113 118 3037
115 119 55520
118 120 47314
117 121 39397
119 122 21381
122 123 51405
122 124 72514
122 125 20182
122 126 17415
124 127 77998
126 128 49411
127 129 85939
126 130 76033
127 131 95303
127 132 64158
132 133 52547
131 134 40468
130 135 93919
133 136 99457
136 137 69001
136 138 5025
136 139 12083
138 140 1357
138 141 74442
139 142 48408
138 143 88202
139 144 14937
143 145 55943
141 146 79970
146 147 40789
145 148 70487
148 149 66825
146 150 94662
149 151 88583
147 152 16147
149 153 34810
151 154 88950
153 155 38856
154 156 67866
156 157 46889
153 158 56406
156 159 34524
155 160 59359
159 161 3749
160 162 50862
160 163 94942
159 164 73866
162 165 68097
164 166 72232
164 167 69844
163 168 70184
167 169 59841
169 170 80130
170 171 3093
170 172 95578
168 173 7690
173 174 61578
171 175 68341
171 176 71152
172 177 97571
175 178 27862
176 179 20566
176 180 12588
177 181 38120
177 182 30974
179 183 50703
181 184 67087
183 185 57808
181 186 55990
183 187 94624
183 188 70844
185 189 58834
188 190 25409
186 191 34905
191 192 98977
189 193 5655
191 194 58107
193 195 23205
194 196 43643
193 197 17517
195 198 63561
196 199 22505
196 200 12839
