99
39 6 1 0
40 2 4 0
49 4 3 0
48 2 2 3
18 7 0 0
43 6 0 0
29 7 0 0
31 0 3 4
30 6 0 1
18 4 1 2
23 2 0 2
12 2 3 1
30 7 0 0
34 7 0 0
27 3 4 0
41 4 2 1
11 0 4 2
21 5 0 0
38 5 0 2
21 3 1 3
25 5 0 1
38 3 3 1
7 7 0 0
30 5 1 0
37 5 0 0
12 6 1 0
30 5 2 0
35 6 0 0
12 3 4 0
26 3 2 2
35 4 0 0
11 4 2 1
18 4 0 2
29 6 0 0
26 1 1 1
12 3 2 2
34 6 1 0
20 6 1 0
42 2 2 3
47 0 3 1
42 6 1 0
22 7 0 0
39 2 2 0
18 1 0 5
21 0 1 4
9 5 2 0
22 0 2 5
48 2 4 1
27 3 4 0
9 6 0 0
14 0 6 0
36 1 6 0
48 1 4 0
20 7 0 0
28 6 1 0
11 2 0 2
5 2 1 4
9 5 0 2
36 1 0 2
21 2 4 0
24 1 3 3
13 5 0 2
26 6 0 1
8 7 0 0
47 3 1 3
14 4 1 0
36 0 2 0
35 5 1 1
43 7 0 0
16 7 0 0
49 5 0 0
43 2 3 1
29 7 0 0
22 3 4 0
20 3 1 1
43 2 3 2
37 3 1 2
21 4 3 0
34 6 0 0
35 2 1 0
9 6 1 0
48 0 1 5
33 3 4 0
33 0 5 0
29 6 0 1
37 5 2 0
40 7 0 0
28 0 4 1
46 0 7 0
21 6 1 0
15 7 0 0
48 7 0 0
20 0 2 2
38 1 1 0
46 0 0 6
31 3 0 0
5 3 3 1
25 3 2 0
38 0 5 2
