1 10
2 3
1 10
2 3
1000 1000
1 10
2 3
1 10
2 3
1000 1000
1 10
2 3
1 10
2 3
1000 1000
1 10
2 3
1 10
2 3
1000 1000
1 10
2 3
1 10
2 3
1000 1000
1 10
2 3
1 10
2 3
1000 1000
1 10
2 3
1 10
2 3
1000 1000
1 10
2 3
1 10
2 3
1000 1000
1 10
2 3
1 10
2 3
1000 1000
1 10
2 3
1 10
2 3
1000 1000
1 10
2 3
1 10
2 3
1000 1000
1 10
2 3
1 10
2 3
1000 1000
1 10
2 3
1 10
2 3
1000 1000
1 10
2 3
1 10
2 3
1000 1000
1 10
2 3
1 10
2 3
1000 1000
1 10
2 3
1 10
2 3
1000 1000
1 10
2 3
1 10
2 3
1000 1000
1 10
2 3
1 10
2 3
1000 1000
1 10
2 3
1 10
2 3
1000 1000
1 10
2 3
1 10
2 3
1000 1000
