10
9
4039553377335 6937635437169 8060274746656 197937364198 4467782370729 9300408089877 9655008934168 6683241485924 3096943507185 997127494640929 993500010437266 992186602954235 997812414325426 993697622585937 993234481994217 996582750755498 991753638704631 994786464349121
9
1551323998265 4482053255538 3112508098810 4178380876521 6729130503773 1510690425845 5977736459350 8636894566058 3779876157212 996253519307460 994728763537373 992900807282937 994167851148890 996106500833313 992295598999657 997042543883759 994101466657331 995414100185431
9
1986495144814 7004592963921 2422889615527 4625110425501 9905693485863 7777330937211 2543445949588 8453715937456 1219562416850 998087751539693 999425403110687 997620694399804 994970702698092 996793996780296 992123274813954 998395345093657 997084298045975 996472365608253
9
6501502567909 8100550684559 3900460229512 8542529160884 5154254152828 5696989824333 9921039439127 5896566217166 9678655453677 995459464611191 993986175295944 991984051505393 998461027483113 996404109648152 998132624002281 990693047402957 991822438520573 991877460458131
9
4616786280107 8908397874963 9121258876366 6765802590488 8863908852080 9958261954584 5875287457174 9763018561590 1608220867206 995177392880535 995085932932461 999672936597734 999082081802854 992686482386969 993772191858105 994880590797072 996482316268293 992428152107192
9
5581019195915 7095799123943 5838518927799 7438008399785 367780498419 6379285504334 1240336628086 5075144276908 207400905523 992549003942035 999752390321808 998595421278508 997346150688626 994982807027953 999893328908823 990574088997961 997726977128797 994326077912498
9
2767526123526 3242704842554 6087790895367 6438933564981 7039217163598 3226637154593 9159514136385 8746992729732 58503497092 990867105552275 998326874202186 993098391920450 991604148738257 998832486204476 999385490105798 998492780429803 996382361960392 996275662636802
9
5236376504084 8089635464081 2953806416585 8366088176311 6585863012061 7239887115968 6416976301159 7330517582560 4119891567803 998591193094107 991104147456173 996426904222455 991867380215264 992640222624880 991694297283052 999766463731792 991696879965513 991467539547139
9
4469192093468 1322609131855 1587596110150 640703440083 102973057806 7277784513232 8999495702840 1475158204458 6251169037515 991538506841626 997220112344111 994816734536244 999720977645398 999749329237834 990954045125419 990049382866433 990763512371418 993131612292521
9
357879396529 495592698728 8624408976453 3132784398737 8736028940953 5300609199660 3858018527521 3658999346383 40923807124 994991680998206 991732266571489 998421120006210 990363789024199 999618444256920 997863552834475 993079905226426 995580964856370 998306775435667
