10
2
733993503 698896526 2515078960 8734640561
5
7469418182 16231161027 13877356117 10633528964 13694659329 45357422785 76304755003 73591002263 80479622350 44107299143
7
74839825839 260436167355 178815434503 129840024651 18381396415 52127002855 227155495102 285694749140 817569850127 553544277582 529326278941 782788735039 643313986412 776604736477
4
791063366445 468957503138 144062398649 1154859705534 5673606516537 854291188371 8421241509205 3235421347544
9
6199116186186 2832640972210 1029595028658 6968556505911 5107456687486 11506619977198 382539273321 14941609005804 12134763545387 36310699646770 78326524347403 3306306595085 13474390141667 97429984368374 64590854034037 7316540933207 61939118386355 52425068152856
8
160481449503379 221415017758392 50334754612004 1327966749407 46112314252747 5386083204553 6898554319216 113819090626847 679702720379679 920019323831800 575741208066163 80825827172832 143135846051588 88856523078116 273642847963650 138122775215195
9
4502547522124 11445136699046 143746427611456 9621218949716 20176715401507 15190013574959 81061669647028 51604565801768 181209520327635 30082615650276 51381000092468 723856561778328 100525418629232 99593575091331 51590049642343 791387793578271 111948608061224 864074837146779
9
156909402336967 107843621728913 69638723135922 34832944105285 991862574261 45513779601041 142513328776230 164123381915353 72792134368241 712166435385547 270292560941691 482908859285912 131374052300625 299112824586692 98328464459942 980668584835941 541468313506393 710847866850434
9
62327934307124 132146119800145 140805199210523 451323249196 226184524471780 235867801739647 16436492396825 35165998296960 58316959094174 878226764886717 977469210911215 354901150003225 887959606022516 684148588185370 719995877204914 282112438120034 585968942882632 426738737214679
9
65864307007909 116983417753893 937094876728 152842525966247 113669625776369 110800718201953 82091275162093 71313219112355 32325002885640 218530299172243 796200441793138 53518622867953 705980210320886 718250096213624 393308453416435 830698257502072 525648441863703 321684394428788
