10
1
1 355995098
8
1 1 1 1 1 1 1 1 21317054640 56978579808 52818784598 28956291696 71181796178 53735323105 85838245320 75204153078
6
1 1 1 1 1 1 318032372718 680120972647 112588562873 455459025014 392628999985 364564930564
8
1 1 1 1 1 1 1 1 7390776812004 3071072865494 2949984283902 5874535751221 8348431426203 3155299537170 8354524066753 8042627700370
3
1 1 1 5615885138465 2753669438024 33030510642149
6
1 1 1 1 1 1 94705860150868 514173805308434 871359695664332 415171920538254 11906077508517 983019381340965
2
1 1 507254853527997 270208026711265
9
1 1 1 1 1 1 1 1 1 557911298749308 74043351052522 171840969094468 709938416084217 494159180798780 430432501024899 688366622171401 618414901615436 829837730561680
9
1 1 1 1 1 1 1 1 1 888106585821317 155539497735065 437560445790422 399337755191136 167725089445088 914190318672899 434942545400569 427750399758839 238187541469621
9
1 1 1 1 1 1 1 1 1 682849649710793 840247047095177 824048376312536 372876380768559 962593868748110 935712968859319 755155919684656 278075262593605 143247986751940
