10
4
1 1 1 1 40909226607088 35634116446704 42983892019444 14320307699482
3
1 1 1 868315818603095 315243280222585 379350656435632
9
1 1 1 1 1 1 1 1 1 17681110570410 275852713050484 201094829703138 496744906346163 46391747815321 34530228849850 304497618085169 629003131742602 290981324972105
9
1 1 1 1 1 1 1 1 1 924590746890908 841156441012286 225973943620935 234148997724338 893829009564208 614574084761253 812720888595624 282711117285639 18315776934721
9
1 1 1 1 1 1 1 1 1 216296637398684 803008170113842 745276604218374 837678751243120 289189611277633 168742854171448 74598227308941 786580838890346 155684636430188
9
1 1 1 1 1 1 1 1 1 700807114416819 992923648860844 203525831944062 827243704266497 692809863679297 504062237335806 801031021959212 932291275179124 165917181886385
9
1 1 1 1 1 1 1 1 1 577899825182725 728029022091628 261590897325244 739334632989035 377789071687140 833319521270789 987979992382880 570873620373755 153447285726544
9
1 1 1 1 1 1 1 1 1 820105509979999 789540573241248 790146716541184 546237504884916 170450591358883 773983387815658 778228855317592 454403960811250 376923997231984
9
1 1 1 1 1 1 1 1 1 921035328093182 973393822509363 561747747636114 820683346153518 724275648501899 406168017405732 765687829468136 564251748663480 376205963830763
9
1 1 1 1 1 1 1 1 1 580772098545057 870765073810263 159892405655239 492744874198272 293329071330376 25608117088405 957317834018836 169166486808485 388759755698013
