10
7
24197845745665 149825641256225 139620270080 604504061 1105014556672 13762688 549772698175 24197845745667 149825641256229 139620270086 604504065 1105014556676 13762693 549772698180
4
141562258524169 37408217359103 270008316 96894462464216 141562258524181 37408217359119 270008333 96894462464228
7
762675464191 42949681216 5652480 513 177021985062945 6890201288977 87960932320256 762675464195 42949681218 5652483 515 177021985062950 6890201288981 87960932320273
2
20629030179017 35271972962659 20629030179265 35271972962937
4
1188775067645 9071810904211 17596481718262 108301914223099 1188775067656 9071810904226 17596481718278 108301914223128
2
18466297915266 257372065763568 18466297915552 257372065763915
9
545259519 8589934655 34360288255 9414568312958 142937736413185 57329223602209 6442450945 68420353 70368781961217 545259521 8589934658 34360288257 9414568312961 142937736413186 57329223602211 6442450946 68420355 70368781961219
9
35192962023937 33816576 141304491147265 137575399423 19895362256897 589824 12616719 71469077897376 2047 35192962023940 33816577 141304491147266 137575399425 19895362256898 589825 12616721 71469077897377 2050
9
8796126576641 35218731827198 69256347648 5499705884929 3023665364991 140746080452625 17592321347615 158981448766 272762870 8796126576642 35218731827201 69256347650 5499705884930 3023665364993 140746080452627 17592321347618 158981448769 272762883
9
40132174414079 4311744673 8813340000257 1374390583808 17592186177536 140876001050625 2157969408 302264382 43088150543 40132174414081 4311744674 8813340000259 1374390583810 17592186177539 140876001050626 2157969410 302264385 43088150545
