10
4
141493676673010 78068622354059 17644281467165 274878431282 141493676673025 78068622354073 17644281467180 274878431307
6
69055021053 22128217202960 35186523766785 140776160379006 2748781167613 80264349880824 69055021058 22128217202963 35186523766789 140776160379009 2748781167617 80264349880864
7
70465414955007 141012651475969 2204391964800 1100182716446 540673 171800789759 57174671763534 70465414955009 141012651475971 2204391964805 1100182716450 540677 171800789761 57174671763538
9
34573647873 296906964993 70369818968062 270532640 26388279329089 143488414908415 5574867555840 33554432 2177 34573647874 296906964995 70369818968065 270532642 26388279329090 143488414908417 5574867555842 33554434 2180
2
37883054654481 26434052566884 37883054654759 26434052567241
2
176087763969993 16326630375681 176087763970253 16326630375961
3
97654755303508 142972524298343 4415361669104 97654755303559 142972524298377 4415361669146
2
539766161697 136349397100433 539766162062 136349397100705
3
186023960216558 824634520412 70397393504252 186023960216593 824634520456 70397393504312
3
220078462731272 38010749999145 18970334036493 220078462731310 38010749999181 18970334036561
