10
2
507862166 556591734 566858489 671647113
2
2103674089 213121561 7448741108 7178062697
2
61404061422 56717155986 87191318087 96887891855
2
568696151553 797134493263 736709257560 976188060814
2
1157138921009 8068224844518 1444863216732 8772640265811
2
47300661266807 11469495577476 66480402713115 68299765112242
2
124512666161675 542578108642059 866993544776605 953338260964940
2
238446982975506 325508137231184 318924161479299 370847977001805
2
489744497702867 265357331980429 768673682664131 691921171078142
2
902754015114905 18663314494973 982860860483033 585557004189479
