10
2
772865110812 473288144617 904649470707 802786974279
2
586731945001 1937784243446 4268892273678 3609296278511
2
3654245152863 52264906308489 76867861517707 56772455652430
2
23480984760104 190704570764653 252219586021122 938490978579163
2
758063709838669 788001090663059 889110068461870 888308156797029
2
241630433090181 380688056277068 572066269423704 623747384080097
2
423563836655569 224844180264519 709719242737154 840559050112094
2
666018058419295 248149210790863 881287889501184 286875970837972
2
67671365730162 228236998610167 293356006304399 409937354793461
2
463464359400039 608446694177615 634945540425303 695579811938415
