10
2
1 1 624535051771 797659846757
5
1 1 1 1 1 3405768081138 2117043877791 3461340162223 8370604997826 9360728138554
8
1 1 1 1 1 1 1 1 30818985396955 37669432442988 51163348541307 96115478610252 39501550035369 30673292301661 54837011747001 52168947105298
5
1 1 1 1 1 684529697805517 531200730665602 312301197008115 796964983060728 996066316307242
7
1 1 1 1 1 1 1 650012014887222 350776253383996 859787337017197 436602835387333 797332791755717 181118652609777 63114970722130
3
1 1 1 396504509263391 288878205962051 237721279421634
9
1 1 1 1 1 1 1 1 1 832071545444759 308235678434251 574781900687328 170067413580799 838619867196245 454984679349394 431735232112747 223523409944601 393810956846039
9
1 1 1 1 1 1 1 1 1 887689657035362 801814679313750 137557150257830 187015609885074 237985417243164 529993412850571 69466730830568 860126493872516 353740571700081
9
1 1 1 1 1 1 1 1 1 365857570116430 956278368308354 883373640517832 612758440654099 609134556110557 704677090945698 420045051927139 998345091540004 212866197772398
9
1 1 1 1 1 1 1 1 1 393083087296526 901871281714846 803082212482716 903202302213459 543479061920851 148102464524269 278417908078008 887073164493583 30936397505424
