10
9
1039886284410 5191761095002 6659825324730 413576931113 9134070764214 5881607696245 1557081951232 4228071907827 4665057451119 995119452077770 995716244999907 995848713011542 995168483250815 999492673552995 998812767195787 990091912486313 996718035730488 999154663845662
9
5556092514496 3860299529737 5716333290229 5114638856934 8107928028291 3689095135286 6227270786734 9272469182301 3938963300091 996639175548071 999336970123128 992841463779651 998342693967572 999696178822382 990571701868001 998847224449976 993914354193232 993309109447198
9
1692202300951 4165047057180 2466162932927 6722207483350 2735065723968 4668062441308 6022605844112 4710293626820 2966125493732 994686817238126 990410698880481 994395495012914 995933219956454 993298792747440 992691012178178 991780337733098 998109587924323 996645533763414
9
3341980706450 9266994851374 613912063659 9494481271030 3167049270467 9478732869384 4493629892736 3065437369386 3461943481799 996650422323651 996906070464904 997183943068167 996733275930255 998566827807897 996160568614149 999860589789988 996678532130279 991986002713482
9
988198774469 2804058402373 8668442758818 1142733153153 7571804645129 5990170511464 1900840120910 3929035022704 8056196664070 992800583019945 998769751120364 996483201831198 995008425723437 991048811385876 991523487319952 992042735314206 993099713094174 994109846720705
9
3058447292871 1579524558674 8765785921246 8187999129960 114680732205 9372082574640 281211383223 9612188755150 2936953122755 991035053009612 997542763439208 999009459806345 995115514252005 994915593160901 999891357878980 999219239006995 996138578833304 998591325853921
9
3678571525994 3766583327207 1985985171236 9352790068755 7134443251624 5068463385947 5892393256873 4441580371090 6288097068572 997987602002662 997150346753936 996412755563071 995987866071370 995732359965897 991593700728734 998163954918700 995234496402639 993809879497141
9
2028486408889 6707368264505 7360037011010 7889400299353 8134082009033 2996675499298 3330375921589 8652705540377 8945210047145 998859770595426 994480049136496 997885757366518 996713044575096 999693464661351 999666417766243 990149277662064 995214388333619 994532596703920
9
6867498624178 1280123289945 9862629441480 326734064829 2553455696503 1693950785340 6768184062931 8719822133771 6920767124274 999581739755734 996537444503910 996332904473295 992376025411125 995225310497009 992913523102379 998983935882935 990779412540168 997385437126891
9
8607053311811 4273088722861 6881609677321 6698700664554 4567683342373 7896564561751 8420238769245 7231944303578 5319935249844 990510030965695 994036382313850 994185442680124 997508615616829 995343880186850 998710418282434 995629383656046 993689657078329 994362748502964
