10
2
310485009520 102486585508737 310485009521 102486585508739
2
7903828508673 255396992296563 7903828508674 255396992346562
9
3437055975424 8796093026302 369786880031 4196353 4328521729 34359772417 551903314049 140737492025871 109951162777589 3437055975425 8796093026305 369786880033 4196356 4328521730 34359772418 551903314052 140737492025874 109951162777604
3
180388828938319 156258858016 21455544768840 180388828938322 156258858017 21455544781339
9
140754668224512 10737483775 35459250389535 584115556609 4363673599 18760467480576 6735718776832 8796093023233 70369016842384 140754668224513 10737483778 35459250389537 584115556611 4363673601 18760467480578 6735718776835 8796093023234 70369016842386
7
8796228825121 549757913152 1023 169655468545 2268011200513 92358993510398 1100652478820 8796228825124 549757913153 1026 169655468546 2268011200514 92358993510401 1100652479014
2
38552451891504 138551221114 38552451891506 138551254446
2
70470884953184 169360041927569 70470884953186 169360041927570
3
1651431702528 15716392669216 228715665966592 1651431702530 15716392669217 228715665966594
3
32714782689280 72808333840929 35211485185296 32714782689281 72808333840931 35211485185299
