10
5
3623250 2315559 15389426 3161348 6366625 46933475 92150602 81340406 14260091 78677593
6
80574381 77879851 209874403 72026305 273558051 122572799 326837537 361276757 670441638 229567659 831636264 428129555
6
304944861 893584490 212471410 443212592 887672781 727269866 1445961385 8516103214 5794636390 7009895195 9472437547 2814607726
1
12344222358 77772874266
5
160528847315 62922551814 87516037845 96518025571 25610107622 830298445545 879791930035 629394225168 112090428849 454885104864
5
44843898859 1821112818470 2152647028574 785227252343 1475854270036 4534159662411 6076559653993 8404727814595 5276597573036 4955970237586
7
5960081701434 3427840112737 6411291051937 674525999266 15109350674429 3613918796254 12156505597354 56385147612094 87074045375079 88778719772721 31146479865443 49624614145073 19371518735052 79873939827592
3
152444436797962 10901795475458 79493421658214 210293122784065 114847817154226 393688671205161
9
135631349141429 14213013468529 4024142594062 31657586035178 131532792435537 136659096598094 96003731940803 7134230635999 85834273175179 499694054328863 990483269321874 797864222746159 141760237968303 538399934303742 526465136651556 209303237842100 101262652920841 354546712295976
9
256732201852259 99320473424118 75900409554694 110122984670113 47896230489022 401796717133 93816324098665 141095858603120 3385278732002 849606696720742 200217662352472 447513805039946 368739234589692 252504412879488 11092979196954 461659096957751 550356145486391 786276260759379
