100 100
2 1
3 1
4 2
5 2
6 5
7 5
8 1
9 7
10 3
11 7
12 5
13 3
14 1
15 8
16 12
17 3
18 14
19 13
20 9
21 2
22 17
23 15
24 1
25 17
26 4
27 5
28 13
29 4
30 6
31 15
32 2
33 18
34 28
35 31
36 18
37 27
38 2
39 36
40 21
41 23
42 40
43 13
44 34
45 42
46 5
47 8
48 3
49 19
50 30
51 44
52 49
53 41
54 4
55 37
56 27
57 22
58 57
59 32
60 30
61 24
62 24
63 46
64 49
65 54
66 11
67 54
68 8
69 58
70 1
71 43
72 17
73 40
74 62
75 42
76 29
77 51
78 15
79 25
80 32
81 36
82 41
83 72
84 78
85 58
86 24
87 62
88 72
89 79
90 77
91 74
92 58
93 46
94 37
95 87
96 16
97 8
98 18
99 66
100 5
2 1
2 3
1 4
9 5
1 6
3 7
4 8
11 9
1 10
1 11
7 12
2 13
11 14
2 15
2 16
3 17
13 18
8 19
2 20
13 21
43 22
1 23
74 24
41 25
8 26
4 27
19 28
6 29
27 30
26 31
13 32
3 33
17 34
17 35
10 36
86 37
2 38
15 39
13 40
11 41
19 42
17 43
50 44
40 45
88 46
26 47
40 48
10 49
27 50
32 51
23 52
27 53
7 54
56 55
34 56
7 57
38 58
16 59
18 60
13 61
12 62
49 63
20 64
43 65
34 66
18 67
54 68
8 69
8 70
35 71
20 72
41 73
10 74
9 75
12 76
49 77
56 78
66 79
4 80
30 81
57 82
41 83
15 84
43 85
11 86
48 87
3 88
15 89
40 90
88 91
74 92
35 93
73 94
60 95
86 96
63 97
64 98
91 99
50 100
2 1
8 3
10 4
2 5
65 6
23 7
2 8
12 9
2 10
3 11
2 12
2 13
1 14
2 15
11 16
33 17
6 18
35 19
34 20
17 21
13 22
28 23
2 24
23 25
20 26
12 27
2 28
57 29
9 30
24 31
2 32
12 33
2 34
27 35
48 36
13 37
20 38
3 39
28 40
39 41
33 42
27 43
8 44
33 45
35 46
23 47
1 48
11 49
41 50
8 51
7 52
48 53
39 54
8 55
29 56
8 57
40 58
34 59
28 60
43 61
51 62
9 63
51 64
1 65
57 66
79 67
27 68
27 69
40 70
10 71
65 72
57 73
64 74
16 75
72 76
61 77
34 78
1 79
28 80
79 81
24 82
32 83
43 84
40 85
30 86
46 87
80 88
42 89
12 90
73 91
5 92
60 93
78 94
45 95
19 96
53 97
70 98
3 99
25 100
1 2
28 3
2 4
1 5
1 6
1 7
6 8
7 9
7 10
33 11
6 12
16 13
21 14
7 15
2 16
29 17
6 18
5 19
5 20
7 21
8 22
10 23
16 24
19 25
18 26
15 27
10 28
7 29
29 30
28 31
2 32
10 33
10 34
31 35
5 36
6 37
21 38
10 39
18 40
15 41
23 42
27 43
57 44
32 45
5 46
36 47
8 48
4 49
28 50
21 51
7 52
20 53
53 54
30 55
45 56
19 57
5 58
4 59
33 60
25 61
36 62
39 63
29 64
41 65
29 66
29 67
38 68
36 69
29 70
37 71
93 72
32 73
5 74
20 75
19 76
51 77
27 78
57 79
79 80
64 81
21 82
51 83
8 84
73 85
34 86
46 87
40 88
48 89
66 90
9 91
19 92
19 93
30 94
6 95
10 96
93 97
5 98
39 99
26 100
45 1
3 2
3 4
16 5
28 6
13 7
19 8
2 9
4 10
55 11
18 12
20 13
31 14
10 15
2 16
8 17
2 18
2 19
4 20
18 21
10 22
24 23
2 24
16 25
75 26
19 27
3 28
4 29
4 30
4 31
3 32
15 33
18 34
34 35
3 36
11 37
20 38
10 39
20 40
21 41
12 42
39 43
2 44
8 45
34 46
45 47
10 48
18 49
21 50
44 51
8 52
13 53
19 54
4 55
39 56
49 57
21 58
31 59
14 60
58 61
28 62
34 63
30 64
30 65
43 66
48 67
54 68
4 69
35 70
50 71
34 72
20 73
65 74
20 75
31 76
75 77
48 78
54 79
29 80
67 81
17 82
10 83
19 84
28 85
76 86
68 87
3 88
24 89
84 90
55 91
78 92
34 93
91 94
39 95
48 96
56 97
18 98
43 99
54 100
2 1
3 2
4 2
5 2
6 3
7 6
8 1
9 8
10 1
11 7
12 7
13 3
14 3
15 2
16 9
17 11
18 7
19 18
20 6
21 5
22 6
23 17
24 5
25 15
26 17
27 16
28 27
29 7
30 25
31 29
32 17
33 25
34 30
35 25
36 6
37 25
38 37
39 24
40 30
41 33
42 30
43 22
44 3
45 21
46 27
47 13
48 14
49 30
50 24
51 25
52 45
53 36
54 9
55 15
56 10
57 34
58 37
59 8
60 19
61 57
62 14
63 39
64 51
65 7
66 40
67 30
68 44
69 55
70 29
71 3
72 60
73 41
74 49
75 58
76 42
77 62
78 21
79 18
80 18
81 11
82 32
83 55
84 80
85 27
86 65
87 34
88 59
89 9
90 49
91 22
92 30
93 39
94 56
95 35
96 40
97 67
98 74
99 90
100 19
45 1
6 3
23 4
2 5
2 6
5 7
2 8
30 9
55 10
4 11
17 12
6 13
8 14
4 15
5 16
16 17
6 18
25 19
2 20
7 21
6 22
2 23
23 24
6 25
3 26
2 27
21 28
24 29
2 30
66 31
29 32
7 33
21 34
16 35
25 36
29 37
18 38
3 39
51 40
7 41
24 42
18 43
30 44
8 45
5 46
26 47
17 48
23 49
48 50
3 51
39 52
25 53
14 54
57 55
45 56
5 57
2 58
49 59
75 60
8 61
59 62
49 63
57 64
3 65
24 66
72 67
44 68
46 69
43 70
17 71
16 72
55 73
7 74
8 75
75 76
64 77
12 78
72 79
51 80
57 81
72 82
64 83
76 84
38 85
82 86
66 87
2 88
3 89
75 90
11 91
72 92
58 93
46 94
80 95
43 96
12 97
38 98
56 99
1 100
13 2
5 3
17 4
1 5
1 6
6 7
10 8
18 9
12 10
1 11
1 12
1 13
78 14
11 15
13 16
1 17
6 18
17 19
6 20
51 21
7 22
1 23
19 24
33 25
13 26
2 27
5 28
36 29
12 30
18 31
13 32
1 33
31 34
18 35
6 36
22 37
4 38
11 39
17 40
30 41
19 42
5 43
9 44
3 45
38 46
4 47
7 48
40 49
26 50
6 51
28 52
33 53
41 54
23 55
6 56
31 57
4 58
19 59
30 60
23 61
30 62
5 63
6 64
20 65
42 66
39 67
3 68
23 69
10 70
9 71
45 72
12 73
28 74
55 75
11 76
17 77
1 78
2 79
78 80
57 81
9 82
19 83
34 84
63 85
76 86
6 87
48 88
59 89
51 90
76 91
56 92
36 93
20 94
11 95
12 96
96 97
18 98
87 99
13 100
3 2
4 3
1 4
4 5
53 6
1 7
27 8
7 9
9 10
4 11
7 12
28 13
9 14
4 15
1 16
4 17
16 18
5 19
15 20
15 21
75 22
13 23
29 24
11 25
12 26
7 27
9 28
36 29
2 30
11 31
58 32
6 33
7 34
16 35
16 36
26 37
2 38
44 39
36 40
25 41
33 42
29 43
31 44
4 45
27 46
54 47
16 48
27 49
49 50
27 51
36 52
16 53
25 54
28 55
20 56
51 57
3 58
58 59
44 60
58 61
25 62
56 63
15 64
20 65
5 66
54 67
41 68
53 69
29 70
28 71
27 72
40 73
83 74
9 75
31 76
53 77
15 78
18 79
45 80
10 81
59 82
53 83
75 84
76 85
16 86
5 87
30 88
86 89
14 90
66 91
12 92
6 93
19 94
38 95
11 96
52 97
7 98
83 99
53 100
2 1
3 2
4 2
5 2
6 1
7 3
8 3
9 3
10 9
11 3
12 6
13 1
14 1
15 11
16 8
17 12
18 9
19 11
20 11
21 5
22 11
23 22
24 14
25 9
26 14
27 16
28 1
29 26
30 25
31 5
32 16
33 25
34 21
35 20
36 32
37 8
38 23
39 36
40 27
41 27
42 23
43 2
44 10
45 23
46 16
47 2
48 15
49 9
50 30
51 23
52 12
53 47
54 4
55 12
56 12
57 39
58 13
59 13
60 38
61 48
62 49
63 2
64 46
65 47
66 39
67 5
68 60
69 3
70 38
71 8
72 26
73 54
74 7
75 58
76 71
77 69
78 47
79 70
80 50
81 52
82 66
83 24
84 55
85 14
86 62
87 62
88 64
89 14
90 50
91 28
92 78
93 75
94 91
95 14
96 78
97 40
98 12
99 81
100 62
2 1
3 2
4 1
5 2
6 2
7 6
8 2
9 4
10 4
11 10
12 6
13 3
14 3
15 2
16 6
17 12
18 2
19 6
20 11
21 13
22 18
23 1
24 10
25 20
26 21
27 26
28 20
29 19
30 22
31 7
32 14
33 31
34 15
35 23
36 5
37 15
38 16
39 36
40 1
41 36
42 11
43 31
44 28
45 10
46 39
47 27
48 12
49 43
50 19
51 18
52 51
53 45
54 47
55 18
56 11
57 39
58 10
59 56
60 2
61 30
62 45
63 62
64 17
65 26
66 49
67 2
68 13
69 57
70 20
71 36
72 7
73 46
74 20
75 64
76 73
77 57
78 41
79 27
80 73
81 38
82 10
83 5
84 4
85 72
86 54
87 13
88 72
89 1
90 38
91 35
92 60
93 24
94 46
95 24
96 22
97 57
98 48
99 65
100 15
2 1
3 1
4 1
5 3
6 1
7 4
8 4
9 6
10 8
11 7
12 7
13 11
14 6
15 14
16 1
17 12
18 7
19 10
20 2
21 13
22 18
23 16
24 23
25 4
26 24
27 24
28 13
29 27
30 27
31 7
32 15
33 32
34 25
35 23
36 25
37 15
38 19
39 21
40 28
41 34
42 1
43 18
44 32
45 43
46 7
47 40
48 27
49 44
50 2
51 14
52 43
53 39
54 5
55 20
56 35
57 1
58 29
59 39
60 49
61 43
62 5
63 20
64 31
65 36
66 22
67 9
68 30
69 37
70 18
71 17
72 69
73 66
74 30
75 42
76 48
77 2
78 21
79 13
80 25
81 16
82 16
83 54
84 15
85 39
86 4
87 66
88 5
89 24
90 85
91 20
92 32
93 33
94 85
95 69
96 41
97 16
98 44
99 1
100 74
2 1
3 2
4 1
5 2
6 2
7 4
8 7
9 6
10 8
11 9
12 5
13 12
14 1
15 1
16 2
17 5
18 13
19 16
20 8
21 4
22 12
23 18
24 22
25 3
26 5
27 1
28 7
29 14
30 11
31 30
32 26
33 23
34 2
35 27
36 30
37 26
38 31
39 32
40 15
41 12
42 39
43 14
44 12
45 25
46 12
47 22
48 1
49 24
50 1
51 12
52 10
53 24
54 24
55 26
56 29
57 23
58 51
59 2
60 52
61 22
62 31
63 55
64 6
65 64
66 25
67 45
68 19
69 36
70 2
71 14
72 60
73 51
74 63
75 10
76 2
77 41
78 54
79 70
80 29
81 64
82 70
83 72
84 1
85 76
86 19
87 54
88 61
89 58
90 30
91 84
92 44
93 22
94 64
95 40
96 38
97 57
98 16
99 7
100 30
2 1
3 1
4 2
5 4
6 4
7 4
8 3
9 8
10 2
11 4
12 8
13 12
14 7
15 1
16 7
17 8
18 17
19 16
20 6
21 12
22 4
23 2
24 16
25 11
26 24
27 21
28 26
29 1
30 14
31 27
32 24
33 6
34 27
35 24
36 1
37 24
38 19
39 12
40 9
41 21
42 23
43 20
44 35
45 20
46 29
47 24
48 19
49 3
50 4
51 5
52 21
53 38
54 27
55 21
56 13
57 31
58 38
59 21
60 21
61 5
62 33
63 35
64 61
65 13
66 55
67 52
68 59
69 14
70 9
71 38
72 19
73 20
74 8
75 8
76 10
77 11
78 51
79 15
80 64
81 37
82 32
83 82
84 79
85 53
86 43
87 58
88 8
89 77
90 30
91 85
92 13
93 60
94 73
95 4
96 36
97 65
98 37
99 47
100 51
7 1
3 2
2 4
3 5
5 6
4 7
15 8
20 9
4 10
83 11
9 12
33 13
25 14
42 15
5 16
15 17
6 18
9 19
5 20
10 21
13 22
18 23
7 24
2 25
25 26
16 27
25 28
56 29
25 30
15 31
13 32
3 33
71 34
27 35
6 36
94 37
22 38
40 39
33 40
25 41
2 42
42 43
40 44
46 45
40 46
18 47
28 48
44 49
68 50
40 51
5 52
3 53
36 54
4 55
16 56
22 57
52 58
11 59
25 60
35 61
55 62
52 63
56 64
42 65
24 66
19 67
33 68
33 69
36 70
20 71
46 72
42 73
27 74
3 75
27 76
71 77
68 78
26 79
52 80
32 81
78 82
3 83
40 84
65 85
40 86
16 87
86 88
20 89
83 90
16 91
25 92
58 93
4 94
35 95
90 96
47 97
94 98
73 99
4 100
2 1
3 1
4 1
5 4
6 4
7 3
8 2
9 2
10 8
11 2
12 3
13 8
14 5
15 14
16 14
17 9
18 10
19 3
20 4
21 11
22 6
23 10
24 3
25 24
26 23
27 10
28 24
29 13
30 8
31 10
32 15
33 13
34 18
35 19
36 35
37 14
38 28
39 2
40 36
41 35
42 38
43 8
44 17
45 26
46 42
47 20
48 44
49 12
50 26
51 35
52 31
53 29
54 7
55 30
56 21
57 44
58 15
59 29
60 43
61 51
62 36
63 61
64 2
65 49
66 27
67 61
68 51
69 67
70 49
71 28
72 69
73 68
74 33
75 9
76 46
77 46
78 11
79 34
80 19
81 32
82 60
83 11
84 4
85 12
86 68
87 86
88 3
89 54
90 21
91 74
92 55
93 5
94 80
95 47
96 68
97 24
98 58
99 84
100 62
1 2
1 3
2 4
1 5
26 6
5 7
38 8
1 9
5 10
5 11
5 12
16 13
12 14
36 15
1 16
4 17
2 18
5 19
2 20
31 21
9 22
27 23
2 24
7 25
19 26
1 27
13 28
7 29
15 30
16 31
16 32
55 33
19 34
14 35
7 36
36 37
2 38
45 39
11 40
25 41
62 42
19 43
9 44
27 45
45 46
31 47
59 48
47 49
27 50
45 51
5 52
25 53
25 54
12 55
18 56
84 57
4 58
38 59
7 60
45 61
12 62
34 63
59 64
24 65
50 66
29 67
44 68
20 69
27 70
44 71
51 72
38 73
85 74
22 75
36 76
5 77
27 78
62 79
8 80
22 81
25 82
11 83
45 84
5 85
43 86
81 87
50 88
66 89
84 90
80 91
1 92
55 93
26 94
88 95
83 96
53 97
8 98
85 99
82 100
2 1
3 1
4 1
5 2
6 2
7 3
8 4
9 2
10 8
11 7
12 5
13 6
14 9
15 3
16 2
17 4
18 8
19 13
20 9
21 7
22 17
23 18
24 10
25 11
26 25
27 25
28 7
29 15
30 12
31 17
32 2
33 6
34 25
35 9
36 33
37 35
38 35
39 15
40 22
41 35
42 15
43 11
44 39
45 13
46 7
47 12
48 38
49 36
50 6
51 20
52 24
53 42
54 12
55 34
56 13
57 32
58 20
59 26
60 56
61 4
62 42
63 33
64 35
65 5
66 60
67 25
68 42
69 48
70 21
71 29
72 71
73 71
74 48
75 47
76 33
77 60
78 61
79 39
80 72
81 64
82 58
83 66
84 7
85 20
86 1
87 18
88 36
89 18
90 33
91 87
92 90
93 9
94 75
95 35
96 30
97 73
98 81
99 27
100 44
7 1
23 2
2 4
8 5
26 6
3 7
3 8
44 9
8 10
7 11
7 12
17 13
1 14
8 15
10 16
8 17
7 18
84 19
3 20
40 21
3 22
1 23
17 24
23 25
22 26
1 27
7 28
13 29
15 30
23 31
15 32
69 33
30 34
3 35
53 36
16 37
15 38
24 39
1 40
13 41
9 42
35 43
7 44
71 45
12 46
36 47
22 48
12 49
46 50
8 51
23 52
7 53
53 54
3 55
48 56
29 57
22 58
32 59
10 60
25 61
53 62
26 63
62 64
54 65
45 66
51 67
5 68
17 69
30 70
44 71
70 72
18 73
63 74
48 75
22 76
69 77
71 78
38 79
62 80
3 81
40 82
20 83
9 84
32 85
78 86
17 87
64 88
14 89
13 90
42 91
38 92
55 93
84 94
78 95
48 96
82 97
10 98
12 99
28 100
2 1
3 1
4 3
5 3
6 3
7 6
8 4
9 7
10 3
11 10
12 1
13 6
14 7
15 11
16 14
17 6
18 17
19 2
20 19
21 10
22 8
23 22
24 18
25 19
26 11
27 7
28 9
29 8
30 14
31 9
32 14
33 8
34 19
35 10
36 23
37 23
38 25
39 22
40 24
41 8
42 8
43 24
44 30
45 10
46 28
47 4
48 18
49 20
50 44
51 25
52 17
53 44
54 13
55 42
56 22
57 52
58 22
59 17
60 6
61 27
62 61
63 13
64 27
65 29
66 18
67 33
68 59
69 46
70 53
71 15
72 49
73 71
74 21
75 57
76 63
77 16
78 3
79 35
80 3
81 41
82 67
83 31
84 21
85 11
86 57
87 15
88 74
89 79
90 77
91 73
92 45
93 9
94 11
95 39
96 47
97 22
98 89
99 74
100 10
2 1
3 2
4 2
5 2
6 5
7 5
8 6
9 6
10 7
11 6
12 3
13 1
14 10
15 14
16 15
17 4
18 17
19 5
20 18
21 20
22 5
23 21
24 10
25 3
26 6
27 3
28 15
29 11
30 17
31 22
32 16
33 4
34 25
35 28
36 23
37 27
38 36
39 11
40 20
41 20
42 1
43 10
44 43
45 10
46 45
47 35
48 4
49 11
50 38
51 32
52 2
53 3
54 47
55 8
56 36
57 50
58 52
59 54
60 20
61 21
62 58
63 4
64 31
65 10
66 65
67 56
68 18
69 34
70 67
71 56
72 64
73 36
74 24
75 31
76 28
77 32
78 62
79 11
80 41
81 29
82 52
83 5
84 49
85 51
86 20
87 79
88 54
89 17
90 37
91 11
92 34
93 70
94 62
95 39
96 73
97 95
98 39
99 54
100 4
2 1
3 1
4 2
5 4
6 1
7 1
8 3
9 3
10 9
11 10
12 10
13 3
14 1
15 1
16 5
17 14
18 8
19 2
20 14
21 20
22 15
23 1
24 11
25 24
26 9
27 8
28 7
29 16
30 16
31 25
32 3
33 10
34 28
35 29
36 30
37 21
38 28
39 15
40 33
41 24
42 1
43 37
44 28
45 15
46 38
47 1
48 19
49 3
50 16
51 38
52 14
53 16
54 43
55 21
56 36
57 11
58 32
59 24
60 55
61 53
62 13
63 21
64 39
65 13
66 65
67 28
68 24
69 46
70 16
71 40
72 7
73 29
74 44
75 39
76 30
77 37
78 4
79 29
80 55
81 38
82 26
83 13
84 80
85 19
86 36
87 57
88 80
89 12
90 30
91 3
92 6
93 78
94 20
95 43
96 24
97 23
98 50
99 68
100 95
2 1
3 1
4 2
5 1
6 4
7 2
8 4
9 7
10 7
11 3
12 8
13 5
14 10
15 13
16 5
17 13
18 11
19 16
20 7
21 13
22 8
23 18
24 9
25 22
26 23
27 5
28 23
29 14
30 13
31 7
32 15
33 17
34 11
35 21
36 20
37 13
38 12
39 9
40 11
41 39
42 36
43 39
44 37
45 38
46 8
47 30
48 19
49 5
50 9
51 10
52 7
53 31
54 47
55 30
56 36
57 54
58 38
59 9
60 48
61 16
62 5
63 21
64 6
65 48
66 39
67 4
68 30
69 57
70 48
71 33
72 46
73 46
74 1
75 36
76 61
77 47
78 48
79 47
80 75
81 28
82 50
83 80
84 53
85 27
86 75
87 4
88 43
89 41
90 75
91 71
92 90
93 45
94 47
95 69
96 89
97 6
98 47
99 17
100 10
2 1
3 2
4 3
5 4
6 3
7 1
8 3
9 6
10 9
11 3
12 1
13 11
14 12
15 10
16 13
17 14
18 1
19 9
20 9
21 11
22 19
23 14
24 16
25 9
26 2
27 17
28 7
29 18
30 29
31 7
32 5
33 2
34 28
35 14
36 7
37 24
38 13
39 36
40 30
41 17
42 31
43 1
44 27
45 27
46 18
47 38
48 39
49 41
50 30
51 31
52 18
53 50
54 17
55 24
56 4
57 42
58 35
59 2
60 13
61 31
62 55
63 12
64 39
65 53
66 15
67 42
68 26
69 28
70 48
71 17
72 11
73 23
74 64
75 61
76 74
77 44
78 66
79 22
80 77
81 73
82 41
83 3
84 15
85 74
86 69
87 19
88 4
89 15
90 24
91 11
92 72
93 10
94 71
95 42
96 23
97 60
98 40
99 41
100 30
22 1
4 2
44 3
9 5
2 6
10 7
4 8
7 9
4 10
7 11
2 12
10 13
4 14
10 15
50 16
4 17
43 18
20 19
2 20
37 21
12 22
13 23
23 24
72 25
13 26
13 27
17 28
17 29
8 30
35 31
26 32
41 33
15 34
10 35
12 36
15 37
9 38
23 39
12 40
23 41
26 42
17 43
2 44
15 45
15 46
3 47
18 48
69 49
27 50
7 51
43 52
37 53
27 54
65 55
10 56
39 57
44 58
56 59
36 60
54 61
4 62
54 63
29 64
17 65
7 66
65 67
50 68
43 69
19 70
28 71
15 72
67 73
62 74
36 75
90 76
35 77
43 78
32 79
7 80
65 81
58 82
18 83
69 84
41 85
83 86
45 87
58 88
4 89
20 90
13 91
26 92
72 93
51 94
14 95
22 96
20 97
90 98
45 99
9 100
2 1
3 2
4 2
5 4
6 3
7 4
8 5
9 3
10 9
11 9
12 1
13 9
14 12
15 7
16 14
17 2
18 1
19 18
20 2
21 14
22 5
23 21
24 20
25 14
26 23
27 9
28 15
29 24
30 1
31 14
32 7
33 6
34 17
35 34
36 26
37 8
38 25
39 38
40 4
41 22
42 21
43 33
44 27
45 9
46 19
47 19
48 19
49 12
50 1
51 9
52 27
53 27
54 22
55 40
56 35
57 7
58 20
59 11
60 43
61 30
62 18
63 41
64 16
65 19
66 49
67 63
68 44
69 35
70 2
71 69
72 28
73 28
74 65
75 69
76 60
77 6
78 57
79 10
80 38
81 6
82 42
83 79
84 63
85 66
86 63
87 21
88 54
89 13
90 51
91 7
92 63
93 3
94 82
95 78
96 9
97 15
98 85
99 56
100 48
2 1
2 3
8 4
40 5
3 6
1 7
3 8
7 9
19 10
15 11
3 12
22 13
17 14
2 15
28 16
2 17
7 18
1 19
11 20
30 21
59 22
37 23
15 24
11 25
27 26
7 27
12 28
9 29
8 30
27 31
5 32
48 33
19 34
10 35
7 36
8 37
34 38
22 39
12 40
19 41
2 42
31 43
36 44
34 45
7 46
29 47
3 48
17 49
40 50
53 51
3 52
54 53
15 54
24 55
41 56
2 57
3 58
1 59
93 60
30 61
54 62
15 63
9 64
48 65
8 66
44 67
46 68
62 69
59 70
70 71
10 72
1 73
86 74
37 75
68 76
59 77
33 78
69 79
46 80
64 81
75 82
29 83
36 84
16 85
28 86
65 87
59 88
86 89
12 90
37 91
11 92
19 93
62 94
20 95
53 96
93 97
72 98
50 99
3 100
2 1
3 1
4 1
5 4
6 2
7 1
8 3
9 4
10 6
11 3
12 9
13 9
14 6
15 3
16 15
17 2
18 4
19 10
20 5
21 19
22 11
23 2
24 3
25 7
26 21
27 5
28 25
29 12
30 26
31 9
32 8
33 26
34 29
35 23
36 26
37 32
38 32
39 4
40 20
41 33
42 9
43 5
44 16
45 31
46 36
47 18
48 2
49 5
50 11
51 33
52 8
53 29
54 35
55 14
56 29
57 52
58 38
59 20
60 4
61 42
62 61
63 37
64 58
65 37
66 27
67 55
68 38
69 22
70 58
71 38
72 39
73 71
74 24
75 45
76 68
77 3
78 24
79 33
80 67
81 74
82 15
83 21
84 43
85 55
86 38
87 37
88 41
89 81
90 35
91 35
92 73
93 83
94 30
95 7
96 36
97 70
98 39
99 12
100 58
5 1
7 3
24 4
12 5
9 6
10 7
16 8
11 9
2 10
5 11
2 12
61 13
12 14
3 15
7 16
82 17
3 18
37 19
32 20
10 21
23 22
31 23
26 24
2 25
2 26
25 27
25 28
1 29
27 30
12 31
10 32
11 33
26 34
20 35
46 36
10 37
27 38
37 39
20 40
11 41
47 42
1 43
9 44
24 45
14 46
28 47
58 48
27 49
26 50
5 51
28 52
14 53
46 54
34 55
43 56
5 57
32 58
26 59
31 60
10 61
29 62
49 63
16 64
19 65
37 66
33 67
31 68
2 69
46 70
32 71
34 72
59 73
58 74
20 75
7 76
7 77
74 78
49 79
54 80
47 81
14 82
31 83
69 84
70 85
17 86
69 87
82 88
57 89
61 90
23 91
1 92
52 93
37 94
82 95
7 96
32 97
24 98
83 99
38 100
2 1
3 2
4 3
5 4
6 4
7 3
8 2
9 4
10 7
11 10
12 4
13 11
14 6
15 10
16 15
17 1
18 2
19 2
20 7
21 15
22 6
23 14
24 17
25 18
26 14
27 26
28 20
29 12
30 13
31 10
32 27
33 18
34 5
35 18
36 26
37 32
38 4
39 12
40 15
41 23
42 21
43 14
44 25
45 41
46 42
47 43
48 7
49 8
50 3
51 44
52 8
53 29
54 43
55 32
56 19
57 51
58 37
59 6
60 50
61 5
62 11
63 30
64 49
65 38
66 13
67 40
68 29
69 65
70 46
71 27
72 43
73 5
74 50
75 37
76 34
77 63
78 64
79 18
80 20
81 20
82 40
83 71
84 54
85 77
86 80
87 25
88 83
89 7
90 29
91 42
92 1
93 70
94 50
95 36
96 45
97 38
98 68
99 44
100 38
2 1
3 2
4 2
5 4
6 2
7 4
8 2
9 5
10 9
11 5
12 5
13 7
14 4
15 4
16 11
17 8
18 3
19 1
20 18
21 11
22 15
23 4
24 22
25 5
26 14
27 2
28 13
29 19
30 16
31 8
32 4
33 19
34 2
35 34
36 23
37 26
38 6
39 6
40 31
41 27
42 33
43 8
44 34
45 4
46 27
47 31
48 38
49 2
50 14
51 33
52 41
53 42
54 52
55 21
56 55
57 55
58 45
59 33
60 36
61 29
62 8
63 2
64 39
65 31
66 11
67 4
68 14
69 31
70 48
71 62
72 24
73 3
74 25
75 15
76 29
77 24
78 43
79 60
80 62
81 25
82 67
83 42
84 9
85 6
86 6
87 63
88 24
89 26
90 85
91 6
92 83
93 24
94 5
95 18
96 60
97 8
98 68
99 66
100 82
20 2
1 3
18 4
1 5
15 6
17 7
11 8
2 9
8 10
1 11
8 12
5 13
16 14
4 15
1 16
5 17
1 18
5 19
23 20
4 21
11 22
5 23
71 24
26 25
18 26
22 27
1 28
39 29
5 30
48 31
25 32
18 33
1 34
4 35
12 36
31 37
66 38
26 39
19 40
25 41
17 42
18 43
22 44
17 45
19 46
35 47
23 48
37 49
48 50
34 51
33 52
62 53
26 54
23 55
79 56
13 57
21 58
54 59
50 60
7 61
16 62
21 63
58 64
40 65
33 66
16 67
13 68
17 69
45 70
22 71
2 72
12 73
40 74
44 75
66 76
20 77
21 78
20 79
69 80
1 81
13 82
39 83
60 84
20 85
10 86
79 87
31 88
41 89
18 90
71 91
50 92
62 93
42 94
42 95
15 96
33 97
95 98
8 99
19 100
2 1
3 2
4 3
5 4
6 1
7 5
8 1
9 7
10 7
11 4
12 2
13 8
14 8
15 2
16 3
17 13
18 11
19 18
20 17
21 17
22 8
23 6
24 17
25 7
26 10
27 1
28 14
29 16
30 4
31 15
32 3
33 15
34 20
35 3
36 13
37 9
38 36
39 38
40 29
41 32
42 40
43 1
44 2
45 40
46 8
47 35
48 38
49 28
50 3
51 28
52 49
53 40
54 13
55 48
56 14
57 22
58 21
59 13
60 46
61 54
62 48
63 51
64 6
65 11
66 58
67 57
68 65
69 24
70 54
71 35
72 54
73 8
74 22
75 62
76 31
77 70
78 57
79 67
80 29
81 16
82 4
83 53
84 12
85 61
86 18
87 1
88 46
89 38
90 31
91 37
92 52
93 50
94 41
95 34
96 36
97 35
98 83
99 70
100 49
2 1
3 1
4 2
5 2
6 5
7 6
8 4
9 1
10 1
11 2
12 7
13 4
14 5
15 13
16 4
17 6
18 5
19 12
20 15
21 15
22 6
23 15
24 7
25 5
26 9
27 21
28 6
29 23
30 4
31 13
32 1
33 1
34 10
35 34
36 20
37 35
38 31
39 19
40 10
41 20
42 8
43 3
44 18
45 44
46 43
47 23
48 1
49 7
50 46
51 6
52 41
53 11
54 17
55 1
56 18
57 26
58 2
59 56
60 40
61 55
62 25
63 9
64 14
65 59
66 28
67 55
68 3
69 68
70 35
71 26
72 35
73 36
74 60
75 57
76 71
77 18
78 15
79 25
80 73
81 38
82 60
83 38
84 30
85 16
86 39
87 26
88 57
89 35
90 48
91 82
92 40
93 39
94 7
95 17
96 72
97 48
98 32
99 95
100 98
2 1
3 1
4 3
5 1
6 3
7 2
8 7
9 8
10 6
11 9
12 3
13 5
14 6
15 8
16 7
17 16
18 2
19 18
20 4
21 9
22 9
23 14
24 1
25 10
26 12
27 19
28 25
29 7
30 24
31 24
32 7
33 15
34 33
35 2
36 31
37 34
38 9
39 25
40 32
41 30
42 20
43 34
44 20
45 26
46 2
47 36
48 17
49 23
50 2
51 31
52 14
53 9
54 26
55 20
56 44
57 36
58 26
59 22
60 27
61 28
62 52
63 52
64 57
65 11
66 59
67 35
68 7
69 35
70 52
71 33
72 65
73 19
74 29
75 45
76 73
77 9
78 34
79 10
80 30
81 21
82 63
83 10
84 23
85 74
86 36
87 84
88 1
89 16
90 32
91 33
92 10
93 1
94 48
95 48
96 34
97 72
98 28
99 59
100 27
4 2
1 3
1 4
26 5
4 6
40 7
3 8
4 9
9 10
3 11
13 12
25 13
54 14
1 15
5 16
4 17
1 18
11 19
8 20
6 21
11 22
21 23
29 24
3 25
1 26
6 27
43 28
11 29
57 30
47 31
2 32
11 33
7 34
22 35
6 36
4 37
9 38
17 39
3 40
32 41
29 42
62 43
1 44
1 45
30 46
2 47
20 48
14 49
40 50
16 51
26 52
26 53
6 54
54 55
2 56
25 57
27 58
15 59
31 60
10 61
26 62
72 63
1 64
22 65
15 66
36 67
26 68
55 69
15 70
13 71
62 72
57 73
17 74
22 75
24 76
47 77
29 78
77 79
57 80
8 81
25 82
9 83
75 84
32 85
39 86
38 87
50 88
74 89
72 90
5 91
43 92
13 93
57 94
29 95
52 96
3 97
81 98
13 99
94 100
4 1
2 3
2 4
2 5
13 6
1 7
2 8
6 9
2 10
52 11
8 12
2 13
6 14
8 15
2 16
1 17
4 18
91 19
7 20
34 21
10 22
4 23
1 24
3 25
13 26
25 27
12 28
8 29
5 30
9 31
8 32
32 33
14 34
47 35
40 36
26 37
49 38
18 39
26 40
13 41
18 42
34 43
67 44
4 45
10 46
41 47
9 48
6 49
45 50
14 51
3 52
47 53
72 54
9 55
26 56
39 57
50 58
40 59
1 60
24 61
41 62
41 63
4 64
24 65
37 66
41 67
16 68
34 69
14 70
48 71
2 72
49 73
45 74
37 75
26 76
67 77
22 78
52 79
6 80
2 81
14 82
3 83
16 84
80 85
25 86
77 87
59 88
72 89
65 90
26 91
18 92
91 93
53 94
51 95
70 96
3 97
5 98
3 99
9 100
2 1
3 2
4 2
5 4
6 4
7 1
8 2
9 1
10 8
11 8
12 2
13 6
14 8
15 4
16 2
17 6
18 13
19 16
20 10
21 19
22 15
23 19
24 5
25 4
26 23
27 15
28 12
29 3
30 8
31 15
32 11
33 22
34 24
35 4
36 1
37 32
38 31
39 8
40 29
41 15
42 36
43 42
44 5
45 42
46 44
47 7
48 3
49 20
50 23
51 28
52 20
53 6
54 10
55 34
56 31
57 6
58 24
59 20
60 3
61 40
62 8
63 51
64 21
65 23
66 5
67 3
68 15
69 9
70 59
71 44
72 33
73 5
74 62
75 26
76 57
77 9
78 75
79 36
80 34
81 20
82 31
83 43
84 34
85 35
86 34
87 54
88 65
89 14
90 76
91 44
92 32
93 85
94 15
95 46
96 65
97 27
98 51
99 39
100 13
4 2
78 3
1 4
4 5
56 6
1 7
4 8
45 9
9 10
4 11
15 12
30 13
11 14
1 15
4 16
12 17
27 18
14 19
29 20
11 21
58 22
55 23
13 24
12 25
15 26
15 27
66 28
26 29
4 30
16 31
47 32
11 33
16 34
12 35
53 36
30 37
9 38
35 39
17 40
33 41
18 42
17 43
39 44
11 45
29 46
11 47
16 48
45 49
47 50
1 51
7 52
26 53
3 54
4 55
1 56
56 57
1 58
55 59
77 60
27 61
1 62
2 63
63 64
32 65
35 66
62 67
58 68
50 69
40 70
35 71
2 72
68 73
27 74
8 75
26 76
26 77
12 78
18 79
71 80
74 81
51 82
78 83
61 84
25 85
30 86
53 87
77 88
12 89
27 90
66 91
34 92
37 93
78 94
45 95
17 96
88 97
74 98
95 99
34 100
47 1
3 2
5 4
3 5
12 6
13 7
5 8
37 9
45 10
22 11
3 12
5 13
10 14
11 15
13 16
5 17
5 18
12 19
3 20
28 21
4 22
24 23
29 24
2 25
1 26
12 27
34 28
5 29
14 30
27 31
28 32
4 33
2 34
22 35
43 36
3 37
29 38
38 39
18 40
27 41
31 42
22 43
12 44
2 45
40 46
2 47
12 48
43 49
23 50
29 51
55 52
47 53
37 54
45 55
2 56
24 57
16 58
53 59
82 60
45 61
55 62
33 63
2 64
20 65
33 66
19 67
69 68
34 69
17 70
4 71
45 72
6 73
5 74
71 75
8 76
33 77
65 78
66 79
3 80
57 81
55 82
51 83
77 84
61 85
80 86
4 87
69 88
55 89
18 90
63 91
5 92
29 93
49 94
13 95
41 96
20 97
82 98
29 99
10 100
1 2
16 3
17 4
3 5
1 6
13 7
2 8
3 9
4 10
8 11
11 12
2 13
9 14
32 15
1 16
2 17
1 18
16 19
18 20
13 21
6 22
15 23
3 24
18 25
22 26
3 27
17 28
11 29
6 30
18 31
13 32
39 33
16 34
32 35
2 36
46 37
19 38
19 39
32 40
65 41
34 42
59 43
35 44
17 45
34 46
8 47
35 48
41 49
53 50
46 51
21 52
16 53
16 54
34 55
4 56
52 57
39 58
19 59
76 60
36 61
3 62
19 63
62 64
8 65
53 66
22 67
12 68
53 69
55 70
18 71
8 72
65 73
21 74
59 75
17 76
30 77
45 78
38 79
31 80
76 81
19 82
5 83
59 84
50 85
84 86
65 87
29 88
61 89
73 90
20 91
45 92
43 93
65 94
36 95
74 96
84 97
44 98
21 99
54 100
6 1
1 3
7 4
14 5
2 6
2 7
11 8
24 9
5 10
20 11
2 12
4 13
1 14
36 15
9 16
6 17
54 18
6 19
12 20
23 21
7 22
19 23
2 24
7 25
20 26
14 27
24 28
19 29
2 30
9 31
28 32
29 33
24 34
19 35
1 36
1 37
19 38
4 39
34 40
23 41
22 42
36 43
14 44
20 45
47 46
12 47
34 48
58 49
56 50
45 51
27 52
2 53
9 54
33 55
12 56
5 57
24 58
65 59
35 60
29 61
29 62
37 63
35 64
9 65
2 66
35 67
35 68
29 69
41 70
34 71
47 72
19 73
65 74
80 75
11 76
34 77
30 78
75 79
24 80
24 81
66 82
44 83
80 84
6 85
54 86
22 87
56 88
9 89
47 90
44 91
80 92
36 93
92 94
21 95
58 96
37 97
36 98
36 99
4 100
2 1
3 1
4 1
5 3
6 4
7 1
8 3
9 6
10 3
11 10
12 7
13 5
14 2
15 9
16 14
17 5
18 13
19 7
20 8
21 11
22 1
23 8
24 22
25 6
26 9
27 23
28 27
29 19
30 12
31 4
32 23
33 12
34 6
35 9
36 21
37 29
38 37
39 33
40 25
41 39
42 24
43 25
44 28
45 33
46 19
47 27
48 36
49 31
50 1
51 5
52 26
53 10
54 46
55 41
56 46
57 16
58 2
59 43
60 39
61 47
62 25
63 32
64 4
65 58
66 16
67 22
68 5
69 65
70 59
71 42
72 49
73 4
74 52
75 56
76 68
77 26
78 3
79 68
80 13
81 38
82 21
83 21
84 74
85 42
86 51
87 53
88 65
89 33
90 77
91 68
92 89
93 39
94 81
95 63
96 54
97 21
98 79
99 59
100 59
2 1
3 1
4 2
5 3
6 3
7 2
8 6
9 7
10 9
11 1
12 9
13 11
14 1
15 8
16 14
17 15
18 9
19 1
20 6
21 7
22 9
23 5
24 14
25 9
26 10
27 6
28 15
29 22
30 15
31 7
32 19
33 32
34 18
35 9
36 31
37 20
38 11
39 35
40 10
41 19
42 39
43 41
44 21
45 31
46 32
47 33
48 39
49 47
50 35
51 11
52 21
53 36
54 5
55 15
56 5
57 16
58 32
59 11
60 53
61 16
62 52
63 62
64 32
65 8
66 34
67 63
68 64
69 54
70 61
71 28
72 10
73 72
74 12
75 61
76 50
77 33
78 74
79 60
80 65
81 54
82 23
83 72
84 59
85 55
86 25
87 61
88 68
89 72
90 54
91 27
92 31
93 9
94 90
95 14
96 36
97 26
98 68
99 51
100 5
1 2
1 3
10 4
22 5
3 6
3 7
9 8
18 9
2 10
37 11
24 12
12 13
2 14
8 15
45 16
43 17
3 18
8 19
17 20
10 21
2 22
1 23
3 24
1 25
9 26
14 27
1 28
21 29
6 30
14 31
61 32
23 33
41 34
18 35
30 36
14 37
22 38
83 39
27 40
24 41
21 42
1 43
35 44
6 45
22 46
13 47
23 48
36 49
37 50
50 51
1 52
3 53
9 54
9 55
52 56
14 57
18 58
18 59
43 60
2 61
57 62
35 63
30 64
54 65
58 66
44 67
33 68
45 69
11 70
41 71
12 72
58 73
7 74
48 75
54 76
57 77
84 78
18 79
3 80
52 81
80 82
10 83
61 84
6 85
25 86
1 87
84 88
83 89
25 90
63 91
23 92
32 93
62 94
60 95
60 96
24 97
18 98
37 99
64 100
2 1
3 1
4 1
5 4
6 1
7 4
8 6
9 3
10 5
11 4
12 2
13 3
14 6
15 14
16 8
17 11
18 16
19 16
20 11
21 6
22 11
23 11
24 5
25 3
26 8
27 16
28 9
29 6
30 4
31 21
32 18
33 8
34 26
35 8
36 34
37 2
38 30
39 26
40 39
41 22
42 22
43 2
44 40
45 14
46 20
47 31
48 17
49 4
50 2
51 3
52 24
53 35
54 36
55 42
56 40
57 36
58 44
59 41
60 3
61 13
62 25
63 24
64 30
65 45
66 55
67 40
68 57
69 14
70 5
71 26
72 32
73 65
74 63
75 11
76 10
77 7
78 64
79 25
80 63
81 9
82 41
83 75
84 82
85 11
86 78
87 8
88 73
89 38
90 35
91 16
92 20
93 59
94 51
95 62
96 94
97 16
98 47
99 75
100 32
2 1
3 2
4 1
5 4
6 2
7 2
8 4
9 6
10 8
11 1
12 10
13 1
14 6
15 7
16 8
17 12
18 16
19 13
20 13
21 14
22 1
23 2
24 21
25 7
26 23
27 14
28 27
29 12
30 12
31 19
32 31
33 7
34 33
35 2
36 22
37 31
38 3
39 1
40 3
41 11
42 14
43 19
44 12
45 26
46 15
47 33
48 24
49 47
50 13
51 29
52 12
53 31
54 26
55 27
56 38
57 38
58 43
59 7
60 35
61 14
62 7
63 49
64 46
65 23
66 25
67 10
68 43
69 57
70 8
71 2
72 36
73 37
74 13
75 15
76 65
77 18
78 51
79 48
80 78
81 78
82 48
83 75
84 27
85 51
86 65
87 77
88 49
89 9
90 74
91 59
92 42
93 48
94 42
95 71
96 2
97 22
98 26
99 88
100 18
15 1
1 3
5 4
2 5
2 6
6 7
2 8
26 9
6 10
8 11
17 12
20 13
1 14
11 15
8 16
8 17
17 18
6 19
8 20
64 21
34 22
44 23
5 24
35 25
6 26
43 27
38 28
23 29
23 30
41 31
19 32
22 33
11 34
5 35
19 36
4 37
40 38
34 39
2 40
6 41
18 42
15 43
17 44
36 45
38 46
40 47
43 48
6 49
8 50
55 51
7 52
35 53
30 54
44 55
18 56
15 57
31 58
47 59
42 60
55 61
20 62
65 63
2 64
40 65
26 66
5 67
65 68
32 69
26 70
41 71
71 72
7 73
42 74
7 75
6 76
18 77
52 78
41 79
77 80
9 81
35 82
39 83
39 84
64 85
61 86
31 87
11 88
56 89
44 90
22 91
71 92
72 93
67 94
7 95
95 96
65 97
9 98
18 99
66 100
2 1
3 2
4 1
5 1
6 2
7 3
8 7
9 6
10 5
11 6
12 10
13 4
14 12
15 10
16 4
17 14
18 1
19 7
20 16
21 17
22 5
23 8
24 23
25 7
26 6
27 20
28 17
29 28
30 11
31 4
32 17
33 30
34 12
35 29
36 1
37 33
38 2
39 27
40 4
41 16
42 30
43 11
44 37
45 21
46 43
47 6
48 5
49 18
50 49
51 22
52 51
53 27
54 28
55 45
56 18
57 4
58 28
59 51
60 35
61 46
62 35
63 31
64 26
65 44
66 28
67 53
68 60
69 7
70 46
71 2
72 56
73 53
74 43
75 23
76 39
77 22
78 2
79 24
80 8
81 23
82 77
83 6
84 45
85 17
86 20
87 20
88 1
89 86
90 7
91 44
92 68
93 73
94 15
95 42
96 48
97 24
98 32
99 43
100 24
4 1
12 2
35 3
4 5
15 6
5 7
4 8
7 9
4 10
1 11
1 12
8 13
12 14
20 15
7 16
33 17
52 18
77 19
4 20
20 21
7 22
67 23
7 24
4 25
10 26
11 27
10 28
20 29
37 30
6 31
12 32
5 33
32 34
1 35
20 36
5 37
5 38
32 39
7 40
23 41
13 42
48 43
1 44
11 45
32 46
32 47
33 48
21 49
15 50
29 51
5 52
24 53
34 54
11 55
2 56
2 57
61 58
17 59
36 60
8 61
50 62
22 63
14 64
45 65
29 66
11 67
35 68
65 69
67 70
2 71
17 72
13 73
11 74
52 75
36 76
7 77
77 78
47 79
61 80
25 81
74 82
25 83
7 84
33 85
60 86
75 87
24 88
14 89
45 90
34 91
28 92
12 93
7 94
48 95
72 96
37 97
33 98
80 99
70 100
2 1
3 1
4 3
5 4
6 3
7 5
8 6
9 7
10 5
11 9
12 9
13 6
14 2
15 2
16 13
17 13
18 9
19 3
20 7
21 13
22 18
23 19
24 13
25 12
26 1
27 14
28 13
29 4
30 8
31 10
32 4
33 11
34 6
35 17
36 2
37 16
38 23
39 14
40 8
41 10
42 17
43 4
44 2
45 19
46 2
47 24
48 43
49 13
50 29
51 11
52 35
53 9
54 33
55 28
56 51
57 28
58 7
59 26
60 11
61 2
62 11
63 43
64 11
65 5
66 40
67 16
68 3
69 49
70 9
71 25
72 17
73 68
74 33
75 72
76 24
77 8
78 45
79 9
80 75
81 56
82 16
83 16
84 55
85 33
86 29
87 61
88 56
89 27
90 4
91 25
92 76
93 81
94 65
95 24
96 86
97 95
98 43
99 88
100 98
2 1
3 2
4 3
5 3
6 2
7 6
8 5
9 1
10 9
11 8
12 10
13 7
14 1
15 13
16 4
17 5
18 7
19 8
20 14
21 15
22 14
23 1
24 18
25 17
26 11
27 1
28 21
29 2
30 29
31 26
32 21
33 1
34 17
35 10
36 6
37 29
38 31
39 30
40 30
41 37
42 34
43 16
44 41
45 20
46 9
47 17
48 22
49 39
50 15
51 12
52 48
53 27
54 19
55 51
56 26
57 8
58 46
59 36
60 53
61 14
62 22
63 41
64 41
65 38
66 53
67 28
68 11
69 26
70 43
71 17
72 61
73 48
74 1
75 14
76 33
77 48
78 40
79 6
80 69
81 1
82 75
83 82
84 71
85 20
86 82
87 62
88 28
89 52
90 10
91 62
92 68
93 45
94 93
95 66
96 92
97 37
98 22
99 88
100 64
2 1
3 2
4 1
5 3
6 2
7 4
8 3
9 8
10 6
11 5
12 1
13 3
14 1
15 1
16 5
17 11
18 12
19 9
20 15
21 14
22 11
23 16
24 18
25 17
26 11
27 10
28 8
29 3
30 29
31 6
32 12
33 32
34 5
35 16
36 6
37 18
38 33
39 32
40 28
41 13
42 1
43 5
44 2
45 2
46 44
47 22
48 20
49 46
50 33
51 8
52 21
53 27
54 18
55 51
56 51
57 50
58 21
59 51
60 32
61 14
62 18
63 57
64 8
65 50
66 47
67 66
68 64
69 36
70 12
71 18
72 36
73 47
74 61
75 20
76 1
77 39
78 36
79 45
80 37
81 73
82 38
83 57
84 51
85 71
86 38
87 58
88 4
89 10
90 17
91 73
92 4
93 29
94 48
95 15
96 72
97 91
98 87
99 98
100 98
2 1
3 2
4 1
5 4
6 4
7 4
8 6
9 5
10 5
11 2
12 8
13 12
14 1
15 2
16 14
17 15
18 17
19 5
20 14
21 6
22 19
23 19
24 3
25 3
26 9
27 1
28 6
29 6
30 21
31 23
32 9
33 13
34 22
35 15
36 31
37 16
38 31
39 2
40 12
41 10
42 13
43 20
44 42
45 15
46 13
47 9
48 20
49 25
50 18
51 44
52 42
53 27
54 3
55 33
56 24
57 49
58 34
59 53
60 16
61 46
62 45
63 42
64 4
65 20
66 61
67 56
68 67
69 25
70 68
71 16
72 32
73 2
74 28
75 58
76 52
77 64
78 31
79 19
80 56
81 69
82 7
83 29
84 79
85 6
86 45
87 27
88 14
89 47
90 67
91 4
92 88
93 83
94 52
95 45
96 1
97 90
98 90
99 58
100 2
2 1
3 2
4 1
5 1
6 2
7 1
8 3
9 1
10 3
11 10
12 6
13 9
14 7
15 6
16 15
17 15
18 14
19 8
20 7
21 13
22 18
23 2
24 7
25 9
26 16
27 6
28 9
29 23
30 29
31 1
32 13
33 19
34 8
35 22
36 21
37 33
38 15
39 2
40 38
41 2
42 41
43 6
44 9
45 31
46 37
47 42
48 36
49 42
50 22
51 41
52 2
53 21
54 32
55 29
56 40
57 7
58 16
59 10
60 2
61 3
62 58
63 26
64 7
65 18
66 40
67 53
68 4
69 11
70 31
71 65
72 58
73 42
74 33
75 72
76 2
77 28
78 5
79 64
80 36
81 63
82 31
83 60
84 82
85 31
86 51
87 75
88 43
89 60
90 37
91 65
92 80
93 75
94 56
95 26
96 87
97 75
98 17
99 59
100 96
2 1
3 1
4 2
5 1
6 2
7 4
8 3
9 6
10 7
11 7
12 1
13 4
14 10
15 14
16 10
17 12
18 4
19 14
20 4
21 19
22 19
23 5
24 22
25 12
26 16
27 7
28 3
29 15
30 28
31 1
32 5
33 28
34 7
35 33
36 3
37 32
38 10
39 23
40 29
41 13
42 31
43 40
44 36
45 39
46 2
47 22
48 5
49 24
50 43
51 25
52 3
53 5
54 13
55 20
56 25
57 53
58 11
59 56
60 30
61 21
62 52
63 62
64 56
65 22
66 59
67 63
68 29
69 7
70 27
71 9
72 16
73 13
74 71
75 43
76 11
77 56
78 11
79 23
80 46
81 6
82 59
83 62
84 41
85 21
86 83
87 15
88 35
89 4
90 61
91 82
92 62
93 48
94 16
95 86
96 52
97 94
98 6
99 50
100 35
2 1
3 1
4 1
5 2
6 3
7 6
8 1
9 8
10 4
11 4
12 11
13 6
14 11
15 1
16 11
17 12
18 12
19 17
20 9
21 13
22 11
23 9
24 9
25 24
26 10
27 26
28 24
29 11
30 7
31 28
32 23
33 15
34 26
35 32
36 35
37 30
38 24
39 8
40 30
41 22
42 6
43 34
44 34
45 34
46 18
47 33
48 39
49 41
50 31
51 4
52 2
53 48
54 36
55 32
56 12
57 47
58 43
59 41
60 21
61 20
62 4
63 38
64 12
65 40
66 58
67 7
68 9
69 54
70 64
71 50
72 15
73 3
74 28
75 4
76 59
77 50
78 36
79 26
80 8
81 80
82 51
83 70
84 16
85 64
86 78
87 47
88 83
89 40
90 3
91 67
92 17
93 49
94 46
95 18
96 5
97 69
98 10
99 4
100 19
2 1
3 2
4 1
5 3
6 4
7 2
8 5
9 5
10 7
11 2
12 8
13 10
14 3
15 7
16 14
17 16
18 17
19 3
20 19
21 14
22 1
23 17
24 2
25 21
26 16
27 15
28 9
29 15
30 28
31 1
32 26
33 21
34 31
35 18
36 35
37 35
38 32
39 19
40 39
41 37
42 15
43 14
44 26
45 24
46 39
47 3
48 8
49 11
50 4
51 44
52 45
53 6
54 45
55 51
56 53
57 34
58 40
59 15
60 24
61 60
62 52
63 23
64 55
65 29
66 3
67 23
68 29
69 20
70 59
71 61
72 31
73 37
74 16
75 19
76 39
77 66
78 69
79 5
80 38
81 41
82 31
83 15
84 9
85 25
86 10
87 2
88 52
89 7
90 29
91 62
92 88
93 30
94 32
95 22
96 65
97 32
98 74
99 62
100 41
2 1
14 3
12 4
2 5
1 6
2 7
3 8
2 9
25 10
4 11
2 12
1 13
19 14
13 15
70 16
10 17
12 18
2 19
22 20
3 21
19 22
1 23
9 24
1 25
5 26
28 27
30 28
25 29
14 30
6 31
30 32
9 33
1 34
31 35
30 36
3 37
10 38
10 39
19 40
22 41
33 42
48 43
19 44
44 45
19 46
58 47
25 48
1 49
13 50
44 51
40 52
29 53
55 54
25 55
40 56
18 57
1 58
51 59
20 60
30 61
12 62
3 63
20 64
46 65
56 66
22 67
6 68
22 69
6 70
2 71
2 72
28 73
22 74
53 75
37 76
76 77
70 78
22 79
58 80
52 81
32 82
29 83
74 84
20 85
85 86
28 87
72 88
55 89
55 90
1 91
67 92
37 93
12 94
90 95
91 96
91 97
48 98
69 99
14 100
2 1
3 1
4 3
5 2
6 5
7 1
8 1
9 2
10 9
11 3
12 3
13 10
14 7
15 11
16 11
17 13
18 9
19 11
20 10
21 2
22 9
23 10
24 23
25 12
26 11
27 17
28 17
29 25
30 22
31 19
32 9
33 28
34 10
35 14
36 29
37 12
38 36
39 10
40 7
41 13
42 34
43 21
44 24
45 29
46 42
47 40
48 18
49 44
50 44
51 41
52 39
53 41
54 5
55 9
56 40
57 7
58 12
59 31
60 53
61 25
62 57
63 17
64 40
65 1
66 15
67 60
68 17
69 5
70 43
71 44
72 30
73 57
74 41
75 16
76 17
77 38
78 21
79 67
80 1
81 24
82 41
83 39
84 62
85 78
86 12
87 43
88 46
89 2
90 22
91 59
92 36
93 39
94 4
95 33
96 8
97 76
98 23
99 37
100 9
2 1
7 2
2 3
33 4
2 5
20 6
3 8
7 9
15 10
60 11
1 12
12 13
52 14
7 15
4 16
27 17
10 18
10 19
3 20
8 21
15 22
68 23
7 24
28 25
38 26
7 27
1 28
43 29
12 30
9 31
15 32
36 33
29 34
26 35
2 36
18 37
15 38
18 39
36 40
29 41
20 42
15 43
34 44
38 45
9 46
10 47
46 48
33 49
43 50
43 51
2 52
50 53
29 54
42 55
32 56
12 57
36 58
40 59
9 60
28 61
3 62
27 63
58 64
62 65
52 66
50 67
2 68
7 69
45 70
35 71
26 72
18 73
24 74
38 75
67 76
51 77
33 78
52 79
68 80
7 81
64 82
64 83
45 84
60 85
41 86
58 87
50 88
36 89
63 90
12 91
32 92
52 93
54 94
10 95
52 96
87 97
28 98
80 99
85 100
5 2
4 3
1 4
1 5
1 6
1 7
81 8
19 9
25 10
22 11
4 12
12 13
1 14
43 15
6 16
37 17
17 18
4 19
5 20
2 21
12 22
6 23
12 24
7 25
31 26
3 27
7 28
22 29
19 30
13 31
4 32
31 33
14 34
28 35
45 36
14 37
10 38
57 39
30 40
24 41
19 42
9 43
24 44
5 45
42 46
21 47
2 48
3 49
25 50
23 51
30 52
13 53
83 54
4 55
43 56
4 57
35 58
27 59
31 60
37 61
4 62
4 63
5 64
37 65
57 66
28 67
67 68
13 69
30 70
24 71
23 72
22 73
45 74
30 75
34 76
64 77
37 78
34 79
78 80
9 81
13 82
14 83
7 84
14 85
69 86
31 87
57 88
78 89
71 90
81 91
16 92
64 93
12 94
34 95
83 96
75 97
50 98
28 99
7 100
63 1
11 3
8 4
7 5
12 6
2 7
14 8
4 9
2 10
10 11
5 12
12 13
16 14
29 15
2 16
18 17
30 18
8 19
25 20
14 21
2 22
8 23
7 24
16 25
10 26
54 27
11 28
14 29
10 30
2 31
16 32
43 33
53 34
38 35
10 36
23 37
32 38
2 39
16 40
1 41
71 42
5 43
30 44
29 45
84 46
7 47
29 48
25 49
3 50
38 51
35 52
11 53
24 54
34 55
38 56
53 57
32 58
61 59
47 60
32 61
49 62
2 63
21 64
5 65
54 66
2 67
19 68
20 69
43 70
7 71
30 72
18 73
45 74
12 75
63 76
28 77
20 78
25 79
53 80
63 81
62 82
30 83
24 84
72 85
80 86
44 87
61 88
40 89
14 90
22 91
84 92
5 93
25 94
3 95
49 96
72 97
71 98
75 99
45 100
36 2
1 3
11 4
10 5
44 6
4 7
41 8
1 9
23 10
1 11
26 12
3 13
3 14
21 15
4 16
3 17
37 18
17 19
8 20
11 21
14 22
3 23
9 24
10 25
11 26
22 27
21 28
72 29
39 30
23 31
62 32
4 33
14 34
28 35
16 36
17 37
17 38
9 39
3 40
1 41
3 42
37 43
4 44
8 45
36 46
41 47
26 48
40 49
15 50
40 51
15 52
28 53
7 54
47 55
18 56
31 57
24 58
43 59
21 60
13 61
16 62
28 63
41 64
4 65
31 66
52 67
44 68
45 69
23 70
9 71
1 72
62 73
10 74
19 75
38 76
41 77
65 78
39 79
71 80
77 81
72 82
82 83
57 84
24 85
11 86
71 87
70 88
17 89
26 90
49 91
8 92
65 93
40 94
94 95
90 96
63 97
13 98
19 99
98 100
1 2
1 3
2 4
20 5
12 6
1 7
4 8
2 9
6 10
61 11
1 12
64 13
1 14
51 15
31 16
14 17
6 18
1 19
2 20
58 21
24 22
29 23
1 24
14 25
10 26
12 27
12 28
9 29
13 30
19 31
13 32
7 33
10 34
43 35
15 36
1 37
3 38
17 39
8 40
9 41
14 42
2 43
9 44
44 45
17 46
43 47
14 48
13 49
44 50
7 51
81 52
30 53
7 54
24 55
33 56
33 57
4 58
43 59
19 60
1 61
48 62
46 63
12 64
64 65
12 66
19 67
14 68
66 69
31 70
64 71
28 72
71 73
14 74
24 75
6 76
44 77
64 78
29 79
20 80
51 81
61 82
81 83
45 84
58 85
73 86
25 87
56 88
55 89
29 90
2 91
22 92
35 93
19 94
59 95
91 96
71 97
74 98
76 99
39 100
4 1
2 3
2 4
43 5
2 6
1 7
13 8
2 9
19 10
6 11
14 12
4 13
1 14
9 15
3 16
4 17
23 18
3 19
2 20
13 21
15 22
16 23
15 24
3 25
17 26
1 27
14 28
3 29
13 30
53 31
17 32
16 33
25 34
27 35
35 36
23 37
32 38
32 39
16 40
59 41
9 42
1 43
14 44
23 45
6 46
48 47
4 48
29 49
6 50
23 51
9 52
2 53
31 54
13 55
43 56
17 57
56 58
27 59
48 60
65 61
11 62
26 63
56 64
4 65
19 66
53 67
43 68
34 69
19 70
8 71
49 72
53 73
59 74
48 75
3 76
57 77
40 78
6 79
11 80
6 81
33 82
79 83
40 84
81 85
29 86
65 87
36 88
10 89
26 90
84 91
12 92
25 93
63 94
87 95
35 96
86 97
6 98
59 99
96 100
2 1
3 1
4 2
5 3
6 5
7 5
8 5
9 6
10 4
11 6
12 10
13 7
14 4
15 13
16 15
17 8
18 2
19 3
20 15
21 7
22 6
23 4
24 18
25 15
26 16
27 15
28 17
29 13
30 29
31 19
32 18
33 32
34 22
35 25
36 34
37 20
38 7
39 25
40 37
41 12
42 27
43 8
44 32
45 21
46 9
47 34
48 45
49 4
50 32
51 24
52 9
53 36
54 36
55 26
56 25
57 7
58 28
59 27
60 36
61 2
62 6
63 29
64 52
65 18
66 53
67 10
68 29
69 17
70 41
71 50
72 7
73 71
74 66
75 41
76 33
77 71
78 50
79 70
80 63
81 26
82 44
83 23
84 22
85 50
86 68
87 51
88 47
89 27
90 53
91 23
92 57
93 82
94 67
95 14
96 39
97 8
98 48
99 59
100 1
2 1
3 2
4 1
5 2
6 4
7 3
8 5
9 4
10 4
11 2
12 6
13 9
14 1
15 8
16 5
17 3
18 6
19 6
20 13
21 5
22 6
23 2
24 4
25 6
26 20
27 10
28 26
29 24
30 11
31 11
32 5
33 26
34 10
35 3
36 33
37 21
38 22
39 29
40 36
41 1
42 13
43 33
44 25
45 6
46 29
47 32
48 33
49 25
50 15
51 35
52 22
53 24
54 29
55 18
56 12
57 51
58 4
59 37
60 42
61 3
62 44
63 17
64 31
65 42
66 9
67 7
68 49
69 54
70 54
71 41
72 6
73 72
74 5
75 60
76 51
77 74
78 74
79 17
80 15
81 78
82 71
83 69
84 21
85 80
86 40
87 81
88 59
89 41
90 19
91 63
92 5
93 27
94 86
95 75
96 89
97 10
98 62
99 41
100 86
2 1
3 2
4 2
5 2
6 1
7 3
8 5
9 8
10 7
11 7
12 11
13 9
14 5
15 12
16 8
17 12
18 12
19 10
20 19
21 15
22 4
23 11
24 18
25 5
26 13
27 24
28 10
29 13
30 8
31 23
32 30
33 29
34 18
35 24
36 18
37 17
38 7
39 26
40 35
41 24
42 26
43 15
44 24
45 12
46 3
47 20
48 2
49 47
50 45
51 48
52 11
53 52
54 46
55 6
56 30
57 24
58 10
59 49
60 9
61 49
62 55
63 58
64 21
65 7
66 56
67 66
68 26
69 59
70 28
71 69
72 22
73 54
74 5
75 34
76 36
77 64
78 14
79 61
80 24
81 53
82 1
83 44
84 69
85 76
86 36
87 33
88 4
89 14
90 45
91 67
92 44
93 89
94 3
95 9
96 51
97 89
98 65
99 87
100 30
4 1
1 2
3 4
16 5
27 6
3 7
9 8
23 9
4 10
3 11
7 12
8 13
21 14
2 15
4 16
70 17
15 18
43 19
33 20
56 21
8 22
3 23
28 24
13 25
11 26
1 27
32 28
3 29
36 30
27 31
23 32
12 33
3 34
32 35
7 36
55 37
4 38
32 39
16 40
36 41
29 42
16 43
39 44
30 45
42 46
36 47
9 48
10 49
31 50
43 51
80 52
14 53
35 54
16 55
4 56
1 57
12 58
23 59
48 60
33 61
39 62
54 63
57 64
28 65
4 66
1 67
32 68
58 69
9 70
70 71
70 72
34 73
56 74
29 75
56 76
66 77
9 78
74 79
7 80
70 81
80 82
43 83
51 84
48 85
21 86
59 87
85 88
43 89
68 90
2 91
76 92
66 93
86 94
74 95
23 96
9 97
35 98
4 99
55 100
1 2
21 3
2 4
26 5
1 6
5 7
9 8
1 9
9 10
10 11
6 12
1 13
6 14
6 15
34 16
14 17
2 18
2 19
1 20
4 21
20 22
1 23
5 24
12 25
6 26
39 27
44 28
33 29
1 30
8 31
18 32
12 33
14 34
19 35
9 36
20 37
6 38
12 39
37 40
10 41
38 42
36 43
1 44
26 45
15 46
22 47
14 48
39 49
69 50
37 51
75 52
39 53
11 54
18 55
4 56
35 57
49 58
10 59
56 60
31 61
18 62
4 63
6 64
11 65
10 66
9 67
6 68
4 69
26 70
34 71
44 72
35 73
21 74
44 75
19 76
63 77
1 78
13 79
21 80
55 81
45 82
20 83
75 84
69 85
18 86
32 87
33 88
76 89
28 90
28 91
18 92
59 93
11 94
8 95
20 96
92 97
6 98
48 99
36 100
2 1
3 1
4 1
5 4
6 3
7 5
8 5
9 4
10 6
11 5
12 2
13 11
14 10
15 8
16 14
17 16
18 12
19 8
20 17
21 14
22 14
23 11
24 18
25 14
26 24
27 24
28 27
29 11
30 5
31 10
32 3
33 22
34 19
35 26
36 29
37 30
38 36
39 29
40 36
41 28
42 22
43 12
44 30
45 16
46 36
47 16
48 3
49 26
50 28
51 6
52 47
53 34
54 16
55 53
56 48
57 7
58 22
59 7
60 42
61 7
62 1
63 49
64 26
65 64
66 44
67 8
68 50
69 63
70 15
71 50
72 4
73 58
74 36
75 3
76 29
77 62
78 69
79 44
80 57
81 75
82 60
83 47
84 8
85 47
86 76
87 70
88 65
89 65
90 22
91 55
92 44
93 36
94 45
95 94
96 91
97 59
98 44
99 54
100 79
2 1
3 1
4 3
5 3
6 5
7 5
8 3
9 4
10 7
11 2
12 7
13 12
14 11
15 6
16 2
17 9
18 13
19 3
20 8
21 3
22 17
23 17
24 21
25 13
26 23
27 5
28 24
29 21
30 7
31 24
32 29
33 28
34 8
35 22
36 25
37 16
38 22
39 14
40 37
41 17
42 15
43 28
44 30
45 30
46 20
47 33
48 25
49 32
50 41
51 13
52 28
53 48
54 22
55 36
56 13
57 53
58 28
59 9
60 11
61 16
62 9
63 21
64 61
65 28
66 50
67 20
68 26
69 26
70 40
71 61
72 47
73 34
74 31
75 50
76 33
77 9
78 13
79 35
80 27
81 77
82 53
83 8
84 60
85 15
86 39
87 70
88 73
89 53
90 45
91 57
92 83
93 91
94 15
95 36
96 15
97 45
98 17
99 69
100 87
2 1
3 1
4 2
5 2
6 4
7 1
8 1
9 4
10 9
11 10
12 7
13 1
14 2
15 6
16 8
17 3
18 11
19 2
20 10
21 4
22 12
23 4
24 18
25 5
26 11
27 10
28 2
29 7
30 2
31 28
32 17
33 26
34 18
35 21
36 17
37 13
38 26
39 12
40 36
41 18
42 2
43 18
44 17
45 35
46 43
47 12
48 37
49 17
50 33
51 49
52 17
53 19
54 13
55 35
56 24
57 54
58 21
59 30
60 15
61 53
62 31
63 12
64 15
65 22
66 15
67 26
68 43
69 28
70 34
71 31
72 24
73 64
74 51
75 21
76 49
77 14
78 14
79 43
80 7
81 47
82 1
83 75
84 58
85 50
86 35
87 30
88 43
89 74
90 28
91 58
92 85
93 41
94 76
95 65
96 48
97 6
98 55
99 5
100 62
3 1
7 3
17 4
3 5
10 6
2 7
2 8
7 9
8 10
4 11
29 12
2 13
9 14
12 15
13 16
2 17
3 18
2 19
19 20
16 21
11 22
7 23
10 24
8 25
42 26
3 27
17 28
9 29
2 30
3 31
19 32
6 33
23 34
86 35
13 36
29 37
13 38
78 39
58 40
73 41
19 42
10 43
16 44
30 45
47 46
8 47
9 48
17 49
4 50
44 51
23 52
4 53
47 54
36 55
17 56
3 57
13 58
58 59
9 60
7 61
14 62
49 63
42 64
21 65
54 66
49 67
47 68
44 69
60 70
60 71
13 72
1 73
57 74
47 75
20 76
23 77
29 78
28 79
1 80
25 81
34 82
7 83
67 84
8 85
2 86
73 87
75 88
63 89
38 90
28 91
86 92
57 93
79 94
1 95
7 96
78 97
96 98
34 99
20 100
49 1
7 3
2 4
3 5
5 6
2 7
7 8
2 9
15 10
37 11
19 12
7 13
8 14
3 15
45 16
9 17
9 18
9 19
9 20
9 21
3 22
21 23
7 24
19 25
4 26
54 27
3 28
46 29
3 30
13 31
28 32
40 33
12 34
23 35
8 36
2 37
4 38
17 39
12 40
25 41
65 42
19 43
43 44
17 45
21 46
25 47
31 48
3 49
13 50
43 51
26 52
15 53
4 54
26 55
50 56
17 57
66 58
13 59
25 60
38 61
37 62
47 63
8 64
9 65
2 66
50 67
49 68
23 69
8 70
23 71
7 72
64 73
2 74
49 75
46 76
21 77
40 78
75 79
31 80
50 81
54 82
72 83
75 84
3 85
9 86
57 87
45 88
30 89
65 90
38 91
66 92
69 93
12 94
46 95
49 96
21 97
72 98
50 99
75 100
2 1
3 1
4 1
5 4
6 5
7 2
8 4
9 2
10 5
11 1
12 4
13 11
14 4
15 5
16 14
17 13
18 10
19 8
20 4
21 19
22 19
23 21
24 9
25 10
26 16
27 15
28 12
29 7
30 15
31 8
32 24
33 15
34 11
35 32
36 1
37 25
38 29
39 31
40 12
41 4
42 15
43 13
44 24
45 36
46 19
47 33
48 15
49 1
50 25
51 16
52 35
53 36
54 33
55 53
56 25
57 41
58 11
59 43
60 2
61 4
62 15
63 61
64 2
65 58
66 4
67 13
68 43
69 16
70 33
71 65
72 50
73 52
74 58
75 47
76 1
77 69
78 64
79 5
80 9
81 24
82 38
83 35
84 23
85 77
86 68
87 24
88 15
89 17
90 80
91 52
92 71
93 59
94 74
95 73
96 46
97 14
98 71
99 5
100 95
2 1
3 2
4 2
5 2
6 4
7 3
8 5
9 3
10 4
11 3
12 4
13 8
14 7
15 9
16 6
17 1
18 17
19 1
20 4
21 5
22 10
23 6
24 12
25 15
26 12
27 19
28 25
29 26
30 19
31 27
32 6
33 15
34 7
35 22
36 16
37 20
38 7
39 12
40 9
41 21
42 28
43 7
44 43
45 6
46 43
47 36
48 20
49 33
50 15
51 10
52 31
53 3
54 29
55 20
56 44
57 12
58 53
59 17
60 46
61 42
62 37
63 4
64 25
65 5
66 32
67 59
68 47
69 48
70 23
71 38
72 32
73 41
74 72
75 28
76 4
77 35
78 41
79 61
80 29
81 15
82 22
83 73
84 23
85 36
86 67
87 75
88 25
89 33
90 46
91 23
92 46
93 48
94 93
95 67
96 68
97 19
98 50
99 29
100 55
2 1
3 2
4 2
5 2
6 2
7 6
8 3
9 8
10 9
11 10
12 9
13 9
14 4
15 8
16 2
17 15
18 2
19 8
20 10
21 16
22 19
23 6
24 5
25 16
26 18
27 18
28 7
29 14
30 15
31 20
32 16
33 5
34 14
35 1
36 31
37 25
38 37
39 8
40 21
41 4
42 26
43 29
44 7
45 11
46 22
47 38
48 15
49 19
50 41
51 43
52 22
53 13
54 52
55 41
56 12
57 53
58 26
59 26
60 11
61 22
62 34
63 19
64 2
65 53
66 41
67 10
68 56
69 51
70 28
71 55
72 18
73 23
74 18
75 43
76 51
77 32
78 50
79 40
80 69
81 11
82 19
83 32
84 63
85 38
86 26
87 43
88 51
89 53
90 43
91 41
92 20
93 44
94 1
95 26
96 30
97 63
98 11
99 17
100 81
2 1
3 2
4 3
5 4
6 4
7 5
8 2
9 3
10 9
11 1
12 10
13 4
14 7
15 1
16 15
17 7
18 10
19 6
20 3
21 15
22 8
23 15
24 11
25 2
26 10
27 20
28 17
29 11
30 28
31 25
32 28
33 30
34 18
35 15
36 16
37 17
38 24
39 24
40 2
41 16
42 16
43 33
44 42
45 31
46 1
47 21
48 3
49 39
50 38
51 13
52 35
53 7
54 23
55 9
56 10
57 20
58 36
59 25
60 57
61 33
62 49
63 15
64 40
65 55
66 34
67 41
68 63
69 45
70 28
71 51
72 55
73 9
74 29
75 44
76 50
77 71
78 54
79 61
80 37
81 71
82 56
83 76
84 29
85 4
86 8
87 56
88 40
89 43
90 82
91 7
92 48
93 53
94 62
95 80
96 20
97 56
98 2
99 71
100 26
2 1
3 2
4 3
5 3
6 2
7 5
8 1
9 6
10 8
11 3
12 9
13 4
14 10
15 4
16 8
17 9
18 15
19 16
20 15
21 5
22 19
23 3
24 4
25 12
26 18
27 16
28 17
29 18
30 25
31 1
32 12
33 18
34 13
35 21
36 32
37 9
38 3
39 12
40 33
41 30
42 27
43 20
44 16
45 30
46 42
47 46
48 13
49 16
50 48
51 45
52 25
53 46
54 21
55 46
56 49
57 18
58 55
59 28
60 14
61 25
62 16
63 47
64 6
65 3
66 39
67 24
68 47
69 25
70 31
71 39
72 34
73 2
74 10
75 29
76 6
77 62
78 56
79 3
80 60
81 54
82 56
83 14
84 42
85 71
86 71
87 65
88 73
89 79
90 89
91 66
92 47
93 27
94 5
95 73
96 73
97 34
98 59
99 70
100 4
17 2
72 3
9 4
41 5
4 6
20 7
6 8
1 9
1 10
5 11
28 12
29 13
13 14
9 15
9 16
4 17
12 18
16 19
1 20
9 21
40 22
27 23
16 24
23 25
69 26
10 27
4 28
16 29
17 30
21 31
60 32
8 33
20 34
6 35
49 36
81 37
10 38
10 39
1 40
1 41
50 42
6 43
39 44
15 45
21 46
41 47
43 48
6 49
16 50
27 51
17 52
47 53
51 54
5 55
51 56
38 57
21 58
49 59
20 60
47 61
58 62
27 63
11 64
24 65
50 66
5 67
23 68
10 69
29 70
41 71
1 72
47 73
38 74
5 75
4 76
76 77
39 78
76 79
69 80
28 81
20 82
47 83
40 84
9 85
46 86
23 87
69 88
72 89
16 90
74 91
35 92
60 93
81 94
29 95
95 96
16 97
83 98
38 99
95 100
2 1
3 1
4 2
5 2
6 5
7 5
8 4
9 1
10 2
11 2
12 4
13 7
14 1
15 1
16 11
17 6
18 16
19 10
20 11
21 16
22 9
23 10
24 1
25 17
26 16
27 26
28 7
29 11
30 4
31 21
32 21
33 9
34 16
35 24
36 16
37 3
38 3
39 28
40 35
41 2
42 40
43 40
44 17
45 42
46 9
47 7
48 21
49 4
50 6
51 8
52 24
53 37
54 14
55 38
56 38
57 21
58 16
59 57
60 44
61 45
62 16
63 60
64 48
65 8
66 32
67 48
68 13
69 58
70 21
71 24
72 57
73 64
74 15
75 3
76 32
77 11
78 77
79 37
80 68
81 13
82 22
83 77
84 28
85 29
86 51
87 61
88 87
89 76
90 36
91 46
92 9
93 7
94 51
95 63
96 8
97 27
98 19
99 28
100 19
2 1
3 1
4 2
5 2
6 3
7 6
8 5
9 6
10 7
11 2
12 8
13 1
14 12
15 2
16 4
17 15
18 14
19 9
20 1
21 11
22 9
23 15
24 19
25 3
26 17
27 11
28 17
29 27
30 8
31 3
32 21
33 15
34 19
35 25
36 10
37 8
38 11
39 19
40 14
41 17
42 38
43 26
44 40
45 9
46 13
47 45
48 23
49 33
50 27
51 42
52 9
53 2
54 41
55 30
56 30
57 1
58 54
59 43
60 46
61 15
62 41
63 38
64 48
65 16
66 54
67 22
68 37
69 28
70 20
71 10
72 27
73 2
74 72
75 37
76 37
77 56
78 3
79 27
80 32
81 59
82 1
83 79
84 29
85 37
86 9
87 34
88 1
89 83
90 72
91 38
92 73
93 17
94 28
95 64
96 82
97 36
98 25
99 31
100 89
2 1
3 1
4 3
5 4
6 1
7 3
8 5
9 2
10 6
11 7
12 9
13 3
14 11
15 8
16 9
17 2
18 16
19 2
20 9
21 15
22 9
23 14
24 11
25 15
26 4
27 3
28 6
29 6
30 8
31 5
32 29
33 23
34 16
35 18
36 32
37 33
38 9
39 29
40 35
41 5
42 16
43 30
44 20
45 31
46 26
47 20
48 47
49 36
50 37
51 47
52 15
53 11
54 8
55 25
56 50
57 39
58 51
59 14
60 35
61 24
62 26
63 49
64 2
65 32
66 30
67 58
68 59
69 40
70 23
71 28
72 70
73 58
74 69
75 73
76 32
77 76
78 11
79 13
80 9
81 52
82 64
83 21
84 56
85 62
86 50
87 6
88 47
89 64
90 65
91 25
92 33
93 41
94 13
95 35
96 42
97 80
98 23
99 46
100 2
2 1
3 1
4 1
5 4
6 4
7 3
8 2
9 4
10 9
11 4
12 3
13 1
14 5
15 2
16 6
17 7
18 6
19 2
20 19
21 19
22 21
23 3
24 10
25 9
26 3
27 1
28 1
29 12
30 3
31 3
32 22
33 23
34 22
35 31
36 35
37 25
38 3
39 37
40 4
41 35
42 30
43 4
44 33
45 8
46 43
47 13
48 40
49 29
50 4
51 24
52 27
53 13
54 20
55 26
56 21
57 5
58 50
59 57
60 4
61 25
62 18
63 48
64 5
65 19
66 32
67 42
68 44
69 29
70 12
71 8
72 51
73 20
74 16
75 32
76 39
77 15
78 35
79 2
80 10
81 55
82 36
83 34
84 38
85 56
86 65
87 31
88 49
89 86
90 17
91 8
92 38
93 92
94 61
95 7
96 19
97 52
98 4
99 49
100 14
10 1
40 2
1 3
6 4
1 5
3 6
13 7
3 8
1 9
16 11
10 12
3 13
8 14
10 15
10 16
5 17
16 18
16 19
1 20
39 21
25 22
27 23
10 24
18 25
12 26
3 27
1 28
13 29
12 30
19 31
52 32
6 33
63 34
16 35
28 36
15 37
27 38
12 39
9 40
18 41
13 42
27 43
17 44
16 45
39 46
10 47
54 48
31 49
42 50
7 51
15 52
39 53
18 54
5 55
65 56
42 57
55 58
55 59
64 60
17 61
43 62
19 63
16 64
26 65
6 66
54 67
45 68
9 69
25 70
26 71
7 72
5 73
72 74
44 75
58 76
61 77
64 78
69 79
15 80
73 81
39 82
63 83
71 84
53 85
40 86
83 87
9 88
21 89
4 90
9 91
68 92
52 93
1 94
54 95
80 96
65 97
43 98
31 99
45 100
64 1
7 2
49 4
3 5
3 6
3 7
19 8
54 9
6 10
13 11
5 12
7 13
13 14
5 15
8 16
15 17
6 18
6 19
19 20
2 21
13 22
21 23
73 24
7 25
53 26
20 27
5 28
17 29
50 30
21 31
3 32
88 33
15 34
34 35
6 36
3 37
8 38
18 39
16 40
15 41
58 42
66 43
19 44
12 45
8 46
22 47
20 48
28 49
19 50
28 51
10 52
12 53
6 54
19 55
12 56
14 57
39 58
28 59
31 60
54 61
6 62
53 63
2 64
50 65
20 66
37 67
17 68
2 69
46 70
36 71
29 72
18 73
28 74
12 75
38 76
14 77
22 78
69 79
49 80
8 81
7 82
64 83
16 84
58 85
2 86
34 87
18 88
66 89
39 90
90 91
73 92
12 93
50 94
37 95
54 96
48 97
92 98
77 99
88 100
46 1
4 2
2 3
11 5
4 6
6 7
24 8
13 9
5 10
4 11
9 12
2 13
19 14
2 15
3 16
10 17
51 18
40 19
19 20
8 21
79 22
3 23
2 24
19 25
25 26
13 27
56 28
11 29
15 30
6 31
29 32
30 33
2 34
9 35
18 36
31 37
29 38
9 39
11 40
11 41
18 42
40 43
4 44
8 45
15 46
41 47
5 48
31 49
39 50
13 51
10 52
7 53
32 54
38 55
24 56
29 57
30 58
12 59
40 60
45 61
57 62
21 63
56 64
51 65
9 66
43 67
6 68
51 69
11 70
66 71
65 72
24 73
23 74
73 75
29 76
38 77
46 78
4 79
43 80
77 81
85 82
79 83
83 84
40 85
19 86
60 87
38 88
5 89
45 90
85 91
70 92
16 93
7 94
15 95
58 96
86 97
24 98
44 99
77 100
2 1
3 2
4 1
5 3
6 5
7 3
8 5
9 2
10 7
11 1
12 9
13 10
14 9
15 4
16 3
17 10
18 16
19 13
20 14
21 14
22 17
23 1
24 5
25 22
26 21
27 26
28 20
29 17
30 8
31 15
32 29
33 11
34 28
35 9
36 5
37 17
38 4
39 18
40 11
41 33
42 29
43 11
44 21
45 8
46 11
47 36
48 44
49 38
50 21
51 16
52 9
53 19
54 27
55 3
56 52
57 16
58 36
59 56
60 12
61 30
62 33
63 9
64 2
65 40
66 2
67 20
68 2
69 4
70 6
71 3
72 44
73 48
74 46
75 13
76 19
77 56
78 58
79 9
80 73
81 77
82 24
83 24
84 24
85 28
86 43
87 64
88 33
89 51
90 72
91 51
92 26
93 8
94 55
95 41
96 50
97 27
98 64
99 3
100 82
1 2
14 3
9 4
1 5
3 6
5 7
33 8
2 9
5 10
13 11
28 12
1 13
5 14
16 15
3 16
37 17
14 18
8 19
3 20
32 21
17 22
2 23
1 24
60 25
18 26
58 27
1 28
16 29
18 30
13 31
7 32
1 33
2 34
10 35
23 36
10 37
40 38
14 39
23 40
1 41
1 42
96 43
27 44
35 45
9 46
2 47
37 48
33 49
9 50
32 51
35 52
5 53
1 54
25 55
3 56
20 57
7 58
58 59
14 60
31 61
51 62
24 63
1 64
64 65
42 66
50 67
33 68
60 69
7 70
37 71
64 72
64 73
33 74
50 75
33 76
42 77
58 78
24 79
76 80
20 81
53 82
13 83
40 84
59 85
4 86
69 87
35 88
53 89
23 90
9 91
90 92
42 93
91 94
5 95
13 96
96 97
28 98
77 99
18 100
17 2
13 3
2 4
1 5
1 6
2 7
35 8
1 9
12 10
45 11
5 12
19 13
1 14
1 15
23 16
1 17
43 18
1 19
14 20
1 21
19 22
25 23
22 24
5 25
25 26
14 27
6 28
17 29
24 30
21 31
15 32
11 33
86 34
5 35
9 36
35 37
40 38
35 39
26 40
26 41
1 42
5 43
9 44
6 45
19 46
1 47
37 48
14 49
1 50
23 51
9 52
70 53
13 54
29 55
6 56
36 57
37 58
26 59
22 60
39 61
12 62
44 63
20 64
45 65
12 66
26 67
90 68
42 69
1 70
49 71
45 72
3 73
70 74
22 75
42 76
49 77
75 78
50 79
5 80
43 81
54 82
23 83
29 84
56 85
5 86
75 87
6 88
84 89
25 90
40 91
43 92
90 93
90 94
71 95
90 96
26 97
96 98
1 99
86 100
3 1
94 2
28 4
9 5
4 6
8 7
3 8
27 9
9 10
8 11
14 12
8 13
4 14
1 15
6 16
1 17
9 18
40 19
23 20
11 21
19 22
8 23
15 24
31 25
2 26
3 27
1 28
38 29
14 30
1 31
35 32
20 33
6 34
28 35
28 36
15 37
27 38
63 39
57 40
11 41
17 42
11 43
35 44
35 45
3 46
17 47
28 48
16 49
28 50
28 51
25 52
23 53
11 54
7 55
27 56
3 57
57 58
66 59
40 60
17 61
5 62
23 63
13 64
67 65
23 66
31 67
38 68
63 69
3 70
27 71
40 72
11 73
61 74
50 75
4 76
67 77
63 78
37 79
69 80
67 81
15 82
57 83
8 84
78 85
25 86
56 87
27 88
58 89
61 90
66 91
84 92
41 93
17 94
15 95
94 96
58 97
94 98
63 99
58 100
4 1
2 3
2 4
3 5
10 6
19 7
7 8
55 9
3 10
29 11
6 12
6 13
3 14
14 15
26 16
31 17
6 18
2 19
19 20
39 21
16 22
19 23
4 24
10 25
2 26
24 27
42 28
7 29
23 30
5 31
31 32
23 33
29 34
1 35
10 36
23 37
26 38
5 39
27 40
3 41
19 42
20 43
32 44
10 45
26 46
3 47
49 48
41 49
38 50
33 51
5 52
49 53
37 54
3 55
5 56
7 57
1 58
41 59
67 60
47 61
38 62
8 63
63 64
20 65
62 66
16 67
52 68
47 69
47 70
52 71
24 72
57 73
1 74
39 75
5 76
32 77
43 78
10 79
38 80
67 81
17 82
52 83
14 84
55 85
8 86
25 87
59 88
3 89
46 90
42 91
46 92
79 93
89 94
71 95
62 96
44 97
22 98
10 99
17 100
1 2
1 3
7 4
4 5
4 6
38 7
3 8
2 9
1 10
21 11
13 12
10 13
51 14
7 15
4 16
12 17
31 18
9 19
23 20
9 21
39 22
1 23
1 24
23 25
15 26
24 27
21 28
9 29
9 30
22 31
13 32
12 33
28 34
2 35
15 36
12 37
10 38
2 39
20 40
29 41
14 42
35 43
29 44
35 45
8 46
24 47
39 48
33 49
31 50
13 51
38 52
11 53
35 54
51 55
38 56
43 57
38 58
35 59
44 60
38 61
3 62
35 63
48 64
11 65
52 66
22 67
21 68
10 69
13 70
27 71
19 72
21 73
69 74
29 75
25 76
38 77
51 78
48 79
85 80
69 81
1 82
3 83
14 84
48 85
85 86
22 87
77 88
56 89
15 90
77 91
79 92
67 93
78 94
67 95
35 96
64 97
17 98
35 99
43 100
3 1
1 2
4 3
4 5
4 6
6 7
25 8
18 9
5 10
15 11
2 12
4 13
4 14
20 15
30 16
3 17
4 18
10 19
4 20
20 21
9 22
4 23
15 24
3 25
44 26
34 27
40 28
10 29
2 30
19 31
15 32
6 33
5 34
10 35
27 36
2 37
65 38
32 39
3 40
26 41
40 42
34 43
20 44
51 45
10 46
13 47
36 48
45 49
18 50
1 51
34 52
50 53
51 54
8 55
40 56
28 57
25 58
42 59
4 60
37 61
4 62
4 63
29 64
4 65
5 66
9 67
29 68
66 69
27 70
25 71
7 72
13 73
25 74
17 75
64 76
52 77
22 78
45 79
44 80
75 81
30 82
52 83
15 84
17 85
44 86
54 87
50 88
65 89
42 90
43 91
35 92
53 93
54 94
1 95
4 96
40 97
30 98
68 99
34 100
2 1
3 2
4 2
5 3
6 1
7 3
8 3
9 7
10 8
11 4
12 11
13 6
14 9
15 12
16 5
17 14
18 8
19 13
20 12
21 10
22 20
23 11
24 9
25 16
26 20
27 5
28 5
29 22
30 7
31 27
32 6
33 15
34 6
35 18
36 17
37 36
38 33
39 31
40 36
41 37
42 7
43 40
44 37
45 25
46 41
47 21
48 8
49 43
50 15
51 4
52 28
53 40
54 52
55 53
56 30
57 43
58 54
59 3
60 4
61 4
62 7
63 46
64 41
65 29
66 64
67 51
68 16
69 37
70 58
71 27
72 67
73 1
74 10
75 68
76 28
77 54
78 33
79 27
80 2
81 67
82 2
83 70
84 14
85 56
86 84
87 63
88 30
89 7
90 8
91 68
92 78
93 12
94 7
95 20
96 49
97 79
98 13
99 22
100 28
2 1
3 2
4 1
5 2
6 1
7 4
8 3
9 5
10 7
11 10
12 2
13 8
14 4
15 14
16 10
17 3
18 3
19 7
20 8
21 13
22 21
23 2
24 17
25 9
26 14
27 12
28 7
29 21
30 21
31 2
32 7
33 24
34 25
35 21
36 18
37 33
38 4
39 8
40 5
41 39
42 35
43 29
44 40
45 10
46 8
47 43
48 18
49 34
50 15
51 1
52 5
53 22
54 35
55 34
56 50
57 23
58 28
59 35
60 51
61 8
62 9
63 47
64 61
65 54
66 35
67 52
68 13
69 33
70 45
71 7
72 17
73 42
74 31
75 39
76 57
77 24
78 75
79 54
80 72
81 45
82 34
83 67
84 32
85 50
86 3
87 72
88 21
89 24
90 89
91 58
92 2
93 46
94 33
95 34
96 46
97 71
98 46
99 24
100 54
2 1
2 3
8 4
1 5
3 6
35 7
26 8
2 9
17 10
12 11
18 12
6 13
28 14
1 15
8 16
2 17
1 18
17 19
66 20
7 21
6 22
18 23
30 24
6 25
3 26
1 27
9 28
10 29
5 30
21 31
17 32
32 33
8 34
5 35
15 36
62 37
30 38
18 39
22 40
27 41
3 42
19 43
80 44
38 45
19 46
3 47
18 48
47 49
32 50
35 51
5 52
30 53
18 54
11 55
16 56
26 57
63 58
15 59
2 60
23 61
17 62
47 63
29 64
40 65
9 66
23 67
66 68
61 69
24 70
5 71
57 72
59 73
7 74
62 75
6 76
51 77
9 78
72 79
57 80
38 81
13 82
80 83
66 84
75 85
39 86
57 87
10 88
49 89
22 90
12 91
51 92
63 93
48 94
4 95
12 96
25 97
28 98
35 99
38 100
7 1
1 2
3 4
11 5
3 6
4 7
3 8
26 9
4 10
3 11
8 12
7 13
4 14
56 15
8 16
30 17
6 18
10 19
54 20
18 21
48 22
4 23
43 24
22 25
16 26
8 27
42 28
35 29
6 30
12 31
8 32
11 33
3 34
10 35
27 36
8 37
3 38
40 39
11 40
38 41
16 42
6 43
13 44
4 45
64 46
1 47
10 48
13 49
44 50
12 51
43 52
10 53
6 54
1 55
3 56
19 57
26 58
37 59
35 60
42 61
43 62
7 63
12 64
10 65
48 66
2 67
48 68
38 69
87 70
3 71
64 72
12 73
13 74
4 75
54 76
12 77
32 78
42 79
71 80
34 81
40 82
34 83
27 84
6 85
26 86
27 87
11 88
56 89
3 90
44 91
23 92
71 93
8 94
31 95
1 96
87 97
30 98
62 99
12 100
